# Baseline: 1-25
# Entries: 128
# u [m], v [m], w [m], frequency [GHz], real, imag, std(real), std(imag)
9.383075397131571904e+00 -3.267677395665359654e+03 -3.960557192175389787e+02 2.267940000000000111e+01 -5.995141714811325073e-02 -1.139485761523246765e-01 5.931019783020019531e-02 5.970936641097068787e-02
1.511415255460320672e+01 -3.267653283654905863e+03 -3.960774131191304264e+02 2.268140000000000001e+01 9.075125306844711304e-02 1.258143484592437744e-01 5.931019783020019531e-02 5.970936641097068787e-02
2.084514647491317874e+01 -3.267618352246437553e+03 -3.961054416465804024e+02 2.268340000000000245e+01 -9.161175787448883057e-02 -1.804133318364620209e-02 5.931019783020019531e-02 5.970936641097068787e-02
2.657602977095267605e+01 -3.267572601606969783e+03 -3.961398046658818544e+02 2.268540000000000134e+01 1.490216702222824097e-01 8.190142363309860229e-02 5.931019783020019531e-02 5.970936641097068787e-02
3.087410816628342403e+01 -3.267531526724078503e+03 -3.961695359000443659e+02 2.268740000000000023e+01 -1.164159178733825684e-01 -1.642055809497833252e-01 5.931019783020019531e-02 5.970936641097068787e-02
3.803735478487292454e+01 -3.267448643561996050e+03 -3.962275334922198340e+02 2.268940000000000268e+01 4.862803593277931213e-02 -5.679873004555702209e-02 5.931019783020019531e-02 5.970936641097068787e-02
4.376774153211551521e+01 -3.267370436751344187e+03 -3.962808988782706479e+02 2.269140000000000157e+01 -1.803504675626754761e-01 -7.642700523138046265e-02 5.931019783020019531e-02 5.970936641097068787e-02
5.093042242549245202e+01 -3.267257903617874035e+03 -3.963562557213297168e+02 2.269340000000000046e+01 1.043148636817932129e-01 9.512502700090408325e-02 5.931019783020019531e-02 5.970936641097068787e-02
9.383075397131571904e+00 -3.267677395665359654e+03 -3.960557192175389787e+02 2.269540000000000290e+01 -9.912016987800598145e-02 -5.588466301560401917e-02 5.931019783020019531e-02 5.970936641097068787e-02
1.511415255460320672e+01 -3.267653283654905863e+03 -3.960774131191304264e+02 2.269740000000000180e+01 1.839346624910831451e-02 1.704071164131164551e-01 5.931019783020019531e-02 5.970936641097068787e-02
2.084514647491317874e+01 -3.267618352246437553e+03 -3.961054416465804024e+02 2.269940000000000069e+01 -2.269673720002174377e-02 8.685277402400970459e-02 5.931019783020019531e-02 5.970936641097068787e-02
2.657602977095267605e+01 -3.267572601606969783e+03 -3.961398046658818544e+02 2.270140000000000313e+01 5.221311002969741821e-02 1.031929925084114075e-01 5.931019783020019531e-02 5.970936641097068787e-02
3.087410816628342403e+01 -3.267531526724078503e+03 -3.961695359000443659e+02 2.270340000000000202e+01 -1.378013193607330322e-01 3.177892789244651794e-02 5.931019783020019531e-02 5.970936641097068787e-02
3.803735478487292454e+01 -3.267448643561996050e+03 -3.962275334922198340e+02 2.270540000000000092e+01 -1.714121550321578979e-02 -2.761823497712612152e-02 5.931019783020019531e-02 5.970936641097068787e-02
4.376774153211551521e+01 -3.267370436751344187e+03 -3.962808988782706479e+02 2.270739999999999981e+01 -4.446912184357643127e-02 1.166021972894668579e-01 5.931019783020019531e-02 5.970936641097068787e-02
5.093042242549245202e+01 -3.267257903617874035e+03 -3.963562557213297168e+02 2.270940000000000225e+01 1.679300516843795776e-02 2.049954980611801147e-02 5.931019783020019531e-02 5.970936641097068787e-02
6.668681107856598089e+01 -3.266949433581814446e+03 -3.965576939353121588e+02 2.271140000000000114e+01 1.212287507951259613e-02 4.481900483369827271e-02 5.931019783020019531e-02 5.970936641097068787e-02
7.241582197871841231e+01 -3.266817141326062483e+03 -3.966427244219375439e+02 2.271340000000000003e+01 1.507582329213619232e-02 8.676091581583023071e-02 5.931019783020019531e-02 5.970936641097068787e-02
7.814447537109903408e+01 -3.266674033675415103e+03 -3.967340868278777180e+02 2.271540000000000248e+01 6.209297105669975281e-02 6.951577961444854736e-02 5.931019783020019531e-02 5.970936641097068787e-02
8.387274391969357623e+01 -3.266520111312879635e+03 -3.968317807170816423e+02 2.271740000000000137e+01 7.065297663211822510e-02 1.244962960481643677e-02 5.931019783020019531e-02 5.970936641097068787e-02
8.960060019056683700e+01 -3.266355374975647464e+03 -3.969358056216444197e+02 2.271940000000000026e+01 6.580508500337600708e-02 6.534280627965927124e-02 5.931019783020019531e-02 5.970936641097068787e-02
9.532801677170601806e+01 -3.266179825452074510e+03 -3.970461610437319564e+02 2.272140000000000271e+01 1.720383949577808380e-02 1.507430225610733032e-01 5.931019783020019531e-02 5.970936641097068787e-02
1.010549662332609273e+02 -3.265993463583058201e+03 -3.971628464547251838e+02 2.272340000000000160e+01 -5.427245050668716431e-02 -3.103964217007160187e-02 5.931019783020019531e-02 5.970936641097068787e-02
1.063042428243661277e+02 -3.265813271918182181e+03 -3.972752877496339465e+02 2.272540000000000049e+01 9.763102978467941284e-03 1.165847405791282654e-01 5.931019783020019531e-02 5.970936641097068787e-02
6.668681107856598089e+01 -3.266949433581814446e+03 -3.965576939353121588e+02 2.272740000000000293e+01 -3.234155103564262390e-02 3.496679244562983513e-03 5.931019783020019531e-02 5.970936641097068787e-02
7.241582197871841231e+01 -3.266817141326062483e+03 -3.966427244219375439e+02 2.272940000000000182e+01 1.862263977527618408e-01 6.028620153665542603e-02 5.931019783020019531e-02 5.970936641097068787e-02
7.814447537109903408e+01 -3.266674033675415103e+03 -3.967340868278777180e+02 2.273140000000000072e+01 -2.927379310131072998e-02 1.229326240718364716e-02 5.931019783020019531e-02 5.970936641097068787e-02
8.387274391969357623e+01 -3.266520111312879635e+03 -3.968317807170816423e+02 2.273340000000000316e+01 2.352832630276679993e-02 -2.093428373336791992e-02 5.931019783020019531e-02 5.970936641097068787e-02
8.960060019056683700e+01 -3.266355374975647464e+03 -3.969358056216444197e+02 2.273540000000000205e+01 -1.280460804700851440e-01 -3.259056434035301208e-02 5.931019783020019531e-02 5.970936641097068787e-02
9.532801677170601806e+01 -3.266179825452074510e+03 -3.970461610437319564e+02 2.273740000000000094e+01 5.816988274455070496e-02 6.637869775295257568e-02 5.931019783020019531e-02 5.970936641097068787e-02
1.010549662332609273e+02 -3.265993463583058201e+03 -3.971628464547251838e+02 2.273939999999999984e+01 5.348569899797439575e-02 9.239576756954193115e-02 5.931019783020019531e-02 5.970936641097068787e-02
1.063042428243661277e+02 -3.265813271918182181e+03 -3.972752877496339465e+02 2.274140000000000228e+01 -2.423061430454254150e-02 1.081122923642396927e-02 5.931019783020019531e-02 5.970936641097068787e-02
1.239575450855882508e+02 -3.265139911255100287e+03 -3.976928763715357036e+02 2.274340000000000117e+01 -6.852517835795879364e-03 2.150661544874310493e-03 5.931019783020019531e-02 5.970936641097068787e-02
1.296817479632428274e+02 -3.264899502069569735e+03 -3.978412027460891522e+02 2.274540000000000006e+01 8.977131545543670654e-02 -5.357464402914047241e-02 5.931019783020019531e-02 5.970936641097068787e-02
1.354053193931637225e+02 -3.264648286662789815e+03 -3.979958553065199567e+02 2.274740000000000251e+01 1.403480470180511475e-01 -1.924319379031658173e-02 5.931019783020019531e-02 5.970936641097068787e-02
1.411282318841706740e+02 -3.264386266241393969e+03 -3.981568333099898496e+02 2.274940000000000140e+01 6.126195564866065979e-02 2.213878184556961060e-02 5.931019783020019531e-02 5.970936641097068787e-02
1.468504581674994824e+02 -3.264113442053711424e+03 -3.983241359895420715e+02 2.275140000000000029e+01 8.963362313807010651e-03 -2.369406446814537048e-02 5.931019783020019531e-02 5.970936641097068787e-02
1.525719706787161556e+02 -3.263829815414071618e+03 -3.984977625391848051e+02 2.275340000000000273e+01 8.885850012302398682e-02 -8.284491300582885742e-02 5.931019783020019531e-02 5.970936641097068787e-02
1.582927421756787965e+02 -3.263535387673136029e+03 -3.986777121320823198e+02 2.275540000000000163e+01 -3.575806319713592529e-02 -2.416448667645454407e-02 5.931019783020019531e-02 5.970936641097068787e-02
1.635361183815471406e+02 -3.263256145796331111e+03 -3.988481393250689848e+02 2.275740000000000052e+01 -5.254174023866653442e-02 -8.142489939928054810e-03 5.931019783020019531e-02 5.970936641097068787e-02
1.239575450855882508e+02 -3.265139911255100287e+03 -3.976928763715357036e+02 2.275940000000000296e+01 -5.396888405084609985e-02 4.002175852656364441e-02 5.931019783020019531e-02 5.970936641097068787e-02
1.296817479632428274e+02 -3.264899502069569735e+03 -3.978412027460891522e+02 2.276140000000000185e+01 -5.795104056596755981e-02 -3.450736775994300842e-02 5.931019783020019531e-02 5.970936641097068787e-02
1.354053193931637225e+02 -3.264648286662789815e+03 -3.979958553065199567e+02 2.276340000000000074e+01 -2.491666527930647135e-04 6.101884320378303528e-02 5.931019783020019531e-02 5.970936641097068787e-02
1.411282318841706740e+02 -3.264386266241393969e+03 -3.981568333099898496e+02 2.276540000000000319e+01 -1.044297590851783752e-01 -3.544975072145462036e-03 5.931019783020019531e-02 5.970936641097068787e-02
1.468504581674994824e+02 -3.264113442053711424e+03 -3.983241359895420715e+02 2.276740000000000208e+01 -3.190277889370918274e-02 -5.447643250226974487e-02 5.931019783020019531e-02 5.970936641097068787e-02
1.525719706787161556e+02 -3.263829815414071618e+03 -3.984977625391848051e+02 2.276940000000000097e+01 1.298541873693466187e-01 -5.392721667885780334e-02 5.931019783020019531e-02 5.970936641097068787e-02
1.582927421756787965e+02 -3.263535387673136029e+03 -3.986777121320823198e+02 2.277139999999999986e+01 -8.298952132463455200e-02 2.084722369909286499e-02 5.931019783020019531e-02 5.970936641097068787e-02
1.635361183815471406e+02 -3.263256145796331111e+03 -3.988481393250689848e+02 2.277340000000000231e+01 -2.893717959523200989e-02 1.718654180876910686e-03 5.931019783020019531e-02 5.970936641097068787e-02
1.811678701163040728e+02 -3.262249694672803798e+03 -3.994607232459990200e+02 2.277540000000000120e+01 1.018091142177581787e-01 -5.100596696138381958e-02 5.931019783020019531e-02 5.970936641097068787e-02
1.868845257665866768e+02 -3.261901283603654065e+03 -3.996722745265851700e+02 2.277740000000000009e+01 -8.661933243274688721e-02 6.181625276803970337e-02 5.931019783020019531e-02 5.970936641097068787e-02
1.926002760921982997e+02 -3.261542080668480139e+03 -3.998901432258926434e+02 2.277940000000000254e+01 6.894016265869140625e-02 1.286250352859497070e-01 5.931019783020019531e-02 5.970936641097068787e-02
1.983150938784164623e+02 -3.261172087577573620e+03 -4.001143283065571836e+02 2.278140000000000143e+01 -4.165559262037277222e-02 3.983451798558235168e-02 5.931019783020019531e-02 5.970936641097068787e-02
2.040289516163994676e+02 -3.260791306111959329e+03 -4.003448286894121111e+02 2.278340000000000032e+01 -1.219533290714025497e-02 7.903444021940231323e-02 5.931019783020019531e-02 5.970936641097068787e-02
2.097418221203386963e+02 -3.260399738083362536e+03 -4.005816432777417049e+02 2.278540000000000276e+01 -2.864495478570461273e-02 2.209109952673316002e-03 5.931019783020019531e-02 5.970936641097068787e-02
2.154536778907640269e+02 -3.259997385376650072e+03 -4.008247709315944576e+02 2.278740000000000165e+01 2.111547440290451050e-02 9.964962303638458252e-02 5.931019783020019531e-02 5.970936641097068787e-02
2.206886446760365175e+02 -3.259619226910937414e+03 -4.010531024684550516e+02 2.278940000000000055e+01 1.317970827221870422e-02 -4.259555786848068237e-02 5.931019783020019531e-02 5.970936641097068787e-02
1.811678701163040728e+02 -3.262249694672803798e+03 -3.994607232459990200e+02 2.279140000000000299e+01 7.206557691097259521e-02 6.621249765157699585e-02 5.931019783020019531e-02 5.970936641097068787e-02
1.868845257665866768e+02 -3.261901283603654065e+03 -3.996722745265851700e+02 2.279340000000000188e+01 2.432002499699592590e-02 -3.640072885900735855e-03 5.931019783020019531e-02 5.970936641097068787e-02
1.926002760921982997e+02 -3.261542080668480139e+03 -3.998901432258926434e+02 2.279540000000000077e+01 -6.187689490616321564e-03 1.143644098192453384e-02 5.931019783020019531e-02 5.970936641097068787e-02
1.983150938784164623e+02 -3.261172087577573620e+03 -4.001143283065571836e+02 2.279739999999999966e+01 5.177907645702362061e-02 3.241508826613426208e-02 5.931019783020019531e-02 5.970936641097068787e-02
2.040289516163994676e+02 -3.260791306111959329e+03 -4.003448286894121111e+02 2.279940000000000211e+01 4.985814914107322693e-02 4.517314210534095764e-02 5.931019783020019531e-02 5.970936641097068787e-02
2.097418221203386963e+02 -3.260399738083362536e+03 -4.005816432777417049e+02 2.280140000000000100e+01 -1.623173244297504425e-02 3.956886380910873413e-02 5.931019783020019531e-02 5.970936641097068787e-02
2.154536778907640269e+02 -3.259997385376650072e+03 -4.008247709315944576e+02 2.280339999999999989e+01 -4.662910476326942444e-02 4.446696117520332336e-02 5.931019783020019531e-02 5.970936641097068787e-02
2.206886446760365175e+02 -3.259619226910937414e+03 -4.010531024684550516e+02 2.280540000000000234e+01 -4.536231607198715210e-02 -5.682710185647010803e-02 5.931019783020019531e-02 5.970936641097068787e-02
2.373392331666713915e+02 -3.258355160558539410e+03 -4.018152225002048112e+02 2.280740000000000123e+01 -7.511162012815475464e-02 5.108918249607086182e-02 5.931019783020019531e-02 5.970936641097068787e-02
2.430457995739250237e+02 -3.257900709951323279e+03 -4.020888463756187434e+02 2.280940000000000012e+01 4.304113611578941345e-02 -1.089944392442703247e-01 5.931019783020019531e-02 5.970936641097068787e-02
2.487511919630733814e+02 -3.257435486618600862e+03 -4.023687761076729998e+02 2.281140000000000256e+01 2.688543871045112610e-02 5.082165077328681946e-02 5.931019783020019531e-02 5.970936641097068787e-02
2.544553829302722647e+02 -3.256959492795054757e+03 -4.026550103517252523e+02 2.281340000000000146e+01 7.106765639036893845e-03 -4.671157896518707275e-02 5.931019783020019531e-02 5.970936641097068787e-02
2.601583453357186499e+02 -3.256472730745520948e+03 -4.029475477458247497e+02 2.281540000000000035e+01 -3.131757304072380066e-02 -5.317225679755210876e-02 5.931019783020019531e-02 5.970936641097068787e-02
2.658600517474900471e+02 -3.255975202811285726e+03 -4.032463868828746740e+02 2.281740000000000279e+01 -9.750833362340927124e-02 2.338983351364731789e-03 5.931019783020019531e-02 5.970936641097068787e-02
2.715604749581803503e+02 -3.255466911366660042e+03 -4.035515263367411194e+02 2.281940000000000168e+01 -6.656283885240554810e-02 1.768016368150711060e-01 5.931019783020019531e-02 5.970936641097068787e-02
2.767847292891966049e+02 -3.254991661155032943e+03 -4.038366907298023420e+02 2.282140000000000057e+01 3.672904893755912781e-02 -3.039680793881416321e-02 5.931019783020019531e-02 5.970936641097068787e-02
2.373392331666713915e+02 -3.258355160558539410e+03 -4.018152225002048112e+02 2.282340000000000302e+01 -6.719495356082916260e-02 5.640846490859985352e-02 5.931019783020019531e-02 5.970936641097068787e-02
2.430457995739250237e+02 -3.257900709951323279e+03 -4.020888463756187434e+02 2.282540000000000191e+01 1.807986944913864136e-02 2.357240580022335052e-02 5.931019783020019531e-02 5.970936641097068787e-02
2.487511919630733814e+02 -3.257435486618600862e+03 -4.023687761076729998e+02 2.282740000000000080e+01 1.185091678053140640e-03 1.531964540481567383e-01 5.931019783020019531e-02 5.970936641097068787e-02
2.544553829302722647e+02 -3.256959492795054757e+03 -4.026550103517252523e+02 2.282939999999999969e+01 4.374220967292785645e-03 3.563749045133590698e-02 5.931019783020019531e-02 5.970936641097068787e-02
2.601583453357186499e+02 -3.256472730745520948e+03 -4.029475477458247497e+02 2.283140000000000214e+01 -1.714658737182617188e-02 9.065695106983184814e-02 5.931019783020019531e-02 5.970936641097068787e-02
2.658600517474900471e+02 -3.255975202811285726e+03 -4.032463868828746740e+02 2.283340000000000103e+01 -3.250940516591072083e-02 6.209612265229225159e-02 5.931019783020019531e-02 5.970936641097068787e-02
2.715604749581803503e+02 -3.255466911366660042e+03 -4.035515263367411194e+02 2.283539999999999992e+01 3.651217371225357056e-02 -2.391067147254943848e-02 5.931019783020019531e-02 5.970936641097068787e-02
2.767847292891966049e+02 -3.254991661155032943e+03 -4.038366907298023420e+02 2.283740000000000236e+01 -1.773811280727386475e-01 -8.826036751270294189e-02 5.931019783020019531e-02 5.970936641097068787e-02
2.943487900918033802e+02 -3.253326159922852185e+03 -4.048350576524782127e+02 2.283940000000000126e+01 -1.190371625125408173e-02 -1.697608679533004761e-01 5.931019783020019531e-02 5.970936641097068787e-02
3.000423880548962074e+02 -3.252764088458927290e+03 -4.051716761739104982e+02 2.284140000000000015e+01 1.313586626201868057e-02 4.141430184245109558e-02 5.931019783020019531e-02 5.970936641097068787e-02
3.057345393085679461e+02 -3.252191268844144815e+03 -4.055145858029441683e+02 2.284340000000000259e+01 7.002679258584976196e-02 -4.144339263439178467e-02 5.931019783020019531e-02 5.970936641097068787e-02
3.114252164332596067e+02 -3.251607703837835288e+03 -4.058637848877351644e+02 2.284540000000000148e+01 2.275827154517173767e-02 2.647717483341693878e-03 5.931019783020019531e-02 5.970936641097068787e-02
3.171143923336366015e+02 -3.251013396218568232e+03 -4.062192717656030254e+02 2.284740000000000038e+01 -3.605603799223899841e-02 -1.863435469567775726e-02 5.931019783020019531e-02 5.970936641097068787e-02
3.228020397431508854e+02 -3.250408348834517255e+03 -4.065810447328890973e+02 2.284940000000000282e+01 7.156217843294143677e-02 -2.057800441980361938e-02 5.931019783020019531e-02 5.970936641097068787e-02
3.284881313629983310e+02 -3.249792564589789890e+03 -4.069491020531410186e+02 2.285140000000000171e+01 1.713222637772560120e-02 5.830970034003257751e-02 5.931019783020019531e-02 5.970936641097068787e-02
3.336990125868259156e+02 -3.249218802798414799e+03 -4.072919270935957456e+02 2.285340000000000060e+01 6.858491152524948120e-02 1.723635941743850708e-01 5.931019783020019531e-02 5.970936641097068787e-02
2.943487900918033802e+02 -3.253326159922852185e+03 -4.048350576524782127e+02 2.285540000000000305e+01 -7.345808204263448715e-03 4.143603891134262085e-02 5.931019783020019531e-02 5.970936641097068787e-02
3.000423880548962074e+02 -3.252764088458927290e+03 -4.051716761739104982e+02 2.285740000000000194e+01 -9.237364679574966431e-02 -4.739474877715110779e-02 5.931019783020019531e-02 5.970936641097068787e-02
3.057345393085679461e+02 -3.252191268844144815e+03 -4.055145858029441683e+02 2.285940000000000083e+01 9.810809046030044556e-02 -7.469152100384235382e-03 5.931019783020019531e-02 5.970936641097068787e-02
3.114252164332596067e+02 -3.251607703837835288e+03 -4.058637848877351644e+02 2.286139999999999972e+01 -3.553311526775360107e-02 -1.130347512662410736e-02 5.931019783020019531e-02 5.970936641097068787e-02
3.171143923336366015e+02 -3.251013396218568232e+03 -4.062192717656030254e+02 2.286340000000000217e+01 9.009198844432830811e-02 -1.003738716244697571e-01 5.931019783020019531e-02 5.970936641097068787e-02
3.228020397431508854e+02 -3.250408348834517255e+03 -4.065810447328890973e+02 2.286540000000000106e+01 5.626215040683746338e-02 -3.212394565343856812e-02 5.931019783020019531e-02 5.970936641097068787e-02
3.284881313629983310e+02 -3.249792564589789890e+03 -4.069491020531410186e+02 2.286739999999999995e+01 3.994416072964668274e-02 -5.937641486525535583e-03 5.931019783020019531e-02 5.970936641097068787e-02
3.336990125868259156e+02 -3.249218802798414799e+03 -4.072919270935957456e+02 2.286940000000000239e+01 -7.820717990398406982e-02 5.131814628839492798e-02 5.931019783020019531e-02 5.970936641097068787e-02
3.512163964713582232e+02 -3.247222118645849605e+03 -4.084841392249639966e+02 2.287140000000000128e+01 -1.295508351176977158e-02 5.254345946013927460e-03 5.931019783020019531e-02 5.970936641097068787e-02
3.568943014511614251e+02 -3.246552695294207297e+03 -4.088835913084422486e+02 2.287340000000000018e+01 1.367482729256153107e-02 -8.924850262701511383e-03 5.931019783020019531e-02 5.970936641097068787e-02
3.625704874848726149e+02 -3.245872553534916278e+03 -4.092893167249040971e+02 2.287540000000000262e+01 1.288442313671112061e-02 3.264020383358001709e-02 5.931019783020019531e-02 5.970936641097068787e-02
3.682449275461654565e+02 -3.245181696606452988e+03 -4.097013135424867869e+02 2.287740000000000151e+01 8.741562254726886749e-03 1.176726538687944412e-02 5.931019783020019531e-02 5.970936641097068787e-02
3.739175943205565886e+02 -3.244480127834300674e+03 -4.101195797780039243e+02 2.287940000000000040e+01 -3.233743458986282349e-02 -6.932280957698822021e-02 5.931019783020019531e-02 5.970936641097068787e-02
3.795884608181077056e+02 -3.243767850556472695e+03 -4.105441134413770214e+02 2.288140000000000285e+01 1.139734778553247452e-02 4.999642446637153625e-02 5.931019783020019531e-02 5.970936641097068787e-02
3.852574997416713813e+02 -3.243044868201649479e+03 -4.109749124890060443e+02 2.288340000000000174e+01 -1.441929209977388382e-02 -5.603722762316465378e-03 5.931019783020019531e-02 5.970936641097068787e-02
3.904525141826226218e+02 -3.242372869406109203e+03 -4.113752341155536101e+02 2.288540000000000063e+01 -7.632403075695037842e-02 -4.410993307828903198e-02 5.931019783020019531e-02 5.970936641097068787e-02
3.512163964713582232e+02 -3.247222118645849605e+03 -4.084841392249639966e+02 2.288740000000000308e+01 -3.864293172955513000e-02 4.253697395324707031e-02 5.931019783020019531e-02 5.970936641097068787e-02
3.568943014511614251e+02 -3.246552695294207297e+03 -4.088835913084422486e+02 2.288940000000000197e+01 1.195491328835487366e-01 -5.629562586545944214e-02 5.931019783020019531e-02 5.970936641097068787e-02
3.625704874848726149e+02 -3.245872553534916278e+03 -4.092893167249040971e+02 2.289140000000000086e+01 4.700010269880294800e-02 4.559032618999481201e-02 5.931019783020019531e-02 5.970936641097068787e-02
3.682449275461654565e+02 -3.245181696606452988e+03 -4.097013135424867869e+02 2.289339999999999975e+01 1.133502423763275146e-01 -1.061584129929542542e-01 5.931019783020019531e-02 5.970936641097068787e-02
3.739175943205565886e+02 -3.244480127834300674e+03 -4.101195797780039243e+02 2.289540000000000219e+01 -8.740734192542731762e-04 9.789154678583145142e-02 5.931019783020019531e-02 5.970936641097068787e-02
3.795884608181077056e+02 -3.243767850556472695e+03 -4.105441134413770214e+02 2.289740000000000109e+01 1.138082668185234070e-01 7.623041048645973206e-03 5.931019783020019531e-02 5.970936641097068787e-02
3.852574997416713813e+02 -3.243044868201649479e+03 -4.109749124890060443e+02 2.289939999999999998e+01 -2.597578801214694977e-02 -1.403605658560991287e-02 5.931019783020019531e-02 5.970936641097068787e-02
3.904525141826226218e+02 -3.242372869406109203e+03 -4.113752341155536101e+02 2.290140000000000242e+01 -2.159763826057314873e-03 -3.549490869045257568e-02 5.931019783020019531e-02 5.970936641097068787e-02
4.079148381876178746e+02 -3.240045957857776102e+03 -4.127607209115430464e+02 2.290340000000000131e+01 2.901529194787144661e-03 3.987289965152740479e-02 5.931019783020019531e-02 5.970936641097068787e-02
4.135743328974666611e+02 -3.239269502987121996e+03 -4.132228153882712718e+02 2.290540000000000020e+01 -1.045219823718070984e-01 -2.166700363159179688e-02 5.931019783020019531e-02 5.970936641097068787e-02
4.192318374255486333e+02 -3.238482364563066767e+03 -4.136911624321884915e+02 2.290740000000000265e+01 -3.786725178360939026e-02 1.908657513558864594e-02 5.931019783020019531e-02 5.970936641097068787e-02
4.248873247950437531e+02 -3.237684546338808559e+03 -4.141657598101284066e+02 2.290940000000000154e+01 -7.540298253297805786e-02 2.296273782849311829e-02 5.931019783020019531e-02 5.970936641097068787e-02
4.305407679008591799e+02 -3.236876052137893112e+03 -4.146466052475664128e+02 2.291140000000000043e+01 -4.413525387644767761e-02 -8.585166931152343750e-02 5.931019783020019531e-02 5.970936641097068787e-02
4.361921395886845403e+02 -3.236056885843779128e+03 -4.151336964348340075e+02 2.291340000000000288e+01 -9.640209376811981201e-02 9.571988880634307861e-02 5.931019783020019531e-02 5.970936641097068787e-02
4.418414129700398121e+02 -3.235227051354072046e+03 -4.156270310543328605e+02 2.291540000000000177e+01 -7.897864282131195068e-02 -5.558964796364307404e-03 5.931019783020019531e-02 5.970936641097068787e-02
4.470180736488239859e+02 -3.234457137275257082e+03 -4.160846576110639035e+02 2.291740000000000066e+01 -2.831560373306274414e-02 6.522158533334732056e-02 5.931019783020019531e-02 5.970936641097068787e-02
4.079148381876178746e+02 -3.240045957857776102e+03 -4.127607209115430464e+02 2.291940000000000310e+01 7.059798389673233032e-02 -2.760916575789451599e-02 5.931019783020019531e-02 5.970936641097068787e-02
4.135743328974666611e+02 -3.239269502987121996e+03 -4.132228153882712718e+02 2.292140000000000200e+01 3.484539315104484558e-02 2.281915396451950073e-02 5.931019783020019531e-02 5.970936641097068787e-02
4.192318374255486333e+02 -3.238482364563066767e+03 -4.136911624321884915e+02 2.292340000000000089e+01 6.011809222400188446e-03 6.102840602397918701e-02 5.931019783020019531e-02 5.970936641097068787e-02
4.248873247950437531e+02 -3.237684546338808559e+03 -4.141657598101284066e+02 2.292539999999999978e+01 -7.742488384246826172e-02 1.699385419487953186e-02 5.931019783020019531e-02 5.970936641097068787e-02
4.305407679008591799e+02 -3.236876052137893112e+03 -4.146466052475664128e+02 2.292740000000000222e+01 1.041324157267808914e-02 -2.949883230030536652e-03 5.931019783020019531e-02 5.970936641097068787e-02
4.361921395886845403e+02 -3.236056885843779128e+03 -4.151336964348340075e+02 2.292940000000000111e+01 5.382850021123886108e-02 -7.212484627962112427e-02 5.931019783020019531e-02 5.970936641097068787e-02
4.418414129700398121e+02 -3.235227051354072046e+03 -4.156270310543328605e+02 2.293140000000000001e+01 1.702758367173373699e-03 -1.727179251611232758e-02 5.931019783020019531e-02 5.970936641097068787e-02
4.470180736488239859e+02 -3.234457137275257082e+03 -4.160846576110639035e+02 2.293340000000000245e+01 3.427496552467346191e-02 -2.788658894132822752e-04 5.931019783020019531e-02 5.970936641097068787e-02
