# Baseline: 9-16
# u [m], v [m], w [m], frequency [GHz], real, imag
-2.839676902048316151e+03 6.450243691330352704e+03 -2.048239288326722090e+03 2.267940000000000000e+19 -1.045690849423408508e-01 -1.956277154386043549e-02
-2.854111164985738924e+03 6.444874289870294888e+03 -2.045076432188348690e+03 2.268140000000000000e+19 1.859497427940368652e-01 -5.153728276491165161e-02
-2.868531760700710947e+03 6.439477643695335246e+03 -2.041897642395237881e+03 2.268340000000000000e+19 -1.484652608633041382e-01 1.502562165260314941e-01
-2.882938620280619489e+03 6.434053778595030053e+03 -2.038702934138262663e+03 2.268540000000000000e+19 1.975313276052474976e-01 1.061630696058273315e-01
-2.893735142328296206e+03 6.429968882069840220e+03 -2.036296962227416543e+03 2.268740000000000000e+19 3.112076316028833389e-03 3.822145238518714905e-02
-2.911710855310810075e+03 6.423124495575793844e+03 -2.032265823464209234e+03 2.268940000000000000e+19 2.079844027757644653e-01 -1.676179021596908569e-01
-2.926076092764548321e+03 6.417619130076575857e+03 -2.029023451921266314e+03 2.269140000000000000e+19 9.469777345657348633e-03 -8.651711046695709229e-02
-2.944013499377387234e+03 6.410700393649284706e+03 -2.024948832071263496e+03 2.269340000000000000e+19 1.665576733648777008e-02 2.992036193609237671e-02
-2.839676902048316151e+03 6.450243691330352704e+03 -2.048239288326722090e+03 2.269540000000000000e+19 -7.108800858259201050e-02 -8.320526778697967529e-02
-2.854111164985738924e+03 6.444874289870294888e+03 -2.045076432188348690e+03 2.269740000000000000e+19 -3.367108292877674103e-03 -4.122589528560638428e-02
-2.868531760700710947e+03 6.439477643695335246e+03 -2.041897642395237881e+03 2.269940000000000000e+19 2.404938824474811554e-02 -5.642500892281532288e-02
-2.882938620280619489e+03 6.434053778595030053e+03 -2.038702934138262663e+03 2.270140000000000000e+19 2.873460762202739716e-02 -2.794108726084232330e-02
-2.893735142328296206e+03 6.429968882069840220e+03 -2.036296962227416543e+03 2.270340000000000000e+19 -1.843385398387908936e-01 4.615433514118194580e-03
-2.911710855310810075e+03 6.423124495575793844e+03 -2.032265823464209234e+03 2.270540000000000000e+19 -4.996537696570158005e-03 9.029856324195861816e-02
-2.926076092764548321e+03 6.417619130076575857e+03 -2.029023451921266314e+03 2.270740000000000000e+19 -1.795955584384500980e-03 -1.467505991458892822e-01
-2.944013499377387234e+03 6.410700393649284706e+03 -2.024948832071263496e+03 2.270940000000000000e+19 1.810345798730850220e-01 -6.477268785238265991e-02
-2.983396240934053367e+03 6.395326790296654508e+03 -2.015895553523817853e+03 2.271140000000000000e+19 6.269584596157073975e-02 9.168242663145065308e-02
-2.997690734615428482e+03 6.389686119280725507e+03 -2.012574054412266378e+03 2.271340000000000000e+19 1.625534519553184509e-02 -1.056143417954444885e-01
-3.011970873841666616e+03 6.384018467706966476e+03 -2.009236777218260386e+03 2.271540000000000000e+19 -1.267404854297637939e-01 -2.748162113130092621e-02
-3.026236590470892679e+03 6.378323862620625732e+03 -2.005883737866856791e+03 2.271740000000000000e+19 -1.141425669193267822e-01 -3.386033698916435242e-02
-3.040487816181503604e+03 6.372602331294491705e+03 -2.002514952416569031e+03 2.271940000000000000e+19 2.086230320855975151e-03 1.074462532997131348e-01
-3.054724482770857321e+03 6.366853901110242987e+03 -1.999130436989512191e+03 2.272140000000000000e+19 -9.621926397085189819e-02 -5.836639180779457092e-02
-3.068946522056642152e+03 6.361078599598760775e+03 -1.995730207795130127e+03 2.272340000000000000e+19 4.087333008646965027e-02 1.011375710368156433e-02
-3.081970671631001096e+03 6.355761332475432027e+03 -1.992599740446906480e+03 2.272540000000000000e+19 1.335189212113618851e-02 2.017103694379329681e-02
-2.983396240934053367e+03 6.395326790296654508e+03 -2.015895553523817853e+03 2.272740000000000000e+19 1.182734742760658264e-01 1.045648381114006042e-01
-2.997690734615428482e+03 6.389686119280725507e+03 -2.012574054412266378e+03 2.272940000000000000e+19 4.624206200242042542e-02 9.128903970122337341e-03
-3.011970873841666616e+03 6.384018467706966476e+03 -2.009236777218260386e+03 2.273140000000000000e+19 -5.756365135312080383e-02 -8.955598622560501099e-02
-3.026236590470892679e+03 6.378323862620625732e+03 -2.005883737866856791e+03 2.273340000000000000e+19 -8.468715101480484009e-02 -4.393057152628898621e-02
-3.040487816181503604e+03 6.372602331294491705e+03 -2.002514952416569031e+03 2.273540000000000000e+19 3.096487000584602356e-02 -5.095144733786582947e-02
-3.054724482770857321e+03 6.366853901110242987e+03 -1.999130436989512191e+03 2.273740000000000000e+19 6.192822381854057312e-02 -2.765051275491714478e-02
-3.068946522056642152e+03 6.361078599598760775e+03 -1.995730207795130127e+03 2.273940000000000000e+19 1.197495590895414352e-02 2.230408601462841034e-02
-3.081970671631001096e+03 6.355761332475432027e+03 -1.992599740446906480e+03 2.274140000000000000e+19 -9.846803545951843262e-02 -4.556563496589660645e-02
-3.125687046754033418e+03 6.337709234664758696e+03 -1.981972479732998636e+03 2.274340000000000000e+19 -1.064889281988143921e-01 -3.527487441897392273e-02
-3.139834930188191720e+03 6.331799993591178463e+03 -1.978493927246056728e+03 2.274540000000000000e+19 5.936186388134956360e-02 -7.149080187082290649e-02
-3.153967779200109817e+03 6.325864048867509155e+03 -1.974999759704818644e+03 2.274740000000000000e+19 6.214277446269989014e-02 -5.714804679155349731e-02
-3.168085525907591091e+03 6.319901429005017235e+03 -1.971489993892348139e+03 2.274940000000000000e+19 -6.808432284742593765e-03 5.709281936287879944e-02
-3.182188103041645263e+03 6.313912162414255363e+03 -1.967964646531927428e+03 2.275140000000000000e+19 1.300622969865798950e-01 1.712364703416824341e-02
-3.196275442669150380e+03 6.307896277946304508e+03 -1.964423734605644768e+03 2.275340000000000000e+19 -4.984505474567413330e-02 3.101702779531478882e-02
-3.210347477715583409e+03 6.301853804245470201e+03 -1.960867274973386884e+03 2.275540000000000000e+19 -3.788824891671538353e-03 -3.534227143973112106e-03
-3.223233537273403272e+03 6.296291874723576257e+03 -1.957593740871186583e+03 2.275740000000000000e+19 -5.168484151363372803e-02 5.979087203741073608e-02
-3.125687046754033418e+03 6.337709234664758696e+03 -1.981972479732998636e+03 2.275940000000000000e+19 -1.913647912442684174e-02 3.695960342884063721e-02
-3.139834930188191720e+03 6.331799993591178463e+03 -1.978493927246056728e+03 2.276140000000000000e+19 -2.545154653489589691e-02 -3.189937025308609009e-02
-3.153967779200109817e+03 6.325864048867509155e+03 -1.974999759704818644e+03 2.276340000000000000e+19 6.020202487707138062e-02 -1.275151669979095459e-01
-3.168085525907591091e+03 6.319901429005017235e+03 -1.971489993892348139e+03 2.276540000000000000e+19 -8.439112454652786255e-03 3.432632982730865479e-02
-3.182188103041645263e+03 6.313912162414255363e+03 -1.967964646531927428e+03 2.276740000000000000e+19 -5.537421256303787231e-02 6.930842995643615723e-02
-3.196275442669150380e+03 6.307896277946304508e+03 -1.964423734605644768e+03 2.276940000000000000e+19 -7.367983460426330566e-02 -5.317758396267890930e-02
-3.210347477715583409e+03 6.301853804245470201e+03 -1.960867274973386884e+03 2.277140000000000000e+19 -3.526512160897254944e-02 -2.884085848927497864e-02
-3.223233537273403272e+03 6.296291874723576257e+03 -1.957593740871186583e+03 2.277340000000000000e+19 -1.788191869854927063e-02 3.455984964966773987e-02
-3.266481225314326821e+03 6.277418597792936453e+03 -1.946486301152420310e+03 2.277540000000000000e+19 9.332189708948135376e-02 -9.702302515506744385e-03
-3.280475728314325352e+03 6.271243614421830898e+03 -1.942852359891278638e+03 2.277740000000000000e+19 -1.481832936406135559e-02 -8.288206905126571655e-02
-3.294454523528882419e+03 6.265042217334843372e+03 -1.939202974222232342e+03 2.277940000000000000e+19 -4.668078199028968811e-02 -2.915238961577415466e-03
-3.308417544399986582e+03 6.258814436059035870e+03 -1.935538161521340726e+03 2.278140000000000000e+19 4.105393216013908386e-02 -9.540899842977523804e-02
-3.322364723715298169e+03 6.252560300572535198e+03 -1.931857939429619137e+03 2.278340000000000000e+19 4.972102120518684387e-03 -7.366676628589630127e-02
-3.336295995115935966e+03 6.246279840631771549e+03 -1.928162325457154338e+03 2.278540000000000000e+19 4.393795970827341080e-03 -4.491503164172172546e-02
-3.350211291542369963e+03 6.239973086468410656e+03 -1.924451337393210451e+03 2.278740000000000000e+19 -4.899533465504646301e-02 -6.987179070711135864e-02
-3.362953094910771597e+03 6.234169156020823721e+03 -1.921036302978558297e+03 2.278940000000000000e+19 -1.307540852576494217e-02 -9.395262598991394043e-02
-3.266481225314326821e+03 6.277418597792936453e+03 -1.946486301152420310e+03 2.279140000000000000e+19 1.033220365643501282e-01 3.306714817881584167e-02
-3.280475728314325352e+03 6.271243614421830898e+03 -1.942852359891278638e+03 2.279340000000000000e+19 -3.281528130173683167e-02 3.045030497014522552e-02
-3.294454523528882419e+03 6.265042217334843372e+03 -1.939202974222232342e+03 2.279540000000000000e+19 3.591606765985488892e-02 -1.852204054594039917e-01
-3.308417544399986582e+03 6.258814436059035870e+03 -1.935538161521340726e+03 2.279740000000000000e+19 1.387981791049242020e-02 -5.632368847727775574e-02
-3.322364723715298169e+03 6.252560300572535198e+03 -1.931857939429619137e+03 2.279940000000000000e+19 -2.239289507269859314e-02 1.168189570307731628e-01
-3.336295995115935966e+03 6.246279840631771549e+03 -1.928162325457154338e+03 2.280140000000000000e+19 -5.798958591185510159e-04 6.851824373006820679e-02
-3.350211291542369963e+03 6.239973086468410656e+03 -1.924451337393210451e+03 2.280340000000000000e+19 5.142069235444068909e-02 8.289978653192520142e-02
-3.362953094910771597e+03 6.234169156020823721e+03 -1.921036302978558297e+03 2.280540000000000000e+19 -3.575049713253974915e-02 -8.126962929964065552e-03
-3.403404074302939989e+03 6.215554153082698576e+03 -1.910083779559502773e+03 2.280740000000000000e+19 -8.087412267923355103e-02 -3.077581711113452911e-02
-3.417241222020829809e+03 6.209120737439090590e+03 -1.906298734786214254e+03 2.280940000000000000e+19 -2.178218774497509003e-02 7.545577734708786011e-02
-3.431062007624285343e+03 6.202661205296616572e+03 -1.902498420490305762e+03 2.281140000000000000e+19 1.556547544896602631e-02 -3.598163649439811707e-02
-3.444866364730218720e+03 6.196175587681736033e+03 -1.898682854925497850e+03 2.281340000000000000e+19 1.590001732110977173e-01 8.243124186992645264e-02
-3.458654227659441403e+03 6.189663915452503716e+03 -1.894852056245973927e+03 2.281540000000000000e+19 2.340581640601158142e-02 6.727056112140417099e-03
-3.472425530090600205e+03 6.183126219930592924e+03 -1.891006042878220114e+03 2.281740000000000000e+19 5.573319271206855774e-02 -5.994645506143569946e-02
-3.486180206310044468e+03 6.176562532313115298e+03 -1.887144833174982978e+03 2.281940000000000000e+19 -2.006324827671051025e-01 1.492744535207748413e-01
-3.498774210765041062e+03 6.170523342373444393e+03 -1.883592250229266256e+03 2.282140000000000000e+19 9.653643518686294556e-02 1.276519298553466797e-01
-3.403404074302939989e+03 6.215554153082698576e+03 -1.910083779559502773e+03 2.282340000000000000e+19 3.069937415421009064e-02 2.791923657059669495e-02
-3.417241222020829809e+03 6.209120737439090590e+03 -1.906298734786214254e+03 2.282540000000000000e+19 -1.450883597135543823e-01 -9.991657733917236328e-02
-3.431062007624285343e+03 6.202661205296616572e+03 -1.902498420490305762e+03 2.282740000000000000e+19 6.190753355622291565e-02 4.451016709208488464e-02
-3.444866364730218720e+03 6.196175587681736033e+03 -1.898682854925497850e+03 2.282940000000000000e+19 -1.048332080245018005e-01 2.017586380243301392e-01
-3.458654227659441403e+03 6.189663915452503716e+03 -1.894852056245973927e+03 2.283140000000000000e+19 2.942549251019954681e-02 1.118985861539840698e-01
-3.472425530090600205e+03 6.183126219930592924e+03 -1.891006042878220114e+03 2.283340000000000000e+19 -7.538562640547752380e-03 -2.325308509171009064e-02
-3.486180206310044468e+03 6.176562532313115298e+03 -1.887144833174982978e+03 2.283540000000000000e+19 -6.601081043481826782e-02 -4.907476902008056641e-02
-3.498774210765041062e+03 6.170523342373444393e+03 -1.883592250229266256e+03 2.283740000000000000e+19 1.477453559637069702e-01 -7.699051499366760254e-02
-3.541031333313801952e+03 6.150048491196005671e+03 -1.871548401791559627e+03 2.283940000000000000e+19 8.138864487409591675e-02 -1.102499105036258698e-02
-3.554701892300953659e+03 6.143355316948530344e+03 -1.867611489152022841e+03 2.284140000000000000e+19 -1.861814782023429871e-02 1.065743267536163330e-01
-3.568355431513675740e+03 6.136636340844916958e+03 -1.863659492082270845e+03 2.284340000000000000e+19 -4.924047365784645081e-02 -1.045704260468482971e-01
-3.581991885181773796e+03 6.129891595251063336e+03 -1.859692429619449285e+03 2.284540000000000000e+19 3.401464968919754028e-02 -1.929636113345623016e-02
-3.595611188377270537e+03 6.123121112281140995e+03 -1.855710320652202199e+03 2.284740000000000000e+19 -1.239934470504522324e-02 -9.874281473457813263e-03
-3.609213275826649351e+03 6.116324924383662619e+03 -1.851713184265390055e+03 2.284940000000000000e+19 -3.715720772743225098e-02 3.414847888052463531e-03
-3.622798082244554735e+03 6.109503064178278692e+03 -1.847701039644089406e+03 2.285140000000000000e+19 8.228208869695663452e-02 -6.534101814031600952e-02
-3.635235806770005638e+03 6.103227493772369598e+03 -1.844010263054404277e+03 2.285340000000000000e+19 4.579042643308639526e-02 -2.512667141854763031e-02
-3.541031333313801952e+03 6.150048491196005671e+03 -1.871548401791559627e+03 2.285540000000000000e+19 9.141236543655395508e-02 8.114203065633773804e-02
-3.554701892300953659e+03 6.143355316948530344e+03 -1.867611489152022841e+03 2.285740000000000000e+19 1.924912445247173309e-02 -9.655281901359558105e-02
-3.568355431513675740e+03 6.136636340844916958e+03 -1.863659492082270845e+03 2.285940000000000000e+19 3.538824990391731262e-02 9.363205730915069580e-02
-3.581991885181773796e+03 6.129891595251063336e+03 -1.859692429619449285e+03 2.286140000000000000e+19 5.823848024010658264e-02 8.084676414728164673e-02
-3.595611188377270537e+03 6.123121112281140995e+03 -1.855710320652202199e+03 2.286340000000000000e+19 6.074144318699836731e-02 6.147939711809158325e-02
-3.609213275826649351e+03 6.116324924383662619e+03 -1.851713184265390055e+03 2.286540000000000000e+19 3.456471860408782959e-02 -4.432114958763122559e-02
-3.622798082244554735e+03 6.109503064178278692e+03 -1.847701039644089406e+03 2.286740000000000000e+19 9.499781578779220581e-02 -3.884265944361686707e-02
-3.635235806770005638e+03 6.103227493772369598e+03 -1.844010263054404277e+03 2.286940000000000000e+19 -4.043323919177055359e-02 -3.109640628099441528e-02
-3.676963200148073611e+03 6.081959554291733184e+03 -1.831502763453699345e+03 2.287140000000000000e+19 4.981945082545280457e-02 -6.077412515878677368e-02
-3.690460628680262289e+03 6.075009824311627199e+03 -1.827415866873627920e+03 2.287340000000000000e+19 2.347914502024650574e-03 -5.478118732571601868e-02
-3.703940387354110499e+03 6.068034619748960722e+03 -1.823314078341057439e+03 2.287540000000000000e+19 1.169911213219165802e-02 1.267420034855604172e-02
-3.717402411987837695e+03 6.061033973815366153e+03 -1.819197417386206098e+03 2.287740000000000000e+19 -2.304445393383502960e-02 1.162727642804384232e-02
-3.730846637780627134e+03 6.054007920209095573e+03 -1.815065903825028727e+03 2.287940000000000000e+19 4.174437373876571655e-03 5.628158338367938995e-03
-3.744273000766386758e+03 6.046956492359428921e+03 -1.810919557314808117e+03 2.288140000000000000e+19 1.248786672949790955e-01 9.025648236274719238e-02
-3.757681436316352574e+03 6.039879724209165033e+03 -1.806758397814535783e+03 2.288340000000000000e+19 -1.400026530027389526e-01 3.032873384654521942e-02
-3.769956928821035490e+03 6.033370776524901885e+03 -1.802931193812616357e+03 2.288540000000000000e+19 7.193487137556076050e-02 -8.199153095483779907e-02
-3.676963200148073611e+03 6.081959554291733184e+03 -1.831502763453699345e+03 2.288740000000000000e+19 2.994037233293056488e-02 1.057118102908134460e-01
-3.690460628680262289e+03 6.075009824311627199e+03 -1.827415866873627920e+03 2.288940000000000000e+19 -2.185935899615287781e-02 8.353062905371189117e-03
-3.703940387354110499e+03 6.068034619748960722e+03 -1.823314078341057439e+03 2.289140000000000000e+19 6.348896771669387817e-02 -4.632920399308204651e-02
-3.717402411987837695e+03 6.061033973815366153e+03 -1.819197417386206098e+03 2.289340000000000000e+19 -2.231708355247974396e-02 8.189463615417480469e-02
-3.730846637780627134e+03 6.054007920209095573e+03 -1.815065903825028727e+03 2.289540000000000000e+19 6.368011236190795898e-02 -1.705810800194740295e-02
-3.744273000766386758e+03 6.046956492359428921e+03 -1.810919557314808117e+03 2.289740000000000000e+19 1.094650011509656906e-02 -5.034210532903671265e-02
-3.757681436316352574e+03 6.039879724209165033e+03 -1.806758397814535783e+03 2.289940000000000000e+19 7.983250916004180908e-02 -1.366854121442884207e-04
-3.769956928821035490e+03 6.033370776524901885e+03 -1.802931193812616357e+03 2.290140000000000000e+19 6.109577417373657227e-02 -1.290264874696731567e-01
-3.811134624357638586e+03 6.011319926562064211e+03 -1.789966028549929661e+03 2.290340000000000000e+19 -1.410041732015088201e-04 -7.367295771837234497e-02
-3.824452462945458592e+03 6.004116966800594128e+03 -1.785731103909340845e+03 2.290540000000000000e+19 6.298360228538513184e-02 4.258745908737182617e-02
-3.837751990474469494e+03 5.996888871709663363e+03 -1.781481486796200443e+03 2.290740000000000000e+19 8.019555360078811646e-02 4.760809242725372314e-02
-3.851033143528051824e+03 5.989635675754855583e+03 -1.777217197473904207e+03 2.290940000000000000e+19 7.410325109958648682e-02 1.014076266437768936e-02
-3.864295858453335768e+03 5.982357413698206074e+03 -1.772938256379729864e+03 2.291140000000000000e+19 5.592634901404380798e-02 -7.090596854686737061e-02
-3.877540071547763091e+03 5.975054120498648444e+03 -1.768644684066302261e+03 2.291340000000000000e+19 5.737239122390747070e-02 -6.588350981473922729e-03
-3.890765719797270776e+03 5.967725830904600116e+03 -1.764336500962081118e+03 2.291540000000000000e+19 -2.263724990189075470e-02 -4.670751094818115234e-02
-3.902873103729763443e+03 5.960986621981466669e+03 -1.760374701754077250e+03 2.291740000000000000e+19 -8.074935525655746460e-03 1.209916025400161743e-01
-3.811134624357638586e+03 6.011319926562064211e+03 -1.789966028549929661e+03 2.291940000000000000e+19 1.464450061321258545e-01 2.878897078335285187e-02
-3.824452462945458592e+03 6.004116966800594128e+03 -1.785731103909340845e+03 2.292140000000000000e+19 -6.043531466275453568e-04 -3.265396505594253540e-02
-3.837751990474469494e+03 5.996888871709663363e+03 -1.781481486796200443e+03 2.292340000000000000e+19 -2.642739098519086838e-03 -5.704224109649658203e-02
-3.851033143528051824e+03 5.989635675754855583e+03 -1.777217197473904207e+03 2.292540000000000000e+19 -7.217791676521301270e-02 -4.923776537179946899e-02
-3.864295858453335768e+03 5.982357413698206074e+03 -1.772938256379729864e+03 2.292740000000000000e+19 4.515850543975830078e-02 -4.989835992455482483e-02
-3.877540071547763091e+03 5.975054120498648444e+03 -1.768644684066302261e+03 2.292940000000000000e+19 -2.472219616174697876e-02 4.489459469914436340e-02
-3.890765719797270776e+03 5.967725830904600116e+03 -1.764336500962081118e+03 2.293140000000000000e+19 -1.576548255980014801e-02 -2.218394167721271515e-02
-3.902873103729763443e+03 5.960986621981466669e+03 -1.760374701754077250e+03 2.293340000000000000e+19 6.859119236469268799e-02 -1.188987419009208679e-01
