# Baseline: 13-21
# Entries: 128
# u [m], v [m], w [m], frequency [GHz], real, imag, std(real), std(imag)
-2.843935422199866935e+03 9.525840731511005970e+02 -2.738051740483257163e+03 2.267940000000000111e+01 2.143821269273757935e-01 1.951932311058044434e-01 1.519481092691421509e-01 1.601613014936447144e-01
-2.848753410413900838e+03 9.472174308679310570e+02 -2.734903212353773142e+03 2.268140000000000001e+01 8.987992256879806519e-02 -3.928491771221160889e-01 1.519481092691421509e-01 1.601613014936447144e-01
-2.853557775503464654e+03 9.418416979625293379e+02 -2.731749379696228061e+03 2.268340000000000245e+01 1.841583698987960815e-01 2.182025313377380371e-01 1.519481092691421509e-01 1.601613014936447144e-01
-2.858348494509714328e+03 9.364569001243751245e+02 -2.728590257582121922e+03 2.268540000000000134e+01 2.820743024349212646e-01 7.224267721176147461e-02 1.519481092691421509e-01 1.601613014936447144e-01
-2.861932992472225123e+03 9.324126501946418557e+02 -2.726217618318329187e+03 2.268740000000000023e+01 2.807357311248779297e-01 -1.785563677549362183e-01 1.519481092691421509e-01 1.601613014936447144e-01
-2.867888902628465530e+03 9.256602127735030763e+02 -2.722256205484133716e+03 2.268940000000000268e+01 4.547412991523742676e-01 5.782809853553771973e-02 1.519481092691421509e-01 1.601613014936447144e-01
-2.872638545983836138e+03 9.202483750439993173e+02 -2.719081305879729371e+03 2.269140000000000157e+01 -4.165048897266387939e-02 -7.078551501035690308e-02 1.519481092691421509e-01 1.601613014936447144e-01
-2.878556837101637029e+03 9.134713402132848614e+02 -2.715105541052959779e+03 2.269340000000000046e+01 -1.636865921318531036e-02 -4.726233426481485367e-03 1.519481092691421509e-01 1.601613014936447144e-01
-2.843935422199866935e+03 9.525840731511005970e+02 -2.738051740483257163e+03 2.269540000000000290e+01 3.512090817093849182e-02 1.859314292669296265e-01 1.519481092691421509e-01 1.601613014936447144e-01
-2.848753410413900838e+03 9.472174308679310570e+02 -2.734903212353773142e+03 2.269740000000000180e+01 1.498572379350662231e-01 -9.193826466798782349e-02 1.519481092691421509e-01 1.601613014936447144e-01
-2.853557775503464654e+03 9.418416979625293379e+02 -2.731749379696228061e+03 2.269940000000000069e+01 1.235492061823606491e-02 -1.536687165498733521e-01 1.519481092691421509e-01 1.601613014936447144e-01
-2.858348494509714328e+03 9.364569001243751245e+02 -2.728590257582121922e+03 2.270140000000000313e+01 1.201568357646465302e-02 -7.394476979970932007e-02 1.519481092691421509e-01 1.601613014936447144e-01
-2.861932992472225123e+03 9.324126501946418557e+02 -2.726217618318329187e+03 2.270340000000000202e+01 1.407837718725204468e-01 4.247891604900360107e-01 1.519481092691421509e-01 1.601613014936447144e-01
-2.867888902628465530e+03 9.256602127735030763e+02 -2.722256205484133716e+03 2.270540000000000092e+01 -2.673133313655853271e-01 1.085058152675628662e-01 1.519481092691421509e-01 1.601613014936447144e-01
-2.872638545983836138e+03 9.202483750439993173e+02 -2.719081305879729371e+03 2.270739999999999981e+01 -7.662723958492279053e-02 -1.166014075279235840e-01 1.519481092691421509e-01 1.601613014936447144e-01
-2.878556837101637029e+03 9.134713402132848614e+02 -2.715105541052959779e+03 2.270940000000000225e+01 1.197120873257517815e-03 -2.787882089614868164e-02 1.519481092691421509e-01 1.601613014936447144e-01
-2.891499519131276884e+03 8.985116677995782766e+02 -2.706329571452865366e+03 2.271140000000000114e+01 1.784423924982547760e-02 -1.421270072460174561e-01 1.519481092691421509e-01 1.601613014936447144e-01
-2.896180249502971492e+03 8.930552819581898802e+02 -2.703128680137851916e+03 2.271340000000000003e+01 1.925508975982666016e-01 -7.407823950052261353e-02 1.519481092691421509e-01 1.601613014936447144e-01
-2.900847129746136488e+03 8.875900647390144513e+02 -2.699922636382071232e+03 2.271540000000000248e+01 1.628781706094741821e-01 2.155776321887969971e-01 1.519481092691421509e-01 1.601613014936447144e-01
-2.905500137591492148e+03 8.821160422211179366e+02 -2.696711455484211911e+03 2.271740000000000137e+01 2.558025121688842773e-01 1.393691301345825195e-01 1.519481092691421509e-01 1.601613014936447144e-01
-2.910139250754806653e+03 8.766332406208266548e+02 -2.693495152823350963e+03 2.271940000000000026e+01 -2.090021967887878418e-01 1.856510899960994720e-02 1.519481092691421509e-01 1.601613014936447144e-01
-2.914764447034479872e+03 8.711416861773722076e+02 -2.690273743791862216e+03 2.272140000000000271e+01 -1.868263259530067444e-02 1.640189439058303833e-01 1.519481092691421509e-01 1.601613014936447144e-01
-2.919375704279631464e+03 8.656414051911496017e+02 -2.687047243817867184e+03 2.272340000000000160e+01 -1.826830804347991943e-01 1.483383178710937500e-01 1.519481092691421509e-01 1.601613014936447144e-01
-2.923590604235989758e+03 8.605919478087940888e+02 -2.684085224180856130e+03 2.272540000000000049e+01 -3.833677154034376144e-03 1.445251852273941040e-01 1.519481092691421509e-01 1.601613014936447144e-01
-2.891499519131276884e+03 8.985116677995782766e+02 -2.706329571452865366e+03 2.272740000000000293e+01 -2.066964097321033478e-02 1.037818193435668945e-01 1.519481092691421509e-01 1.601613014936447144e-01
-2.896180249502971492e+03 8.930552819581898802e+02 -2.703128680137851916e+03 2.272940000000000182e+01 -2.526113390922546387e-02 -1.160358861088752747e-01 1.519481092691421509e-01 1.601613014936447144e-01
-2.900847129746136488e+03 8.875900647390144513e+02 -2.699922636382071232e+03 2.273140000000000072e+01 -1.081726774573326111e-01 2.990306727588176727e-02 1.519481092691421509e-01 1.601613014936447144e-01
-2.905500137591492148e+03 8.821160422211179366e+02 -2.696711455484211911e+03 2.273340000000000316e+01 4.076151251792907715e-01 3.436850607395172119e-01 1.519481092691421509e-01 1.601613014936447144e-01
-2.910139250754806653e+03 8.766332406208266548e+02 -2.693495152823350963e+03 2.273540000000000205e+01 1.889401376247406006e-01 -2.152223289012908936e-01 1.519481092691421509e-01 1.601613014936447144e-01
-2.914764447034479872e+03 8.711416861773722076e+02 -2.690273743791862216e+03 2.273740000000000094e+01 -1.411435008049011230e-01 -1.613469719886779785e-01 1.519481092691421509e-01 1.601613014936447144e-01
-2.919375704279631464e+03 8.656414051911496017e+02 -2.687047243817867184e+03 2.273939999999999984e+01 -6.031192839145660400e-02 -7.626368105411529541e-02 1.519481092691421509e-01 1.601613014936447144e-01
-2.923590604235989758e+03 8.605919478087940888e+02 -2.684085224180856130e+03 2.274140000000000228e+01 1.122578680515289307e-01 -3.450874239206314087e-02 1.519481092691421509e-01 1.601613014936447144e-01
-2.937680902808881456e+03 8.435535425934358500e+02 -2.674090643504445779e+03 2.274340000000000117e+01 -2.298567146062850952e-01 -1.289182603359222412e-01 1.519481092691421509e-01 1.601613014936447144e-01
-2.942222135260237337e+03 8.380100244915057601e+02 -2.670838920875721669e+03 2.274540000000000006e+01 2.765826880931854248e-01 -2.005993425846099854e-01 1.519481092691421509e-01 1.601613014936447144e-01
-2.946749297335469691e+03 8.324579383292544890e+02 -2.667582200269332134e+03 2.274740000000000251e+01 -5.653695017099380493e-02 -1.650423556566238403e-01 1.519481092691421509e-01 1.601613014936447144e-01
-2.951262367289948543e+03 8.268973107742100410e+02 -2.664320497327812063e+03 2.274940000000000140e+01 -1.060746163129806519e-01 -7.398785650730133057e-02 1.519481092691421509e-01 1.601613014936447144e-01
-2.955761323619435643e+03 8.213281683217564932e+02 -2.661053827592593734e+03 2.275140000000000029e+01 -5.535651743412017822e-02 -5.415347963571548462e-02 1.519481092691421509e-01 1.601613014936447144e-01
-2.960246144652240673e+03 8.157505377990105444e+02 -2.657782206799562118e+03 2.275340000000000273e+01 -2.837134003639221191e-01 4.459095001220703125e-02 1.519481092691421509e-01 1.601613014936447144e-01
-2.964716809034820471e+03 8.101644457632413605e+02 -2.654505650526177760e+03 2.275540000000000163e+01 3.715521842241287231e-02 -2.966990768909454346e-01 1.519481092691421509e-01 1.601613014936447144e-01
-2.968802644238696757e+03 8.050365581893400986e+02 -2.651497880824384083e+03 2.275740000000000052e+01 2.120914310216903687e-01 4.628338664770126343e-02 1.519481092691421509e-01 1.601613014936447144e-01
-2.937680902808881456e+03 8.435535425934358500e+02 -2.674090643504445779e+03 2.275940000000000296e+01 2.402972243726253510e-02 2.378743737936019897e-01 1.519481092691421509e-01 1.601613014936447144e-01
-2.942222135260237337e+03 8.380100244915057601e+02 -2.670838920875721669e+03 2.276140000000000185e+01 -1.381616443395614624e-01 1.276615709066390991e-01 1.519481092691421509e-01 1.601613014936447144e-01
-2.946749297335469691e+03 8.324579383292544890e+02 -2.667582200269332134e+03 2.276340000000000074e+01 4.763119295239448547e-02 1.444993764162063599e-01 1.519481092691421509e-01 1.601613014936447144e-01
-2.951262367289948543e+03 8.268973107742100410e+02 -2.664320497327812063e+03 2.276540000000000319e+01 1.227250415831804276e-02 3.222624957561492920e-02 1.519481092691421509e-01 1.601613014936447144e-01
-2.955761323619435643e+03 8.213281683217564932e+02 -2.661053827592593734e+03 2.276740000000000208e+01 -5.563774332404136658e-02 -1.862954348325729370e-01 1.519481092691421509e-01 1.601613014936447144e-01
-2.960246144652240673e+03 8.157505377990105444e+02 -2.657782206799562118e+03 2.276940000000000097e+01 -1.133223846554756165e-01 -3.083789907395839691e-02 1.519481092691421509e-01 1.601613014936447144e-01
-2.964716809034820471e+03 8.101644457632413605e+02 -2.654505650526177760e+03 2.277139999999999986e+01 4.079172387719154358e-02 2.176211588084697723e-02 1.519481092691421509e-01 1.601613014936447144e-01
-2.968802644238696757e+03 8.050365581893400986e+02 -2.651497880824384083e+03 2.277340000000000231e+01 1.397639140486717224e-02 -6.814687512814998627e-03 1.519481092691421509e-01 1.601613014936447144e-01
-2.982457472861102360e+03 7.877359981549280974e+02 -2.641350384824823323e+03 2.277540000000000120e+01 1.301402598619461060e-01 3.092821240425109863e-01 1.519481092691421509e-01 1.601613014936447144e-01
-2.986857034279384607e+03 7.821080005379030808e+02 -2.638049386933205369e+03 2.277740000000000009e+01 8.871085196733474731e-02 -1.970392316579818726e-01 1.519481092691421509e-01 1.601613014936447144e-01
-2.991242311617865653e+03 7.764717025100582077e+02 -2.634743548054759685e+03 2.277940000000000254e+01 -1.503956615924835205e-01 -5.441733822226524353e-02 1.519481092691421509e-01 1.601613014936447144e-01
-2.995613283996690825e+03 7.708271309078264721e+02 -2.631432883929778200e+03 2.278140000000000143e+01 -6.681246310472488403e-02 5.392198264598846436e-02 1.519481092691421509e-01 1.601613014936447144e-01
-2.999969930375797048e+03 7.651743129019469052e+02 -2.628117410494494379e+03 2.278340000000000032e+01 -2.821497917175292969e-01 2.365037351846694946e-01 1.519481092691421509e-01 1.601613014936447144e-01
-3.004312230026839188e+03 7.595132753878336871e+02 -2.624797143523529940e+03 2.278540000000000276e+01 8.713736385107040405e-02 1.793376058340072632e-01 1.519481092691421509e-01 1.601613014936447144e-01
-3.008640162047757258e+03 7.538440456154761478e+02 -2.621472098999340233e+03 2.278740000000000165e+01 -8.215551078319549561e-02 2.194172143936157227e-01 1.519481092691421509e-01 1.601613014936447144e-01
-3.012594977367644788e+03 7.486401816246549288e+02 -2.618420018498295576e+03 2.278940000000000055e+01 6.172262132167816162e-02 2.249928861856460571e-01 1.519481092691421509e-01 1.601613014936447144e-01
-2.982457472861102360e+03 7.877359981549280974e+02 -2.641350384824823323e+03 2.279140000000000299e+01 -1.426095962524414062e-01 7.501428946852684021e-03 1.519481092691421509e-01 1.601613014936447144e-01
-2.986857034279384607e+03 7.821080005379030808e+02 -2.638049386933205369e+03 2.279340000000000188e+01 1.571233943104743958e-02 -4.529184401035308838e-01 1.519481092691421509e-01 1.601613014936447144e-01
-2.991242311617865653e+03 7.764717025100582077e+02 -2.634743548054759685e+03 2.279540000000000077e+01 -6.258395314216613770e-02 3.666062606498599052e-03 1.519481092691421509e-01 1.601613014936447144e-01
-2.995613283996690825e+03 7.708271309078264721e+02 -2.631432883929778200e+03 2.279739999999999966e+01 2.634484507143497467e-02 9.595046937465667725e-02 1.519481092691421509e-01 1.601613014936447144e-01
-2.999969930375797048e+03 7.651743129019469052e+02 -2.628117410494494379e+03 2.279940000000000211e+01 -1.515688002109527588e-01 3.101026639342308044e-02 1.519481092691421509e-01 1.601613014936447144e-01
-3.004312230026839188e+03 7.595132753878336871e+02 -2.624797143523529940e+03 2.280140000000000100e+01 -1.292735636234283447e-01 5.153792351484298706e-02 1.519481092691421509e-01 1.601613014936447144e-01
-3.008640162047757258e+03 7.538440456154761478e+02 -2.621472098999340233e+03 2.280339999999999989e+01 7.362154126167297363e-02 -2.345252037048339844e-01 1.519481092691421509e-01 1.601613014936447144e-01
-3.012594977367644788e+03 7.486401816246549288e+02 -2.618420018498295576e+03 2.280540000000000234e+01 -9.651915729045867920e-02 8.696786314249038696e-02 1.519481092691421509e-01 1.601613014936447144e-01
-3.025097096442810653e+03 7.320365943457305775e+02 -2.608682122693457586e+03 2.280740000000000123e+01 2.342126965522766113e-01 4.904211461544036865e-01 1.519481092691421509e-01 1.601613014936447144e-01
-3.029355294510916337e+03 7.263281513983473587e+02 -2.605334211139424497e+03 2.280940000000000012e+01 -1.482014507055282593e-01 -2.820883095264434814e-01 1.519481092691421509e-01 1.601613014936447144e-01
-3.033599005174726699e+03 7.206116749092572036e+02 -2.601981615118764694e+03 2.281140000000000256e+01 -2.308420464396476746e-02 3.338446319103240967e-01 1.519481092691421509e-01 1.601613014936447144e-01
-3.037828208051262209e+03 7.148871923356779234e+02 -2.598624350734573454e+03 2.281340000000000146e+01 3.717978298664093018e-01 -2.566728293895721436e-01 1.519481092691421509e-01 1.601613014936447144e-01
-3.042042883018684279e+03 7.091547309140702282e+02 -2.595262433960354429e+03 2.281540000000000035e+01 -2.305677980184555054e-01 9.527599066495895386e-02 1.519481092691421509e-01 1.601613014936447144e-01
-3.046243009803798941e+03 7.034143182181819611e+02 -2.591895880967289031e+03 2.281740000000000279e+01 1.087008714675903320e-01 -3.210219740867614746e-01 1.519481092691421509e-01 1.601613014936447144e-01
-3.050428568364705370e+03 6.976659816403011973e+02 -2.588524707820009553e+03 2.281940000000000168e+01 5.624863505363464355e-01 -5.071477293968200684e-01 1.519481092691421509e-01 1.601613014936447144e-01
-3.054252701409760903e+03 6.923898359653592252e+02 -2.585430479332148934e+03 2.282140000000000057e+01 -5.946058407425880432e-02 5.226012319326400757e-02 1.519481092691421509e-01 1.601613014936447144e-01
-3.025097096442810653e+03 7.320365943457305775e+02 -2.608682122693457586e+03 2.282340000000000302e+01 4.474664032459259033e-01 1.129841711372137070e-02 1.519481092691421509e-01 1.601613014936447144e-01
-3.029355294510916337e+03 7.263281513983473587e+02 -2.605334211139424497e+03 2.282540000000000191e+01 1.132147163152694702e-01 3.914989158511161804e-02 1.519481092691421509e-01 1.601613014936447144e-01
-3.033599005174726699e+03 7.206116749092572036e+02 -2.601981615118764694e+03 2.282740000000000080e+01 -2.225608527660369873e-01 5.006087571382522583e-02 1.519481092691421509e-01 1.601613014936447144e-01
-3.037828208051262209e+03 7.148871923356779234e+02 -2.598624350734573454e+03 2.282939999999999969e+01 2.045132964849472046e-01 -2.183525264263153076e-01 1.519481092691421509e-01 1.601613014936447144e-01
-3.042042883018684279e+03 7.091547309140702282e+02 -2.595262433960354429e+03 2.283140000000000214e+01 1.462586876004934311e-02 -6.541582196950912476e-02 1.519481092691421509e-01 1.601613014936447144e-01
-3.046243009803798941e+03 7.034143182181819611e+02 -2.591895880967289031e+03 2.283340000000000103e+01 9.244213253259658813e-02 -3.208480402827262878e-02 1.519481092691421509e-01 1.601613014936447144e-01
-3.050428568364705370e+03 6.976659816403011973e+02 -2.588524707820009553e+03 2.283539999999999992e+01 -4.625242203474044800e-02 1.838247328996658325e-01 1.519481092691421509e-01 1.601613014936447144e-01
-3.054252701409760903e+03 6.923898359653592252e+02 -2.585430479332148934e+03 2.283740000000000236e+01 1.249395757913589478e-01 -1.539190858602523804e-01 1.519481092691421509e-01 1.601613014936447144e-01
-3.067024720662501295e+03 6.745939474552420734e+02 -2.574994136795292434e+03 2.283940000000000126e+01 2.907345071434974670e-02 7.529937475919723511e-02 1.519481092691421509e-01 1.601613014936447144e-01
-3.071137138919571953e+03 6.688064050322145704e+02 -2.571600105413926940e+03 2.284140000000000015e+01 9.049243479967117310e-02 1.408272888511419296e-03 1.519481092691421509e-01 1.601613014936447144e-01
-3.075234869872812851e+03 6.630111042708399509e+02 -2.568201550961286102e+03 2.284340000000000259e+01 -1.658919453620910645e-01 3.157066181302070618e-02 1.519481092691421509e-01 1.601613014936447144e-01
-3.079317893783136242e+03 6.572080730875771906e+02 -2.564798489808495560e+03 2.284540000000000148e+01 3.085239045321941376e-02 3.381190299987792969e-01 1.519481092691421509e-01 1.601613014936447144e-01
-3.083386191209847311e+03 6.513973391127420882e+02 -2.561390938158760036e+03 2.284740000000000038e+01 -1.023308634757995605e-01 2.788900732994079590e-01 1.519481092691421509e-01 1.601613014936447144e-01
-3.087439742654580641e+03 6.455789301953399217e+02 -2.557978912343396132e+03 2.284940000000000282e+01 1.076806858181953430e-01 2.479576319456100464e-01 1.519481092691421509e-01 1.601613014936447144e-01
-3.091478528661764813e+03 6.397528742618692377e+02 -2.554562428739044208e+03 2.285140000000000171e+01 -5.194217339158058167e-02 2.356216311454772949e-01 1.519481092691421509e-01 1.601613014936447144e-01
-3.095167950132231454e+03 6.344057257266283614e+02 -2.551426806341037718e+03 2.285340000000000060e+01 2.460972517728805542e-01 9.500503540039062500e-02 1.519481092691421509e-01 1.601613014936447144e-01
-3.067024720662501295e+03 6.745939474552420734e+02 -2.574994136795292434e+03 2.285540000000000305e+01 1.044570505619049072e-01 3.239192664623260498e-01 1.519481092691421509e-01 1.601613014936447144e-01
-3.071137138919571953e+03 6.688064050322145704e+02 -2.571600105413926940e+03 2.285740000000000194e+01 -1.038475632667541504e-01 2.126910239458084106e-01 1.519481092691421509e-01 1.601613014936447144e-01
-3.075234869872812851e+03 6.630111042708399509e+02 -2.568201550961286102e+03 2.285940000000000083e+01 -3.929197788238525391e-01 1.262256056070327759e-01 1.519481092691421509e-01 1.601613014936447144e-01
-3.079317893783136242e+03 6.572080730875771906e+02 -2.564798489808495560e+03 2.286139999999999972e+01 -5.157718434929847717e-02 1.700898706912994385e-01 1.519481092691421509e-01 1.601613014936447144e-01
-3.083386191209847311e+03 6.513973391127420882e+02 -2.561390938158760036e+03 2.286340000000000217e+01 -3.395854681730270386e-02 -1.426306366920471191e-01 1.519481092691421509e-01 1.601613014936447144e-01
-3.087439742654580641e+03 6.455789301953399217e+02 -2.557978912343396132e+03 2.286540000000000106e+01 1.352489292621612549e-01 -1.244325414299964905e-01 1.519481092691421509e-01 1.601613014936447144e-01
-3.091478528661764813e+03 6.397528742618692377e+02 -2.554562428739044208e+03 2.286739999999999995e+01 -1.198600903153419495e-01 2.027944661676883698e-02 1.519481092691421509e-01 1.601613014936447144e-01
-3.095167950132231454e+03 6.344057257266283614e+02 -2.551426806341037718e+03 2.286940000000000239e+01 -5.282848328351974487e-02 3.464138880372047424e-02 1.519481092691421509e-01 1.601613014936447144e-01
-3.107485633273373878e+03 6.163727378851071990e+02 -2.540852243366425228e+03 2.287140000000000128e+01 -1.573015004396438599e-02 -6.677799858152866364e-03 1.519481092691421509e-01 1.601613014936447144e-01
-3.111450303821569833e+03 6.105088654839942137e+02 -2.537413716295198356e+03 2.287340000000000018e+01 1.901582479476928711e-01 2.154245972633361816e-01 1.519481092691421509e-01 1.601613014936447144e-01
-3.115400094025297676e+03 6.046375139035786788e+02 -2.533970829855013562e+03 2.287540000000000262e+01 1.688933074474334717e-01 -6.831502169370651245e-02 1.519481092691421509e-01 1.601613014936447144e-01
-3.119334985078325190e+03 5.987587110995185640e+02 -2.530523600438718404e+03 2.287740000000000151e+01 -6.033607572317123413e-02 -3.016875497996807098e-02 1.519481092691421509e-01 1.601613014936447144e-01
-3.123254958039638950e+03 5.928724853700073254e+02 -2.527072044639896831e+03 2.287940000000000040e+01 1.896243728697299957e-02 3.286167979240417480e-02 1.519481092691421509e-01 1.601613014936447144e-01
-3.127159994258521692e+03 5.869788647211088346e+02 -2.523616178880642565e+03 2.288140000000000285e+01 5.274678021669387817e-02 -1.066528633236885071e-01 1.519481092691421509e-01 1.601613014936447144e-01
-3.131050074937837508e+03 5.810778775222921695e+02 -2.520156019796140299e+03 2.288340000000000174e+01 -1.463672816753387451e-01 2.335726022720336914e-01 1.519481092691421509e-01 1.601613014936447144e-01
-3.134603019257163851e+03 5.756622850152613182e+02 -2.516980504046729038e+03 2.288540000000000063e+01 7.119081169366836548e-02 1.469806209206581116e-02 1.519481092691421509e-01 1.601613014936447144e-01
-3.107485633273373878e+03 6.163727378851071990e+02 -2.540852243366425228e+03 2.288740000000000308e+01 -3.791615962982177734e-01 8.405452966690063477e-02 1.519481092691421509e-01 1.601613014936447144e-01
-3.111450303821569833e+03 6.105088654839942137e+02 -2.537413716295198356e+03 2.288940000000000197e+01 9.285508841276168823e-02 2.856627665460109711e-02 1.519481092691421509e-01 1.601613014936447144e-01
-3.115400094025297676e+03 6.046375139035786788e+02 -2.533970829855013562e+03 2.289140000000000086e+01 -2.386704385280609131e-01 -2.103473804891109467e-02 1.519481092691421509e-01 1.601613014936447144e-01
-3.119334985078325190e+03 5.987587110995185640e+02 -2.530523600438718404e+03 2.289339999999999975e+01 1.042507216334342957e-01 6.707012653350830078e-02 1.519481092691421509e-01 1.601613014936447144e-01
-3.123254958039638950e+03 5.928724853700073254e+02 -2.527072044639896831e+03 2.289540000000000219e+01 -9.999213367700576782e-02 1.144988089799880981e-01 1.519481092691421509e-01 1.601613014936447144e-01
-3.127159994258521692e+03 5.869788647211088346e+02 -2.523616178880642565e+03 2.289740000000000109e+01 3.797243162989616394e-02 1.497812271118164062e-01 1.519481092691421509e-01 1.601613014936447144e-01
-3.131050074937837508e+03 5.810778775222921695e+02 -2.520156019796140299e+03 2.289939999999999998e+01 1.460123658180236816e-01 -1.525836735963821411e-01 1.519481092691421509e-01 1.601613014936447144e-01
-3.134603019257163851e+03 5.756622850152613182e+02 -2.516980504046729038e+03 2.290140000000000242e+01 -3.684341162443161011e-02 1.097317412495613098e-01 1.519481092691421509e-01 1.601613014936447144e-01
-3.146460471662097916e+03 5.574008275582151555e+02 -2.506272781110239976e+03 2.290340000000000131e+01 1.390743106603622437e-01 4.736275970935821533e-02 1.519481092691421509e-01 1.601613014936447144e-01
-3.150275497123628611e+03 5.514634314668592197e+02 -2.502791403933964375e+03 2.290540000000000020e+01 -1.428149938583374023e-01 5.477820988744497299e-03 1.519481092691421509e-01 1.601613014936447144e-01
-3.154075456449088506e+03 5.455188387525194003e+02 -2.499305833070560311e+03 2.290740000000000265e+01 5.592212546616792679e-03 -5.813475325703620911e-02 1.519481092691421509e-01 1.601613014936447144e-01
-3.157860331518884777e+03 5.395670777608467006e+02 -2.495816085140307678e+03 2.290940000000000154e+01 -2.241354733705520630e-01 2.871819585561752319e-02 1.519481092691421509e-01 1.601613014936447144e-01
-3.161630104193022362e+03 5.336081770167605782e+02 -2.492322176868474344e+03 2.291140000000000043e+01 1.273733824491500854e-01 7.369649410247802734e-02 1.519481092691421509e-01 1.601613014936447144e-01
-3.165384756364926943e+03 5.276421651418608008e+02 -2.488824125036894202e+03 2.291340000000000288e+01 -6.811029464006423950e-02 8.954695425927639008e-03 1.519481092691421509e-01 1.601613014936447144e-01
-3.169124270170616001e+03 5.216690705217589539e+02 -2.485321946288904655e+03 2.291540000000000177e+01 5.341958999633789062e-02 -5.822677537798881531e-02 1.519481092691421509e-01 1.601613014936447144e-01
-3.172539036482720803e+03 5.161876266353032179e+02 -2.482108057394733805e+03 2.291740000000000066e+01 -1.424386352300643921e-01 1.084369868040084839e-01 1.519481092691421509e-01 1.601613014936447144e-01
-3.146460471662097916e+03 5.574008275582151555e+02 -2.506272781110239976e+03 2.291940000000000310e+01 8.230093121528625488e-02 7.542089372873306274e-02 1.519481092691421509e-01 1.601613014936447144e-01
-3.150275497123628611e+03 5.514634314668592197e+02 -2.502791403933964375e+03 2.292140000000000200e+01 1.326682269573211670e-01 -1.996836625039577484e-02 1.519481092691421509e-01 1.601613014936447144e-01
-3.154075456449088506e+03 5.455188387525194003e+02 -2.499305833070560311e+03 2.292340000000000089e+01 -2.713272869586944580e-01 -1.477733850479125977e-01 1.519481092691421509e-01 1.601613014936447144e-01
-3.157860331518884777e+03 5.395670777608467006e+02 -2.495816085140307678e+03 2.292539999999999978e+01 -3.902999460697174072e-01 -1.794839054346084595e-01 1.519481092691421509e-01 1.601613014936447144e-01
-3.161630104193022362e+03 5.336081770167605782e+02 -2.492322176868474344e+03 2.292740000000000222e+01 -9.012524038553237915e-02 -2.159654498100280762e-01 1.519481092691421509e-01 1.601613014936447144e-01
-3.165384756364926943e+03 5.276421651418608008e+02 -2.488824125036894202e+03 2.292940000000000111e+01 -9.347603470087051392e-02 -3.196631744503974915e-02 1.519481092691421509e-01 1.601613014936447144e-01
-3.169124270170616001e+03 5.216690705217589539e+02 -2.485321946288904655e+03 2.293140000000000001e+01 9.808386862277984619e-02 1.766412556171417236e-01 1.519481092691421509e-01 1.601613014936447144e-01
-3.172539036482720803e+03 5.161876266353032179e+02 -2.482108057394733805e+03 2.293340000000000245e+01 8.737121522426605225e-02 3.338043019175529480e-02 1.519481092691421509e-01 1.601613014936447144e-01
