# Baseline: 13-17
# Entries: 128
# u [m], v [m], w [m], frequency [GHz], real, imag
-6.965657185156728701e+03 -2.726030035320244679e+03 -7.339494987232854328e+03 2.267940000000000000e+19 2.706731203943490982e-03 -6.890712678432464600e-02
-6.968606782150081017e+03 -2.739164628848030588e+03 -7.331800808399686503e+03 2.268140000000000000e+19 1.392837334424257278e-02 1.137176528573036194e-01
-6.971523071331779647e+03 -2.752304778483955488e+03 -7.324103420517354607e+03 2.268340000000000000e+19 5.070929229259490967e-02 -4.066473990678787231e-02
-6.974406038765833728e+03 -2.765450421434178679e+03 -7.316402860369945301e+03 2.268540000000000000e+19 -5.835600942373275757e-02 7.999109104275703430e-03
-6.976547430725468075e+03 -2.775313052708158466e+03 -7.310625477662898447e+03 2.268740000000000000e+19 1.180407106876373291e-01 3.896570950746536255e-02
-6.980071953360254156e+03 -2.791757935605375678e+03 -7.300992370706199836e+03 2.268940000000000000e+19 1.191850975155830383e-01 1.186594963073730469e-01
-6.982854873346904242e+03 -2.804919680650407827e+03 -7.293282515101545869e+03 2.269140000000000000e+19 4.025515913963317871e-02 3.104009293019771576e-02
-6.986287939608892884e+03 -2.821379016753548967e+03 -7.283641066749246420e+03 2.269340000000000000e+19 -2.438059449195861816e-01 8.206901699304580688e-02
-6.965657185156728701e+03 -2.726030035320244679e+03 -7.339494987232854328e+03 2.269540000000000000e+19 9.446941316127777100e-02 -3.849524259567260742e-02
-6.968606782150081017e+03 -2.739164628848030588e+03 -7.331800808399686503e+03 2.269740000000000000e+19 -5.134383589029312134e-02 -7.480458589270710945e-04
-6.971523071331779647e+03 -2.752304778483955488e+03 -7.324103420517354607e+03 2.269940000000000000e+19 -9.854491800069808960e-02 -3.558850660920143127e-02
-6.974406038765833728e+03 -2.765450421434178679e+03 -7.316402860369945301e+03 2.270140000000000000e+19 -1.095907315611839294e-01 3.803821280598640442e-02
-6.976547430725468075e+03 -2.775313052708158466e+03 -7.310625477662898447e+03 2.270340000000000000e+19 5.270423367619514465e-02 -6.479804962873458862e-02
-6.980071953360254156e+03 -2.791757935605375678e+03 -7.300992370706199836e+03 2.270540000000000000e+19 -9.457209706306457520e-02 1.008934676647186279e-01
-6.982854873346904242e+03 -2.804919680650407827e+03 -7.293282515101545869e+03 2.270740000000000000e+19 -1.249844357371330261e-01 4.261998087167739868e-02
-6.986287939608892884e+03 -2.821379016753548967e+03 -7.283641066749246420e+03 2.270940000000000000e+19 1.902203261852264404e-02 8.285348862409591675e-02
-6.993652662739627885e+03 -2.857618445792248167e+03 -7.262413214175870053e+03 2.271140000000000000e+19 -1.602539718151092529e-01 -1.576059311628341675e-01
-6.996268572844207483e+03 -2.870805768019179595e+03 -7.254688604010002564e+03 2.271340000000000000e+19 -1.076611801981925964e-01 -5.789738893508911133e-02
-6.998851042739093828e+03 -2.883998016261944940e+03 -7.246961153887787987e+03 2.271540000000000000e+19 7.367941737174987793e-02 -1.065330058336257935e-01
-7.001400060101645977e+03 -2.897195127569622855e+03 -7.239230900683151958e+03 2.271740000000000000e+19 -5.918730795383453369e-02 1.667649298906326294e-01
-7.003915612724165840e+03 -2.910397038738308765e+03 -7.231497881417998542e+03 2.271940000000000000e+19 1.467738300561904907e-02 -8.679478615522384644e-02
-7.006397688567818477e+03 -2.923603686587120592e+03 -7.223762133100516621e+03 2.272140000000000000e+19 5.338619649410247803e-02 -1.985507905483245850e-01
-7.008846275745888306e+03 -2.936815007866423912e+03 -7.216023692778958321e+03 2.272340000000000000e+19 1.097286939620971680e-01 -7.033878937363624573e-03
-7.011061811789477360e+03 -2.948929379371704272e+03 -7.208927822548725999e+03 2.272540000000000000e+19 2.006113342940807343e-02 1.292553842067718506e-01
-6.993652662739627885e+03 -2.857618445792248167e+03 -7.262413214175870053e+03 2.272740000000000000e+19 4.241373017430305481e-02 -2.659720182418823242e-02
-6.996268572844207483e+03 -2.870805768019179595e+03 -7.254688604010002564e+03 2.272940000000000000e+19 -3.575343266129493713e-02 6.287367641925811768e-02
-6.998851042739093828e+03 -2.883998016261944940e+03 -7.246961153887787987e+03 2.273140000000000000e+19 4.841177538037300110e-02 1.336666196584701538e-01
-7.001400060101645977e+03 -2.897195127569622855e+03 -7.239230900683151958e+03 2.273340000000000000e+19 -4.861529171466827393e-02 -1.337433755397796631e-01
-7.003915612724165840e+03 -2.910397038738308765e+03 -7.231497881417998542e+03 2.273540000000000000e+19 -1.195264384150505066e-01 5.322767794132232666e-02
-7.006397688567818477e+03 -2.923603686587120592e+03 -7.223762133100516621e+03 2.273740000000000000e+19 8.505058288574218750e-02 7.365953922271728516e-02
-7.008846275745888306e+03 -2.936815007866423912e+03 -7.216023692778958321e+03 2.273940000000000000e+19 -8.444471284747123718e-03 -1.097626164555549622e-01
-7.011061811789477360e+03 -2.948929379371704272e+03 -7.208927822548725999e+03 2.274140000000000000e+19 -7.835406064987182617e-02 2.712026424705982208e-02
-7.018305505976384666e+03 -2.989705763177303652e+03 -7.185043751893010267e+03 2.274340000000000000e+19 1.837656646966934204e-02 -1.076377853751182556e-01
-7.020586477295100849e+03 -3.002939502967255976e+03 -7.177292407207019096e+03 2.274540000000000000e+19 -4.369653388857841492e-02 -1.827229163609445095e-03
-7.022833892077149358e+03 -3.016177536691473961e+03 -7.169538592800950028e+03 2.274740000000000000e+19 -1.209266632795333862e-01 1.049203705042600632e-02
-7.025047739527896738e+03 -3.029419800765647324e+03 -7.161782345917556995e+03 2.274940000000000000e+19 -6.401697546243667603e-02 -1.598743908107280731e-02
-7.027228009098266739e+03 -3.042666232092552491e+03 -7.154023703514086264e+03 2.275140000000000000e+19 1.043028682470321655e-01 -7.887127995491027832e-02
-7.029374690286093028e+03 -3.055916766862965687e+03 -7.146262702964589153e+03 2.275340000000000000e+19 -5.729504302144050598e-02 -4.727960005402565002e-02
-7.031487772870947083e+03 -3.069171341986257630e+03 -7.138499381222015472e+03 2.275540000000000000e+19 1.027433797717094421e-01 -4.065480083227157593e-02
-7.033395669132874900e+03 -3.081324814239853367e+03 -7.131381024355925547e+03 2.275740000000000000e+19 -1.527264597825706005e-03 4.417158290743827820e-02
-7.018305505976384666e+03 -2.989705763177303652e+03 -7.185043751893010267e+03 2.275940000000000000e+19 -2.309048734605312347e-02 -1.781258732080459595e-02
-7.020586477295100849e+03 -3.002939502967255976e+03 -7.177292407207019096e+03 2.276140000000000000e+19 -6.316711753606796265e-02 8.805920183658599854e-02
-7.022833892077149358e+03 -3.016177536691473961e+03 -7.169538592800950028e+03 2.276340000000000000e+19 -1.985359191894531250e-02 3.085746429860591888e-03
-7.025047739527896738e+03 -3.029419800765647324e+03 -7.161782345917556995e+03 2.276540000000000000e+19 4.564638063311576843e-02 1.032188683748245239e-01
-7.027228009098266739e+03 -3.042666232092552491e+03 -7.154023703514086264e+03 2.276740000000000000e+19 -5.799278244376182556e-02 -2.931866236031055450e-02
-7.029374690286093028e+03 -3.055916766862965687e+03 -7.146262702964589153e+03 2.276940000000000000e+19 -1.346184015274047852e-01 1.400973368436098099e-02
-7.031487772870947083e+03 -3.069171341986257630e+03 -7.138499381222015472e+03 2.277140000000000000e+19 2.783457748591899872e-02 -1.068203970789909363e-01
-7.033395669132874900e+03 -3.081324814239853367e+03 -7.131381024355925547e+03 2.277340000000000000e+19 -8.759691566228866577e-02 -3.840552177280187607e-03
-7.039603917192438530e+03 -3.122228776142822881e+03 -7.107423626088928359e+03 2.277540000000000000e+19 -5.024331156164407730e-03 1.178461909294128418e-01
-7.041548858223221941e+03 -3.135502600745111977e+03 -7.099649256138497549e+03 2.277740000000000000e+19 1.032646819949150085e-01 -1.023805812001228333e-01
-7.043460142354205345e+03 -3.148780084592221101e+03 -7.091872788210050203e+03 2.277940000000000000e+19 6.471022963523864746e-03 5.059573054313659668e-02
-7.045337760485111176e+03 -3.162061164465291768e+03 -7.084094259330125169e+03 2.278140000000000000e+19 1.535253506153821945e-02 7.545602321624755859e-02
-7.047181703577944063e+03 -3.175345776434488471e+03 -7.076313706941465171e+03 2.278340000000000000e+19 1.546260267496109009e-01 -2.870813757181167603e-02
-7.048991962859529849e+03 -3.188633857293279107e+03 -7.068531168062957477e+03 2.278540000000000000e+19 -1.463767737150192261e-01 3.060766309499740601e-02
-7.050768529616072556e+03 -3.201925343078130936e+03 -7.060746680156644288e+03 2.278740000000000000e+19 -2.073248475790023804e-02 6.433889269828796387e-02
-7.052367873145938574e+03 -3.214112100455137806e+03 -7.053609242898173761e+03 2.278940000000000000e+19 -9.694481641054153442e-02 -4.105269163846969604e-02
-7.039603917192438530e+03 -3.122228776142822881e+03 -7.107423626088928359e+03 2.279140000000000000e+19 -2.136457711458206177e-02 3.199039027094841003e-02
-7.041548858223221941e+03 -3.135502600745111977e+03 -7.099649256138497549e+03 2.279340000000000000e+19 2.524722553789615631e-02 -7.587429881095886230e-02
-7.043460142354205345e+03 -3.148780084592221101e+03 -7.091872788210050203e+03 2.279540000000000000e+19 6.900481134653091431e-02 -3.554541990160942078e-02
-7.045337760485111176e+03 -3.162061164465291768e+03 -7.084094259330125169e+03 2.279740000000000000e+19 6.548001617193222046e-02 -9.292373061180114746e-02
-7.047181703577944063e+03 -3.175345776434488471e+03 -7.076313706941465171e+03 2.279940000000000000e+19 -8.259908109903335571e-02 -5.335257202386856079e-02
-7.048991962859529849e+03 -3.188633857293279107e+03 -7.068531168062957477e+03 2.280140000000000000e+19 -5.794593319296836853e-02 -1.466130763292312622e-01
-7.050768529616072556e+03 -3.201925343078130936e+03 -7.060746680156644288e+03 2.280340000000000000e+19 -1.192395389080047607e-01 -5.018739402294158936e-02
-7.052367873145938574e+03 -3.214112100455137806e+03 -7.053609242898173761e+03 2.280540000000000000e+19 3.440989926457405090e-02 -4.879080876708030701e-02
-7.057266427556362032e+03 -3.252906437449962141e+03 -7.030888757610599896e+03 2.280740000000000000e+19 9.940148144960403442e-02 5.463469028472900391e-02
-7.058880030297711528e+03 -3.266213484408647673e+03 -7.023095374145526876e+03 2.280940000000000000e+19 -9.966581314802169800e-02 -1.022695526480674744e-01
-7.060459893223192012e+03 -3.279523565249079184e+03 -7.015300258960848623e+03 2.281140000000000000e+19 8.660242706537246704e-02 4.133889079093933105e-02
-7.062006008744963765e+03 -3.292836616040864556e+03 -7.007503449497707152e+03 2.281340000000000000e+19 -7.868389785289764404e-02 -3.792463243007659912e-02
-7.063518369507196439e+03 -3.306152573442137054e+03 -6.999704982852362264e+03 2.281540000000000000e+19 9.487280249595642090e-02 -1.091291662305593491e-03
-7.064996968234992892e+03 -3.319471373401588608e+03 -6.991904896536336310e+03 2.281740000000000000e+19 7.333202660083770752e-02 1.793755218386650085e-02
-7.066441797873424548e+03 -3.332792952364429311e+03 -6.984103227770155172e+03 2.281940000000000000e+19 -1.544067077338695526e-02 9.278248995542526245e-02
-7.067736984009667140e+03 -3.345006752612670425e+03 -6.976950359133295024e+03 2.282140000000000000e+19 -2.767877094447612762e-02 4.951468482613563538e-02
-7.057266427556362032e+03 -3.252906437449962141e+03 -7.030888757610599896e+03 2.282340000000000000e+19 -1.539217978715896606e-01 2.339947968721389771e-02
-7.058880030297711528e+03 -3.266213484408647673e+03 -7.023095374145526876e+03 2.282540000000000000e+19 1.393351554870605469e-01 -9.822991490364074707e-02
-7.060459893223192012e+03 -3.279523565249079184e+03 -7.015300258960848623e+03 2.282740000000000000e+19 1.255413051694631577e-02 1.490702927112579346e-01
-7.062006008744963765e+03 -3.292836616040864556e+03 -7.007503449497707152e+03 2.282940000000000000e+19 -7.026471197605133057e-02 7.366129197180271149e-03
-7.063518369507196439e+03 -3.306152573442137054e+03 -6.999704982852362264e+03 2.283140000000000000e+19 -4.932265728712081909e-02 -7.820307277143001556e-03
-7.064996968234992892e+03 -3.319471373401588608e+03 -6.991904896536336310e+03 2.283340000000000000e+19 2.890439033508300781e-01 -4.189998656511306763e-02
-7.066441797873424548e+03 -3.332792952364429311e+03 -6.984103227770155172e+03 2.283540000000000000e+19 -9.654196351766586304e-02 3.170649707317352295e-02
-7.067736984009667140e+03 -3.345006752612670425e+03 -6.976950359133295024e+03 2.283740000000000000e+19 -4.465330019593238831e-02 -1.491658017039299011e-02
-7.071883289619846437e+03 -3.386105782567399729e+03 -6.952881475292889263e+03 2.283940000000000000e+19 -2.287501282989978790e-02 9.223087690770626068e-03
-7.073159173287737758e+03 -3.399440299616742777e+03 -6.945072454689613551e+03 2.284140000000000000e+19 2.196244150400161743e-02 2.770416613202542067e-04
-7.074401248821469380e+03 -3.412777213144946927e+03 -6.937262075655119588e+03 2.284340000000000000e+19 9.225791692733764648e-02 6.433201953768730164e-03
-7.075609510237910399e+03 -3.426116458906973094e+03 -6.929450375812649327e+03 2.284540000000000000e+19 -9.818118810653686523e-02 2.687858790159225464e-02
-7.076783951784162127e+03 -3.439457973389894050e+03 -6.921637392356496093e+03 2.284740000000000000e+19 -2.766699995845556259e-03 -2.705249190330505371e-02
-7.077924567830972592e+03 -3.452801692651821213e+03 -6.913823162731943739e+03 2.284940000000000000e+19 2.393223717808723450e-02 8.558487147092819214e-02
-7.079031352904044979e+03 -3.466147552647291377e+03 -6.906007724444715677e+03 2.285140000000000000e+19 -8.854804933071136475e-02 -8.527083694934844971e-02
-7.080016612648853879e+03 -3.478383058113734023e+03 -6.898842557242060138e+03 2.285340000000000000e+19 -2.187316678464412689e-02 8.685985952615737915e-02
-7.071883289619846437e+03 -3.386105782567399729e+03 -6.952881475292889263e+03 2.285540000000000000e+19 -9.307494759559631348e-02 2.968442626297473907e-02
-7.073159173287737758e+03 -3.399440299616742777e+03 -6.945072454689613551e+03 2.285740000000000000e+19 -3.299346938729286194e-02 7.406007498502731323e-02
-7.074401248821469380e+03 -3.412777213144946927e+03 -6.937262075655119588e+03 2.285940000000000000e+19 1.848671399056911469e-02 1.245499327778816223e-01
-7.075609510237910399e+03 -3.426116458906973094e+03 -6.929450375812649327e+03 2.286140000000000000e+19 2.804010175168514252e-02 1.200613975524902344e-01
-7.076783951784162127e+03 -3.439457973389894050e+03 -6.921637392356496093e+03 2.286340000000000000e+19 2.802766673266887665e-02 2.073040045797824860e-02
-7.077924567830972592e+03 -3.452801692651821213e+03 -6.913823162731943739e+03 2.286540000000000000e+19 6.531184911727905273e-02 -2.288457565009593964e-02
-7.079031352904044979e+03 -3.466147552647291377e+03 -6.906007724444715677e+03 2.286740000000000000e+19 -2.046185918152332306e-02 4.973252490162849426e-02
-7.080016612648853879e+03 -3.478383058113734023e+03 -6.898842557242060138e+03 2.286940000000000000e+19 -5.342827737331390381e-02 5.198781564831733704e-02
-7.083120080087835959e+03 -3.519551123954942341e+03 -6.874734631906676441e+03 2.287140000000000000e+19 -1.627942360937595367e-02 2.762194164097309113e-02
-7.084057634148677607e+03 -3.532906730167049318e+03 -6.866913710992327651e+03 2.287340000000000000e+19 -2.716967836022377014e-02 -9.207385033369064331e-02
-7.084961327887497646e+03 -3.546264093750810389e+03 -6.859091805911682059e+03 2.287540000000000000e+19 -1.112970430403947830e-02 -1.256207469850778580e-02
-7.085831157001764041e+03 -3.559623151107026388e+03 -6.851268953907629111e+03 2.287740000000000000e+19 2.922099083662033081e-02 5.138975754380226135e-02
-7.086667117304414205e+03 -3.572983837930529262e+03 -6.843445192636238971e+03 2.287940000000000000e+19 4.236530885100364685e-02 -2.942828275263309479e-02
-7.087469204818266007e+03 -3.586346090652560633e+03 -6.835620559322024747e+03 2.288140000000000000e+19 -7.134099304676055908e-02 -2.501711435616016388e-02
-7.088237415682547180e+03 -3.599709844952832100e+03 -6.827795091629605849e+03 2.288340000000000000e+19 -4.872127436101436615e-03 1.790906675159931183e-02
-7.088912277543422533e+03 -3.611961200313279278e+03 -6.820621054764545079e+03 2.288540000000000000e+19 -8.581371605396270752e-02 2.301123924553394318e-02
-7.083120080087835959e+03 -3.519551123954942341e+03 -6.874734631906676441e+03 2.288740000000000000e+19 5.508498847484588623e-02 8.203920722007751465e-02
-7.084057634148677607e+03 -3.532906730167049318e+03 -6.866913710992327651e+03 2.288940000000000000e+19 -2.451081201434135437e-02 3.111917339265346527e-02
-7.084961327887497646e+03 -3.546264093750810389e+03 -6.859091805911682059e+03 2.289140000000000000e+19 -1.197021752595901489e-01 5.459204316139221191e-03
-7.085831157001764041e+03 -3.559623151107026388e+03 -6.851268953907629111e+03 2.289340000000000000e+19 -3.368389606475830078e-02 6.360055506229400635e-02
-7.086667117304414205e+03 -3.572983837930529262e+03 -6.843445192636238971e+03 2.289540000000000000e+19 4.553772043436765671e-03 4.353083297610282898e-02
-7.087469204818266007e+03 -3.586346090652560633e+03 -6.835620559322024747e+03 2.289740000000000000e+19 7.649536430835723877e-02 4.143833741545677185e-02
-7.088237415682547180e+03 -3.599709844952832100e+03 -6.827795091629605849e+03 2.289940000000000000e+19 -4.353169724345207214e-02 7.953676581382751465e-02
-7.088912277543422533e+03 -3.611961200313279278e+03 -6.820621054764545079e+03 2.290140000000000000e+19 5.530739948153495789e-02 6.145313754677772522e-02
-7.090971421680333151e+03 -3.653178601008217356e+03 -6.796485624810945410e+03 2.290340000000000000e+19 1.361759379506111145e-03 1.075592916458845139e-02
-7.091570197453695982e+03 -3.666548904759506058e+03 -6.788656546460858408e+03 2.290540000000000000e+19 3.576282784342765808e-02 -5.047419667243957520e-02
-7.092135076959026264e+03 -3.679920326352397751e+03 -6.780826858435492795e+03 2.290740000000000000e+19 -9.182237833738327026e-02 -1.617636159062385559e-02
-7.092666057502420699e+03 -3.693292802027648577e+03 -6.772996598069308675e+03 2.290940000000000000e+19 -7.576387375593185425e-02 -3.851644322276115417e-02
-7.093163136538562867e+03 -3.706666267694959970e+03 -6.765165802890407576e+03 2.291140000000000000e+19 2.825696393847465515e-02 4.541231691837310791e-02
-7.093626311680372964e+03 -3.720040659119524662e+03 -6.757334510511285771e+03 2.291340000000000000e+19 -7.272514700889587402e-02 -5.874455720186233521e-02
-7.094055580724520041e+03 -3.733415912667659995e+03 -6.749502758192241345e+03 2.291540000000000000e+19 -4.588222131133079529e-02 -1.672985963523387909e-02
-7.094419721688756908e+03 -3.745677252888790463e+03 -6.742323286056390316e+03 2.291740000000000000e+19 -6.660649925470352173e-02 1.234228089451789856e-01
-7.090971421680333151e+03 -3.653178601008217356e+03 -6.796485624810945410e+03 2.291940000000000000e+19 -8.566360920667648315e-02 -2.518871426582336426e-02
-7.091570197453695982e+03 -3.666548904759506058e+03 -6.788656546460858408e+03 2.292140000000000000e+19 6.282601505517959595e-02 -3.127754107117652893e-02
-7.092135076959026264e+03 -3.679920326352397751e+03 -6.780826858435492795e+03 2.292340000000000000e+19 3.480374813079833984e-02 -2.582035399973392487e-02
-7.092666057502420699e+03 -3.693292802027648577e+03 -6.772996598069308675e+03 2.292540000000000000e+19 -7.334806770086288452e-02 6.739705055952072144e-02
-7.093163136538562867e+03 -3.706666267694959970e+03 -6.765165802890407576e+03 2.292740000000000000e+19 2.444253303110599518e-02 3.925374895334243774e-02
-7.093626311680372964e+03 -3.720040659119524662e+03 -6.757334510511285771e+03 2.292940000000000000e+19 -5.619682371616363525e-02 2.043043822050094604e-02
-7.094055580724520041e+03 -3.733415912667659995e+03 -6.749502758192241345e+03 2.293140000000000000e+19 2.792342565953731537e-02 -5.676703155040740967e-02
-7.094419721688756908e+03 -3.745677252888790463e+03 -6.742323286056390316e+03 2.293340000000000000e+19 -4.968177527189254761e-02 -5.201147124171257019e-02
