# Baseline: 8-25
# Entries: 128
# u [m], v [m], w [m], frequency [GHz], real, imag
2.878184030935136093e+02 4.901450356694040806e+02 3.524257746362714556e+02 2.267940000000000000e+19 -9.719679132103919983e-03 2.056483477354049683e-01
2.872819438765022824e+02 4.906870081513754371e+02 3.521091599669481980e+02 2.268140000000000000e+19 5.094093736261129379e-03 -1.198045164346694946e-01
2.867441128193676150e+02 4.912279673709988401e+02 3.517931403746117667e+02 2.268340000000000000e+19 5.224513262510299683e-02 -6.979706231504678726e-03
2.862049124922929195e+02 4.917679107431599732e+02 3.514777173694421890e+02 2.268540000000000000e+19 -1.048365011811256409e-01 -7.283928990364074707e-02
2.857996578582029770e+02 4.921722319600572746e+02 3.512415238048099582e+02 2.268740000000000000e+19 1.589570045471191406e-01 1.351099014282226562e-01
2.851224143566751081e+02 4.928447396138010390e+02 3.508486671558962371e+02 2.268940000000000000e+19 -5.160011351108551025e-02 -1.552372425794601440e-01
2.845791217400373512e+02 4.933816199476384554e+02 3.505350429645406507e+02 2.269140000000000000e+19 -2.649193257093429565e-02 1.708381995558738708e-02
2.838981502070721490e+02 4.940513187514125093e+02 3.501438358210267552e+02 2.269340000000000000e+19 -7.157218456268310547e-02 -3.908635675907135010e-02
2.878184030935136093e+02 4.901450356694040806e+02 3.524257746362714556e+02 2.269540000000000000e+19 -2.999575249850749969e-02 1.863782107830047607e-01
2.872819438765022824e+02 4.906870081513754371e+02 3.521091599669481980e+02 2.269740000000000000e+19 -2.558092772960662842e-02 -1.260687708854675293e-01
2.867441128193676150e+02 4.912279673709988401e+02 3.517931403746117667e+02 2.269940000000000000e+19 1.224359497427940369e-02 2.076624631881713867e-01
2.862049124922929195e+02 4.917679107431599732e+02 3.514777173694421890e+02 2.270140000000000000e+19 1.962043493986129761e-01 -7.270749658346176147e-02
2.857996578582029770e+02 4.921722319600572746e+02 3.512415238048099582e+02 2.270340000000000000e+19 9.960186481475830078e-02 7.834198325872421265e-02
2.851224143566751081e+02 4.928447396138010390e+02 3.508486671558962371e+02 2.270540000000000000e+19 1.629458367824554443e-02 2.675814740359783173e-02
2.845791217400373512e+02 4.933816199476384554e+02 3.505350429645406507e+02 2.270740000000000000e+19 -7.122281938791275024e-02 -4.974617436528205872e-02
2.838981502070721490e+02 4.940513187514125093e+02 3.501438358210267552e+02 2.270940000000000000e+19 -1.089755166321992874e-02 9.802463650703430176e-02
2.823923882791255551e+02 4.955188541239339770e+02 3.492865872437165535e+02 2.271140000000000000e+19 -1.320067048072814941e-02 5.101852118968963623e-02
2.818423272485718485e+02 4.960505780910216913e+02 3.489759910442491559e+02 2.271340000000000000e+19 1.066218987107276917e-01 4.461800679564476013e-02
2.812909204143919055e+02 4.965812631234721266e+02 3.486660049184070544e+02 2.271540000000000000e+19 -1.012772880494594574e-02 8.322682231664657593e-02
2.807381704078075586e+02 4.971109066889702603e+02 3.483566303453755495e+02 2.271740000000000000e+19 -1.029429659247398376e-01 -2.132771536707878113e-02
2.801840798760647999e+02 4.976395062509382683e+02 3.480478688068145630e+02 2.271940000000000000e+19 -6.122335791587829590e-02 1.118469610810279846e-01
2.796286514708923505e+02 4.981670592796331789e+02 3.477397217803755325e+02 2.272140000000000000e+19 -4.265726357698440552e-02 1.103503853082656860e-01
2.790718878523783246e+02 4.986935632485023575e+02 3.474321907418332671e+02 2.272340000000000000e+19 1.036133989691734314e-01 -1.027904171496629715e-02
2.785603674579504627e+02 4.991752815878036245e+02 3.471508217934996878e+02 2.272540000000000000e+19 -1.089349202811717987e-02 1.586918719112873077e-02
2.823923882791255551e+02 4.955188541239339770e+02 3.492865872437165535e+02 2.272740000000000000e+19 2.539793774485588074e-02 7.217107713222503662e-02
2.818423272485718485e+02 4.960505780910216913e+02 3.489759910442491559e+02 2.272940000000000000e+19 -1.999379135668277740e-02 1.362237036228179932e-01
2.812909204143919055e+02 4.965812631234721266e+02 3.486660049184070544e+02 2.273140000000000000e+19 1.743112057447433472e-01 -1.240489259362220764e-02
2.807381704078075586e+02 4.971109066889702603e+02 3.483566303453755495e+02 2.273340000000000000e+19 -5.122137442231178284e-02 5.797408893704414368e-02
2.801840798760647999e+02 4.976395062509382683e+02 3.480478688068145630e+02 2.273540000000000000e+19 4.894376546144485474e-02 -2.159902080893516541e-02
2.796286514708923505e+02 4.981670592796331789e+02 3.477397217803755325e+02 2.273740000000000000e+19 -1.428162492811679840e-02 5.976927932351827621e-03
2.790718878523783246e+02 4.986935632485023575e+02 3.474321907418332671e+02 2.273940000000000000e+19 4.709770157933235168e-02 -2.708458341658115387e-04
2.785603674579504627e+02 4.991752815878036245e+02 3.471508217934996878e+02 2.274140000000000000e+19 -6.245287507772445679e-02 5.834677070379257202e-02
2.768315345998771022e+02 5.007890382363324875e+02 3.462082558403906773e+02 2.274340000000000000e+19 -1.388057251460850239e-03 -2.540234103798866272e-02
2.762681350021752564e+02 5.013102592186144761e+02 3.459038267542393328e+02 2.274540000000000000e+19 -5.890268087387084961e-02 6.292600929737091064e-02
2.757034162658670198e+02 5.018304161058226782e+02 3.456000224378311145e+02 2.274740000000000000e+19 1.347240209579467773e-01 4.118983820080757141e-02
2.751373811033840298e+02 5.023495063995637224e+02 3.452968443503822300e+02 2.274940000000000000e+19 -2.680207788944244385e-02 -3.753930702805519104e-02
2.745700322117749579e+02 5.028675276264395961e+02 3.449942939364958647e+02 2.275140000000000000e+19 -5.298011377453804016e-02 5.030618607997894287e-02
2.740013723240210766e+02 5.033844772911094196e+02 3.446923726535748642e+02 2.275340000000000000e+19 -2.905597724020481110e-02 -1.915359050035476685e-01
2.734314041477413753e+02 5.039003529322113764e+02 3.443910819391592781e+02 2.275540000000000000e+19 -5.437812302261590958e-03 -7.716839015483856201e-02
2.729078029529144374e+02 5.043723070538526372e+02 3.441154458943380519e+02 2.275740000000000000e+19 5.450057610869407654e-02 2.586325444281101227e-02
2.768315345998771022e+02 5.007890382363324875e+02 3.462082558403906773e+02 2.275940000000000000e+19 -8.133842796087265015e-02 2.309632487595081329e-02
2.762681350021752564e+02 5.013102592186144761e+02 3.459038267542393328e+02 2.276140000000000000e+19 2.113181166350841522e-03 -1.196889653801918030e-01
2.757034162658670198e+02 5.018304161058226782e+02 3.456000224378311145e+02 2.276340000000000000e+19 -7.518111914396286011e-02 -1.824194751679897308e-02
2.751373811033840298e+02 5.023495063995637224e+02 3.452968443503822300e+02 2.276540000000000000e+19 -6.572083383798599243e-02 -1.012952029705047607e-01
2.745700322117749579e+02 5.028675276264395961e+02 3.449942939364958647e+02 2.276740000000000000e+19 -6.694012135267257690e-02 2.287256903946399689e-02
2.740013723240210766e+02 5.033844772911094196e+02 3.446923726535748642e+02 2.276940000000000000e+19 -1.707448391243815422e-03 9.373274445533752441e-02
2.734314041477413753e+02 5.039003529322113764e+02 3.443910819391592781e+02 2.277140000000000000e+19 1.659315526485443115e-01 8.102106302976608276e-02
2.729078029529144374e+02 5.043723070538526372e+02 3.441154458943380519e+02 2.277340000000000000e+19 4.799996316432952881e-02 2.133693695068359375e-01
2.711385032450299946e+02 5.059530659253924227e+02 3.431922535800942455e+02 2.277540000000000000e+19 -1.650859601795673370e-02 8.013810962438583374e-02
2.705620346844888786e+02 5.064635345029735163e+02 3.428941372855282452e+02 2.277740000000000000e+19 -1.748283356428146362e-01 3.008115850389003754e-02
2.699842743052017795e+02 5.069729143125101132e+02 3.425966601705472385e+02 2.277940000000000000e+19 1.027868986129760742e-01 -9.076648205518722534e-02
2.694052248580923674e+02 5.074812029286617303e+02 3.422998236515437043e+02 2.278140000000000000e+19 1.387489680200815201e-02 1.727835834026336670e-01
2.688248891304770041e+02 5.079883979047328353e+02 3.420036291573677545e+02 2.278340000000000000e+19 2.329662628471851349e-02 -4.652837663888931274e-02
2.682432698835223732e+02 5.084944968275540873e+02 3.417080780972730736e+02 2.278540000000000000e+19 -3.569924831390380859e-02 -7.103871554136276245e-02
2.676603699169137371e+02 5.089994972609682122e+02 3.414131718939213442e+02 2.278740000000000000e+19 -1.697903685271739960e-02 6.801559776067733765e-02
2.671249384731231089e+02 5.094614613277514081e+02 3.411434006484593624e+02 2.278940000000000000e+19 -3.668405115604400635e-02 -1.032160036265850067e-02
2.711385032450299946e+02 5.059530659253924227e+02 3.431922535800942455e+02 2.279140000000000000e+19 9.037101641297340393e-03 6.665128469467163086e-02
2.705620346844888786e+02 5.064635345029735163e+02 3.428941372855282452e+02 2.279340000000000000e+19 1.320358086377382278e-02 -1.140200868248939514e-01
2.699842743052017795e+02 5.069729143125101132e+02 3.425966601705472385e+02 2.279540000000000000e+19 -1.317752711474895477e-02 -4.704750026576220989e-04
2.694052248580923674e+02 5.074812029286617303e+02 3.422998236515437043e+02 2.279740000000000000e+19 -5.964796990156173706e-02 -1.650992184877395630e-01
2.688248891304770041e+02 5.079883979047328353e+02 3.420036291573677545e+02 2.279940000000000000e+19 -3.890315815806388855e-02 2.074554190039634705e-02
2.682432698835223732e+02 5.084944968275540873e+02 3.417080780972730736e+02 2.280140000000000000e+19 6.462270766496658325e-02 -4.678178578615188599e-02
2.676603699169137371e+02 5.089994972609682122e+02 3.414131718939213442e+02 2.280340000000000000e+19 9.847680479288101196e-02 3.357256948947906494e-02
2.671249384731231089e+02 5.094614613277514081e+02 3.411434006484593624e+02 2.280540000000000000e+19 1.308981236070394516e-02 1.148939970880746841e-02
2.654141058395690607e+02 5.109251125818446440e+02 3.402886973339758470e+02 2.280740000000000000e+19 2.224626950919628143e-02 -5.668558180332183838e-02
2.648250551183982680e+02 5.114247697140220907e+02 3.399969277554439486e+02 2.280940000000000000e+19 1.406491617672145367e-03 7.480188459157943726e-02
2.642347400260940731e+02 5.119233143420589727e+02 3.397058112176312079e+02 2.281140000000000000e+19 2.503029257059097290e-02 -1.565068773925304413e-02
2.636431633980467950e+02 5.124207440713843198e+02 3.394153491188039311e+02 2.281340000000000000e+19 2.523355558514595032e-02 -4.954336583614349365e-02
2.630503280489179474e+02 5.129170565353017537e+02 3.391255428409360206e+02 2.281540000000000000e+19 1.473015695810317993e-01 -2.993154153227806091e-02
2.624562368303041922e+02 5.134122493464789159e+02 3.388363937780326296e+02 2.281740000000000000e+19 -4.697629250586032867e-03 -1.100550815463066101e-01
2.618608925771175109e+02 5.139063201419734241e+02 3.385479033098441164e+02 2.281940000000000000e+19 3.492900729179382324e-01 -1.016580611467361450e-01
2.613140779117665602e+02 5.143582450295263016e+02 3.382840250347987308e+02 2.282140000000000000e+19 4.329124093055725098e-02 -5.745656322687864304e-03
2.654141058395690607e+02 5.109251125818446440e+02 3.402886973339758470e+02 2.282340000000000000e+19 6.579691171646118164e-02 -1.260499190539121628e-02
2.648250551183982680e+02 5.114247697140220907e+02 3.399969277554439486e+02 2.282540000000000000e+19 -1.513698548078536987e-01 6.271349638700485229e-02
2.642347400260940731e+02 5.119233143420589727e+02 3.397058112176312079e+02 2.282740000000000000e+19 4.375873506069183350e-02 -7.832722365856170654e-02
2.636431633980467950e+02 5.124207440713843198e+02 3.394153491188039311e+02 2.282940000000000000e+19 -7.276275008916854858e-02 -1.053254771977663040e-02
2.630503280489179474e+02 5.129170565353017537e+02 3.391255428409360206e+02 2.283140000000000000e+19 9.993499843403697014e-04 1.244155094027519226e-01
2.624562368303041922e+02 5.134122493464789159e+02 3.388363937780326296e+02 2.283340000000000000e+19 1.842098124325275421e-02 7.951834797859191895e-02
2.618608925771175109e+02 5.139063201419734241e+02 3.385479033098441164e+02 2.283540000000000000e+19 -9.456312283873558044e-03 -2.782444655895233154e-02
2.613140779117665602e+02 5.143582450295263016e+02 3.382840250347987308e+02 2.283740000000000000e+19 -2.720159292221069336e-02 2.214027941226959229e-01
2.594670423101140386e+02 5.158713359424674536e+02 3.374005549586655093e+02 2.283940000000000000e+19 -1.290152315050363541e-02 -5.910453200340270996e-02
2.588654757575814642e+02 5.163597612862120059e+02 3.371153781183612068e+02 2.284140000000000000e+19 1.318997610360383987e-02 8.699271827936172485e-02
2.582626733465150437e+02 5.168470505150376084e+02 3.368308681051285021e+02 2.284340000000000000e+19 -1.859541833400726318e-01 6.140193715691566467e-02
2.576586379806659011e+02 5.173332012816323413e+02 3.365470262894739335e+02 2.284540000000000000e+19 -1.317512542009353638e-01 -4.693584889173507690e-02
2.570533725360634207e+02 5.178182112712590879e+02 3.362638540228667807e+02 2.284740000000000000e+19 1.114922687411308289e-01 -1.076720654964447021e-01
2.564468799135460699e+02 5.183020781593911579e+02 3.359813526624771498e+02 2.284940000000000000e+19 2.865313179790973663e-02 -1.135813817381858826e-01
2.558391630240873269e+02 5.187847996236351946e+02 3.356995235642102102e+02 2.285140000000000000e+19 4.562548920512199402e-02 6.350119411945343018e-02
2.552810317174179886e+02 5.192263007473544576e+02 3.354417633449618279e+02 2.285340000000000000e+19 4.525259882211685181e-02 -7.937220484018325806e-02
2.594670423101140386e+02 5.158713359424674536e+02 3.374005549586655093e+02 2.285540000000000000e+19 -1.879992522299289703e-02 1.778187433956190944e-04
2.588654757575814642e+02 5.163597612862120059e+02 3.371153781183612068e+02 2.285740000000000000e+19 3.305985406041145325e-02 1.373630017042160034e-01
2.582626733465150437e+02 5.168470505150376084e+02 3.368308681051285021e+02 2.285940000000000000e+19 -6.622662302106618881e-03 -8.953507989645004272e-02
2.576586379806659011e+02 5.173332012816323413e+02 3.365470262894739335e+02 2.286140000000000000e+19 -2.566883340477943420e-02 -3.004088066518306732e-02
2.570533725360634207e+02 5.178182112712590879e+02 3.362638540228667807e+02 2.286340000000000000e+19 2.895191777497529984e-03 9.801768511533737183e-02
2.564468799135460699e+02 5.183020781593911579e+02 3.359813526624771498e+02 2.286540000000000000e+19 -5.091200768947601318e-02 1.326786074787378311e-02
2.558391630240873269e+02 5.187847996236351946e+02 3.356995235642102102e+02 2.286740000000000000e+19 -8.556360006332397461e-02 -1.341948751360177994e-02
2.552810317174179886e+02 5.192263007473544576e+02 3.354417633449618279e+02 2.286940000000000000e+19 8.085335046052932739e-02 -9.292978048324584961e-02
2.533961109823309812e+02 5.207041851763586919e+02 3.345789566866053519e+02 2.287140000000000000e+19 -6.758752278983592987e-03 -2.147957496345043182e-02
2.527823164645973861e+02 5.211811450071963918e+02 3.343005090490080988e+02 2.287340000000000000e+19 -7.957345992326736450e-02 -4.765483736991882324e-02
2.521673152176620363e+02 5.216569456357811987e+02 3.340227417175436244e+02 2.287540000000000000e+19 5.788394063711166382e-02 -1.241582334041595459e-01
2.515511101697740344e+02 5.221315847966641286e+02 3.337456560147554114e+02 2.287740000000000000e+19 5.133080109953880310e-02 1.313856691122055054e-01
2.509337042870959351e+02 5.226050602051191163e+02 3.334692532744227833e+02 2.287940000000000000e+19 -1.390159428119659424e-01 9.740569442510604858e-02
2.503151005071879069e+02 5.230773696084015683e+02 3.331935348116345494e+02 2.288140000000000000e+19 -3.110714815557003021e-02 -8.519833208993077278e-04
2.496953018077520881e+02 5.235485107330207484e+02 3.329185019535799483e+02 2.288340000000000000e+19 2.071583829820156097e-02 -4.757013171911239624e-02
2.491261209546234170e+02 5.239793768118026946e+02 3.326669831415333647e+02 2.288540000000000000e+19 1.641696505248546600e-02 -1.117711067199707031e-01
2.533961109823309812e+02 5.207041851763586919e+02 3.345789566866053519e+02 2.288740000000000000e+19 -1.733402609825134277e-01 -2.042943798005580902e-02
2.527823164645973861e+02 5.211811450071963918e+02 3.343005090490080988e+02 2.288940000000000000e+19 1.507551372051239014e-01 5.295768752694129944e-02
2.521673152176620363e+02 5.216569456357811987e+02 3.340227417175436244e+02 2.289140000000000000e+19 -1.177847106009721756e-02 -8.687260001897811890e-02
2.515511101697740344e+02 5.221315847966641286e+02 3.337456560147554114e+02 2.289340000000000000e+19 -3.825837373733520508e-02 5.602792650461196899e-02
2.509337042870959351e+02 5.226050602051191163e+02 3.334692532744227833e+02 2.289540000000000000e+19 -4.152918234467506409e-02 6.790999323129653931e-02
2.503151005071879069e+02 5.230773696084015683e+02 3.331935348116345494e+02 2.289740000000000000e+19 -9.661551564931869507e-02 -7.158820331096649170e-02
2.496953018077520881e+02 5.235485107330207484e+02 3.329185019535799483e+02 2.289940000000000000e+19 -9.825656190514564514e-03 6.745814532041549683e-02
2.491261209546234170e+02 5.239793768118026946e+02 3.326669831415333647e+02 2.290140000000000000e+19 8.575306087732315063e-02 -1.030975356698036194e-01
2.472042171183074970e+02 5.254213475143131973e+02 3.318252527970274173e+02 2.290340000000000000e+19 5.917877331376075745e-02 -4.110311274416744709e-04
2.465784883805575873e+02 5.258866135726055973e+02 3.315536676191907759e+02 2.290540000000000000e+19 -7.675261795520782471e-02 -7.538049668073654175e-02
2.459515826014867912e+02 5.263506979112901263e+02 3.312827758920880683e+02 2.290740000000000000e+19 -1.517799198627471924e-01 4.958666115999221802e-02
2.453235027703698563e+02 5.268135983174485091e+02 3.310125789074253362e+02 2.290940000000000000e+19 9.710045531392097473e-03 6.490557454526424408e-03
2.446942518973902452e+02 5.272753125725187147e+02 3.307430779601848485e+02 2.291140000000000000e+19 8.347734063863754272e-02 -3.904415667057037354e-02
2.440638330049496858e+02 5.277358384588314948e+02 3.304742743448098281e+02 2.291340000000000000e+19 -7.429098337888717651e-02 4.198981821537017822e-02
2.434322490925148088e+02 5.281951737852758697e+02 3.302061693402245623e+02 2.291540000000000000e+19 3.623020835220813751e-03 -1.805993765592575073e-01
2.428522911760814225e+02 5.286151985547224967e+02 3.299610123423845494e+02 2.291740000000000000e+19 -1.529925595968961716e-02 -2.668040804564952850e-02
2.472042171183074970e+02 5.254213475143131973e+02 3.318252527970274173e+02 2.291940000000000000e+19 -1.927447505295276642e-02 -3.197265043854713440e-02
2.465784883805575873e+02 5.258866135726055973e+02 3.315536676191907759e+02 2.292140000000000000e+19 3.581554070115089417e-02 4.319541528820991516e-02
2.459515826014867912e+02 5.263506979112901263e+02 3.312827758920880683e+02 2.292340000000000000e+19 -4.102318733930587769e-02 1.161163821816444397e-01
2.453235027703698563e+02 5.268135983174485091e+02 3.310125789074253362e+02 2.292540000000000000e+19 9.443996846675872803e-02 2.050617523491382599e-02
2.446942518973902452e+02 5.272753125725187147e+02 3.307430779601848485e+02 2.292740000000000000e+19 -9.217441827058792114e-02 -3.461369872093200684e-02
2.440638330049496858e+02 5.277358384588314948e+02 3.304742743448098281e+02 2.292940000000000000e+19 -1.006851494312286377e-01 -5.318264476954936981e-03
2.434322490925148088e+02 5.281951737852758697e+02 3.302061693402245623e+02 2.293140000000000000e+19 1.069225021637976170e-03 -1.047909110784530640e-01
2.428522911760814225e+02 5.286151985547224967e+02 3.299610123423845494e+02 2.293340000000000000e+19 -1.979166697196887981e-08 3.636551275849342346e-02
