# Baseline: 5-17
# Entries: 128
# u [m], v [m], w [m], frequency [GHz], real, imag
-2.444194651356762733e+03 -4.365010922738975751e+03 -3.011654772610149848e+03 2.267940000000000000e+19 7.662829011678695679e-03 -4.993168264627456665e-02
-2.439277215633057494e+03 -4.369613041435589366e+03 -3.008966741615246519e+03 2.268140000000000000e+19 -4.618350043892860413e-02 -3.196248412132263184e-02
-2.434348132429057841e+03 -4.374205872438679762e+03 -3.006284163947151228e+03 2.268340000000000000e+19 -5.335635505616664886e-03 -3.900545090436935425e-02
-2.429407425299823899e+03 -4.378789393800218022e+03 -3.003607052425234997e+03 2.268540000000000000e+19 -1.094350740313529968e-01 7.142280787229537964e-02
-2.425694642873293105e+03 -4.382221204346574268e+03 -3.001602642104148799e+03 2.268740000000000000e+19 3.455837815999984741e-02 2.775894291698932648e-02
-2.419491233900252610e+03 -4.387928419900624249e+03 -2.998269279041793197e+03 2.268940000000000000e+19 7.778207212686538696e-02 1.027630455791950226e-02
-2.414515797190177636e+03 -4.392483880807288187e+03 -2.995608642781029175e+03 2.269140000000000000e+19 7.359545677900314331e-02 -1.447873711585998535e-01
-2.408280757079565774e+03 -4.398165371620837504e+03 -2.992290383326805113e+03 2.269340000000000000e+19 -5.353353917598724365e-02 1.412833929061889648e-01
-2.444194651356762733e+03 -4.365010922738975751e+03 -3.011654772610149848e+03 2.269540000000000000e+19 1.389422863721847534e-01 -4.598446562886238098e-02
-2.439277215633057494e+03 -4.369613041435589366e+03 -3.008966741615246519e+03 2.269740000000000000e+19 -9.954597800970077515e-02 -1.313418596982955933e-01
-2.434348132429057841e+03 -4.374205872438679762e+03 -3.006284163947151228e+03 2.269940000000000000e+19 1.043459028005599976e-01 -3.598616644740104675e-02
-2.429407425299823899e+03 -4.378789393800218022e+03 -3.003607052425234997e+03 2.270140000000000000e+19 7.397376745939254761e-02 9.858296066522598267e-02
-2.425694642873293105e+03 -4.382221204346574268e+03 -3.001602642104148799e+03 2.270340000000000000e+19 2.733049914240837097e-02 -8.507004380226135254e-02
-2.419491233900252610e+03 -4.387928419900624249e+03 -2.998269279041793197e+03 2.270540000000000000e+19 -3.753795847296714783e-02 1.172488741576671600e-02
-2.414515797190177636e+03 -4.392483880807288187e+03 -2.995608642781029175e+03 2.270740000000000000e+19 2.887511998414993286e-02 8.785661309957504272e-02
-2.408280757079565774e+03 -4.398165371620837504e+03 -2.992290383326805113e+03 2.270940000000000000e+19 -1.985132694244384766e-02 6.769536435604095459e-02
-2.394498999124658894e+03 -4.410611535974872822e+03 -2.985021397017815161e+03 2.271140000000000000e+19 9.020715951919555664e-02 -2.041132897138595581e-01
-2.389466156562864398e+03 -4.415119794192927657e+03 -2.982388473741145390e+03 2.271340000000000000e+19 -3.283823281526565552e-02 1.172362864017486572e-01
-2.384421904939233173e+03 -4.419618546903167044e+03 -2.979761131005783227e+03 2.271540000000000000e+19 1.503142621368169785e-02 -4.014059528708457947e-02
-2.379366268324088651e+03 -4.424107772638518327e+03 -2.977139381348819825e+03 2.271740000000000000e+19 -1.262354198843240738e-02 -5.455752834677696228e-02
-2.374299270930019702e+03 -4.428587449899107014e+03 -2.974523237326370236e+03 2.271940000000000000e+19 1.227558357641100883e-03 -6.834831088781356812e-02
-2.369220937006321492e+03 -4.433057557246342185e+03 -2.971912711458609010e+03 2.272140000000000000e+19 -6.837276369333267212e-02 -9.692256897687911987e-02
-2.364131290874418937e+03 -4.437518073272020047e+03 -2.969307816247831852e+03 2.272340000000000000e+19 9.564229846000671387e-02 -8.874309808015823364e-02
-2.359456008632868816e+03 -4.441598558366964426e+03 -2.966924880642742210e+03 2.272540000000000000e+19 -3.651695698499679565e-02 -5.270423367619514465e-02
-2.394498999124658894e+03 -4.410611535974872822e+03 -2.985021397017815161e+03 2.272740000000000000e+19 -4.000345245003700256e-02 -1.711669005453586578e-02
-2.389466156562864398e+03 -4.415119794192927657e+03 -2.982388473741145390e+03 2.272940000000000000e+19 5.848739296197891235e-02 4.335458390414714813e-03
-2.384421904939233173e+03 -4.419618546903167044e+03 -2.979761131005783227e+03 2.273140000000000000e+19 -9.475956112146377563e-02 -6.417135149240493774e-02
-2.379366268324088651e+03 -4.424107772638518327e+03 -2.977139381348819825e+03 2.273340000000000000e+19 6.133624538779258728e-02 4.257092252373695374e-02
-2.374299270930019702e+03 -4.428587449899107014e+03 -2.974523237326370236e+03 2.273540000000000000e+19 -2.497260086238384247e-02 -1.427205838263034821e-02
-2.369220937006321492e+03 -4.433057557246342185e+03 -2.971912711458609010e+03 2.273740000000000000e+19 7.216469198465347290e-02 -4.522406682372093201e-02
-2.364131290874418937e+03 -4.437518073272020047e+03 -2.969307816247831852e+03 2.273940000000000000e+19 5.635331571102142334e-02 -8.399983495473861694e-02
-2.359456008632868816e+03 -4.441598558366964426e+03 -2.966924880642742210e+03 2.274140000000000000e+19 6.021250039339065552e-02 7.717584818601608276e-02
-2.343660071944282208e+03 -4.455263798160457554e+03 -2.958944790750942957e+03 2.274340000000000000e+19 -1.941963471472263336e-02 3.361716121435165405e-02
-2.338514231145222766e+03 -4.459676038359458289e+03 -2.956368235242542141e+03 2.274540000000000000e+19 1.173314545303583145e-02 2.171362005174160004e-02
-2.333357225020793067e+03 -4.464078559909497926e+03 -2.953797384746796524e+03 2.274740000000000000e+19 1.167080737650394440e-02 9.170507639646530151e-02
-2.328189078340889409e+03 -4.468471341664599095e+03 -2.951232251611876563e+03 2.274940000000000000e+19 1.296845450997352600e-02 -3.145299106836318970e-02
-2.323009815730747960e+03 -4.472854362693711664e+03 -2.948672848060296928e+03 2.275140000000000000e+19 5.039465148001909256e-03 3.494516387581825256e-02
-2.317819462139432289e+03 -4.477227601883555508e+03 -2.946119186420845381e+03 2.275340000000000000e+19 -1.214366871863603592e-02 3.709828481078147888e-02
-2.312618042280289046e+03 -4.481591038411762383e+03 -2.943571278852292835e+03 2.275540000000000000e+19 -1.293997466564178467e-02 -1.011864989995956421e-01
-2.307840514292081480e+03 -4.485582351269080391e+03 -2.941240688606337699e+03 2.275740000000000000e+19 1.861392334103584290e-02 1.319508533924818039e-02
-2.343660071944282208e+03 -4.455263798160457554e+03 -2.958944790750942957e+03 2.275940000000000000e+19 -3.729779273271560669e-02 -1.043488904833793640e-01
-2.338514231145222766e+03 -4.459676038359458289e+03 -2.956368235242542141e+03 2.276140000000000000e+19 -4.647406190633773804e-02 -8.065616339445114136e-02
-2.333357225020793067e+03 -4.464078559909497926e+03 -2.953797384746796524e+03 2.276340000000000000e+19 3.642379119992256165e-02 -7.664961367845535278e-02
-2.328189078340889409e+03 -4.468471341664599095e+03 -2.951232251611876563e+03 2.276540000000000000e+19 -2.591340057551860809e-02 5.445075035095214844e-02
-2.323009815730747960e+03 -4.472854362693711664e+03 -2.948672848060296928e+03 2.276740000000000000e+19 -5.508386064320802689e-03 -1.187711674720048904e-02
-2.317819462139432289e+03 -4.477227601883555508e+03 -2.946119186420845381e+03 2.276940000000000000e+19 3.695088252425193787e-02 -1.136335507035255432e-01
-2.312618042280289046e+03 -4.481591038411762383e+03 -2.943571278852292835e+03 2.277140000000000000e+19 1.944815623573958874e-03 1.100583374500274658e-02
-2.307840514292081480e+03 -4.485582351269080391e+03 -2.941240688606337699e+03 2.277340000000000000e+19 2.792682871222496033e-02 -7.365840673446655273e-02
-2.291702199171906614e+03 -4.498946340664337185e+03 -2.933437432922527933e+03 2.277540000000000000e+19 5.491154268383979797e-02 3.835828742012381554e-03
-2.286445822580852564e+03 -4.503260451455016664e+03 -2.930918478139761191e+03 2.277740000000000000e+19 -8.854404091835021973e-02 -9.509167820215225220e-02
-2.281178529959287062e+03 -4.507564634922297046e+03 -2.928405350218402418e+03 2.277940000000000000e+19 7.189770042896270752e-02 3.416439890861511230e-02
-2.275900346386675665e+03 -4.511858870572416890e+03 -2.925898061124336891e+03 2.278140000000000000e+19 2.798235043883323669e-02 1.047754511237144470e-01
-2.270611297270113027e+03 -4.516143137734658922e+03 -2.923396622926623422e+03 2.278340000000000000e+19 -6.686730682849884033e-02 5.204953253269195557e-02
-2.265311407774248437e+03 -4.520417416025029524e+03 -2.920901047526766433e+03 2.278540000000000000e+19 3.571891784667968750e-02 -5.217649415135383606e-02
-2.260000703410653387e+03 -4.524681684868865887e+03 -2.918411346937451071e+03 2.278740000000000000e+19 1.230859756469726562e-02 -9.079164825379848480e-03
-2.255123215798151250e+03 -4.528581915584980379e+03 -2.916134217271735906e+03 2.278940000000000000e+19 5.491936206817626953e-02 4.199860990047454834e-02
-2.291702199171906614e+03 -4.498946340664337185e+03 -2.933437432922527933e+03 2.279140000000000000e+19 1.208615605719387531e-03 2.070125192403793335e-02
-2.286445822580852564e+03 -4.503260451455016664e+03 -2.930918478139761191e+03 2.279340000000000000e+19 -2.915035746991634369e-02 -6.449005752801895142e-02
-2.281178529959287062e+03 -4.507564634922297046e+03 -2.928405350218402418e+03 2.279540000000000000e+19 -1.765487343072891235e-02 2.075323089957237244e-02
-2.275900346386675665e+03 -4.511858870572416890e+03 -2.925898061124336891e+03 2.279740000000000000e+19 1.360177062451839447e-03 -1.028498783707618713e-01
-2.270611297270113027e+03 -4.516143137734658922e+03 -2.923396622926623422e+03 2.279940000000000000e+19 -5.951534956693649292e-02 2.635832130908966064e-02
-2.265311407774248437e+03 -4.520417416025029524e+03 -2.920901047526766433e+03 2.280140000000000000e+19 -7.497922051697969437e-04 1.200085226446390152e-02
-2.260000703410653387e+03 -4.524681684868865887e+03 -2.918411346937451071e+03 2.280340000000000000e+19 -1.094398275017738342e-02 -4.410941526293754578e-02
-2.255123215798151250e+03 -4.528581915584980379e+03 -2.916134217271735906e+03 2.280540000000000000e+19 -5.300599336624145508e-02 -2.247512899339199066e-02
-2.239543273286201838e+03 -4.540934956025030260e+03 -2.908922132159256307e+03 2.280740000000000000e+19 2.962176874279975891e-02 8.272403478622436523e-02
-2.234180655867935002e+03 -4.545150559383910149e+03 -2.906460993754292758e+03 2.280940000000000000e+19 1.646105796098709106e-01 -9.374395944178104401e-03
-2.228807372473001578e+03 -4.549356035004088881e+03 -2.904005799222773931e+03 2.281140000000000000e+19 4.416316747665405273e-02 1.515200268477201462e-02
-2.223423448910242314e+03 -4.553551362686158427e+03 -2.901556560357276339e+03 2.281340000000000000e+19 1.554679963737726212e-02 1.458374410867691040e-02
-2.218028910795806951e+03 -4.557736522469386728e+03 -2.899113288810893209e+03 2.281540000000000000e+19 -6.601717323064804077e-02 -4.952856898307800293e-02
-2.212623784077967684e+03 -4.561911494222564215e+03 -2.896675996336081880e+03 2.281740000000000000e+19 -6.696586310863494873e-02 -1.924261152744293213e-01
-2.207208094549141151e+03 -4.566076258023727860e+03 -2.894244694563006306e+03 2.281940000000000000e+19 -2.283427491784095764e-02 3.523787856101989746e-02
-2.202234589382935155e+03 -4.569885104154278451e+03 -2.892021197344955453e+03 2.282140000000000000e+19 2.681981958448886871e-02 -4.094620700925588608e-03
-2.239543273286201838e+03 -4.540934956025030260e+03 -2.908922132159256307e+03 2.282340000000000000e+19 8.860976994037628174e-02 1.260125637054443359e-01
-2.234180655867935002e+03 -4.545150559383910149e+03 -2.906460993754292758e+03 2.282540000000000000e+19 6.068598479032516479e-02 -1.006160154938697815e-01
-2.228807372473001578e+03 -4.549356035004088881e+03 -2.904005799222773931e+03 2.282740000000000000e+19 1.348503381013870239e-01 5.085889250040054321e-02
-2.223423448910242314e+03 -4.553551362686158427e+03 -2.901556560357276339e+03 2.282940000000000000e+19 -4.730119556188583374e-02 -9.570479393005371094e-02
-2.218028910795806951e+03 -4.557736522469386728e+03 -2.899113288810893209e+03 2.283140000000000000e+19 8.274879306554794312e-03 7.115437649190425873e-03
-2.212623784077967684e+03 -4.561911494222564215e+03 -2.896675996336081880e+03 2.283340000000000000e+19 5.828750878572463989e-02 1.123259738087654114e-01
-2.207208094549141151e+03 -4.566076258023727860e+03 -2.894244694563006306e+03 2.283540000000000000e+19 3.688797354698181152e-02 -4.125809296965599060e-02
-2.202234589382935155e+03 -4.569885104154278451e+03 -2.892021197344955453e+03 2.283740000000000000e+19 2.853574790060520172e-02 -7.104559242725372314e-02
-2.185440227610052261e+03 -4.582632835682372388e+03 -2.884579626844562426e+03 2.283940000000000000e+19 -1.122315414249897003e-02 5.640226230025291443e-02
-2.179972113955332134e+03 -4.586746261616174706e+03 -2.882178452605648999e+03 2.284140000000000000e+19 -2.058218605816364288e-02 -5.892086774110794067e-02
-2.174493593675595093e+03 -4.590849360802394585e+03 -2.879783338416464630e+03 2.284340000000000000e+19 -5.888359621167182922e-02 1.167741138488054276e-02
-2.169004693161342402e+03 -4.594942113476065060e+03 -2.877394295814453926e+03 2.284540000000000000e+19 -7.390562444925308228e-02 4.154852405190467834e-02
-2.163505438547199446e+03 -4.599024500150135282e+03 -2.875011336174680764e+03 2.284740000000000000e+19 5.281164124608039856e-02 -2.896877564489841461e-02
-2.157995856189302685e+03 -4.603096501258773060e+03 -2.872634470918041643e+03 2.284940000000000000e+19 5.336232110857963562e-02 -1.337909996509552002e-01
-2.152475972531899970e+03 -4.607158097257794907e+03 -2.870263711452642838e+03 2.285140000000000000e+19 1.009388826787471771e-02 2.688870951533317566e-02
-2.147407182782338168e+03 -4.610872202711111640e+03 -2.868095810697171146e+03 2.285340000000000000e+19 -4.935226589441299438e-02 4.941395670175552368e-02
-2.185440227610052261e+03 -4.582632835682372388e+03 -2.884579626844562426e+03 2.285540000000000000e+19 -3.148848190903663635e-02 5.438362807035446167e-02
-2.179972113955332134e+03 -4.586746261616174706e+03 -2.882178452605648999e+03 2.285740000000000000e+19 -9.394591674208641052e-03 8.811113983392715454e-02
-2.174493593675595093e+03 -4.590849360802394585e+03 -2.879783338416464630e+03 2.285940000000000000e+19 6.581230089068412781e-03 -1.909740455448627472e-02
-2.169004693161342402e+03 -4.594942113476065060e+03 -2.877394295814453926e+03 2.286140000000000000e+19 9.163805842399597168e-02 -8.975384384393692017e-02
-2.163505438547199446e+03 -4.599024500150135282e+03 -2.875011336174680764e+03 2.286340000000000000e+19 9.026122838258743286e-02 -1.482104300521314144e-03
-2.157995856189302685e+03 -4.603096501258773060e+03 -2.872634470918041643e+03 2.286540000000000000e+19 4.067897051572799683e-02 9.841574728488922119e-02
-2.152475972531899970e+03 -4.607158097257794907e+03 -2.870263711452642838e+03 2.286740000000000000e+19 -3.307215124368667603e-02 4.194220528006553650e-02
-2.147407182782338168e+03 -4.610872202711111640e+03 -2.868095810697171146e+03 2.286940000000000000e+19 3.612732887268066406e-02 -2.393246861174702644e-03
-2.130293953346271337e+03 -4.623300042621070133e+03 -2.860841957706467838e+03 2.287140000000000000e+19 3.413655236363410950e-02 -9.063715487718582153e-02
-2.124722960097788018e+03 -4.627309322746632461e+03 -2.858501896657251109e+03 2.287340000000000000e+19 -2.188313938677310944e-02 6.758212298154830933e-02
-2.119141824785992867e+03 -4.631308081887214939e+03 -2.856168009033461658e+03 2.287540000000000000e+19 -3.083096258342266083e-02 3.600099310278892517e-02
-2.113550573984736275e+03 -4.635296301003371809e+03 -2.853840305947514025e+03 2.287740000000000000e+19 5.890808999538421631e-02 2.925927750766277313e-02
-2.107949234608045117e+03 -4.639273960897381585e+03 -2.851518798604035055e+03 2.287940000000000000e+19 -1.729088276624679565e-02 -6.257164478302001953e-02
-2.102337833306567518e+03 -4.643241042643973742e+03 -2.849203498048460460e+03 2.288140000000000000e+19 9.918963164091110229e-02 1.118845641613006592e-01
-2.096716397091260660e+03 -4.647197527147358414e+03 -2.846894415425639636e+03 2.288340000000000000e+19 -5.774553492665290833e-02 4.668783396482467651e-02
-2.091554748437738908e+03 -4.650815114532101688e+03 -2.844783148583631373e+03 2.288540000000000000e+19 -1.074398681521415710e-01 6.312470883131027222e-03
-2.130293953346271337e+03 -4.623300042621070133e+03 -2.860841957706467838e+03 2.288740000000000000e+19 1.528297923505306244e-02 -9.752795100212097168e-02
-2.124722960097788018e+03 -4.627309322746632461e+03 -2.858501896657251109e+03 2.288940000000000000e+19 6.089143082499504089e-02 1.481502875685691833e-02
-2.119141824785992867e+03 -4.631308081887214939e+03 -2.856168009033461658e+03 2.289140000000000000e+19 7.999303191900253296e-02 -3.698849305510520935e-02
-2.113550573984736275e+03 -4.635296301003371809e+03 -2.853840305947514025e+03 2.289340000000000000e+19 -3.808202967047691345e-02 -3.868199884891510010e-02
-2.107949234608045117e+03 -4.639273960897381585e+03 -2.851518798604035055e+03 2.289540000000000000e+19 8.272472023963928223e-02 -3.654111176729202271e-02
-2.102337833306567518e+03 -4.643241042643973742e+03 -2.849203498048460460e+03 2.289740000000000000e+19 6.328769773244857788e-02 5.973909050226211548e-02
-2.096716397091260660e+03 -4.647197527147358414e+03 -2.846894415425639636e+03 2.289940000000000000e+19 -4.465119913220405579e-02 -8.887720853090286255e-02
-2.091554748437738908e+03 -4.650815114532101688e+03 -2.844783148583631373e+03 2.290140000000000000e+19 -9.518941491842269897e-02 4.731543827801942825e-03
-2.074130840904312208e+03 -4.662917115473672311e+03 -2.837720484432838020e+03 2.290340000000000000e+19 -3.032085858285427094e-02 2.421911619603633881e-02
-2.068459634186139738e+03 -4.666820331061720935e+03 -2.835442656459267710e+03 2.290540000000000000e+19 4.396043345332145691e-02 2.585996687412261963e-02
-2.062778554647813962e+03 -4.670712836590541883e+03 -2.833171112257619825e+03 2.290740000000000000e+19 1.121971160173416138e-01 3.943268582224845886e-02
-2.057087629378435395e+03 -4.674594613499285515e+03 -2.830905862659409649e+03 2.290940000000000000e+19 2.945187129080295563e-02 -2.155639789998531342e-02
-2.051386885652770161e+03 -4.678465643183580141e+03 -2.828646918521383213e+03 2.291140000000000000e+19 -1.698746904730796814e-02 1.341591030359268188e-01
-2.045676350852483438e+03 -4.682325907050419119e+03 -2.826394290693495805e+03 2.291340000000000000e+19 9.946081042289733887e-02 7.266019284725189209e-02
-2.039956052147685796e+03 -4.686175386733268169e+03 -2.824147989893379872e+03 2.291540000000000000e+19 2.365421317517757416e-02 -1.054666638374328613e-01
-2.034704015617626965e+03 -4.689694724237763694e+03 -2.822094367668933501e+03 2.291740000000000000e+19 1.118544638156890869e-01 8.160214871168136597e-02
-2.074130840904312208e+03 -4.662917115473672311e+03 -2.837720484432838020e+03 2.291940000000000000e+19 -8.021833491511642933e-04 2.350121736526489258e-02
-2.068459634186139738e+03 -4.666820331061720935e+03 -2.835442656459267710e+03 2.292140000000000000e+19 -7.937627844512462616e-03 4.110321402549743652e-02
-2.062778554647813962e+03 -4.670712836590541883e+03 -2.833171112257619825e+03 2.292340000000000000e+19 -8.335710316896438599e-02 -2.389714866876602173e-02
-2.057087629378435395e+03 -4.674594613499285515e+03 -2.830905862659409649e+03 2.292540000000000000e+19 -8.140394464135169983e-03 -1.782967522740364075e-02
-2.051386885652770161e+03 -4.678465643183580141e+03 -2.828646918521383213e+03 2.292740000000000000e+19 1.208427026867866516e-01 1.246955096721649170e-01
-2.045676350852483438e+03 -4.682325907050419119e+03 -2.826394290693495805e+03 2.292940000000000000e+19 1.178779266774654388e-02 -3.439677134156227112e-02
-2.039956052147685796e+03 -4.686175386733268169e+03 -2.824147989893379872e+03 2.293140000000000000e+19 5.609536543488502502e-02 3.039533086121082306e-02
-2.034704015617626965e+03 -4.689694724237763694e+03 -2.822094367668933501e+03 2.293340000000000000e+19 -9.010960161685943604e-02 -9.437443688511848450e-03
