# Baseline: 8-24
# u [m], v [m], w [m], frequency [GHz], real, imag
4.740497727384774294e+02 3.052063164144379243e+03 8.664469865569656122e+02 2.267940000000000000e+19 -2.221262305974960327e-01 -9.559880197048187256e-02
4.692445246835725925e+02 3.052951401530763633e+03 8.659332776951979440e+02 2.268140000000000000e+19 1.755309104919433594e-02 -1.705603599548339844e-01
4.644370434714588782e+02 3.053830566492854814e+03 8.654248836725039382e+02 2.268340000000000000e+19 1.684877462685108185e-02 -1.632792130112648010e-02
4.596273520760086626e+02 3.054700654829392533e+03 8.649218069183289117e+02 2.268540000000000000e+19 1.937977969646453857e-01 -6.966333091259002686e-02
4.560187146997720333e+02 3.055347545920451012e+03 8.645478239582438391e+02 2.268740000000000000e+19 -4.504711180925369263e-02 5.010779947042465210e-02
4.500014308171208199e+02 3.056413585012686326e+03 8.639316148207049082e+02 2.268940000000000000e+19 3.154889047145843506e-01 -5.350586771965026855e-02
4.451852471214583602e+02 3.057256418644183213e+03 8.634445042262146899e+02 2.269140000000000000e+19 -5.333337187767028809e-02 -8.477865904569625854e-02
4.391621261683266653e+02 3.058297541735900268e+03 8.628428910751404146e+02 2.269340000000000000e+19 -1.576831340789794922e-01 -1.111444532871246338e-01
4.740497727384774294e+02 3.052063164144379243e+03 8.664469865569656122e+02 2.269540000000000000e+19 4.845801368355751038e-02 3.451584652066230774e-02
4.692445246835725925e+02 3.052951401530763633e+03 8.659332776951979440e+02 2.269740000000000000e+19 5.767636746168136597e-02 2.665270818397402763e-03
4.644370434714588782e+02 3.053830566492854814e+03 8.654248836725039382e+02 2.269940000000000000e+19 -2.073894720524549484e-03 -5.764543265104293823e-02
4.596273520760086626e+02 3.054700654829392533e+03 8.649218069183289117e+02 2.270140000000000000e+19 -9.063517302274703979e-02 1.266317367553710938e-01
4.560187146997720333e+02 3.055347545920451012e+03 8.645478239582438391e+02 2.270340000000000000e+19 1.267072111368179321e-01 5.384210869669914246e-02
4.500014308171208199e+02 3.056413585012686326e+03 8.639316148207049082e+02 2.270540000000000000e+19 3.698800131678581238e-02 -1.685429178178310394e-02
4.451852471214583602e+02 3.057256418644183213e+03 8.634445042262146899e+02 2.270740000000000000e+19 -4.355216398835182190e-02 8.588788658380508423e-02
4.391621261683266653e+02 3.058297541735900268e+03 8.628428910751404146e+02 2.270940000000000000e+19 1.369247883558273315e-01 3.532230108976364136e-02
4.258995624535156708e+02 3.060536783284951980e+03 8.615493522347376256e+02 2.271140000000000000e+19 -5.258903279900550842e-02 4.797827452421188354e-02
4.210730192022296023e+02 3.061334112346825350e+03 8.610888981724655196e+02 2.271340000000000000e+19 1.513859927654266357e-01 3.032266721129417419e-02
4.162444733636515934e+02 3.062122328861919868e+03 8.606337821359659301e+02 2.271540000000000000e+19 -1.081520412117242813e-02 -1.197135299444198608e-01
4.114139479786860534e+02 3.062901429069124333e+03 8.601840062968913116e+02 2.271740000000000000e+19 7.082734256982803345e-03 1.113846302032470703e-01
4.065814661817867659e+02 3.063671409237175794e+03 8.597395728092932359e+02 2.271940000000000000e+19 1.075433120131492615e-01 -4.007200524210929871e-02
4.017470510999361295e+02 3.064432265681123226e+03 8.593004838001154440e+02 2.272140000000000000e+19 -5.016177310608327389e-04 -1.718897521495819092e-01
3.969107258862379126e+02 3.065183994757187065e+03 8.588667413721659614e+02 2.272340000000000000e+19 -1.421524733304977417e-01 -2.920437231659889221e-02
3.924757932452239970e+02 3.065865174831302284e+03 8.584737746180477416e+02 2.272540000000000000e+19 4.855704307556152344e-02 -5.607438459992408752e-02
4.258995624535156708e+02 3.060536783284951980e+03 8.615493522347376256e+02 2.272740000000000000e+19 7.057813555002212524e-02 -1.184428762644529343e-02
4.210730192022296023e+02 3.061334112346825350e+03 8.610888981724655196e+02 2.272940000000000000e+19 -7.884660363197326660e-02 4.728984087705612183e-02
4.162444733636515934e+02 3.062122328861919868e+03 8.606337821359659301e+02 2.273140000000000000e+19 -1.446480005979537964e-01 7.510125171393156052e-03
4.114139479786860534e+02 3.062901429069124333e+03 8.601840062968913116e+02 2.273340000000000000e+19 -1.293650269508361816e-01 -3.556751832365989685e-02
4.065814661817867659e+02 3.063671409237175794e+03 8.597395728092932359e+02 2.273540000000000000e+19 -6.700950209051370621e-03 5.125723034143447876e-02
4.017470510999361295e+02 3.064432265681123226e+03 8.593004838001154440e+02 2.273740000000000000e+19 8.492613583803176880e-02 -3.161447122693061829e-02
3.969107258862379126e+02 3.065183994757187065e+03 8.588667413721659614e+02 2.273940000000000000e+19 8.397123217582702637e-02 -2.122078835964202881e-02
3.924757932452239970e+02 3.065865174831302284e+03 8.584737746180477416e+02 2.274140000000000000e+19 6.511212326586246490e-03 8.668461814522743225e-03
3.775467864857471909e+02 3.068099566127852995e+03 8.571852785801183927e+02 2.274340000000000000e+19 -4.820903763175010681e-02 -1.094805970788002014e-01
3.727012579051620946e+02 3.068805605285808269e+03 8.567782996764672134e+02 2.274540000000000000e+19 1.316270790994167328e-02 3.857181966304779053e-02
3.678539581307939557e+02 3.069502496156266261e+03 8.563766794186857396e+02 2.274740000000000000e+19 1.372090280055999756e-01 1.058030948042869568e-01
3.630049104449602169e+02 3.070190235391958140e+03 8.559804197358020019e+02 2.274940000000000000e+19 -6.799253076314926147e-02 3.235391154885292053e-02
3.581541379525686466e+02 3.070868819715783502e+03 8.555895225159948723e+02 2.275140000000000000e+19 -1.558647900819778442e-01 -1.192993074655532837e-01
3.533016640202129111e+02 3.071538245859038852e+03 8.552039896421816820e+02 2.275340000000000000e+19 3.531537484377622604e-03 5.123852565884590149e-02
3.484475117522840719e+02 3.072198510634528247e+03 8.548238229499035015e+02 2.275540000000000000e+19 -6.032723933458328247e-02 9.178870171308517456e-02
3.439964385214593676e+02 3.072795819342737559e+03 8.544799840535131352e+02 2.275740000000000000e+19 -1.271985843777656555e-02 9.042248129844665527e-02
3.775467864857471909e+02 3.068099566127852995e+03 8.571852785801183927e+02 2.275940000000000000e+19 -7.178434729576110840e-02 4.896378144621849060e-03
3.727012579051620946e+02 3.068805605285808269e+03 8.567782996764672134e+02 2.276140000000000000e+19 9.197483770549297333e-03 3.872659429907798767e-02
3.678539581307939557e+02 3.069502496156266261e+03 8.563766794186857396e+02 2.276340000000000000e+19 -3.490938991308212280e-02 1.227094791829586029e-02
3.630049104449602169e+02 3.070190235391958140e+03 8.559804197358020019e+02 2.276540000000000000e+19 -9.405985474586486816e-02 -1.219708099961280823e-01
3.581541379525686466e+02 3.070868819715783502e+03 8.555895225159948723e+02 2.276740000000000000e+19 -2.647733315825462341e-02 1.705400831997394562e-02
3.533016640202129111e+02 3.071538245859038852e+03 8.552039896421816820e+02 2.276940000000000000e+19 -1.521493587642908096e-02 -3.060110379010438919e-03
3.484475117522840719e+02 3.072198510634528247e+03 8.548238229499035015e+02 2.277140000000000000e+19 -7.128986530005931854e-03 -4.029917344450950623e-02
3.439964385214593676e+02 3.072795819342737559e+03 8.544799840535131352e+02 2.277340000000000000e+19 1.099654585123062134e-01 -4.217199981212615967e-02
3.290145843949539426e+02 3.074747893473324439e+03 8.533568540247546252e+02 2.277540000000000000e+19 -8.014824241399765015e-02 -4.809200018644332886e-02
3.241523892184412716e+02 3.075362304868561750e+03 8.530035450288038419e+02 2.277740000000000000e+19 -2.449005469679832458e-02 -1.024319007992744446e-01
3.192886552917498193e+02 3.075967536584178106e+03 8.526556127513384808e+02 2.277940000000000000e+19 5.648848041892051697e-02 -7.100475579500198364e-02
3.144234057728492644e+02 3.076563585738446363e+03 8.523130588489759702e+02 2.278140000000000000e+19 7.603478431701660156e-02 -4.099009558558464050e-02
3.095566640811078400e+02 3.077150449462244978e+03 8.519758849706095134e+02 2.278340000000000000e+19 -1.211663708090782166e-02 -6.084146723151206970e-02
3.046884533718693433e+02 3.077728124963362006e+03 8.516440927204495210e+02 2.278540000000000000e+19 1.195364668965339661e-01 4.629873856902122498e-02
2.998187970787545282e+02 3.078296609461109711e+03 8.513176836955927911e+02 2.278740000000000000e+19 2.522753477096557617e-01 -1.156657859683036804e-01
2.953537131649238745e+02 3.078809760983204797e+03 8.510231371872505406e+02 2.278940000000000000e+19 7.145996391773223877e-02 -3.437580168247222900e-02
3.290145843949539426e+02 3.074747893473324439e+03 8.533568540247546252e+02 2.279140000000000000e+19 -9.693989530205726624e-03 5.912878736853599548e-02
3.241523892184412716e+02 3.075362304868561750e+03 8.530035450288038419e+02 2.279340000000000000e+19 -1.205831021070480347e-02 7.831209897994995117e-02
3.192886552917498193e+02 3.075967536584178106e+03 8.526556127513384808e+02 2.279540000000000000e+19 1.326418668031692505e-01 -1.290683001279830933e-01
3.144234057728492644e+02 3.076563585738446363e+03 8.523130588489759702e+02 2.279740000000000000e+19 -1.307284235954284668e-01 -1.078048441559076309e-02
3.095566640811078400e+02 3.077150449462244978e+03 8.519758849706095134e+02 2.279940000000000000e+19 3.534446656703948975e-02 -7.428412139415740967e-02
3.046884533718693433e+02 3.077728124963362006e+03 8.516440927204495210e+02 2.280140000000000000e+19 1.367306709289550781e-02 -3.113421611487865448e-02
2.998187970787545282e+02 3.078296609461109711e+03 8.513176836955927911e+02 2.280340000000000000e+19 -3.451356291770935059e-02 -3.015563264489173889e-02
2.953537131649238745e+02 3.078809760983204797e+03 8.510231371872505406e+02 2.280540000000000000e+19 -3.790728375315666199e-02 4.194284975528717041e-02
2.811388087016308077e+02 3.080390607243949034e+03 8.501163464604923092e+02 2.280740000000000000e+19 -3.567247465252876282e-02 -3.483005464076995850e-01
2.762624936965191296e+02 3.080914631043060126e+03 8.498159778891404130e+02 2.280940000000000000e+19 2.683438360691070557e-01 3.384635448455810547e-01
2.713848690618753494e+02 3.081429448598848467e+03 8.495210012862510212e+02 2.281140000000000000e+19 -2.153427600860595703e-01 -4.202775359153747559e-01
2.665059582256858448e+02 3.081935057438690819e+03 8.492314180685580141e+02 2.281340000000000000e+19 9.123930335044860840e-02 3.574457764625549316e-01
2.616257844012039868e+02 3.082431455157063738e+03 8.489472296137900003e+02 2.281540000000000000e+19 -2.581641674041748047e-01 -1.042457967996597290e-01
2.567443710626241113e+02 3.082918639366153457e+03 8.486684372889612860e+02 2.281740000000000000e+19 1.134041249752044678e-01 3.225672245025634766e-01
2.518617415031219480e+02 3.083396607741382923e+03 8.483950424243031421e+02 2.281940000000000000e+19 -4.327242672443389893e-01 -1.718132495880126953e-01
2.473849642450815907e+02 3.083826764991962136e+03 8.481491043552121027e+02 2.282140000000000000e+19 -3.191916737705469131e-03 1.727517545223236084e-01
2.811388087016308077e+02 3.080390607243949034e+03 8.501163464604923092e+02 2.282340000000000000e+19 -3.934318125247955322e-01 -2.200039476156234741e-01
2.762624936965191296e+02 3.080914631043060126e+03 8.498159778891404130e+02 2.282540000000000000e+19 1.069710850715637207e-01 4.868271574378013611e-02
2.713848690618753494e+02 3.081429448598848467e+03 8.495210012862510212e+02 2.282740000000000000e+19 -1.608415991067886353e-01 8.736249059438705444e-02
2.665059582256858448e+02 3.081935057438690819e+03 8.492314180685580141e+02 2.282940000000000000e+19 -2.532656677067279816e-02 1.180096864700317383e-01
2.616257844012039868e+02 3.082431455157063738e+03 8.489472296137900003e+02 2.283140000000000000e+19 2.282798103988170624e-02 -2.271451652050018311e-01
2.567443710626241113e+02 3.082918639366153457e+03 8.486684372889612860e+02 2.283340000000000000e+19 3.007094934582710266e-02 -3.877661004662513733e-02
2.518617415031219480e+02 3.083396607741382923e+03 8.483950424243031421e+02 2.283540000000000000e+19 1.288826018571853638e-01 -4.327141679823398590e-03
2.473849642450815907e+02 3.083826764991962136e+03 8.481491043552121027e+02 2.283740000000000000e+19 -9.029185771942138672e-02 -7.292701303958892822e-02
2.323195286333804574e+02 3.085216277801250726e+03 8.473554633563851439e+02 2.283940000000000000e+19 -1.274478733539581299e-01 -7.685294747352600098e-02
2.274311687225238074e+02 3.085648133565232911e+03 8.471090749088939447e+02 2.284140000000000000e+19 8.918491005897521973e-02 5.459973216056823730e-02
2.225417328078813455e+02 3.086070760438566595e+03 8.468680913808570949e+02 2.284340000000000000e+19 -1.392682641744613647e-01 -1.590360701084136963e-02
2.176512444422712633e+02 3.086484156385429287e+03 8.466325139330961065e+02 2.284540000000000000e+19 1.259004473686218262e-01 -8.911706507205963135e-02
2.127597269110488014e+02 3.086888319437503014e+03 8.464023436872608954e+02 2.284740000000000000e+19 -3.829794749617576599e-02 3.549408167600631714e-02
2.078672036577858080e+02 3.087283247657610900e+03 8.461775817465633054e+02 2.284940000000000000e+19 1.054899170994758606e-01 -7.731312513351440430e-02
2.029736981649758150e+02 3.087668939150295046e+03 8.459582291897310142e+02 2.285140000000000000e+19 -5.994859337806701660e-02 1.125113815069198608e-01
1.984871538100405530e+02 3.088014491545653527e+03 8.457618400058546513e+02 2.285340000000000000e+19 4.223593324422836304e-02 8.033557236194610596e-02
2.323195286333804574e+02 3.085216277801250726e+03 8.473554633563851439e+02 2.285540000000000000e+19 -5.228117480874061584e-02 -1.276624798774719238e-01
2.274311687225238074e+02 3.085648133565232911e+03 8.471090749088939447e+02 2.285740000000000000e+19 6.648721545934677124e-02 3.232894092798233032e-02
2.225417328078813455e+02 3.086070760438566595e+03 8.468680913808570949e+02 2.285940000000000000e+19 -1.165432408452033997e-01 -3.986016660928726196e-02
2.176512444422712633e+02 3.086484156385429287e+03 8.466325139330961065e+02 2.286140000000000000e+19 1.304485648870468140e-01 -4.853324964642524719e-02
2.127597269110488014e+02 3.086888319437503014e+03 8.464023436872608954e+02 2.286340000000000000e+19 -1.189220324158668518e-01 5.015592649579048157e-02
2.078672036577858080e+02 3.087283247657610900e+03 8.461775817465633054e+02 2.286540000000000000e+19 1.324713230133056641e-01 1.960343271493911743e-01
2.029736981649758150e+02 3.087668939150295046e+03 8.459582291897310142e+02 2.286740000000000000e+19 -5.603410676121711731e-02 -1.469967067241668701e-01
1.984871538100405530e+02 3.088014491545653527e+03 8.457618400058546513e+02 2.286940000000000000e+19 -1.031353324651718140e-02 -4.425770603120326996e-03
1.833903216847466240e+02 3.089119301640082085e+03 8.451349333812457871e+02 2.287140000000000000e+19 5.579886212944984436e-02 -8.474419265985488892e-02
1.784922560800518454e+02 3.089458782716480073e+03 8.449426429585830647e+02 2.287340000000000000e+19 -1.879719495773315430e-01 7.120764255523681641e-02
1.735933488166368477e+02 3.089789016654673105e+03 8.447557678293587742e+02 2.287540000000000000e+19 5.860889796167612076e-03 -6.809668242931365967e-02
1.686936232199482788e+02 3.090110001882364486e+03 8.445743088833028196e+02 2.287740000000000000e+19 6.548364763148128986e-04 1.027155965566635132e-01
1.637931028752995530e+02 3.090421736854438223e+03 8.443982669938852723e+02 2.287940000000000000e+19 6.057184934616088867e-02 -1.374471932649612427e-01
1.588918110988562944e+02 3.090724220087709909e+03 8.442276429986768562e+02 2.288140000000000000e+19 -2.205637842416763306e-02 -7.352566719055175781e-02
1.539897714833685427e+02 3.091017450126218137e+03 8.440624377189341203e+02 2.288340000000000000e+19 -9.985589422285556793e-03 -8.588719367980957031e-02
1.494956070749954904e+02 3.091278232302299784e+03 8.439156914011149411e+02 2.288540000000000000e+19 1.390078067779541016e-01 7.386818528175354004e-02
1.833903216847466240e+02 3.089119301640082085e+03 8.451349333812457871e+02 2.288740000000000000e+19 7.082436978816986084e-02 1.914937645196914673e-01
1.784922560800518454e+02 3.089458782716480073e+03 8.449426429585830647e+02 2.288940000000000000e+19 -9.803082793951034546e-02 3.311318904161453247e-02
1.735933488166368477e+02 3.089789016654673105e+03 8.447557678293587742e+02 2.289140000000000000e+19 8.106131851673126221e-02 -2.026519328355789185e-01
1.686936232199482788e+02 3.090110001882364486e+03 8.445743088833028196e+02 2.289340000000000000e+19 -1.075918152928352356e-01 -3.584039956331253052e-02
1.637931028752995530e+02 3.090421736854438223e+03 8.443982669938852723e+02 2.289540000000000000e+19 -1.201840266585350037e-01 -5.251965671777725220e-02
1.588918110988562944e+02 3.090724220087709909e+03 8.442276429986768562e+02 2.289740000000000000e+19 5.778587609529495239e-02 3.441254794597625732e-02
1.539897714833685427e+02 3.091017450126218137e+03 8.440624377189341203e+02 2.289940000000000000e+19 2.032705023884773254e-02 -2.504710853099822998e-02
1.494956070749954904e+02 3.091278232302299784e+03 8.439156914011149411e+02 2.290140000000000000e+19 -1.046676468104124069e-02 8.183329366147518158e-03
1.343746030426494258e+02 3.092097810981170369e+03 8.434558191493313188e+02 2.290340000000000000e+19 -1.416636537760496140e-02 -1.749675124883651733e-01
1.294691758219139786e+02 3.092344754904792353e+03 8.433177187744840921e+02 2.290540000000000000e+19 2.166301012039184570e-03 -3.170017153024673462e-02
1.245631415369969943e+02 3.092582437880861107e+03 8.431850414681705388e+02 2.290740000000000000e+19 -1.058262363076210022e-01 -6.081778183579444885e-02
1.196565235814381793e+02 3.092810858775912493e+03 8.430577878630924715e+02 2.290940000000000000e+19 1.216806247830390930e-01 -2.363577112555503845e-02
1.147493454711865297e+02 3.093030016495053133e+03 8.429359585692077417e+02 2.291140000000000000e+19 -5.708289891481399536e-02 1.922127157449722290e-01
1.098416307761637540e+02 3.093239909985755730e+03 8.428195541715982699e+02 2.291340000000000000e+19 -4.895646497607231140e-02 1.479327771812677383e-02
1.049334028466561648e+02 3.093440538249472411e+03 8.427085752240312786e+02 2.291540000000000000e+19 8.939305692911148071e-02 -7.786103989928960800e-03
1.004337698543971698e+02 3.093616425379071188e+03 8.426115420130224720e+02 2.291740000000000000e+19 -7.670854777097702026e-02 8.998071402311325073e-02
1.343746030426494258e+02 3.092097810981170369e+03 8.434558191493313188e+02 2.291940000000000000e+19 -2.273644320666790009e-02 5.116094276309013367e-02
1.294691758219139786e+02 3.092344754904792353e+03 8.433177187744840921e+02 2.292140000000000000e+19 -5.000182986259460449e-02 1.675196737051010132e-02
1.245631415369969943e+02 3.092582437880861107e+03 8.431850414681705388e+02 2.292340000000000000e+19 -1.759496331214904785e-01 3.159948810935020447e-02
1.196565235814381793e+02 3.092810858775912493e+03 8.430577878630924715e+02 2.292540000000000000e+19 -8.948681503534317017e-02 4.181000113021582365e-04
1.147493454711865297e+02 3.093030016495053133e+03 8.429359585692077417e+02 2.292740000000000000e+19 3.693603724241256714e-02 9.160085022449493408e-02
1.098416307761637540e+02 3.093239909985755730e+03 8.428195541715982699e+02 2.292940000000000000e+19 6.936085969209671021e-02 4.055792931467294693e-03
1.049334028466561648e+02 3.093440538249472411e+03 8.427085752240312786e+02 2.293140000000000000e+19 -6.663969159126281738e-02 -9.637226909399032593e-02
1.004337698543971698e+02 3.093616425379071188e+03 8.426115420130224720e+02 2.293340000000000000e+19 1.402921676635742188e-01 -7.805683184415102005e-03
