# Baseline: 17-25
# Entries: 128
# u [m], v [m], w [m], frequency [GHz], real, imag
1.865027493634608390e+03 3.173953528324816489e+03 2.280760835209154720e+03 2.267940000000000000e+19 -4.170333221554756165e-02 -1.757327616214752197e-01
1.861552095617115810e+03 3.177465450693778166e+03 2.278709205746424686e+03 2.268140000000000000e+19 2.695498988032341003e-03 1.091326102614402771e-01
1.858067808222679105e+03 3.180970808742003555e+03 2.276661431434291899e+03 2.268340000000000000e+19 1.316992100328207016e-02 -9.920996427536010742e-02
1.854574648101988942e+03 3.184469585718233247e+03 2.274617522058562372e+03 2.268540000000000000e+19 5.454875901341438293e-02 1.430083066225051880e-01
1.851949241659262498e+03 3.187089546159563270e+03 2.273087010940217169e+03 2.268740000000000000e+19 -7.208823412656784058e-02 -1.103811115026473999e-01
1.847561776593139030e+03 3.191447329508970142e+03 2.270541337224413383e+03 2.268940000000000000e+19 5.555370450019836426e-02 1.473077386617660522e-01
1.844042098840293875e+03 3.194926262857109123e+03 2.268509081315997264e+03 2.269140000000000000e+19 -1.922875791788101196e-01 -4.835922643542289734e-02
1.839630476482953327e+03 3.199265849299968067e+03 2.265974093794371583e+03 2.269340000000000000e+19 -1.440856605768203735e-01 -6.846975069493055344e-03
1.865027493634608390e+03 3.173953528324816489e+03 2.280760835209154720e+03 2.269540000000000000e+19 -7.439289987087249756e-02 -5.123235657811164856e-02
1.861552095617115810e+03 3.177465450693778166e+03 2.278709205746424686e+03 2.269740000000000000e+19 -7.354347407817840576e-02 1.036472320556640625e-01
1.858067808222679105e+03 3.180970808742003555e+03 2.276661431434291899e+03 2.269940000000000000e+19 4.828304424881935120e-02 -9.910841472446918488e-03
1.854574648101988942e+03 3.184469585718233247e+03 2.274617522058562372e+03 2.270140000000000000e+19 3.758600726723670959e-02 1.587428711354732513e-02
1.851949241659262498e+03 3.187089546159563270e+03 2.273087010940217169e+03 2.270340000000000000e+19 -2.008075565099716187e-01 -4.182775691151618958e-02
1.847561776593139030e+03 3.191447329508970142e+03 2.270541337224413383e+03 2.270540000000000000e+19 7.414856459945440292e-03 7.908390462398529053e-02
1.844042098840293875e+03 3.194926262857109123e+03 2.268509081315997264e+03 2.270740000000000000e+19 3.799809142947196960e-02 -3.081935457885265350e-03
1.839630476482953327e+03 3.199265849299968067e+03 2.265974093794371583e+03 2.270940000000000000e+19 2.620055153965950012e-02 8.313028514385223389e-02
1.829875500849662785e+03 3.208775351667172799e+03 2.260419194159860581e+03 2.271140000000000000e+19 2.830829098820686340e-02 -4.777669906616210938e-02
1.826311964366194161e+03 3.212220879863990376e+03 2.258406554892512304e+03 2.271340000000000000e+19 5.361787602305412292e-02 8.870484679937362671e-02
1.822739707181195854e+03 3.215659677386050589e+03 2.256397867952616707e+03 2.271540000000000000e+19 -6.143588200211524963e-02 -1.208980530500411987e-01
1.819158746340885955e+03 3.219091727824150894e+03 2.254393142925183383e+03 2.271740000000000000e+19 4.281423985958099365e-03 1.432259827852249146e-01
1.815569098995301829e+03 3.222517014741458752e+03 2.252392389411264958e+03 2.271940000000000000e+19 -5.177030712366104126e-02 -1.045131906867027283e-01
1.811970782323533058e+03 3.225935521745424467e+03 2.250395616985940705e+03 2.272140000000000000e+19 -2.220458263764157891e-04 2.067127451300621033e-02
1.808363813558838501e+03 3.229347232464156150e+03 2.248402835212131777e+03 2.272340000000000000e+19 1.850056350231170654e-01 6.546059250831604004e-02
1.805049949336716963e+03 3.232468736624670328e+03 2.246579581347304156e+03 2.272540000000000000e+19 1.657230406999588013e-01 1.450413614511489868e-01
1.829875500849662785e+03 3.208775351667172799e+03 2.260419194159860581e+03 2.272740000000000000e+19 3.169414401054382324e-02 -7.739584892988204956e-02
1.826311964366194161e+03 3.212220879863990376e+03 2.258406554892512304e+03 2.272940000000000000e+19 3.588916733860969543e-03 6.911871582269668579e-02
1.822739707181195854e+03 3.215659677386050589e+03 2.256397867952616707e+03 2.273140000000000000e+19 -6.090759858489036560e-02 1.012254133820533752e-01
1.819158746340885955e+03 3.219091727824150894e+03 2.254393142925183383e+03 2.273340000000000000e+19 -7.585868239402770996e-02 8.234594017267227173e-03
1.815569098995301829e+03 3.222517014741458752e+03 2.252392389411264958e+03 2.273540000000000000e+19 4.255142528563737869e-03 2.480614557862281799e-02
1.811970782323533058e+03 3.225935521745424467e+03 2.250395616985940705e+03 2.273740000000000000e+19 1.096186339855194092e-01 3.315196558833122253e-02
1.808363813558838501e+03 3.229347232464156150e+03 2.248402835212131777e+03 2.273940000000000000e+19 1.556205004453659058e-02 -1.520280446857213974e-02
1.805049949336716963e+03 3.232468736624670328e+03 2.246579581347304156e+03 2.274140000000000000e+19 3.631135448813438416e-02 -5.160519108176231384e-02
1.793849763228758547e+03 3.242925786614782282e+03 2.240471804972243717e+03 2.274340000000000000e+19 -5.188798159360885620e-02 -1.055974364280700684e-01
1.790199793704856120e+03 3.246303271694992873e+03 2.238499119098359188e+03 2.274540000000000000e+19 -9.146913141012191772e-02 7.646032422780990601e-02
1.786541276227637127e+03 3.249673863062451801e+03 2.236530480781868846e+03 2.274740000000000000e+19 -5.254351720213890076e-02 5.090551823377609253e-02
1.782874228369527145e+03 3.253037544527695900e+03 2.234565899478430765e+03 2.274940000000000000e+19 -2.215945348143577576e-02 4.471262544393539429e-02
1.779198667603302965e+03 3.256394300063215269e+03 2.232605384549008704e+03 2.275140000000000000e+19 4.551878198981285095e-02 -3.236858546733856201e-02
1.775514611634542007e+03 3.259744113499308696e+03 2.230648945437514158e+03 2.275340000000000000e+19 7.265343517065048218e-02 -9.727951884269714355e-02
1.771822078004519426e+03 3.263086968886448176e+03 2.228696591459164210e+03 2.275540000000000000e+19 1.052982136607170105e-01 7.128675282001495361e-02
1.768429930773414299e+03 3.266145215797252149e+03 2.226910478095695908e+03 2.275740000000000000e+19 -1.650976575911045074e-02 1.673523634672164917e-01
1.793849763228758547e+03 3.242925786614782282e+03 2.240471804972243717e+03 2.275940000000000000e+19 1.062964927405118942e-02 1.669452935457229614e-01
1.790199793704856120e+03 3.246303271694992873e+03 2.238499119098359188e+03 2.276140000000000000e+19 -3.506576642394065857e-02 4.520227015018463135e-02
1.786541276227637127e+03 3.249673863062451801e+03 2.236530480781868846e+03 2.276340000000000000e+19 -7.878868840634822845e-03 -3.881923854351043701e-02
1.782874228369527145e+03 3.253037544527695900e+03 2.234565899478430765e+03 2.276540000000000000e+19 -5.369419977068901062e-02 -7.828158140182495117e-02
1.779198667603302965e+03 3.256394300063215269e+03 2.232605384549008704e+03 2.276740000000000000e+19 6.797812134027481079e-02 3.538545593619346619e-02
1.775514611634542007e+03 3.259744113499308696e+03 2.230648945437514158e+03 2.276940000000000000e+19 -2.113164961338043213e-02 6.138683483004570007e-02
1.771822078004519426e+03 3.263086968886448176e+03 2.228696591459164210e+03 2.277140000000000000e+19 9.934916347265243530e-02 2.786592952907085419e-02
1.768429930773414299e+03 3.266145215797252149e+03 2.226910478095695908e+03 2.277340000000000000e+19 -1.098007187247276306e-01 8.335678279399871826e-02
1.756967521165489870e+03 3.276388490252797510e+03 2.220928213588031667e+03 2.277540000000000000e+19 5.519301071763038635e-02 -6.574400514364242554e-02
1.753232865225602609e+03 3.279696315988342576e+03 2.218996425095809627e+03 2.277740000000000000e+19 7.593590021133422852e-02 3.614458255469799042e-03
1.749489838323909908e+03 3.282997088131149212e+03 2.217068777536307152e+03 2.277940000000000000e+19 1.786258257925510406e-02 1.471265032887458801e-02
1.745738458282302418e+03 3.286290790965054384e+03 2.215145280087731408e+03 2.278140000000000000e+19 -1.170443519949913025e-01 1.228439658880233765e-01
1.741978743158446832e+03 3.289577408635503161e+03 2.213225942009011305e+03 2.278340000000000000e+19 -4.424459114670753479e-02 -7.753808796405792236e-02
1.738210710840610091e+03 3.292856925505188428e+03 2.211310772432098929e+03 2.278540000000000000e+19 -3.401156282052397728e-03 -5.191988311707973480e-03
1.734434379466609471e+03 3.296129325787829657e+03 2.209399780575842215e+03 2.278740000000000000e+19 -9.389668703079223633e-02 7.203733175992965698e-02
1.730965572422509467e+03 3.299122852031438470e+03 2.207651662394897357e+03 2.278940000000000000e+19 -3.104278072714805603e-02 -1.213897839188575745e-01
1.756967521165489870e+03 3.276388490252797510e+03 2.220928213588031667e+03 2.279140000000000000e+19 -3.031604923307895660e-02 -3.122779540717601776e-02
1.753232865225602609e+03 3.279696315988342576e+03 2.218996425095809627e+03 2.279340000000000000e+19 -5.405980348587036133e-02 1.338473055511713028e-02
1.749489838323909908e+03 3.282997088131149212e+03 2.217068777536307152e+03 2.279540000000000000e+19 5.206450819969177246e-02 -1.928381063044071198e-02
1.745738458282302418e+03 3.286290790965054384e+03 2.215145280087731408e+03 2.279740000000000000e+19 5.456335842609405518e-02 -3.585268184542655945e-02
1.741978743158446832e+03 3.289577408635503161e+03 2.213225942009011305e+03 2.279940000000000000e+19 1.170772239565849304e-01 -3.746466711163520813e-02
1.738210710840610091e+03 3.292856925505188428e+03 2.211310772432098929e+03 2.280140000000000000e+19 -1.594821736216545105e-02 1.096690632402896881e-02
1.734434379466609471e+03 3.296129325787829657e+03 2.209399780575842215e+03 2.280340000000000000e+19 -2.447194978594779968e-02 1.018363144248723984e-02
1.730965572422509467e+03 3.299122852031438470e+03 2.207651662394897357e+03 2.280540000000000000e+19 -1.394997257739305496e-02 1.823826506733894348e-02
1.719881886474932344e+03 3.308607318432149441e+03 2.202113177926005847e+03 2.280740000000000000e+19 -2.905695885419845581e-02 3.689322620630264282e-02
1.716065698188168653e+03 3.311845101973660348e+03 2.200222506801934742e+03 2.280940000000000000e+19 3.696507588028907776e-02 2.618519589304924011e-02
1.712241316759652136e+03 3.315075678112616970e+03 2.198336066430735627e+03 2.281140000000000000e+19 -2.255184203386306763e-02 7.922348380088806152e-02
1.708408760558579161e+03 3.318299031332164304e+03 2.196453865873199447e+03 2.281340000000000000e+19 1.527974158525466919e-01 -3.086922876536846161e-02
1.704568047819862159e+03 3.321515146296068451e+03 2.194575914084543911e+03 2.281540000000000000e+19 4.446472972631454468e-03 1.118824407458305359e-01
1.700719197017710258e+03 3.324724007534371594e+03 2.192702220097964073e+03 2.281740000000000000e+19 4.937860742211341858e-02 -8.356378227472305298e-02
1.696862226518248235e+03 3.327925599735143351e+03 2.190832792854273976e+03 2.281940000000000000e+19 -7.612995803356170654e-03 1.007073149085044861e-01
1.693319656027292694e+03 3.330854086737949274e+03 2.189122852549805430e+03 2.282140000000000000e+19 -1.373442709445953369e-01 5.558062344789505005e-03
1.719881886474932344e+03 3.308607318432149441e+03 2.202113177926005847e+03 2.282340000000000000e+19 9.047910571098327637e-02 -8.169365674257278442e-02
1.716065698188168653e+03 3.311845101973660348e+03 2.200222506801934742e+03 2.282540000000000000e+19 1.810765713453292847e-01 -8.828258514404296875e-02
1.712241316759652136e+03 3.315075678112616970e+03 2.198336066430735627e+03 2.282740000000000000e+19 -3.818475455045700073e-02 7.063822448253631592e-02
1.708408760558579161e+03 3.318299031332164304e+03 2.196453865873199447e+03 2.282940000000000000e+19 6.132783368229866028e-02 3.066032379865646362e-02
1.704568047819862159e+03 3.321515146296068451e+03 2.194575914084543911e+03 2.283140000000000000e+19 5.098993889987468719e-03 5.411969497799873352e-02
1.700719197017710258e+03 3.324724007534371594e+03 2.192702220097964073e+03 2.283340000000000000e+19 1.229545995593070984e-01 3.938186541199684143e-02
1.696862226518248235e+03 3.327925599735143351e+03 2.190832792854273976e+03 2.283540000000000000e+19 2.074339985847473145e-02 8.714208006858825684e-02
1.693319656027292694e+03 3.330854086737949274e+03 2.189122852549805430e+03 2.283740000000000000e+19 -8.996789902448654175e-02 -1.224226877093315125e-02
1.681353517417665671e+03 3.340658972145774896e+03 2.183397929991641377e+03 2.283940000000000000e+19 -1.014287099242210388e-01 7.692186534404754639e-02
1.677456226190275174e+03 3.343823989938566228e+03 2.181549970303073223e+03 2.284140000000000000e+19 4.519782587885856628e-02 -8.168388158082962036e-02
1.673550926541620811e+03 3.346981647330278520e+03 2.179706330703396816e+03 2.284340000000000000e+19 1.094836648553609848e-02 -1.102969199419021606e-01
1.669637637283866070e+03 3.350131929110215424e+03 2.177867020073560525e+03 2.284540000000000000e+19 2.551749907433986664e-02 -6.685077399015426636e-02
1.665716377049586754e+03 3.353274820278762490e+03 2.176032047171166141e+03 2.284740000000000000e+19 2.230324223637580872e-02 -8.371465653181076050e-02
1.661787164632098211e+03 3.356410305772860283e+03 2.174201420790747761e+03 2.284940000000000000e+19 5.414157360792160034e-02 -4.695421084761619568e-02
1.657850018890378124e+03 3.359538370543267774e+03 2.172375149718664943e+03 2.285140000000000000e+19 7.306963205337524414e-02 1.104418933391571045e-02
1.654234116015445579e+03 3.362399326438633580e+03 2.170704845702992770e+03 2.285340000000000000e+19 -5.801710765808820724e-03 -5.715559050440788269e-02
1.681353517417665671e+03 3.340658972145774896e+03 2.183397929991641377e+03 2.285540000000000000e+19 7.264984399080276489e-02 2.936457842588424683e-02
1.677456226190275174e+03 3.343823989938566228e+03 2.181549970303073223e+03 2.285740000000000000e+19 -1.921574026346206665e-02 -2.459372207522392273e-02
1.673550926541620811e+03 3.346981647330278520e+03 2.179706330703396816e+03 2.285940000000000000e+19 -2.098243497312068939e-02 -7.306051999330520630e-02
1.669637637283866070e+03 3.350131929110215424e+03 2.177867020073560525e+03 2.286140000000000000e+19 -2.112916857004165649e-02 4.945801943540573120e-02
1.665716377049586754e+03 3.353274820278762490e+03 2.176032047171166141e+03 2.286340000000000000e+19 8.448071032762527466e-02 2.216506935656070709e-02
1.661787164632098211e+03 3.356410305772860283e+03 2.174201420790747761e+03 2.286540000000000000e+19 6.456389278173446655e-02 -1.158856786787509918e-02
1.657850018890378124e+03 3.359538370543267774e+03 2.172375149718664943e+03 2.286740000000000000e+19 -1.012481972575187683e-01 -4.558149352669715881e-02
1.654234116015445579e+03 3.362399326438633580e+03 2.170704845702992770e+03 2.286940000000000000e+19 -3.751613199710845947e-02 7.032345980405807495e-03
1.642022479641012751e+03 3.371976123881409421e+03 2.165113792790116349e+03 2.287140000000000000e+19 1.863860152661800385e-02 -3.691204125061631203e-03
1.638045950434167707e+03 3.375066861380571027e+03 2.163309428833465972e+03 2.287340000000000000e+19 -5.737569928169250488e-02 -2.144081331789493561e-02
1.634061601522965930e+03 3.378150088871267144e+03 2.161509472310932779e+03 2.287540000000000000e+19 -8.402010798454284668e-02 -4.051646217703819275e-02
1.630069451878371638e+03 3.381225791673201002e+03 2.159713931792713083e+03 2.287740000000000000e+19 1.700521912425756454e-03 5.420548096299171448e-02
1.626069520716982197e+03 3.384293954981149909e+03 2.157922815921814163e+03 2.287940000000000000e+19 -8.155122399330139160e-02 -9.939389675855636597e-02
1.622061827070099980e+03 3.387354564197126820e+03 2.156136133220140437e+03 2.288140000000000000e+19 4.330179095268249512e-02 -1.501385413575917482e-04
1.618046390229100325e+03 3.390407604588697723e+03 2.154353892288007046e+03 2.288340000000000000e+19 2.602607570588588715e-02 2.343198657035827637e-02
1.614358885367779294e+03 3.393199660261378995e+03 2.152724023886741179e+03 2.288540000000000000e+19 1.473624352365732193e-02 -9.441154450178146362e-02
1.642022479641012751e+03 3.371976123881409421e+03 2.165113792790116349e+03 2.288740000000000000e+19 -6.718739867210388184e-02 -6.226206570863723755e-02
1.638045950434167707e+03 3.375066861380571027e+03 2.163309428833465972e+03 2.288940000000000000e+19 -6.739570200443267822e-02 9.595613181591033936e-02
1.634061601522965930e+03 3.378150088871267144e+03 2.161509472310932779e+03 2.289140000000000000e+19 -2.661395259201526642e-02 -6.013087462633848190e-03
1.630069451878371638e+03 3.381225791673201002e+03 2.159713931792713083e+03 2.289340000000000000e+19 -1.108671799302101135e-01 -8.688750676810741425e-03
1.626069520716982197e+03 3.384293954981149909e+03 2.157922815921814163e+03 2.289540000000000000e+19 -3.799053654074668884e-02 -1.009495928883552551e-01
1.622061827070099980e+03 3.387354564197126820e+03 2.156136133220140437e+03 2.289740000000000000e+19 -7.915991544723510742e-02 -1.075242161750793457e-01
1.618046390229100325e+03 3.390407604588697723e+03 2.154353892288007046e+03 2.289940000000000000e+19 4.022507369518280029e-02 -1.180772902444005013e-03
1.614358885367779294e+03 3.393199660261378995e+03 2.152724023886741179e+03 2.290140000000000000e+19 -6.966565549373626709e-02 8.746933192014694214e-02
1.601907595129081074e+03 3.402543786756444206e+03 2.147269516217191722e+03 2.290340000000000000e+19 -2.235163003206253052e-02 5.395535007119178772e-02
1.597853731000356447e+03 3.405558764821430941e+03 2.145509611509300157e+03 2.290540000000000000e+19 -4.939736798405647278e-02 7.531008869409561157e-02
1.593792239503654628e+03 3.408566086963256112e+03 2.143754199413904644e+03 2.290740000000000000e+19 8.243939839303493500e-03 -1.042758598923683167e-01
1.589723140005385403e+03 3.411565738841946768e+03 2.142003288301418252e+03 2.290940000000000000e+19 -1.092156693339347839e-01 8.831191807985305786e-03
1.585646452007419839e+03 3.414557706080943262e+03 2.140256886563493026e+03 2.291140000000000000e+19 -7.118059694766998291e-02 1.052340026944875717e-02
1.581562195090809382e+03 3.417541974309467150e+03 2.138515002588292646e+03 2.291340000000000000e+19 -1.747353561222553253e-02 -6.970430165529251099e-02
1.577470388688014509e+03 3.420518529328830482e+03 2.136777644663418869e+03 2.291540000000000000e+19 -6.391621381044387817e-02 -3.502859175205230713e-02
1.573713047154360311e+03 3.423240348164709303e+03 2.135188992126639278e+03 2.291740000000000000e+19 -2.393059991300106049e-02 1.189171150326728821e-01
1.601907595129081074e+03 3.402543786756444206e+03 2.147269516217191722e+03 2.291940000000000000e+19 -9.649007767438888550e-02 3.382239118218421936e-02
1.597853731000356447e+03 3.405558764821430941e+03 2.145509611509300157e+03 2.292140000000000000e+19 -1.098498329520225525e-01 -7.321464270353317261e-02
1.593792239503654628e+03 3.408566086963256112e+03 2.143754199413904644e+03 2.292340000000000000e+19 -1.565251648426055908e-01 2.211725153028964996e-02
1.589723140005385403e+03 3.411565738841946768e+03 2.142003288301418252e+03 2.292540000000000000e+19 -4.826694726943969727e-02 7.101371884346008301e-02
1.585646452007419839e+03 3.414557706080943262e+03 2.140256886563493026e+03 2.292740000000000000e+19 5.605887621641159058e-02 8.345313370227813721e-02
1.581562195090809382e+03 3.417541974309467150e+03 2.138515002588292646e+03 2.292940000000000000e+19 6.482101976871490479e-03 1.021123602986335754e-01
1.577470388688014509e+03 3.420518529328830482e+03 2.136777644663418869e+03 2.293140000000000000e+19 -3.401529043912887573e-02 2.531292848289012909e-02
1.573713047154360311e+03 3.423240348164709303e+03 2.135188992126639278e+03 2.293340000000000000e+19 -3.383588418364524841e-02 1.400631014257669449e-02
