# Baseline: 13-14
# u [m], v [m], w [m], frequency [GHz], real, imag
-4.539594456218585037e+03 1.399959828985139438e+03 -4.376394003390713806e+03 2.267940000000000000e+19 1.261455845087766647e-02 9.367749094963073730e-02
-4.547063878618116178e+03 1.391393620267666620e+03 -4.371368630058793315e+03 2.268140000000000000e+19 2.811598032712936401e-02 -1.120642200112342834e-01
-4.554511556704418581e+03 1.382813318409193016e+03 -4.366335033972261954e+03 2.268340000000000000e+19 -3.267300082370638847e-03 9.485875070095062256e-02
-4.561937454886929117e+03 1.374218964413146523e+03 -4.361293239185606581e+03 2.268540000000000000e+19 2.300217561423778534e-02 1.903675496578216553e-02
-4.567493246723358425e+03 1.367764438725651644e+03 -4.357506782046174521e+03 2.268740000000000000e+19 -4.973264411091804504e-02 -2.413638681173324585e-02
-4.576723769490222367e+03 1.356988264595933970e+03 -4.351185150065488415e+03 2.268940000000000000e+19 1.035291403532028198e-01 -1.209064051508903503e-01
-4.584084114993790536e+03 1.348352001416863459e+03 -4.346118904212587040e+03 2.269140000000000000e+19 -3.199104219675064087e-02 1.879980713129043579e-01
-4.593254605789161360e+03 1.337537708571162739e+03 -4.339775033176824763e+03 2.269340000000000000e+19 -1.366906613111495972e-01 6.040489301085472107e-02
-4.539594456218585037e+03 1.399959828985139438e+03 -4.376394003390713806e+03 2.269540000000000000e+19 2.186100371181964874e-02 -4.779719561338424683e-02
-4.547063878618116178e+03 1.391393620267666620e+03 -4.371368630058793315e+03 2.269740000000000000e+19 1.238332595676183701e-02 4.117962345480918884e-02
-4.554511556704418581e+03 1.382813318409193016e+03 -4.366335033972261954e+03 2.269940000000000000e+19 3.480373322963714600e-02 -1.220728829503059387e-02
-4.561937454886929117e+03 1.374218964413146523e+03 -4.361293239185606581e+03 2.270140000000000000e+19 -4.432828351855278015e-02 1.060882657766342163e-01
-4.567493246723358425e+03 1.367764438725651644e+03 -4.357506782046174521e+03 2.270340000000000000e+19 1.153321713209152222e-01 5.008667707443237305e-03
-4.576723769490222367e+03 1.356988264595933970e+03 -4.351185150065488415e+03 2.270540000000000000e+19 5.186597257852554321e-02 -1.826355047523975372e-02
-4.584084114993790536e+03 1.348352001416863459e+03 -4.346118904212587040e+03 2.270740000000000000e+19 1.362659968435764313e-02 1.254981011152267456e-01
-4.593254605789161360e+03 1.337537708571162739e+03 -4.339775033176824763e+03 2.270940000000000000e+19 5.100124981254339218e-04 1.419845968484878540e-01
-4.613305932084677806e+03 1.313668490797713730e+03 -4.325773144294183112e+03 2.271140000000000000e+19 -1.067692786455154419e-01 8.293899148702621460e-02
-4.620556320290142139e+03 1.304963206179628287e+03 -4.320666631917190898e+03 2.271340000000000000e+19 4.705673083662986755e-02 -1.495858840644359589e-02
-4.627784612417847711e+03 1.296244242115405314e+03 -4.315552139468272799e+03 2.271540000000000000e+19 4.235714301466941833e-02 4.300380498170852661e-02
-4.634990773976056516e+03 1.287511640210418136e+03 -4.310429691352900591e+03 2.271740000000000000e+19 1.779969483613967896e-01 5.165122449398040771e-02
-4.642174770452949815e+03 1.278765442287064616e+03 -4.305299312103643388e+03 2.271940000000000000e+19 5.259375274181365967e-02 -1.001351475715637207e-01
-4.649336567467767964e+03 1.270005690202323649e+03 -4.300161026273143762e+03 2.272140000000000000e+19 -2.338297897949814796e-03 -1.234294176101684570e-01
-4.656476130721417576e+03 1.261232425908782261e+03 -4.295014858469911815e+03 2.272340000000000000e+19 3.904063999652862549e-02 -7.189762312918901443e-03
-4.663001453423339626e+03 1.253178603641583322e+03 -4.290290734615246947e+03 2.272540000000000000e+19 -1.911020427942276001e-01 -2.610597945749759674e-02
-4.613305932084677806e+03 1.313668490797713730e+03 -4.325773144294183112e+03 2.272740000000000000e+19 6.693931668996810913e-02 1.238485425710678101e-02
-4.620556320290142139e+03 1.304963206179628287e+03 -4.320666631917190898e+03 2.272940000000000000e+19 -8.611064986325800419e-04 6.784901022911071777e-02
-4.627784612417847711e+03 1.296244242115405314e+03 -4.315552139468272799e+03 2.273140000000000000e+19 1.714050956070423126e-02 -1.031623110175132751e-01
-4.634990773976056516e+03 1.287511640210418136e+03 -4.310429691352900591e+03 2.273340000000000000e+19 -5.234697461128234863e-02 -3.005686961114406586e-02
-4.642174770452949815e+03 1.278765442287064616e+03 -4.305299312103643388e+03 2.273540000000000000e+19 -3.523105010390281677e-02 1.306101772934198380e-02
-4.649336567467767964e+03 1.270005690202323649e+03 -4.300161026273143762e+03 2.273740000000000000e+19 1.321101039648056030e-01 6.726790219545364380e-02
-4.656476130721417576e+03 1.261232425908782261e+03 -4.295014858469911815e+03 2.273940000000000000e+19 -8.312341570854187012e-02 7.393029332160949707e-02
-4.663001453423339626e+03 1.253178603641583322e+03 -4.290290734615246947e+03 2.274140000000000000e+19 1.462318301200866699e-01 -1.511523425579071045e-01
-4.684811364759149001e+03 1.226005086853580224e+03 -4.274351860370200484e+03 2.274340000000000000e+19 -1.041591390967369080e-01 -8.498891256749629974e-03
-4.691839248920207865e+03 1.217164892478809406e+03 -4.269166652805547528e+03 2.274540000000000000e+19 4.463639575988054276e-03 9.871543943881988525e-02
-4.698844696011995438e+03 1.208311438654643325e+03 -4.263973711527140040e+03 2.274740000000000000e+19 1.121684908866882324e-01 4.731522873044013977e-03
-4.705827672386315498e+03 1.199444767905586332e+03 -4.258773061477480951e+03 2.274940000000000000e+19 -1.552490517497062683e-02 -6.812831014394760132e-02
-4.712788144770105646e+03 1.190564922479725965e+03 -4.253564727436743851e+03 2.275140000000000000e+19 4.405787214636802673e-02 5.371462553739547729e-02
-4.719726079634447160e+03 1.181671945152165790e+03 -4.248348734494004930e+03 2.275340000000000000e+19 -1.056118085980415344e-01 1.870596222579479218e-02
-4.726641443945817628e+03 1.172765878265818174e+03 -4.243125107484634100e+03 2.275540000000000000e+19 2.136595360934734344e-02 6.586389243602752686e-02
-4.732960960078869903e+03 1.164590686959474397e+03 -4.238330194427406241e+03 2.275740000000000000e+19 -8.565205335617065430e-02 2.668538317084312439e-02
-4.684811364759149001e+03 1.226005086853580224e+03 -4.274351860370200484e+03 2.275940000000000000e+19 5.042779818177223206e-02 -1.356948539614677429e-02
-4.691839248920207865e+03 1.217164892478809406e+03 -4.269166652805547528e+03 2.276140000000000000e+19 -5.322171002626419067e-02 2.583666518330574036e-02
-4.698844696011995438e+03 1.208311438654643325e+03 -4.263973711527140040e+03 2.276340000000000000e+19 -6.946817785501480103e-02 -2.551055885851383209e-02
-4.705827672386315498e+03 1.199444767905586332e+03 -4.258773061477480951e+03 2.276540000000000000e+19 -7.814324647188186646e-02 1.089090481400489807e-01
-4.712788144770105646e+03 1.190564922479725965e+03 -4.253564727436743851e+03 2.276740000000000000e+19 -8.300327509641647339e-02 -8.995316177606582642e-02
-4.719726079634447160e+03 1.181671945152165790e+03 -4.248348734494004930e+03 2.276940000000000000e+19 -1.653067171573638916e-01 -2.635818347334861755e-02
-4.726641443945817628e+03 1.172765878265818174e+03 -4.243125107484634100e+03 2.277140000000000000e+19 -7.519164588302373886e-03 7.075828313827514648e-02
-4.732960960078869903e+03 1.164590686959474397e+03 -4.238330194427406241e+03 2.277340000000000000e+19 4.983454011380672455e-03 1.073739975690841675e-01
-4.754076534900690604e+03 1.137011569129903364e+03 -4.222154759668345832e+03 2.277540000000000000e+19 5.518793128430843353e-03 9.892808645963668823e-02
-4.760878551969174623e+03 1.128040695305683812e+03 -4.216893338199643040e+03 2.277740000000000000e+19 7.711655646562576294e-02 1.178468838334083557e-01
-4.767657801420938995e+03 1.119056988743744569e+03 -4.211624433293116454e+03 2.277940000000000000e+19 4.224909469485282898e-02 -3.586237551644444466e-03
-4.774414250977586562e+03 1.110060492218728314e+03 -4.206348070035922319e+03 2.278140000000000000e+19 1.063590496778488159e-01 8.078803308308124542e-03
-4.781147868116343489e+03 1.101051249036216404e+03 -4.201064273826395038e+03 2.278340000000000000e+19 3.862894326448440552e-02 7.570886611938476562e-02
-4.787858620799560413e+03 1.092029302061081808e+03 -4.195773069804195984e+03 2.278540000000000000e+19 -5.074676126241683960e-02 8.857543021440505981e-02
-4.794546476724409331e+03 1.082994694721398673e+03 -4.190474483439094911e+03 2.278740000000000000e+19 6.810696423053741455e-02 5.268234759569168091e-03
-4.800657162308452826e+03 1.074702046333106637e+03 -4.185611075621201053e+03 2.278940000000000000e+19 1.052923053503036499e-01 -3.074870444834232330e-02
-4.754076534900690604e+03 1.137011569129903364e+03 -4.222154759668345832e+03 2.279140000000000000e+19 1.752863265573978424e-02 -8.890458941459655762e-02
-4.760878551969174623e+03 1.128040695305683812e+03 -4.216893338199643040e+03 2.279340000000000000e+19 -7.582646608352661133e-02 -1.546749379485845566e-02
-4.767657801420938995e+03 1.119056988743744569e+03 -4.211624433293116454e+03 2.279540000000000000e+19 -2.564885420724749565e-03 -2.190752699971199036e-02
-4.774414250977586562e+03 1.110060492218728314e+03 -4.206348070035922319e+03 2.279740000000000000e+19 8.455468341708183289e-03 1.581977680325508118e-02
-4.781147868116343489e+03 1.101051249036216404e+03 -4.201064273826395038e+03 2.279940000000000000e+19 2.929827757179737091e-02 1.668609119951725006e-02
-4.787858620799560413e+03 1.092029302061081808e+03 -4.195773069804195984e+03 2.280140000000000000e+19 -7.031892985105514526e-02 -3.539808839559555054e-02
-4.794546476724409331e+03 1.082994694721398673e+03 -4.190474483439094911e+03 2.280340000000000000e+19 3.048064187169075012e-02 -5.225205421447753906e-02
-4.800657162308452826e+03 1.074702046333106637e+03 -4.185611075621201053e+03 2.280540000000000000e+19 1.365838944911956787e-02 -1.090086102485656738e-01
-4.819970570629535359e+03 1.048245527280763554e+03 -4.170095302918130074e+03 2.280740000000000000e+19 1.331977546215057373e-02 -1.567940227687358856e-02
-4.826547310189153905e+03 1.039150338087487626e+03 -4.164761392922467166e+03 2.280940000000000000e+19 1.957063190639019012e-02 5.888941138982772827e-02
-4.833100967952947940e+03 1.030042741437129507e+03 -4.159420248905398694e+03 2.281140000000000000e+19 4.913649056106805801e-03 -2.049877075478434563e-03
-4.839631512443033898e+03 1.020922781075032390e+03 -4.154071896521357303e+03 2.281340000000000000e+19 -6.070314440876245499e-03 -4.721462354063987732e-02
-4.846138912588179664e+03 1.011790500392964645e+03 -4.148716361217224403e+03 2.281540000000000000e+19 3.538182750344276428e-02 3.649102058261632919e-03
-4.852623137086849056e+03 1.002645943318168975e+03 -4.143353668753703460e+03 2.281740000000000000e+19 8.648294210433959961e-02 5.120001733303070068e-02
-4.859084154998040503e+03 9.934891534869324232e+02 -4.137983844720668458e+03 2.281940000000000000e+19 3.977037221193313599e-02 5.571791902184486389e-02
-4.864986638138509079e+03 9.850848755295784258e+02 -4.133055353308996928e+03 2.282140000000000000e+19 1.169284339994192123e-02 -1.630804389715194702e-01
-4.819970570629535359e+03 1.048245527280763554e+03 -4.170095302918130074e+03 2.282340000000000000e+19 5.517151579260826111e-02 -1.356625836342573166e-02
-4.826547310189153905e+03 1.039150338087487626e+03 -4.164761392922467166e+03 2.282540000000000000e+19 6.231475993990898132e-02 9.759986400604248047e-02
-4.833100967952947940e+03 1.030042741437129507e+03 -4.159420248905398694e+03 2.282740000000000000e+19 4.692864418029785156e-02 -8.408927172422409058e-02
-4.839631512443033898e+03 1.020922781075032390e+03 -4.154071896521357303e+03 2.282940000000000000e+19 -6.730964779853820801e-02 1.238888781517744064e-02
-4.846138912588179664e+03 1.011790500392964645e+03 -4.148716361217224403e+03 2.283140000000000000e+19 -1.787246316671371460e-01 6.255189329385757446e-02
-4.852623137086849056e+03 1.002645943318168975e+03 -4.143353668753703460e+03 2.283340000000000000e+19 1.001571193337440491e-01 3.737215697765350342e-02
-4.859084154998040503e+03 9.934891534869324232e+02 -4.137983844720668458e+03 2.283540000000000000e+19 5.584567412734031677e-02 -5.866475775837898254e-02
-4.864986638138509079e+03 9.850848755295784258e+02 -4.133055353308996928e+03 2.283740000000000000e+19 3.682469250634312630e-03 -8.654743432998657227e-02
-4.884695543818763326e+03 9.567405441974966607e+02 -4.116433747542171659e+03 2.283940000000000000e+19 -8.273831009864807129e-02 -9.539099782705307007e-02
-4.891040067029251986e+03 9.475232493331795922e+02 -4.111028651968450504e+03 2.284140000000000000e+19 -2.362366765737533569e-03 -3.230377659201622009e-02
-4.897361199887074690e+03 9.382939853865807436e+02 -4.105616579448905213e+03 2.284340000000000000e+19 2.908603101968765259e-02 5.038764327764511108e-02
-4.903658911942849954e+03 9.290527968158534122e+02 -4.100197556053954941e+03 2.284540000000000000e+19 5.033216252923011780e-02 -2.355213835835456848e-02
-4.909933173210976747e+03 9.197997276216148066e+02 -4.094771607585525089e+03 2.284740000000000000e+19 -5.148858297616243362e-03 2.284997142851352692e-02
-4.916183953620437023e+03 9.105348221508971847e+02 -4.089338760048476161e+03 2.284940000000000000e+19 -1.122761238366365433e-02 -7.474719732999801636e-02
-4.922411223169759069e+03 9.012581248722760847e+02 -4.083899039518743848e+03 2.285140000000000000e+19 1.075607016682624817e-01 6.703283637762069702e-02
-4.928099174617833341e+03 8.927443137863159563e+02 -4.078906700344034562e+03 2.285340000000000000e+19 3.635210171341896057e-02 6.056012585759162903e-02
-4.884695543818763326e+03 9.567405441974966607e+02 -4.116433747542171659e+03 2.285540000000000000e+19 -2.560976892709732056e-02 -1.656297780573368073e-02
-4.891040067029251986e+03 9.475232493331795922e+02 -4.111028651968450504e+03 2.285740000000000000e+19 3.564821556210517883e-02 6.911046802997589111e-02
-4.897361199887074690e+03 9.382939853865807436e+02 -4.105616579448905213e+03 2.285940000000000000e+19 4.157537966966629028e-02 2.424017712473869324e-02
-4.903658911942849954e+03 9.290527968158534122e+02 -4.100197556053954941e+03 2.286140000000000000e+19 8.100363612174987793e-02 -1.233708672225475311e-02
-4.909933173210976747e+03 9.197997276216148066e+02 -4.094771607585525089e+03 2.286340000000000000e+19 -1.152420938014984131e-01 6.180784478783607483e-02
-4.916183953620437023e+03 9.105348221508971847e+02 -4.089338760048476161e+03 2.286540000000000000e+19 5.205582454800605774e-02 4.694666340947151184e-02
-4.922411223169759069e+03 9.012581248722760847e+02 -4.083899039518743848e+03 2.286740000000000000e+19 1.154568344354629517e-01 -6.917349249124526978e-02
-4.928099174617833341e+03 8.927443137863159563e+02 -4.078906700344034562e+03 2.286940000000000000e+19 4.978595674037933350e-02 1.136739831417798996e-02
-4.947084599136450379e+03 8.640343053740841697e+02 -4.062071948001756482e+03 2.287140000000000000e+19 -4.904318600893020630e-02 -1.006825342774391174e-01
-4.953193869980614181e+03 8.546993155666660869e+02 -4.056598253336927883e+03 2.287340000000000000e+19 -4.397758468985557556e-02 4.268376901745796204e-02
-4.959279452847004904e+03 8.453528011664119504e+02 -4.051117842367502817e+03 2.287540000000000000e+19 -1.180025842040777206e-02 -7.969747483730316162e-02
-4.965341318760192735e+03 8.359948066755022182e+02 -4.045630741187735111e+03 2.287740000000000000e+19 -1.079635601490736008e-02 -5.234878510236740112e-02
-4.971379438540748197e+03 8.266253771395619196e+02 -4.040136976210328157e+03 2.287940000000000000e+19 -3.899689018726348877e-02 -3.935840725898742676e-02
-4.977393783460089253e+03 8.172445571373826851e+02 -4.034636573573972782e+03 2.288140000000000000e+19 9.418410062789916992e-02 -1.824885793030261993e-02
-4.983384324567802651e+03 8.078523918243769231e+02 -4.029129559755444461e+03 2.288340000000000000e+19 -3.965518996119499207e-02 -1.210013031959533691e-01
-4.988855022348413513e+03 7.992331219109182712e+02 -4.024075761912119106e+03 2.288540000000000000e+19 -1.037553325295448303e-02 1.030317321419715881e-02
-4.947084599136450379e+03 8.640343053740841697e+02 -4.062071948001756482e+03 2.288740000000000000e+19 -1.663694158196449280e-02 5.130774155259132385e-02
-4.953193869980614181e+03 8.546993155666660869e+02 -4.056598253336927883e+03 2.288940000000000000e+19 6.211290881037712097e-02 7.823812216520309448e-02
-4.959279452847004904e+03 8.453528011664119504e+02 -4.051117842367502817e+03 2.289140000000000000e+19 2.978929504752159119e-02 -4.906624928116798401e-02
-4.965341318760192735e+03 8.359948066755022182e+02 -4.045630741187735111e+03 2.289340000000000000e+19 -7.825825363397598267e-03 3.470250964164733887e-02
-4.971379438540748197e+03 8.266253771395619196e+02 -4.040136976210328157e+03 2.289540000000000000e+19 -3.692924976348876953e-03 3.501781821250915527e-02
-4.977393783460089253e+03 8.172445571373826851e+02 -4.034636573573972782e+03 2.289740000000000000e+19 1.041085422039031982e-01 -1.346875564195215702e-03
-4.983384324567802651e+03 8.078523918243769231e+02 -4.029129559755444461e+03 2.289940000000000000e+19 -2.976787835359573364e-02 1.713860593736171722e-02
-4.988855022348413513e+03 7.992331219109182712e+02 -4.024075761912119106e+03 2.290140000000000000e+19 -3.947854042053222656e-03 2.980526536703109741e-02
-5.007107880235405901e+03 7.701711756397797899e+02 -4.007035919294653468e+03 2.290340000000000000e+19 7.448897510766983032e-02 3.182181715965270996e-02
-5.012978974991318864e+03 7.607229583582537771e+02 -4.001496245098882355e+03 2.290540000000000000e+19 -4.216939210891723633e-02 -9.787947684526443481e-02
-5.018826095677736703e+03 7.512636661987805837e+02 -3.995950118283978099e+03 2.290740000000000000e+19 3.076114133000373840e-02 3.700320795178413391e-02
-5.024649214413440859e+03 7.417933442661865229e+02 -3.990397565295590539e+03 2.290940000000000000e+19 3.032930567860603333e-02 -1.195085719227790833e-01
-5.030448303289617797e+03 7.323120379487519358e+02 -3.984838612745369574e+03 2.291140000000000000e+19 3.561524301767349243e-02 7.057800889015197754e-02
-5.036223334452703057e+03 7.228197927867772705e+02 -3.979273287333900043e+03 2.291340000000000000e+19 -1.653324067592620850e-01 9.944002144038677216e-03
-5.041974280426115001e+03 7.133166539432904756e+02 -3.973701615540375315e+03 2.291540000000000000e+19 -4.469821229577064514e-02 -7.157170027494430542e-02
-5.047225105622716001e+03 7.045960514821116476e+02 -3.968588778419903974e+03 2.291740000000000000e+19 -5.244309827685356140e-02 -2.459544315934181213e-02
-5.007107880235405901e+03 7.701711756397797899e+02 -4.007035919294653468e+03 2.291940000000000000e+19 4.971060156822204590e-02 2.756060473620891571e-02
-5.012978974991318864e+03 7.607229583582537771e+02 -4.001496245098882355e+03 2.292140000000000000e+19 1.041670739650726318e-01 4.750046506524085999e-02
-5.018826095677736703e+03 7.512636661987805837e+02 -3.995950118283978099e+03 2.292340000000000000e+19 1.244937479496002197e-01 3.008833713829517365e-02
-5.024649214413440859e+03 7.417933442661865229e+02 -3.990397565295590539e+03 2.292540000000000000e+19 2.203596942126750946e-02 -1.116971834562718868e-03
-5.030448303289617797e+03 7.323120379487519358e+02 -3.984838612745369574e+03 2.292740000000000000e+19 5.389064922928810120e-02 1.291006710380315781e-02
-5.036223334452703057e+03 7.228197927867772705e+02 -3.979273287333900043e+03 2.292940000000000000e+19 -6.125237420201301575e-02 3.958773612976074219e-02
-5.041974280426115001e+03 7.133166539432904756e+02 -3.973701615540375315e+03 2.293140000000000000e+19 -6.914082914590835571e-02 -7.952678203582763672e-02
-5.047225105622716001e+03 7.045960514821116476e+02 -3.968588778419903974e+03 2.293340000000000000e+19 2.090943418443202972e-02 1.399062387645244598e-02
