# Baseline: 0-14
# Entries: 128
# u [m], v [m], w [m], frequency [GHz], real, imag
1.303433805043235054e+02 2.210119532764641974e+02 1.582975166766652819e+02 2.267940000000000000e+19 -6.539428234100341797e-02 8.302229642868041992e-02
1.301008035467553725e+02 2.212573981872172624e+02 1.581541298299988227e+02 2.268140000000000000e+19 7.074939459562301636e-02 -5.314211174845695496e-02
1.298576053178808820e+02 2.215023849190850171e+02 1.580110120676263534e+02 2.268340000000000000e+19 -1.387614011764526367e-01 2.243014611303806305e-02
1.296137869798940301e+02 2.217469123013347883e+02 1.578681640734722578e+02 2.268540000000000000e+19 1.468834877014160156e-01 -7.338999956846237183e-02
1.294305362934960613e+02 2.219300201070608693e+02 1.577611970553786591e+02 2.268740000000000000e+19 -1.717582792043685913e-01 3.817119449377059937e-02
1.291242946469141657e+02 2.222345843381814063e+02 1.575832801230698408e+02 2.268940000000000000e+19 1.793248206377029419e-01 9.585826098918914795e-02
1.288786229996369457e+02 2.224777266538255560e+02 1.574412455331684839e+02 2.269140000000000000e+19 8.404157310724258423e-02 4.741074144840240479e-02
1.285706930010673261e+02 2.227810207517758840e+02 1.572640744937003205e+02 2.269340000000000000e+19 2.313698679208755493e-01 -2.574232406914234161e-02
1.303433805043235054e+02 2.210119532764641974e+02 1.582975166766652819e+02 2.269540000000000000e+19 -2.331746518611907959e-01 9.267313033342361450e-02
1.301008035467553725e+02 2.212573981872172624e+02 1.581541298299988227e+02 2.269740000000000000e+19 5.221471562981605530e-02 5.760808289051055908e-02
1.298576053178808820e+02 2.215023849190850171e+02 1.580110120676263534e+02 2.269940000000000000e+19 6.446325220167636871e-03 -3.183816000819206238e-02
1.296137869798940301e+02 2.217469123013347883e+02 1.578681640734722578e+02 2.270140000000000000e+19 1.031457856297492981e-01 -2.139967121183872223e-02
1.294305362934960613e+02 2.219300201070608693e+02 1.577611970553786591e+02 2.270340000000000000e+19 -1.277942508459091187e-01 -1.617526449263095856e-02
1.291242946469141657e+02 2.222345843381814063e+02 1.575832801230698408e+02 2.270540000000000000e+19 4.013082757592201233e-02 9.361432492733001709e-02
1.288786229996369457e+02 2.224777266538255560e+02 1.574412455331684839e+02 2.270740000000000000e+19 -3.970650956034660339e-02 7.360186427831649780e-02
1.285706930010673261e+02 2.227810207517758840e+02 1.572640744937003205e+02 2.270940000000000000e+19 4.890330880880355835e-02 -9.619751572608947754e-02
1.278897939705626499e+02 2.234456441417806616e+02 1.568758389000860234e+02 2.271140000000000000e+19 -3.198615461587905884e-02 5.331946909427642822e-02
1.276410570194839522e+02 2.236864547789955111e+02 1.567351735563097179e+02 2.271340000000000000e+19 6.658448278903961182e-02 -1.421154439449310303e-01
1.273917105705726556e+02 2.239267956108440103e+02 1.565947840885370965e+02 2.271540000000000000e+19 3.345133364200592041e-02 -2.030843347311019897e-01
1.271417558136688370e+02 2.241666654904714164e+02 1.564546711666755243e+02 2.271740000000000000e+19 -7.968935370445251465e-02 -6.568778306245803833e-02
1.268911939458626534e+02 2.244060632690888042e+02 1.563148354617554219e+02 2.271940000000000000e+19 2.691447362303733826e-02 1.492245346307754517e-01
1.266400261662761011e+02 2.246449878009996155e+02 1.561752776429939331e+02 2.272140000000000000e+19 -5.948774982243776321e-03 -1.305679827928543091e-01
1.263882536778157544e+02 2.248834379419478751e+02 1.560359983787595297e+02 2.272340000000000000e+19 -5.643416568636894226e-02 -5.896606296300888062e-02
1.261569397058263178e+02 2.251016055939525700e+02 1.559085674274369353e+02 2.272540000000000000e+19 -1.775890216231346130e-02 -4.411793779581785202e-03
1.278897939705626499e+02 2.234456441417806616e+02 1.568758389000860234e+02 2.272740000000000000e+19 1.148061677813529968e-01 -5.766071006655693054e-02
1.276410570194839522e+02 2.236864547789955111e+02 1.567351735563097179e+02 2.272940000000000000e+19 2.891227975487709045e-02 7.577557116746902466e-04
1.273917105705726556e+02 2.239267956108440103e+02 1.565947840885370965e+02 2.273140000000000000e+19 -4.985135048627853394e-02 -6.971249822527170181e-04
1.271417558136688370e+02 2.241666654904714164e+02 1.564546711666755243e+02 2.273340000000000000e+19 1.018883585929870605e-01 -1.399608328938484192e-02
1.268911939458626534e+02 2.244060632690888042e+02 1.563148354617554219e+02 2.273540000000000000e+19 -6.390056014060974121e-02 -6.068589910864830017e-02
1.266400261662761011e+02 2.246449878009996155e+02 1.561752776429939331e+02 2.273740000000000000e+19 2.127886116504669189e-01 1.280602514743804932e-01
1.263882536778157544e+02 2.248834379419478751e+02 1.560359983787595297e+02 2.273940000000000000e+19 5.646650865674018860e-02 -6.006352603435516357e-02
1.261569397058263178e+02 2.251016055939525700e+02 1.559085674274369353e+02 2.274140000000000000e+19 1.424723025411367416e-02 -1.156967580318450928e-01
1.253751407628004415e+02 2.258324718203386112e+02 1.554816801703539966e+02 2.274340000000000000e+19 -5.039598420262336731e-02 -4.574112221598625183e-02
1.251203628579215490e+02 2.260685329380081612e+02 1.553438036483319706e+02 2.274540000000000000e+19 -8.070086687803268433e-02 -1.525046676397323608e-01
1.248649875133447864e+02 2.263041128552999623e+02 1.552062096581218213e+02 2.274740000000000000e+19 7.226351182907819748e-03 2.676343172788619995e-02
1.246090159556773500e+02 2.265392104406875831e+02 1.550688988606075327e+02 2.274940000000000000e+19 -9.364757686853408813e-02 -9.865565225481987000e-03
1.243524494045744859e+02 2.267738245739617469e+02 1.549318719100566568e+02 2.275140000000000000e+19 9.026927500963211060e-02 -6.716743111610412598e-02
1.240952890959453043e+02 2.270079541249709507e+02 1.547951294665356272e+02 2.275340000000000000e+19 -4.806495085358619690e-02 2.223878353834152222e-02
1.238375362542336120e+02 2.272415979789503808e+02 1.546586721811178791e+02 2.275540000000000000e+19 1.590003632009029388e-02 1.817943900823593140e-02
1.236007508634674394e+02 2.274553500925442506e+02 1.545338337531796924e+02 2.275740000000000000e+19 -9.372663497924804688e-02 -1.430168747901916504e-02
1.253751407628004415e+02 2.258324718203386112e+02 1.554816801703539966e+02 2.275940000000000000e+19 1.790938526391983032e-02 -7.996246963739395142e-02
1.251203628579215490e+02 2.260685329380081612e+02 1.553438036483319706e+02 2.276140000000000000e+19 1.359621882438659668e-01 1.114563196897506714e-01
1.248649875133447864e+02 2.263041128552999623e+02 1.552062096581218213e+02 2.276340000000000000e+19 5.644687265157699585e-02 -6.725918501615524292e-02
1.246090159556773500e+02 2.265392104406875831e+02 1.550688988606075327e+02 2.276540000000000000e+19 6.194707006216049194e-02 2.204762026667594910e-02
1.243524494045744859e+02 2.267738245739617469e+02 1.549318719100566568e+02 2.276740000000000000e+19 -7.323164492845535278e-03 -5.800826847553253174e-02
1.240952890959453043e+02 2.270079541249709507e+02 1.547951294665356272e+02 2.276940000000000000e+19 1.008647158741950989e-01 1.981053128838539124e-02
1.238375362542336120e+02 2.272415979789503808e+02 1.546586721811178791e+02 2.277140000000000000e+19 8.168321102857589722e-02 1.719532348215579987e-02
1.236007508634674394e+02 2.274553500925442506e+02 1.545338337531796924e+02 2.277340000000000000e+19 -1.287707537412643433e-01 -6.550876051187515259e-02
1.228006242876580814e+02 2.281712940800836122e+02 1.541157076704207327e+02 2.277540000000000000e+19 1.566211692988872528e-02 -1.084029581397771835e-02
1.225399273481666285e+02 2.284024927158727962e+02 1.539806859481232379e+02 2.277740000000000000e+19 -7.739957422018051147e-02 4.610254615545272827e-02
1.222786453236737572e+02 2.286331989766976562e+02 1.538459532839952715e+02 2.277940000000000000e+19 4.852078855037689209e-02 -8.431318402290344238e-02
1.220167794582366696e+02 2.288634117640829686e+02 1.537115103195466475e+02 2.278140000000000000e+19 5.816452205181121826e-03 6.609217077493667603e-02
1.217543310123745925e+02 2.290931299698771682e+02 1.535773577019305094e+02 2.278340000000000000e+19 2.358854108024388552e-04 6.670852750539779663e-02
1.214913012347852401e+02 2.293223525011105721e+02 1.534434960694270274e+02 2.278540000000000000e+19 -3.451083321124315262e-04 -3.647042438387870789e-02
1.212276913915899854e+02 2.295510782543975381e+02 1.533099260663915970e+02 2.278740000000000000e+19 -9.759982675313949585e-02 -3.689893707633018494e-02
1.209855478875941515e+02 2.297603125459559976e+02 1.531877398988371226e+02 2.278940000000000000e+19 5.790991708636283875e-03 2.409545332193374634e-02
1.228006242876580814e+02 2.281712940800836122e+02 1.541157076704207327e+02 2.279140000000000000e+19 -3.156996518373489380e-02 -5.164731666445732117e-02
1.225399273481666285e+02 2.284024927158727962e+02 1.539806859481232379e+02 2.279340000000000000e+19 9.798387065529823303e-03 -3.861152380704879761e-02
1.222786453236737572e+02 2.286331989766976562e+02 1.538459532839952715e+02 2.279540000000000000e+19 -1.015288755297660828e-01 -1.327574159950017929e-02
1.220167794582366696e+02 2.288634117640829686e+02 1.537115103195466475e+02 2.279740000000000000e+19 -2.675513550639152527e-02 3.535569831728935242e-02
1.217543310123745925e+02 2.290931299698771682e+02 1.535773577019305094e+02 2.279940000000000000e+19 5.660458281636238098e-02 2.493070438504219055e-02
1.214913012347852401e+02 2.293223525011105721e+02 1.534434960694270274e+02 2.280140000000000000e+19 3.635457530617713928e-02 4.780744016170501709e-02
1.212276913915899854e+02 2.295510782543975381e+02 1.533099260663915970e+02 2.280340000000000000e+19 -1.527817919850349426e-02 -7.697609812021255493e-02
1.209855478875941515e+02 2.297603125459559976e+02 1.531877398988371226e+02 2.280540000000000000e+19 -6.497931666672229767e-03 -2.082224376499652863e-02
1.202118360495246918e+02 2.304232385606115088e+02 1.528006208207767145e+02 2.280740000000000000e+19 -1.019637361168861389e-01 4.229051619768142700e-02
1.199454403698493934e+02 2.306495478501738035e+02 1.526684693358997436e+02 2.280940000000000000e+19 6.136771291494369507e-02 1.534450799226760864e-02
1.196784720180588550e+02 2.308753540141595124e+02 1.525366131872368101e+02 2.281140000000000000e+19 -8.476794511079788208e-02 -1.016348898410797119e-01
1.194109322764503105e+02 2.311006559679937880e+02 1.524050530081086663e+02 2.281340000000000000e+19 1.234200522303581238e-01 1.537301670759916306e-02
1.191428224179507538e+02 2.313254526397237498e+02 1.522737894244579024e+02 2.281540000000000000e+19 -3.128888458013534546e-02 3.500067442655563354e-02
1.188741437321951508e+02 2.315497429480460880e+02 1.521428230676796716e+02 2.281740000000000000e+19 -5.040589720010757446e-03 7.513941824436187744e-02
1.186048975012768523e+02 2.317735258227002362e+02 1.520121545627137323e+02 2.281940000000000000e+19 -7.751160301268100739e-03 -1.325784623622894287e-01
1.183575981810552236e+02 2.319782199275576886e+02 1.518926334824848823e+02 2.282140000000000000e+19 -1.074160635471343994e-02 2.236610352993011475e-01
1.202118360495246918e+02 2.304232385606115088e+02 1.528006208207767145e+02 2.282340000000000000e+19 1.273582503199577332e-02 4.309298004955053329e-03
1.199454403698493934e+02 2.306495478501738035e+02 1.526684693358997436e+02 2.282540000000000000e+19 1.897413842380046844e-02 4.251627251505851746e-02
1.196784720180588550e+02 2.308753540141595124e+02 1.525366131872368101e+02 2.282740000000000000e+19 2.969671599566936493e-02 -2.135448716580867767e-02
1.194109322764503105e+02 2.311006559679937880e+02 1.524050530081086663e+02 2.282940000000000000e+19 2.168209552764892578e-01 4.201346263289451599e-02
1.191428224179507538e+02 2.313254526397237498e+02 1.522737894244579024e+02 2.283140000000000000e+19 5.586268007755279541e-02 -1.161255985498428345e-01
1.188741437321951508e+02 2.315497429480460880e+02 1.521428230676796716e+02 2.283340000000000000e+19 9.728304110467433929e-03 1.157809980213642120e-02
1.186048975012768523e+02 2.317735258227002362e+02 1.520121545627137323e+02 2.283540000000000000e+19 -1.559215877205133438e-02 2.382779121398925781e-02
1.183575981810552236e+02 2.319782199275576886e+02 1.518926334824848823e+02 2.283740000000000000e+19 -8.580484241247177124e-02 9.789958130568265915e-04
1.175222629458285013e+02 2.326635615947957660e+02 1.514924715505318034e+02 2.283940000000000000e+19 -2.631876058876514435e-02 -6.929918378591537476e-02
1.172501983788566946e+02 2.328847912791492547e+02 1.513633016598079450e+02 2.284140000000000000e+19 -6.965007632970809937e-02 -3.518293844535946846e-03
1.169775740346990602e+02 2.331055071437159825e+02 1.512344333496819218e+02 2.284340000000000000e+19 3.674292564392089844e-02 -1.444365456700325012e-02
1.167043912266104968e+02 2.333257081252895944e+02 1.511058672409222936e+02 2.284540000000000000e+19 5.423707515001296997e-02 -5.420564115047454834e-02
1.164306512553124549e+02 2.335453931754147732e+02 1.509776039456770604e+02 2.284740000000000000e+19 3.020491637289524078e-02 -2.918969839811325073e-02
1.161563554327508001e+02 2.337645612411981233e+02 1.508496440786780965e+02 2.284940000000000000e+19 -8.654408156871795654e-03 -1.822077087126672268e-03
1.158815050754588469e+02 2.339832112707091198e+02 1.507219882540873073e+02 2.285140000000000000e+19 2.891777083277702332e-02 -5.102246254682540894e-02
1.156290799196520425e+02 2.341831911134058828e+02 1.506052341423311987e+02 2.285340000000000000e+19 6.356219947338104248e-02 8.596949279308319092e-03
1.175222629458285013e+02 2.326635615947957660e+02 1.514924715505318034e+02 2.285540000000000000e+19 -4.575255513191223145e-02 6.327334046363830566e-02
1.172501983788566946e+02 2.328847912791492547e+02 1.513633016598079450e+02 2.285740000000000000e+19 3.469164296984672546e-02 -2.937289699912071228e-02
1.169775740346990602e+02 2.331055071437159825e+02 1.512344333496819218e+02 2.285940000000000000e+19 2.213346958160400391e-02 7.956208661198616028e-03
1.167043912266104968e+02 2.333257081252895944e+02 1.511058672409222936e+02 2.286140000000000000e+19 -4.451014474034309387e-02 -3.887625783681869507e-02
1.164306512553124549e+02 2.335453931754147732e+02 1.509776039456770604e+02 2.286340000000000000e+19 -5.899864435195922852e-02 2.216275781393051147e-02
1.161563554327508001e+02 2.337645612411981233e+02 1.508496440786780965e+02 2.286540000000000000e+19 1.740934513509273529e-02 2.563602104783058167e-02
1.158815050754588469e+02 2.339832112707091198e+02 1.507219882540873073e+02 2.286740000000000000e+19 -3.396299853920936584e-02 -4.474695026874542236e-02
1.156290799196520425e+02 2.341831911134058828e+02 1.506052341423311987e+02 2.286940000000000000e+19 -8.365886658430099487e-02 3.627901151776313782e-02
1.147765846144346256e+02 2.348526101605335441e+02 1.502144175617075348e+02 2.287140000000000000e+19 -5.348291597329080105e-04 -4.245392978191375732e-02
1.144989813505538763e+02 2.350686543754100057e+02 1.500882910762637721e+02 2.287340000000000000e+19 -4.185659810900688171e-03 4.686566069722175598e-03
1.142208314837459255e+02 2.352841743130086911e+02 1.499624722768337222e+02 2.287540000000000000e+19 8.418744802474975586e-02 1.013737916946411133e-01
1.139421363383856516e+02 2.354991689471659413e+02 1.498369617624826731e+02 2.287740000000000000e+19 9.467607014812529087e-04 -1.013939678668975830e-01
1.136628972559989563e+02 2.357136372429820028e+02 1.497117601373678895e+02 2.287940000000000000e+19 -3.327678889036178589e-02 6.942398846149444580e-02
1.133831155651795513e+02 2.359275781800402285e+02 1.495868679971827078e+02 2.288140000000000000e+19 -4.630688577890396118e-03 3.199400752782821655e-02
1.131027926126806591e+02 2.361409907285224961e+02 1.494622859431039217e+02 2.288340000000000000e+19 2.316973358392715454e-02 9.481381624937057495e-02
1.128453624198544816e+02 2.363361606083695108e+02 1.493483546726140219e+02 2.288540000000000000e+19 -1.366335432976484299e-02 -2.045972086489200592e-02
1.147765846144346256e+02 2.348526101605335441e+02 1.502144175617075348e+02 2.288740000000000000e+19 -3.198234736919403076e-02 2.722223289310932159e-02
1.144989813505538763e+02 2.350686543754100057e+02 1.500882910762637721e+02 2.288940000000000000e+19 2.962768077850341797e-02 -4.583980143070220947e-02
1.142208314837459255e+02 2.352841743130086911e+02 1.499624722768337222e+02 2.289140000000000000e+19 8.185780048370361328e-02 -7.287348061800003052e-02
1.139421363383856516e+02 2.354991689471659413e+02 1.498369617624826731e+02 2.289340000000000000e+19 1.127287447452545166e-01 7.389054447412490845e-02
1.136628972559989563e+02 2.357136372429820028e+02 1.497117601373678895e+02 2.289540000000000000e+19 2.079912647604942322e-02 -6.118114292621612549e-02
1.133831155651795513e+02 2.359275781800402285e+02 1.495868679971827078e+02 2.289740000000000000e+19 -1.294917315244674683e-01 2.179577574133872986e-02
1.131027926126806591e+02 2.361409907285224961e+02 1.494622859431039217e+02 2.289940000000000000e+19 -1.008495837450027466e-01 -4.628615826368331909e-02
1.128453624198544816e+02 2.363361606083695108e+02 1.493483546726140219e+02 2.290140000000000000e+19 -5.155404098331928253e-03 -9.140454232692718506e-03
1.119761150078082892e+02 2.369893366844653997e+02 1.489670704685714213e+02 2.290340000000000000e+19 -3.538571298122406006e-02 4.725150763988494873e-02
1.116931059003103286e+02 2.372000920371447137e+02 1.488440477489266129e+02 2.290540000000000000e+19 4.186246171593666077e-02 -7.497630268335342407e-02
1.114095636171588239e+02 2.374103129128525325e+02 1.487213386694367614e+02 2.290740000000000000e+19 -4.765191674232482910e-02 -6.739551573991775513e-02
1.111254895103685243e+02 2.376199983091814545e+02 1.485989438152215314e+02 2.290940000000000000e+19 -1.094970386475324631e-02 -1.334647741168737411e-02
1.108408849414143020e+02 2.378291472211633675e+02 1.484768637728868441e+02 2.291140000000000000e+19 2.737483009696006775e-02 -9.464731812477111816e-02
1.105557512773020079e+02 2.380377586442309905e+02 1.483550991287968941e+02 2.291340000000000000e+19 1.343000084161758423e-01 8.504141122102737427e-02
1.102700898746674198e+02 2.382458315858434048e+02 1.482336504622881534e+02 2.291540000000000000e+19 -1.248513534665107727e-01 6.592921912670135498e-02
1.100077778840201717e+02 2.384360980710292495e+02 1.481225965742066819e+02 2.291740000000000000e+19 3.507103398442268372e-02 1.251927483826875687e-02
1.119761150078082892e+02 2.369893366844653997e+02 1.489670704685714213e+02 2.291940000000000000e+19 -6.131206825375556946e-02 -2.758490853011608124e-02
1.116931059003103286e+02 2.372000920371447137e+02 1.488440477489266129e+02 2.292140000000000000e+19 1.474007312208414078e-02 7.359694689512252808e-02
1.114095636171588239e+02 2.374103129128525325e+02 1.487213386694367614e+02 2.292340000000000000e+19 -2.226733369752764702e-03 1.569002866744995117e-01
1.111254895103685243e+02 2.376199983091814545e+02 1.485989438152215314e+02 2.292540000000000000e+19 2.221661619842052460e-02 -1.307961065322160721e-02
1.108408849414143020e+02 2.378291472211633675e+02 1.484768637728868441e+02 2.292740000000000000e+19 -7.894628494977951050e-02 2.274754457175731659e-02
1.105557512773020079e+02 2.380377586442309905e+02 1.483550991287968941e+02 2.292940000000000000e+19 1.354065723717212677e-02 -3.095072507858276367e-02
1.102700898746674198e+02 2.382458315858434048e+02 1.482336504622881534e+02 2.293140000000000000e+19 -7.254487369209527969e-03 -5.945328623056411743e-02
1.100077778840201717e+02 2.384360980710292495e+02 1.481225965742066819e+02 2.293340000000000000e+19 -9.717649221420288086e-02 8.040406741201877594e-03
