# Baseline: 10-22
# Entries: 128
# u [m], v [m], w [m], frequency [GHz], real, imag
2.358823145448172625e+02 -4.943638091932674001e+02 1.711040208594786236e+02 2.267940000000000000e+19 -7.869395631132647395e-05 -4.643885476980358362e-04
2.370041601386256787e+02 -4.939178664908305905e+02 1.708414391987896863e+02 2.268140000000000000e+19 2.005422138608992100e-04 5.061667761765420437e-04
2.381248709311379059e+02 -4.934698063282378371e+02 1.705776192698948819e+02 2.268340000000000000e+19 -2.056927478406578302e-04 -3.671814338304102421e-04
2.392444415667430064e+02 -4.930196308466846062e+02 1.703125623335418197e+02 2.268540000000000000e+19 -2.130671055056154728e-05 3.403319569770246744e-04
2.403628666874486726e+02 -4.925673422005500015e+02 1.700462696582015099e+02 2.268740000000000000e+19 -6.528430094476789236e-05 -5.114402156323194504e-04
2.414801409407707524e+02 -4.921129425543769571e+02 1.697787425182876575e+02 2.268940000000000000e+19 3.445212496444582939e-04 4.426580271683633327e-04
2.425962589564003338e+02 -4.916564340923337681e+02 1.695099821997288529e+02 2.269140000000000000e+19 -1.047925790771842003e-03 -5.661123432219028473e-04
2.436183617392896394e+02 -4.912361441120307290e+02 1.692625520197626088e+02 2.269340000000000000e+19 5.267086671665310860e-04 -6.372074712999165058e-04
2.358823145448172625e+02 -4.943638091932674001e+02 1.711040208594786236e+02 2.269540000000000000e+19 2.392668684478849173e-04 1.830794062698259950e-04
2.370041601386256787e+02 -4.939178664908305905e+02 1.708414391987896863e+02 2.269740000000000000e+19 4.063676169607788324e-04 1.792158465832471848e-03
2.381248709311379059e+02 -4.934698063282378371e+02 1.705776192698948819e+02 2.269940000000000000e+19 -1.146134687587618828e-03 1.276849186979234219e-03
2.392444415667430064e+02 -4.930196308466846062e+02 1.703125623335418197e+02 2.270140000000000000e+19 5.859381053596735001e-04 1.369217410683631897e-03
2.403628666874486726e+02 -4.925673422005500015e+02 1.700462696582015099e+02 2.270340000000000000e+19 -1.421678345650434494e-03 1.942232833243906498e-03
2.414801409407707524e+02 -4.921129425543769571e+02 1.697787425182876575e+02 2.270540000000000000e+19 6.469192449003458023e-04 2.587989903986454010e-03
2.425962589564003338e+02 -4.916564340923337681e+02 1.695099821997288529e+02 2.270740000000000000e+19 -7.193255005404353142e-04 -3.213841046090237796e-05
2.436183617392896394e+02 -4.912361441120307290e+02 1.692625520197626088e+02 2.270940000000000000e+19 5.344774108380079269e-04 8.490213658660650253e-04
2.470490621378317257e+02 -4.898093558330404562e+02 1.684226348940104288e+02 2.271140000000000000e+19 -1.324697746895253658e-03 3.088323865085840225e-04
2.481593190715452408e+02 -4.893423362164921286e+02 1.681477280653131459e+02 2.271340000000000000e+19 5.119753186590969563e-04 1.603883538336958736e-05
2.492683878106502959e+02 -4.888732210404594412e+02 1.678715958618199409e+02 2.271540000000000000e+19 -1.092595979571342468e-03 -5.771529395133256912e-04
2.503762630629009607e+02 -4.884020125434934130e+02 1.675942396011967048e+02 2.271740000000000000e+19 2.489325706847012043e-04 5.487903836183249950e-04
2.514829395224429902e+02 -4.879287129823210307e+02 1.673156606117694309e+02 2.271940000000000000e+19 2.718711271882057190e-03 -1.004431978799402714e-03
2.525884118930120223e+02 -4.874533246220244678e+02 1.670358602267434662e+02 2.272140000000000000e+19 1.450312905944883823e-03 -5.526045570150017738e-04
2.536926748802758027e+02 -4.869758497393733592e+02 1.667548397861638989e+02 2.272340000000000000e+19 -1.096521504223346710e-03 1.497323974035680294e-03
2.547038645667174137e+02 -4.865363599332533227e+02 1.664961825764344212e+02 2.272540000000000000e+19 -1.730997581034898758e-03 2.866397844627499580e-04
2.470490621378317257e+02 -4.898093558330404562e+02 1.684226348940104288e+02 2.272740000000000000e+19 -1.091919839382171631e-03 1.425750670023262501e-04
2.481593190715452408e+02 -4.893423362164921286e+02 1.681477280653131459e+02 2.272940000000000000e+19 -6.004255847074091434e-04 7.628322928212583065e-04
2.492683878106502959e+02 -4.888732210404594412e+02 1.678715958618199409e+02 2.273140000000000000e+19 5.493487115018069744e-04 -9.359082905575633049e-04
2.503762630629009607e+02 -4.884020125434934130e+02 1.675942396011967048e+02 2.273340000000000000e+19 1.972432219190523028e-04 7.705225143581628799e-04
2.514829395224429902e+02 -4.879287129823210307e+02 1.673156606117694309e+02 2.273540000000000000e+19 -8.786593389231711626e-05 -1.746059861034154892e-04
2.525884118930120223e+02 -4.874533246220244678e+02 1.670358602267434662e+02 2.273740000000000000e+19 1.487868838012218475e-03 3.527206834405660629e-03
2.536926748802758027e+02 -4.869758497393733592e+02 1.667548397861638989e+02 2.273940000000000000e+19 7.402147166430950165e-04 -1.553397276438772678e-03
2.547038645667174137e+02 -4.865363599332533227e+02 1.664961825764344212e+02 2.274140000000000000e+19 -7.961263327160850167e-05 5.450198077596724033e-04
2.580975274508587631e+02 -4.850451308094259844e+02 1.656185844378723289e+02 2.274340000000000000e+19 -1.049469690769910812e-03 -1.877115108072757721e-03
2.591956643829967675e+02 -4.845572577837979793e+02 1.653314840055951720e+02 2.274540000000000000e+19 -8.719129837118089199e-04 -2.316164551302790642e-03
2.602925603265918539e+02 -4.840673120888859557e+02 1.650431716705064957e+02 2.274740000000000000e+19 3.384450683370232582e-03 2.492558443918824196e-03
2.613882100130881554e+02 -4.835752960779752243e+02 1.647536488174177691e+02 2.274940000000000000e+19 1.094960953196277842e-05 1.529574161395430565e-03
2.624826082218748411e+02 -4.830812120954144575e+02 1.644629168258438767e+02 2.275140000000000000e+19 -6.227165577001869678e-04 1.542311802040785551e-04
2.635757496811584701e+02 -4.825850625212692648e+02 1.641709770962806374e+02 2.275340000000000000e+19 1.692497753538191319e-03 -2.538169734179973602e-03
2.646676291861294317e+02 -4.820868497179263272e+02 1.638778310187837803e+02 2.275540000000000000e+19 -4.752844688482582569e-04 -3.818768891505897045e-04
2.656674218540030097e+02 -4.816283704125743270e+02 1.636080705650527420e+02 2.275740000000000000e+19 5.453326739370822906e-03 3.089745296165347099e-03
2.580975274508587631e+02 -4.850451308094259844e+02 1.656185844378723289e+02 2.275940000000000000e+19 -1.574095222167670727e-03 3.080950817093253136e-03
2.591956643829967675e+02 -4.845572577837979793e+02 1.653314840055951720e+02 2.276140000000000000e+19 -8.755070157349109650e-04 2.450828673318028450e-03
2.602925603265918539e+02 -4.840673120888859557e+02 1.650431716705064957e+02 2.276340000000000000e+19 -1.579741481691598892e-03 3.101302543655037880e-03
2.613882100130881554e+02 -4.835752960779752243e+02 1.647536488174177691e+02 2.276540000000000000e+19 -2.645941276568919420e-04 3.860743949189782143e-03
2.624826082218748411e+02 -4.830812120954144575e+02 1.644629168258438767e+02 2.276740000000000000e+19 -9.891974041238427162e-04 -1.406711759045720100e-03
2.635757496811584701e+02 -4.825850625212692648e+02 1.641709770962806374e+02 2.276940000000000000e+19 2.478114794939756393e-03 -1.225105836056172848e-03
2.646676291861294317e+02 -4.820868497179263272e+02 1.638778310187837803e+02 2.277140000000000000e+19 1.257230760529637337e-03 -4.433434456586837769e-03
2.656674218540030097e+02 -4.816283704125743270e+02 1.636080705650527420e+02 2.277340000000000000e+19 -2.229021163657307625e-03 -5.100211128592491150e-04
2.690224231689560952e+02 -4.800734140813922863e+02 1.626932113947432015e+02 2.277540000000000000e+19 -3.344067663419991732e-04 1.914419815875589848e-03
2.701079146080573992e+02 -4.795649211094335556e+02 1.623940547457980585e+02 2.277740000000000000e+19 6.166980136185884476e-03 7.034361828118562698e-03
2.711921128126992926e+02 -4.790543793706927431e+02 1.620937002580012916e+02 2.277940000000000000e+19 -3.946128301322460175e-03 -8.627588395029306412e-04
2.722750126206290702e+02 -4.785417912960417084e+02 1.617921493614500434e+02 2.278140000000000000e+19 -4.164495971053838730e-03 -1.972392201423645020e-03
2.733566088192046095e+02 -4.780271593528794369e+02 1.614894035076953287e+02 2.278340000000000000e+19 -1.584951765835285187e-03 -5.654557608067989349e-03
2.744368962623312882e+02 -4.775104859897643905e+02 1.611854641371681112e+02 2.278540000000000000e+19 5.204842891544103622e-03 -5.941381212323904037e-03
2.755158697499402365e+02 -4.769917736937579207e+02 1.608803327129150773e+02 2.278740000000000000e+19 8.380967192351818085e-04 -2.637162688188254833e-04
2.765037869834662274e+02 -4.765145242788881887e+02 1.605995981001033783e+02 2.278940000000000000e+19 -1.168051920831203461e-02 -6.127777043730020523e-03
2.690224231689560952e+02 -4.800734140813922863e+02 1.626932113947432015e+02 2.279140000000000000e+19 -3.961465321481227875e-03 9.190694428980350494e-03
2.701079146080573992e+02 -4.795649211094335556e+02 1.623940547457980585e+02 2.279340000000000000e+19 1.287668361328542233e-03 -4.173045977950096130e-03
2.711921128126992926e+02 -4.790543793706927431e+02 1.620937002580012916e+02 2.279540000000000000e+19 4.275419050827622414e-04 1.221979386173188686e-03
2.722750126206290702e+02 -4.785417912960417084e+02 1.617921493614500434e+02 2.279740000000000000e+19 1.264227437786757946e-03 -2.874832134693861008e-03
2.733566088192046095e+02 -4.780271593528794369e+02 1.614894035076953287e+02 2.279940000000000000e+19 2.518786350265145302e-03 6.582533940672874451e-03
2.744368962623312882e+02 -4.775104859897643905e+02 1.611854641371681112e+02 2.280140000000000000e+19 -1.485123415477573872e-03 -5.243966588750481606e-04
2.755158697499402365e+02 -4.769917736937579207e+02 1.608803327129150773e+02 2.280340000000000000e+19 5.013561807572841644e-03 -1.190792652778327465e-03
2.765037869834662274e+02 -4.765145242788881887e+02 1.605995981001033783e+02 2.280540000000000000e+19 2.176772337406873703e-03 4.896088503301143646e-03
2.796396696783767197e+02 -4.749845328733443353e+02 1.596996455307760527e+02 2.280740000000000000e+19 -3.970760444644838572e-04 -2.358265046495944262e-04
2.807122197854515093e+02 -4.744560008654504486e+02 1.593887731783087531e+02 2.280940000000000000e+19 -2.829702571034431458e-04 4.059429047629237175e-04
2.817834259237509400e+02 -4.739254445335845958e+02 1.590767173652995154e+02 2.281140000000000000e+19 1.240356796188279986e-04 8.371796138817444444e-05
2.828532829481293334e+02 -4.733928664261165977e+02 1.587634795906175214e+02 2.281340000000000000e+19 -1.214407238876447082e-04 1.328753714915364981e-04
2.839217857683585180e+02 -4.728582690770088561e+02 1.584490613446247380e+02 2.281540000000000000e+19 1.026126046781428158e-04 -4.549453733488917351e-04
2.849889292448047513e+02 -4.723216550577197381e+02 1.581334641397014593e+02 2.281740000000000000e+19 -7.331121742026880383e-05 3.376522508915513754e-04
2.860547082852941116e+02 -4.717830269289052012e+02 1.578166894818408252e+02 2.281940000000000000e+19 -5.494392826221883297e-05 -3.492022806312888861e-04
2.870304869150742775e+02 -4.712875429247619650e+02 1.575252946040417044e+02 2.282140000000000000e+19 5.682940827682614326e-04 3.867719788104295731e-04
2.796396696783767197e+02 -4.749845328733443353e+02 1.596996455307760527e+02 2.282340000000000000e+19 3.829445340670645237e-04 -3.963966155424714088e-04
2.807122197854515093e+02 -4.744560008654504486e+02 1.593887731783087531e+02 2.282540000000000000e+19 3.646225668489933014e-04 -3.108003875240683556e-04
2.817834259237509400e+02 -4.739254445335845958e+02 1.590767173652995154e+02 2.282740000000000000e+19 1.455065677873790264e-03 -5.447639268822968006e-04
2.828532829481293334e+02 -4.733928664261165977e+02 1.587634795906175214e+02 2.282940000000000000e+19 7.609095337102189660e-05 -4.860856861341744661e-04
2.839217857683585180e+02 -4.728582690770088561e+02 1.584490613446247380e+02 2.283140000000000000e+19 -9.791065240278840065e-04 -9.683585631137248129e-06
2.849889292448047513e+02 -4.723216550577197381e+02 1.581334641397014593e+02 2.283340000000000000e+19 -2.610769006423652172e-04 2.157702110707759857e-03
2.860547082852941116e+02 -4.717830269289052012e+02 1.578166894818408252e+02 2.283540000000000000e+19 -1.321819843724370003e-03 -4.827232041861861944e-04
2.870304869150742775e+02 -4.712875429247619650e+02 1.575252946040417044e+02 2.283740000000000000e+19 1.725036883726716042e-03 8.980423444882035255e-05
2.903040781419172731e+02 -4.696084250341316988e+02 1.565378467353017697e+02 2.283940000000000000e+19 5.678330780938267708e-04 -1.251920708455145359e-03
2.913629585963902286e+02 -4.690597652311259367e+02 1.562152076741150211e+02 2.284140000000000000e+19 -1.507344655692577362e-03 9.087739454116672277e-05
2.924204441252185802e+02 -4.685091069214667527e+02 1.558914003357617730e+02 2.284340000000000000e+19 -2.051289658993482590e-03 -1.691858924459666014e-04
2.934765296344093599e+02 -4.679564527577238664e+02 1.555664262800526956e+02 2.284540000000000000e+19 -4.836411098949611187e-04 2.674609422683715820e-03
2.945312100955664505e+02 -4.674018053712827054e+02 1.552402870543086237e+02 2.284740000000000000e+19 2.303411456523463130e-04 6.832102371845394373e-05
2.955844804538998574e+02 -4.668451674203730022e+02 1.549129842216021018e+02 2.284940000000000000e+19 -1.134342746809124947e-03 -4.065248649567365646e-04
2.966363356540733207e+02 -4.662865415766877959e+02 1.545845193528894015e+02 2.285140000000000000e+19 2.653772826306521893e-04 -8.324439986608922482e-04
2.975993069286382706e+02 -4.657727490988306158e+02 1.542824218352588446e+02 2.285340000000000000e+19 1.144356094300746918e-03 -1.174288336187601089e-03
2.903040781419172731e+02 -4.696084250341316988e+02 1.565378467353017697e+02 2.285540000000000000e+19 -1.045224955305457115e-03 6.606237147934734821e-04
2.913629585963902286e+02 -4.690597652311259367e+02 1.562152076741150211e+02 2.285740000000000000e+19 -7.679589907638728619e-04 8.323807851411402225e-04
2.924204441252185802e+02 -4.685091069214667527e+02 1.558914003357617730e+02 2.285940000000000000e+19 -2.402375219389796257e-03 1.550190965645015240e-03
2.934765296344093599e+02 -4.679564527577238664e+02 1.555664262800526956e+02 2.286140000000000000e+19 2.032974734902381897e-04 -7.026724633760750294e-04
2.945312100955664505e+02 -4.674018053712827054e+02 1.552402870543086237e+02 2.286340000000000000e+19 -5.292917136102914810e-03 -2.424888545647263527e-03
2.955844804538998574e+02 -4.668451674203730022e+02 1.549129842216021018e+02 2.286540000000000000e+19 -8.221758180297911167e-04 -5.824548657983541489e-03
2.966363356540733207e+02 -4.662865415766877959e+02 1.545845193528894015e+02 2.286740000000000000e+19 1.837570336647331715e-03 -6.125076906755566597e-04
2.975993069286382706e+02 -4.657727490988306158e+02 1.542824218352588446e+02 2.286940000000000000e+19 -2.455104186083190143e-05 -4.290229640901088715e-03
3.008295044184730500e+02 -4.640322128216060378e+02 1.532590710027255341e+02 2.287140000000000000e+19 2.113560447469353676e-03 2.498995279893279076e-03
3.018742085180521144e+02 -4.634636877725333761e+02 1.529248196248395573e+02 2.287340000000000000e+19 6.240818183869123459e-04 1.676649786531925201e-03
3.029174673586177846e+02 -4.628931910137231966e+02 1.525894157258897508e+02 2.287540000000000000e+19 7.727526099188253284e-05 4.098359961062669754e-03
3.039592759728550959e+02 -4.623207252615295033e+02 1.522528609028651374e+02 2.287740000000000000e+19 2.329277340322732925e-04 -2.047578105702996254e-03
3.049996293459128651e+02 -4.617462932715689590e+02 1.519151567758054000e+02 2.287940000000000000e+19 5.021690740250051022e-04 4.849002580158412457e-04
3.060385225279090378e+02 -4.611698977769328849e+02 1.515763049514691545e+02 2.288140000000000000e+19 4.778601694852113724e-03 1.931404112838208675e-03
3.070759505180569704e+02 -4.605915415521619138e+02 1.512363070609640374e+02 2.288340000000000000e+19 2.100529847666621208e-03 5.786150693893432617e-03
3.080256536061099268e+02 -4.600596864770905086e+02 1.509236514731166778e+02 2.288540000000000000e+19 1.900966512039303780e-03 1.325617311522364616e-03
3.008295044184730500e+02 -4.640322128216060378e+02 1.532590710027255341e+02 2.288740000000000000e+19 1.821214536903426051e-04 -6.361396983265876770e-03
3.018742085180521144e+02 -4.634636877725333761e+02 1.529248196248395573e+02 2.288940000000000000e+19 -6.301604444161057472e-04 4.081793129444122314e-03
3.029174673586177846e+02 -4.628931910137231966e+02 1.525894157258897508e+02 2.289140000000000000e+19 3.501675324514508247e-03 -1.987380208447575569e-03
3.039592759728550959e+02 -4.623207252615295033e+02 1.522528609028651374e+02 2.289340000000000000e+19 1.268062856979668140e-03 -1.300146919675171375e-03
3.049996293459128651e+02 -4.617462932715689590e+02 1.519151567758054000e+02 2.289540000000000000e+19 -4.317341838032007217e-03 -1.057693007169291377e-04
3.060385225279090378e+02 -4.611698977769328849e+02 1.515763049514691545e+02 2.289740000000000000e+19 3.377228043973445892e-03 -1.973246922716498375e-03
3.070759505180569704e+02 -4.605915415521619138e+02 1.512363070609640374e+02 2.289940000000000000e+19 -4.451473243534564972e-03 4.948075860738754272e-03
3.080256536061099268e+02 -4.600596864770905086e+02 1.509236514731166778e+02 2.290140000000000000e+19 4.854456987231969833e-03 -3.747874405235052109e-03
3.112109115459484769e+02 -4.582585647507846147e+02 1.498648874042626744e+02 2.290340000000000000e+19 -5.831904709339141846e-03 -8.005023701116442680e-04
3.122409393246713876e+02 -4.576704465362168435e+02 1.495191836734744015e+02 2.290540000000000000e+19 -8.316304534673690796e-03 9.126899531111121178e-04
3.132694722357512092e+02 -4.570803843350726652e+02 1.491723437190809420e+02 2.290740000000000000e+19 -2.209345344454050064e-03 2.690754481591284275e-04
3.142965053747964248e+02 -4.564883809609346486e+02 1.488243691949154197e+02 2.290940000000000000e+19 -3.695082385092973709e-03 -4.496744833886623383e-03
3.153220338195215504e+02 -4.558944392510706507e+02 1.484752617687016993e+02 2.291140000000000000e+19 -5.514566786587238312e-03 -3.890183521434664726e-03
3.163460526441803609e+02 -4.552985620582981596e+02 1.481250231172720930e+02 2.291340000000000000e+19 -3.062399569898843765e-03 -6.880982313305139542e-03
3.173685569766392405e+02 -4.547007522177468672e+02 1.477736549070328067e+02 2.291540000000000000e+19 7.868863642215728760e-03 -1.034984830766916275e-02
3.183045372343190138e+02 -4.541510891611494003e+02 1.474505909271725557e+02 2.291740000000000000e+19 4.831537604331970215e-03 -3.658680710941553116e-03
3.112109115459484769e+02 -4.582585647507846147e+02 1.498648874042626744e+02 2.291940000000000000e+19 4.983343533240258694e-04 -2.542669884860515594e-03
3.122409393246713876e+02 -4.576704465362168435e+02 1.495191836734744015e+02 2.292140000000000000e+19 -1.949331723153591156e-03 1.064307149499654770e-02
3.132694722357512092e+02 -4.570803843350726652e+02 1.491723437190809420e+02 2.292340000000000000e+19 -1.434899750165641308e-03 -7.203226909041404724e-03
3.142965053747964248e+02 -4.564883809609346486e+02 1.488243691949154197e+02 2.292540000000000000e+19 5.004392005503177643e-03 1.614443026483058929e-03
3.153220338195215504e+02 -4.558944392510706507e+02 1.484752617687016993e+02 2.292740000000000000e+19 -1.540262019261717796e-03 -8.943567052483558655e-03
3.163460526441803609e+02 -4.552985620582981596e+02 1.481250231172720930e+02 2.292940000000000000e+19 -1.718471874482929707e-03 -8.562413277104496956e-04
3.173685569766392405e+02 -4.547007522177468672e+02 1.477736549070328067e+02 2.293140000000000000e+19 2.244913717731833458e-03 5.274096969515085220e-03
3.183045372343190138e+02 -4.541510891611494003e+02 1.474505909271725557e+02 2.293340000000000000e+19 4.067722766194492579e-04 -7.260492420755326748e-04
