# Baseline: 16-17
# u [m], v [m], w [m], frequency [GHz], real, imag
-7.607437634909750841e+02 -1.030259940952864417e+04 -2.054820642003005560e+03 2.267940000000000000e+19 1.086875423789024353e-01 -3.448797017335891724e-02
-7.435634793714019679e+02 -1.030401423564066317e+04 -2.054014975985449837e+03 2.268140000000000000e+19 -3.623286634683609009e-02 8.880494534969329834e-02
-7.263796749305480489e+02 -1.030539662660957038e+04 -2.053228305334100241e+03 2.268340000000000000e+19 8.397547155618667603e-02 -5.146089941263198853e-02
-7.091924322859167660e+02 -1.030674657582948385e+04 -2.052460633808080729e+03 2.268540000000000000e+19 -7.887389510869979858e-02 3.424704447388648987e-02
-6.962998962194816386e+02 -1.030773875812343795e+04 -2.051896756623211331e+03 2.268740000000000000e+19 1.807417720556259155e-01 -7.580573111772537231e-02
-6.748079614156932848e+02 -1.030934912333374996e+04 -2.050982302737498230e+03 2.268940000000000000e+19 -3.274137526750564575e-02 4.041419923305511475e-02
-6.576108981045151722e+02 -1.031060170913677939e+04 -2.050271650282621067e+03 2.269140000000000000e+19 1.283977925777435303e-01 -6.447726488113403320e-02
-6.361103276491562610e+02 -1.031212309999970239e+04 -2.049409302117675907e+03 2.269340000000000000e+19 -6.949722766876220703e-02 -1.209685802459716797e-01
-7.607437634909750841e+02 -1.030259940952864417e+04 -2.054820642003005560e+03 2.269540000000000000e+19 -9.908650070428848267e-02 -1.070417985320091248e-01
-7.435634793714019679e+02 -1.030401423564066317e+04 -2.054014975985449837e+03 2.269740000000000000e+19 -4.673653095960617065e-02 -1.669130474328994751e-02
-7.263796749305480489e+02 -1.030539662660957038e+04 -2.053228305334100241e+03 2.269940000000000000e+19 6.410302966833114624e-02 -6.536341737955808640e-03
-7.091924322859167660e+02 -1.030674657582948385e+04 -2.052460633808080729e+03 2.270140000000000000e+19 -1.321017462760210037e-02 2.354091219604015350e-02
-6.962998962194816386e+02 -1.030773875812343795e+04 -2.051896756623211331e+03 2.270340000000000000e+19 2.479964122176170349e-02 -4.607910662889480591e-02
-6.748079614156932848e+02 -1.030934912333374996e+04 -2.050982302737498230e+03 2.270540000000000000e+19 1.585832983255386353e-02 2.117823809385299683e-02
-6.576108981045151722e+02 -1.031060170913677939e+04 -2.050271650282621067e+03 2.270740000000000000e+19 2.429313398897647858e-02 -8.225840330123901367e-02
-6.361103276491562610e+02 -1.031212309999970239e+04 -2.049409302117675907e+03 2.270940000000000000e+19 -2.036828361451625824e-02 -1.926737464964389801e-02
-5.887923770220671713e+02 -1.031528732815042531e+04 -2.047619205852572350e+03 2.271140000000000000e+19 2.895550616085529327e-02 -1.457650400698184967e-02
-5.715805915361829648e+02 -1.031637752381837163e+04 -2.047003651962818140e+03 2.271340000000000000e+19 6.951842457056045532e-02 5.163733288645744324e-02
-5.543661089139841351e+02 -1.031743522517005658e+04 -2.046407126996352190e+03 2.271540000000000000e+19 -1.255360394716262817e-01 1.215874925255775452e-01
-5.371490112996641528e+02 -1.031846042715870499e+04 -2.045829633799414296e+03 2.271740000000000000e+19 -6.016860529780387878e-02 -2.018138207495212555e-02
-5.199293811496919488e+02 -1.031945312487447154e+04 -2.045271175137662567e+03 2.271940000000000000e+19 -1.147929392755031586e-02 -3.200883045792579651e-02
-5.027073008726811736e+02 -1.032041331356647606e+04 -2.044731753683737907e+03 2.272140000000000000e+19 6.646076589822769165e-02 -1.574732065200805664e-01
-4.854828529489948323e+02 -1.032134098863660802e+04 -2.044211372020744420e+03 2.272340000000000000e+19 4.913656786084175110e-02 4.777612537145614624e-02
-4.696917941221079786e+02 -1.032216320540558809e+04 -2.043750841082427996e+03 2.272540000000000000e+19 -2.182241715490818024e-02 -3.894674032926559448e-02
-5.887923770220671713e+02 -1.031528732815042531e+04 -2.047619205852572350e+03 2.272740000000000000e+19 -5.051300674676895142e-02 -5.650729686021804810e-02
-5.715805915361829648e+02 -1.031637752381837163e+04 -2.047003651962818140e+03 2.272940000000000000e+19 -1.633003801107406616e-01 5.066972691565752029e-03
-5.543661089139841351e+02 -1.031743522517005658e+04 -2.046407126996352190e+03 2.273140000000000000e+19 1.005967482924461365e-01 -7.956277579069137573e-02
-5.371490112996641528e+02 -1.031846042715870499e+04 -2.045829633799414296e+03 2.273340000000000000e+19 2.525594457983970642e-02 -4.741010069847106934e-02
-5.199293811496919488e+02 -1.031945312487447154e+04 -2.045271175137662567e+03 2.273540000000000000e+19 -7.460431009531021118e-02 9.240412153303623199e-03
-5.027073008726811736e+02 -1.032041331356647606e+04 -2.044731753683737907e+03 2.273740000000000000e+19 -9.314747527241706848e-03 -4.660574346780776978e-02
-4.854828529489948323e+02 -1.032134098863660802e+04 -2.044211372020744420e+03 2.273940000000000000e+19 -4.376051574945449829e-02 3.231702744960784912e-02
-4.696917941221079786e+02 -1.032216320540558809e+04 -2.043750841082427996e+03 2.274140000000000000e+19 -5.463783163577318192e-03 6.531757861375808716e-02
-4.165630326226627176e+02 -1.032472646629021983e+04 -2.042320291690627982e+03 2.274340000000000000e+19 -5.444635078310966492e-02 7.584772258996963501e-02
-3.993279829136481567e+02 -1.032549150978365469e+04 -2.041895144507076111e+03 2.274540000000000000e+19 -8.444962650537490845e-02 -1.125764399766921997e-01
-3.820910600641001338e+02 -1.032622401536371581e+04 -2.041489050683091818e+03 2.274740000000000000e+19 8.267033100128173828e-02 -1.593851596117019653e-01
-3.648523468655742477e+02 -1.032692397951208295e+04 -2.041102012169149248e+03 2.274940000000000000e+19 -1.289998888969421387e-01 -5.197978392243385315e-02
-3.476119254577375841e+02 -1.032759139889307517e+04 -2.040734030809655906e+03 2.275140000000000000e+19 1.219923608005046844e-02 2.228670567274093628e-02
-3.303698788891558706e+02 -1.032822627029201249e+04 -2.040385108376967537e+03 2.275340000000000000e+19 -5.555010959506034851e-02 -4.826088622212409973e-02
-3.131262892553796746e+02 -1.032882859068668040e+04 -2.040055246532012916e+03 2.275540000000000000e+19 5.630247667431831360e-02 1.971485316753387451e-01
-2.973183982739393514e+02 -1.032935253457945873e+04 -2.039769376018758749e+03 2.275740000000000000e+19 -1.229206323623657227e-01 -1.155895441770553589e-01
-4.165630326226627176e+02 -1.032472646629021983e+04 -2.042320291690627982e+03 2.275940000000000000e+19 -1.128033921122550964e-02 6.328000128269195557e-02
-3.993279829136481567e+02 -1.032549150978365469e+04 -2.041895144507076111e+03 2.276140000000000000e+19 -1.593320630490779877e-02 -9.007449448108673096e-02
-3.820910600641001338e+02 -1.032622401536371581e+04 -2.041489050683091818e+03 2.276340000000000000e+19 3.474716842174530029e-02 3.702544840052723885e-03
-3.648523468655742477e+02 -1.032692397951208295e+04 -2.041102012169149248e+03 2.276540000000000000e+19 6.392569094896316528e-02 3.345502540469169617e-02
-3.476119254577375841e+02 -1.032759139889307517e+04 -2.040734030809655906e+03 2.276740000000000000e+19 -3.005125035997480154e-04 -2.493964880704879761e-02
-3.303698788891558706e+02 -1.032822627029201249e+04 -2.040385108376967537e+03 2.276940000000000000e+19 -8.785187266767024994e-03 6.890372838824987411e-03
-3.131262892553796746e+02 -1.032882859068668040e+04 -2.040055246532012916e+03 2.277140000000000000e+19 -5.500160157680511475e-02 -6.444064434617757797e-03
-2.973183982739393514e+02 -1.032935253457945873e+04 -2.039769376018758749e+03 2.277340000000000000e+19 4.871087614446878433e-03 -6.709774956107139587e-03
-2.441381518375083317e+02 -1.033091230686544986e+04 -2.038926435256584000e+03 2.277540000000000000e+19 6.090010516345500946e-03 5.218064039945602417e-02
-2.268880854012899988e+02 -1.033135183209669412e+04 -2.038691898215445008e+03 2.277740000000000000e+19 -2.449612505733966827e-02 7.481178641319274902e-02
-2.096369714368616428e+02 -1.033175879135716059e+04 -2.038476429869549975e+03 2.277940000000000000e+19 3.975991625338792801e-03 1.164130643010139465e-01
-1.923848920829187534e+02 -1.033213318270916534e+04 -2.038280031244781412e+03 2.278140000000000000e+19 -1.338560692965984344e-02 8.262559026479721069e-02
-1.751319303840659529e+02 -1.033247500435061011e+04 -2.038102703286433325e+03 2.278340000000000000e+19 -1.126609966158866882e-01 1.068166494369506836e-01
-1.578781684277128932e+02 -1.033278425465520013e+04 -2.037944446838139129e+03 2.278540000000000000e+19 1.183791272342205048e-02 8.043924719095230103e-02
-1.406236892665667710e+02 -1.033306093213436543e+04 -2.037805262661617235e+03 2.278740000000000000e+19 -3.204200044274330139e-02 -4.339220747351646423e-02
-1.248065304479155486e+02 -1.033328635244010002e+04 -2.037694189360257269e+03 2.278940000000000000e+19 -1.072764769196510315e-02 -2.334189601242542267e-02
-2.441381518375083317e+02 -1.033091230686544986e+04 -2.038926435256584000e+03 2.279140000000000000e+19 -1.084665507078170776e-01 -1.613573133945465088e-01
-2.268880854012899988e+02 -1.033135183209669412e+04 -2.038691898215445008e+03 2.279340000000000000e+19 6.563621759414672852e-02 5.484627187252044678e-02
-2.096369714368616428e+02 -1.033175879135716059e+04 -2.038476429869549975e+03 2.279540000000000000e+19 -9.300607442855834961e-02 -2.194146625697612762e-02
-1.923848920829187534e+02 -1.033213318270916534e+04 -2.038280031244781412e+03 2.279740000000000000e+19 -7.570389658212661743e-02 -2.137200906872749329e-02
-1.751319303840659529e+02 -1.033247500435061011e+04 -2.038102703286433325e+03 2.279940000000000000e+19 -3.958883229643106461e-03 1.535478234291076660e-02
-1.578781684277128932e+02 -1.033278425465520013e+04 -2.037944446838139129e+03 2.280140000000000000e+19 -7.812546193599700928e-02 -1.588690876960754395e-01
-1.406236892665667710e+02 -1.033306093213436543e+04 -2.037805262661617235e+03 2.280340000000000000e+19 -5.432921648025512695e-02 5.934978276491165161e-02
-1.248065304479155486e+02 -1.033328635244010002e+04 -2.037694189360257269e+03 2.280540000000000000e+19 -3.476668521761894226e-02 3.541963640600442886e-03
-7.447635990297843023e+01 -1.033381975628652981e+04 -2.037448417534187001e+03 2.280740000000000000e+19 3.129365295171737671e-02 9.198924899101257324e-02
-5.721957704319281390e+01 -1.033393898260817514e+04 -2.037401423737910818e+03 2.280940000000000000e+19 -1.757107228040695190e-01 -9.384493529796600342e-02
-3.996255840362195499e+01 -1.033402563058275337e+04 -2.037373504809630049e+03 2.281140000000000000e+19 9.482428431510925293e-02 -1.553362514823675156e-02
-2.270538687233117159e+01 -1.033407969979450718e+04 -2.037364660883150236e+03 2.281340000000000000e+19 -5.380025878548622131e-02 2.874482981860637665e-02
-5.448144556756991719e+00 -1.033410118998654616e+04 -2.037374892000294267e+03 2.281540000000000000e+19 1.393491178750991821e-01 6.811313331127166748e-02
1.180908553375995140e+01 -1.033409010105520792e+04 -2.037404198111976029e+03 2.281740000000000000e+19 -9.381449967622756958e-02 5.777300521731376648e-02
2.906622105108135656e+01 -1.033404643305401260e+04 -2.037452579077953487e+03 2.281940000000000000e+19 3.576692640781402588e-01 -1.562456935644149780e-01
4.488511136810184610e+01 -1.033397819919457106e+04 -2.037513441985026930e+03 2.282140000000000000e+19 -1.053426116704940796e-01 -1.990186274051666260e-01
-7.447635990297843023e+01 -1.033381975628652981e+04 -2.037448417534187001e+03 2.282340000000000000e+19 3.172652423381805420e-02 1.885477453470230103e-02
-5.721957704319281390e+01 -1.033393898260817514e+04 -2.037401423737910818e+03 2.282540000000000000e+19 5.949497222900390625e-02 3.835868462920188904e-02
-3.996255840362195499e+01 -1.033402563058275337e+04 -2.037373504809630049e+03 2.282740000000000000e+19 2.750270627439022064e-02 2.179791219532489777e-02
-2.270538687233117159e+01 -1.033407969979450718e+04 -2.037364660883150236e+03 2.282940000000000000e+19 1.359058320522308350e-01 1.897528395056724548e-02
-5.448144556756991719e+00 -1.033410118998654616e+04 -2.037374892000294267e+03 2.283140000000000000e+19 1.330056041479110718e-02 -2.447694772854447365e-03
1.180908553375995140e+01 -1.033409010105520792e+04 -2.037404198111976029e+03 2.283340000000000000e+19 5.252698808908462524e-02 1.429301947355270386e-01
2.906622105108135656e+01 -1.033404643305401260e+04 -2.037452579077953487e+03 2.283540000000000000e+19 1.031221523880958557e-01 -2.977539226412773132e-02
4.488511136810184610e+01 -1.033397819919457106e+04 -2.037513441985026930e+03 2.283740000000000000e+19 -1.669878698885440826e-02 4.624683409929275513e-02
9.809216510061916949e+01 -1.033354597686818124e+04 -2.037836845483682282e+03 2.283940000000000000e+19 8.477068506181240082e-03 2.222162112593650818e-02
1.153475884725742304e+02 -1.033333941977324685e+04 -2.037980595419584688e+03 2.284140000000000000e+19 -1.235103607177734375e-01 1.356865316629409790e-01
1.326024220037669750e+02 -1.033310028719757611e+04 -2.038143417453370148e+03 2.284340000000000000e+19 1.704676263034343719e-02 -1.339125782251358032e-01
1.498565825762426016e+02 -1.033282858029312047e+04 -2.038325310800649504e+03 2.284540000000000000e+19 -5.108321830630302429e-02 -4.782908782362937927e-02
1.671099880368095398e+02 -1.033252430035359976e+04 -2.038526274595306177e+03 2.284740000000000000e+19 5.631066858768463135e-03 -1.764625124633312225e-02
1.843625556950212570e+02 -1.033218744883682666e+04 -2.038746307874433796e+03 2.284940000000000000e+19 -5.607891827821731567e-03 4.512280970811843872e-02
2.016142027442966480e+02 -1.033181802735982274e+04 -2.038985409581760905e+03 2.285140000000000000e+19 1.723092645406723022e-01 -9.986723214387893677e-02
2.174273472138532952e+02 -1.033145119532374338e+04 -2.039221093517176541e+03 2.285340000000000000e+19 -1.080036628991365433e-02 4.470500163733959198e-03
9.809216510061916949e+01 -1.033354597686818124e+04 -2.037836845483682282e+03 2.285540000000000000e+19 9.164343029260635376e-02 -7.756741717457771301e-03
1.153475884725742304e+02 -1.033333941977324685e+04 -2.037980595419584688e+03 2.285740000000000000e+19 -3.749520704150199890e-02 3.925957158207893372e-02
1.326024220037669750e+02 -1.033310028719757611e+04 -2.038143417453370148e+03 2.285940000000000000e+19 4.763681814074516296e-02 7.769956439733505249e-02
1.498565825762426016e+02 -1.033282858029312047e+04 -2.038325310800649504e+03 2.286140000000000000e+19 -4.516948759555816650e-02 -5.704248324036598206e-02
1.671099880368095398e+02 -1.033252430035359976e+04 -2.038526274595306177e+03 2.286340000000000000e+19 2.548794634640216827e-02 3.023510333150625229e-03
1.843625556950212570e+02 -1.033218744883682666e+04 -2.038746307874433796e+03 2.286540000000000000e+19 4.338235780596733093e-02 4.261160269379615784e-02
2.016142027442966480e+02 -1.033181802735982274e+04 -2.038985409581760905e+03 2.286740000000000000e+19 -5.098848417401313782e-02 4.789170995354652405e-02
2.174273472138532952e+02 -1.033145119532374338e+04 -2.039221093517176541e+03 2.286940000000000000e+19 -2.092286758124828339e-02 -3.957405686378479004e-02
2.706099356728329326e+02 -1.033001467951128870e+04 -2.040132476461112901e+03 2.287140000000000000e+19 -4.798668250441551208e-02 -4.552605003118515015e-02
2.878557423734528697e+02 -1.032948243785076738e+04 -2.040466901332036059e+03 2.287340000000000000e+19 -8.017661422491073608e-02 5.426172167062759399e-02
3.051001331741569516e+02 -1.032891763917815661e+04 -2.040820386395023661e+03 2.287540000000000000e+19 1.090136691927909851e-01 1.397420763969421387e-01
3.223430259682782548e+02 -1.032832028618290678e+04 -2.041192929966831116e+03 2.287740000000000000e+19 -2.486258558928966522e-02 7.028763648122549057e-03
3.395843377554418794e+02 -1.032769038174035268e+04 -2.041584530254179072e+03 2.287940000000000000e+19 -3.135191276669502258e-02 6.793048232793807983e-02
3.568239865033124261e+02 -1.032702792884758128e+04 -2.041995185393830980e+03 2.288140000000000000e+19 -9.809466451406478882e-02 -6.760834157466888428e-02
3.740618892275138023e+02 -1.032633293069359752e+04 -2.042424893408851858e+03 2.288340000000000000e+19 -6.814640760421752930e-02 -2.791628241539001465e-02
3.898617204430091192e+02 -1.032566767603147309e+04 -2.042835285580229538e+03 2.288540000000000000e+19 2.851906232535839081e-02 -1.133258938789367676e-01
2.706099356728329326e+02 -1.033001467951128870e+04 -2.040132476461112901e+03 2.288740000000000000e+19 -1.495208777487277985e-02 1.257109176367521286e-02
2.878557423734528697e+02 -1.032948243785076738e+04 -2.040466901332036059e+03 2.288940000000000000e+19 2.440922148525714874e-02 -5.087363347411155701e-02
3.051001331741569516e+02 -1.032891763917815661e+04 -2.040820386395023661e+03 2.289140000000000000e+19 2.556804101914167404e-03 9.339887648820877075e-02
3.223430259682782548e+02 -1.032832028618290678e+04 -2.041192929966831116e+03 2.289340000000000000e+19 5.808274820446968079e-02 1.514383498579263687e-02
3.395843377554418794e+02 -1.032769038174035268e+04 -2.041584530254179072e+03 2.289540000000000000e+19 8.437363803386688232e-02 -1.355429459363222122e-02
3.568239865033124261e+02 -1.032702792884758128e+04 -2.041995185393830980e+03 2.289740000000000000e+19 -3.907607495784759521e-02 3.386508300900459290e-02
3.740618892275138023e+02 -1.032633293069359752e+04 -2.042424893408851858e+03 2.289940000000000000e+19 -3.411476314067840576e-02 -9.677448123693466187e-02
3.898617204430091192e+02 -1.032566767603147309e+04 -2.042835285580229538e+03 2.290140000000000000e+19 -1.762121319770812988e-01 -4.596711322665214539e-02
4.429943930437628410e+02 -1.032322755420626527e+04 -2.044334211796960517e+03 2.290340000000000000e+19 4.435333248693495989e-04 5.952653661370277405e-02
4.602223297110990075e+02 -1.032236988269998801e+04 -2.044859151549939497e+03 2.290540000000000000e+19 4.980809241533279419e-02 -4.008271545171737671e-02
4.774480256378257650e+02 -1.032147968822202347e+04 -2.045403130473554256e+03 2.290740000000000000e+19 -4.179516807198524475e-03 -6.849685311317443848e-02
4.946713986862704928e+02 -1.032055697501671966e+04 -2.045966145974127130e+03 2.290940000000000000e+19 -3.794474899768829346e-02 -3.552430123090744019e-02
5.118923663099094483e+02 -1.031960174750586157e+04 -2.046548195353536585e+03 2.291140000000000000e+19 -2.079102210700511932e-02 -1.036366820335388184e-01
5.291108457938784113e+02 -1.031861401027798274e+04 -2.047149275815821966e+03 2.291340000000000000e+19 8.976997807621955872e-03 -9.316945821046829224e-02
5.463267552148772666e+02 -1.031759376803296072e+04 -2.047769384500870956e+03 2.291540000000000000e+19 -1.129350513219833374e-01 -5.648975446820259094e-02
5.621057094074694760e+02 -1.031663040927428483e+04 -2.048354288406825617e+03 2.291740000000000000e+19 -1.439148094505071640e-02 -1.129566691815853119e-02
4.429943930437628410e+02 -1.032322755420626527e+04 -2.044334211796960517e+03 2.291940000000000000e+19 -3.621422499418258667e-02 -7.685004174709320068e-02
4.602223297110990075e+02 -1.032236988269998801e+04 -2.044859151549939497e+03 2.292140000000000000e+19 -6.262312829494476318e-02 -8.729115128517150879e-02
4.774480256378257650e+02 -1.032147968822202347e+04 -2.045403130473554256e+03 2.292340000000000000e+19 1.774031482636928558e-02 -9.021568298339843750e-02
4.946713986862704928e+02 -1.032055697501671966e+04 -2.045966145974127130e+03 2.292540000000000000e+19 4.459827765822410583e-02 -7.781425118446350098e-02
5.118923663099094483e+02 -1.031960174750586157e+04 -2.046548195353536585e+03 2.292740000000000000e+19 1.842580176889896393e-02 1.148521304130554199e-01
5.291108457938784113e+02 -1.031861401027798274e+04 -2.047149275815821966e+03 2.292940000000000000e+19 -1.828970760107040405e-02 5.498866364359855652e-02
5.463267552148772666e+02 -1.031759376803296072e+04 -2.047769384500870956e+03 2.293140000000000000e+19 -2.591651119291782379e-02 5.299916490912437439e-02
5.621057094074694760e+02 -1.031663040927428483e+04 -2.048354288406825617e+03 2.293340000000000000e+19 -3.238375484943389893e-02 6.563929375261068344e-03
