# Baseline: 10-21
# Entries: 128
# u [m], v [m], w [m], frequency [GHz], real, imag
1.769912206500983075e+03 -1.006152512679556480e+03 1.639694876301013210e+03 2.267940000000000000e+19 8.641333552077412605e-04 2.045618603006005287e-03
1.773619842843927472e+03 -1.002811773678274562e+03 1.637733978551755172e+03 2.268140000000000000e+19 7.495997939258813858e-03 -3.767213493119925261e-04
1.777318996047871451e+03 -9.994640383378881552e+02 1.635768995676710119e+03 2.268340000000000000e+19 -9.174032136797904968e-03 1.771277631632983685e-03
1.781009648435480813e+03 -9.961093226565207033e+02 1.633799937066123448e+03 2.268540000000000000e+19 1.555141154676675797e-02 -2.110457979142665863e-02
1.784691782344100830e+03 -9.927476426888259766e+02 1.631826812143320467e+03 2.268740000000000000e+19 2.601346932351589203e-03 1.295005250722169876e-02
1.788365380152041098e+03 -9.893790145229498876e+02 1.629849630351181077e+03 2.268940000000000000e+19 -5.965931341052055359e-03 9.388515609316527843e-04
1.792030424201805772e+03 -9.860034543507781564e+02 1.627868401193373984e+03 2.269140000000000000e+19 2.279208041727542877e-03 6.000868976116180420e-03
1.795382628141135228e+03 -9.829032028332960635e+02 1.626048778298697243e+03 2.269340000000000000e+19 1.707042939960956573e-02 7.903228513896465302e-03
1.769912206500983075e+03 -1.006152512679556480e+03 1.639694876301013210e+03 2.269540000000000000e+19 -4.937650170177221298e-03 -2.615936566144227982e-03
1.773619842843927472e+03 -1.002811773678274562e+03 1.637733978551755172e+03 2.269740000000000000e+19 1.849350985139608383e-03 3.511263802647590637e-02
1.777318996047871451e+03 -9.994640383378881552e+02 1.635768995676710119e+03 2.269940000000000000e+19 -8.507873862981796265e-03 -1.255976851098239422e-03
1.781009648435480813e+03 -9.961093226565207033e+02 1.633799937066123448e+03 2.270140000000000000e+19 1.070846989750862122e-02 1.515888515859842300e-02
1.784691782344100830e+03 -9.927476426888259766e+02 1.631826812143320467e+03 2.270340000000000000e+19 -2.513579465448856354e-02 7.133811246603727341e-03
1.788365380152041098e+03 -9.893790145229498876e+02 1.629849630351181077e+03 2.270540000000000000e+19 -1.395814586430788040e-02 2.315711416304111481e-02
1.792030424201805772e+03 -9.860034543507781564e+02 1.627868401193373984e+03 2.270740000000000000e+19 -5.307040177285671234e-03 -2.243279665708541870e-02
1.795382628141135228e+03 -9.829032028332960635e+02 1.626048778298697243e+03 2.270940000000000000e+19 -2.879683114588260651e-02 1.147353090345859528e-02
1.806604713429323283e+03 -9.724322164584841630e+02 1.619903200400997548e+03 2.271140000000000000e+19 -1.223758980631828308e-02 1.110284589231014252e-02
1.810226726794310935e+03 -9.690222388815344630e+02 1.617901876818625851e+03 2.271340000000000000e+19 -9.400885552167892456e-03 -7.795918732881546021e-03
1.813840081804725060e+03 -9.656054266975365863e+02 1.615896563035970075e+03 2.271540000000000000e+19 -3.607039898633956909e-02 1.001824811100959778e-02
1.817444761218443318e+03 -9.621817962109371365e+02 1.613887268622052716e+03 2.271740000000000000e+19 1.238539069890975952e-02 4.884826950728893280e-03
1.821040747771891574e+03 -9.587513638182786053e+02 1.611874003199843401e+03 2.271940000000000000e+19 2.456739544868469238e-02 1.641475595533847809e-02
1.824628024255607897e+03 -9.553141459366939898e+02 1.609856776404301854e+03 2.272140000000000000e+19 1.154747698456048965e-02 -1.581123657524585724e-02
1.828206573489466109e+03 -9.518701590278775484e+02 1.607835597896434365e+03 2.272340000000000000e+19 -1.457453705370426178e-02 2.735537476837635040e-02
1.831479340579850032e+03 -9.487073244419098046e+02 1.605979437775376709e+03 2.272540000000000000e+19 3.365974873304367065e-02 2.387787448242306709e-03
1.806604713429323283e+03 -9.724322164584841630e+02 1.619903200400997548e+03 2.272740000000000000e+19 3.441035374999046326e-02 -1.916297897696495056e-02
1.810226726794310935e+03 -9.690222388815344630e+02 1.617901876818625851e+03 2.272940000000000000e+19 -3.936288505792617798e-02 7.923935540020465851e-03
1.813840081804725060e+03 -9.656054266975365863e+02 1.615896563035970075e+03 2.273140000000000000e+19 -1.001143362373113632e-02 1.486395392566919327e-02
1.817444761218443318e+03 -9.621817962109371365e+02 1.613887268622052716e+03 2.273340000000000000e+19 -5.870971083641052246e-02 3.026924654841423035e-02
1.821040747771891574e+03 -9.587513638182786053e+02 1.611874003199843401e+03 2.273540000000000000e+19 -1.330124028027057648e-02 2.420554496347904205e-02
1.824628024255607897e+03 -9.553141459366939898e+02 1.609856776404301854e+03 2.273740000000000000e+19 -1.200772915035486221e-02 -2.528425864875316620e-02
1.828206573489466109e+03 -9.518701590278775484e+02 1.607835597896434365e+03 2.273940000000000000e+19 -3.627566993236541748e-02 6.287314742803573608e-02
1.831479340579850032e+03 -9.487073244419098046e+02 1.605979437775376709e+03 2.274140000000000000e+19 3.758731111884117126e-02 5.725170671939849854e-02
1.842433156233600357e+03 -9.380268510526115051e+02 1.599711560368276650e+03 2.274340000000000000e+19 -1.037589553743600845e-02 -1.345702260732650757e-02
1.845967813216694367e+03 -9.345492668353405179e+02 1.597670768739943696e+03 2.274540000000000000e+19 -3.271510079503059387e-02 -2.827799320220947266e-02
1.849493640872809692e+03 -9.310650129178326324e+02 1.595626083690029191e+03 2.274740000000000000e+19 1.622314564883708954e-03 5.263994913548231125e-03
1.853010622266871678e+03 -9.275741060354959018e+02 1.593577515039474974e+03 2.274940000000000000e+19 3.667907044291496277e-02 1.396965235471725464e-02
1.856518740640911346e+03 -9.240765628218520078e+02 1.591525072549336301e+03 2.275140000000000000e+19 -1.831848174333572388e-02 1.282565202564001083e-02
1.860017979096129920e+03 -9.205724001249321873e+02 1.589468766106449038e+03 2.275340000000000000e+19 3.753079846501350403e-02 -2.981185354292392731e-02
1.863508320971590365e+03 -9.170616346294405048e+02 1.587408605501705324e+03 2.275540000000000000e+19 2.997139003127813339e-03 -7.140137720853090286e-03
1.866700084976727112e+03 -9.138377306089138301e+02 1.585516796455097847e+03 2.275740000000000000e+19 1.922964490950107574e-02 -1.894164597615599632e-03
1.842433156233600357e+03 -9.380268510526115051e+02 1.599711560368276650e+03 2.275940000000000000e+19 3.084464371204376221e-02 1.676247268915176392e-02
1.845967813216694367e+03 -9.345492668353405179e+02 1.597670768739943696e+03 2.276140000000000000e+19 4.027391225099563599e-02 3.550691530108451843e-02
1.849493640872809692e+03 -9.310650129178326324e+02 1.595626083690029191e+03 2.276340000000000000e+19 -5.037941038608551025e-03 -5.099933594465255737e-02
1.853010622266871678e+03 -9.275741060354959018e+02 1.593577515039474974e+03 2.276540000000000000e+19 4.550634417682886124e-03 5.721150897443294525e-03
1.856518740640911346e+03 -9.240765628218520078e+02 1.591525072549336301e+03 2.276740000000000000e+19 -4.066670779138803482e-03 -1.061035040766000748e-02
1.860017979096129920e+03 -9.205724001249321873e+02 1.589468766106449038e+03 2.276940000000000000e+19 1.633706130087375641e-02 -5.646812729537487030e-03
1.863508320971590365e+03 -9.170616346294405048e+02 1.587408605501705324e+03 2.277140000000000000e+19 -6.820327136665582657e-03 7.812570780515670776e-03
1.866700084976727112e+03 -9.138377306089138301e+02 1.585516796455097847e+03 2.277340000000000000e+19 -7.128809392452239990e-02 -3.867691010236740112e-02
1.877380388995679141e+03 -9.029528814104570529e+02 1.579129619071116167e+03 2.277540000000000000e+19 2.077301219105720520e-02 6.542648375034332275e-02
1.880825998159225719e+03 -8.994093546851922838e+02 1.577050335979722831e+03 2.277740000000000000e+19 -3.215150535106658936e-02 1.752324774861335754e-02
1.884262611101153880e+03 -8.958593265037183073e+02 1.574967258193989665e+03 2.277940000000000000e+19 -2.869757823646068573e-02 1.530170068144798279e-02
1.887690211458531166e+03 -8.923028137689894947e+02 1.572880395632200816e+03 2.278140000000000000e+19 -4.403654485940933228e-02 1.882025972008705139e-02
1.891108782732290138e+03 -8.887398336006568798e+02 1.570789758339695027e+03 2.278340000000000000e+19 -1.351042743772268295e-02 1.458694972097873688e-02
1.894518308657322223e+03 -8.851704029509455722e+02 1.568695356263473741e+03 2.278540000000000000e+19 6.368894595652818680e-03 -3.875383874401450157e-03
1.897918772821552921e+03 -8.815945390016792089e+02 1.566597199485165902e+03 2.278740000000000000e+19 -5.495089292526245117e-02 4.614716395735740662e-02
1.901028006435543602e+03 -8.783111082353998427e+02 1.564670646773912040e+03 2.278940000000000000e+19 7.289481908082962036e-02 2.463132329285144806e-02
1.877380388995679141e+03 -9.029528814104570529e+02 1.579129619071116167e+03 2.279140000000000000e+19 -2.608018368482589722e-02 3.028671629726886749e-02
1.880825998159225719e+03 -8.994093546851922838e+02 1.577050335979722831e+03 2.279340000000000000e+19 -3.076646290719509125e-02 6.695425510406494141e-02
1.884262611101153880e+03 -8.958593265037183073e+02 1.574967258193989665e+03 2.279540000000000000e+19 -3.848558291792869568e-02 -1.438810024410486221e-02
1.887690211458531166e+03 -8.923028137689894947e+02 1.572880395632200816e+03 2.279740000000000000e+19 -2.032780833542346954e-02 -5.177598074078559875e-02
1.891108782732290138e+03 -8.887398336006568798e+02 1.570789758339695027e+03 2.279940000000000000e+19 -3.616749867796897888e-02 2.876279503107070923e-02
1.894518308657322223e+03 -8.851704029509455722e+02 1.568695356263473741e+03 2.280140000000000000e+19 -3.206057241186499596e-03 1.119219418615102768e-02
1.897918772821552921e+03 -8.815945390016792089e+02 1.566597199485165902e+03 2.280340000000000000e+19 1.475341897457838058e-02 -1.841910555958747864e-02
1.901028006435543602e+03 -8.783111082353998427e+02 1.564670646773912040e+03 2.280540000000000000e+19 -1.770880189724266529e-04 8.041393943130970001e-03
1.910869646237297957e+03 -8.678277712682287302e+02 1.558519662809964984e+03 2.280740000000000000e+19 8.806320838630199432e-03 2.920104190707206726e-03
1.914226083525377589e+03 -8.642210545599529041e+02 1.556403500017633405e+03 2.280940000000000000e+19 1.936068758368492126e-02 1.798084005713462830e-02
1.917573364795636508e+03 -8.606080047479073301e+02 1.554283641312287727e+03 2.281140000000000000e+19 2.186197414994239807e-02 -1.260190922766923904e-02
1.920911473970705401e+03 -8.569886391862047503e+02 1.552160096875988302e+03 2.281340000000000000e+19 -5.616737995296716690e-03 2.965876134112477303e-03
1.924240395168392979e+03 -8.533629750954049769e+02 1.550032876812339055e+03 2.281540000000000000e+19 2.756069228053092957e-02 -1.343766041100025177e-02
1.927560112376126881e+03 -8.497310299153250526e+02 1.547901991353493031e+03 2.281740000000000000e+19 -1.040055602788925171e-02 1.366813667118549347e-02
1.930870609753043254e+03 -8.460928209770221429e+02 1.545767450667697858e+03 2.281940000000000000e+19 1.114280428737401962e-02 2.028079703450202942e-02
1.933897237185656195e+03 -8.427523878085906972e+02 1.543807632390320578e+03 2.282140000000000000e+19 -2.415284700691699982e-02 2.168464660644531250e-02
1.910869646237297957e+03 -8.678277712682287302e+02 1.558519662809964984e+03 2.282340000000000000e+19 -4.175392910838127136e-03 1.143726054579019547e-03
1.914226083525377589e+03 -8.642210545599529041e+02 1.556403500017633405e+03 2.282540000000000000e+19 1.012961659580469131e-02 4.731890279799699783e-03
1.917573364795636508e+03 -8.606080047479073301e+02 1.554283641312287727e+03 2.282740000000000000e+19 4.932756070047616959e-03 -2.809418365359306335e-02
1.920911473970705401e+03 -8.569886391862047503e+02 1.552160096875988302e+03 2.282940000000000000e+19 1.161751057952642441e-02 1.448299176990985870e-02
1.924240395168392979e+03 -8.533629750954049769e+02 1.550032876812339055e+03 2.283140000000000000e+19 -3.765947883948683739e-03 -2.294269949197769165e-02
1.927560112376126881e+03 -8.497310299153250526e+02 1.547901991353493031e+03 2.283340000000000000e+19 5.068784579634666443e-03 1.348259393125772476e-02
1.930870609753043254e+03 -8.460928209770221429e+02 1.545767450667697858e+03 2.283540000000000000e+19 2.207425422966480255e-02 5.229110363870859146e-03
1.933897237185656195e+03 -8.427523878085906972e+02 1.543807632390320578e+03 2.283740000000000000e+19 2.785545960068702698e-02 1.460310816764831543e-02
1.944020084648399461e+03 -8.314776964334147351e+02 1.537192940290203524e+03 2.283940000000000000e+19 -1.387593522667884827e-02 8.868164382874965668e-03
1.947284246017102305e+03 -8.278084305749711120e+02 1.535040277107795418e+03 2.284140000000000000e+19 -3.525876626372337341e-02 -4.404102917760610580e-03
1.950539093205849213e+03 -8.241330058228983262e+02 1.532884020221211358e+03 2.284340000000000000e+19 -5.744819995015859604e-03 1.412257784977555275e-03
1.953784610535789170e+03 -8.204514398820334691e+02 1.530724180017329672e+03 2.284540000000000000e+19 -2.655952423810958862e-02 -1.653075963258743286e-02
1.957020782553875733e+03 -8.167637502816343158e+02 1.528560766779930418e+03 2.284740000000000000e+19 2.645463496446609497e-02 1.487798709422349930e-02
1.960247593749961879e+03 -8.130699546956087715e+02 1.526393790877561514e+03 2.284940000000000000e+19 4.817150533199310303e-02 5.083564668893814087e-03
1.963465028636504712e+03 -8.093700708530014936e+02 1.524223262711023381e+03 2.285140000000000000e+19 2.015870995819568634e-02 2.629411406815052032e-02
1.966406213753873772e+03 -8.059732544631297060e+02 1.522230545146833265e+03 2.285340000000000000e+19 1.149395201355218887e-02 -5.578136537224054337e-03
1.944020084648399461e+03 -8.314776964334147351e+02 1.537192940290203524e+03 2.285540000000000000e+19 1.518959272652864456e-02 -1.354562398046255112e-02
1.947284246017102305e+03 -8.278084305749711120e+02 1.535040277107795418e+03 2.285740000000000000e+19 -2.178054116666316986e-02 4.293160047382116318e-03
1.950539093205849213e+03 -8.241330058228983262e+02 1.532884020221211358e+03 2.285940000000000000e+19 -1.954805105924606323e-03 1.944687031209468842e-02
1.953784610535789170e+03 -8.204514398820334691e+02 1.530724180017329672e+03 2.286140000000000000e+19 2.186061441898345947e-02 5.282054468989372253e-02
1.957020782553875733e+03 -8.167637502816343158e+02 1.528560766779930418e+03 2.286340000000000000e+19 -1.281473902054131031e-03 2.018980495631694794e-02
1.960247593749961879e+03 -8.130699546956087715e+02 1.526393790877561514e+03 2.286540000000000000e+19 3.386306390166282654e-02 9.990416583605110645e-05
1.963465028636504712e+03 -8.093700708530014936e+02 1.524223262711023381e+03 2.286740000000000000e+19 1.099136844277381897e-02 -2.925571799278259277e-02
1.966406213753873772e+03 -8.059732544631297060e+02 1.522230545146833265e+03 2.286940000000000000e+19 8.588681928813457489e-03 4.573167487978935242e-02
1.976240698178046159e+03 -7.945100070616481389e+02 1.515505835160138986e+03 2.287140000000000000e+19 -2.911739237606525421e-02 -2.221977524459362030e-02
1.979411021641492880e+03 -7.907799478975381362e+02 1.513317701696597169e+03 2.287340000000000000e+19 9.531595278531312943e-04 -1.464390195906162262e-02
1.982571877085109008e+03 -7.870439071514753095e+02 1.511126078547940097e+03 2.287540000000000000e+19 2.718163467943668365e-02 1.881271600723266602e-02
1.985723249459015278e+03 -7.833019026121299930e+02 1.508930976149300477e+03 2.287740000000000000e+19 1.953657250851392746e-03 2.559402957558631897e-02
1.988865123593752287e+03 -7.795539522920043964e+02 1.506732405067019272e+03 2.287940000000000000e+19 -7.238313090056180954e-03 -8.314719423651695251e-03
1.991997484540677988e+03 -7.758000740234671184e+02 1.504530375761642745e+03 2.288140000000000000e+19 9.774783626198768616e-03 -2.283246628940105438e-02
1.995120317221971391e+03 -7.720402858761559628e+02 1.502324898832882582e+03 2.288340000000000000e+19 1.550248917192220688e-02 -1.982929557561874390e-02
1.997974652516481001e+03 -7.685887118181371989e+02 1.500300235601294389e+03 2.288540000000000000e+19 7.685703039169311523e-02 -3.798187151551246643e-02
1.976240698178046159e+03 -7.945100070616481389e+02 1.515505835160138986e+03 2.288740000000000000e+19 5.711036268621683121e-03 1.003314089030027390e-02
1.979411021641492880e+03 -7.907799478975381362e+02 1.513317701696597169e+03 2.288940000000000000e+19 -1.301647257059812546e-02 2.970904670655727386e-02
1.982571877085109008e+03 -7.870439071514753095e+02 1.511126078547940097e+03 2.289140000000000000e+19 -2.435635030269622803e-02 5.721490830183029175e-03
1.985723249459015278e+03 -7.833019026121299930e+02 1.508930976149300477e+03 2.289340000000000000e+19 -2.053164131939411163e-02 3.722673282027244568e-02
1.988865123593752287e+03 -7.795539522920043964e+02 1.506732405067019272e+03 2.289540000000000000e+19 -8.558970876038074493e-03 -2.068215049803256989e-02
1.991997484540677988e+03 -7.758000740234671184e+02 1.504530375761642745e+03 2.289740000000000000e+19 -1.890885469038039446e-04 1.631447672843933105e-02
1.995120317221971391e+03 -7.720402858761559628e+02 1.502324898832882582e+03 2.289940000000000000e+19 1.225088164210319519e-02 9.993491694331169128e-03
1.997974652516481001e+03 -7.685887118181371989e+02 1.500300235601294389e+03 2.290140000000000000e+19 1.523657329380512238e-02 -7.152813673019409180e-02
2.007516067609057473e+03 -7.569423941471758326e+02 1.493468725851012323e+03 2.290340000000000000e+19 3.415328217670321465e-03 8.810380473732948303e-03
2.010591035940738038e+03 -7.531533267811256565e+02 1.491246169287284602e+03 2.290540000000000000e+19 3.180442377924919128e-02 -1.463422086089849472e-02
2.013656387045405836e+03 -7.493584578918988655e+02 1.489020228659795293e+03 2.290740000000000000e+19 -1.999361626803874969e-02 2.244918420910835266e-02
2.016712106306375972e+03 -7.455578055745845631e+02 1.486790914582510595e+03 2.290940000000000000e+19 -9.993251413106918335e-03 -8.039709925651550293e-02
2.019758179078359035e+03 -7.417513880444959113e+02 1.484558237739826836e+03 2.291140000000000000e+19 -2.782065421342849731e-02 -1.653152331709861755e-02
2.022794590730740993e+03 -7.379392235845108416e+02 1.482322208855677445e+03 2.291340000000000000e+19 4.717318713665008545e-02 5.002288147807121277e-03
2.025821326816777628e+03 -7.341213303324910839e+02 1.480082838568847365e+03 2.291540000000000000e+19 -7.119189202785491943e-02 2.020205557346343994e-02
2.028587445864170832e+03 -7.306166509713651749e+02 1.478027198933139971e+03 2.291740000000000000e+19 1.993484608829021454e-02 -6.561272777616977692e-03
2.007516067609057473e+03 -7.569423941471758326e+02 1.493468725851012323e+03 2.291940000000000000e+19 1.396486535668373108e-02 1.067720726132392883e-02
2.010591035940738038e+03 -7.531533267811256565e+02 1.491246169287284602e+03 2.292140000000000000e+19 -3.761558234691619873e-02 -4.956503584980964661e-02
2.013656387045405836e+03 -7.493584578918988655e+02 1.489020228659795293e+03 2.292340000000000000e+19 4.731432069092988968e-03 -1.394494343549013138e-02
2.016712106306375972e+03 -7.455578055745845631e+02 1.486790914582510595e+03 2.292540000000000000e+19 -1.803604653105139732e-03 2.713411487638950348e-02
2.019758179078359035e+03 -7.417513880444959113e+02 1.484558237739826836e+03 2.292740000000000000e+19 4.708120971918106079e-02 -7.931641489267349243e-02
2.022794590730740993e+03 -7.379392235845108416e+02 1.482322208855677445e+03 2.292940000000000000e+19 -2.460719831287860870e-02 8.564176969230175018e-03
2.025821326816777628e+03 -7.341213303324910839e+02 1.480082838568847365e+03 2.293140000000000000e+19 -4.916044697165489197e-02 -3.191564232110977173e-02
2.028587445864170832e+03 -7.306166509713651749e+02 1.478027198933139971e+03 2.293340000000000000e+19 1.041795965284109116e-02 3.878440335392951965e-02
