# Baseline: 9-20
# Entries: 128
# u [m], v [m], w [m], frequency [GHz], real, imag, std(real), std(imag)
-2.731178101748786503e+03 -2.372556376248235210e+03 -3.039198461684444283e+03 2.267940000000000111e+01 3.320059925317764282e-02 4.602624976541846991e-04 6.933183223009109497e-02 6.905966252088546753e-02
-2.730051872627159810e+03 -2.377703786970888814e+03 -3.036186151348873409e+03 2.268140000000000001e+01 -6.088256835937500000e-02 1.302428692579269409e-01 6.933183223009109497e-02 6.905966252088546753e-02
-2.728912599072172725e+03 -2.382849066723435953e+03 -3.033175105939965306e+03 2.268340000000000245e+01 -1.211748737841844559e-02 -1.222310662269592285e-01 6.933183223009109497e-02 6.905966252088546753e-02
-2.727760286528264260e+03 -2.387992190917762855e+03 -3.030165339846803818e+03 2.268540000000000134e+01 -1.910856366157531738e-01 2.241265326738357544e-01 6.933183223009109497e-02 6.905966252088546753e-02
-2.726887905751753351e+03 -2.391848173434376349e+03 -3.027908822694052560e+03 2.268740000000000023e+01 1.752405762672424316e-01 -2.078230530023574829e-01 6.933183223009109497e-02 6.905966252088546753e-02
-2.725416566594019969e+03 -2.398271874187470985e+03 -3.024149703217397018e+03 2.268940000000000268e+01 -5.010150000452995300e-02 1.930726021528244019e-01 6.933183223009109497e-02 6.905966252088546753e-02
-2.724225170445015010e+03 -2.403408383959627827e+03 -3.021143861533217660e+03 2.269140000000000157e+01 9.072048962116241455e-02 -1.415720731019973755e-01 6.933183223009109497e-02 6.905966252088546753e-02
-2.722718148359369479e+03 -2.409825941400589272e+03 -3.017388386135020028e+03 2.269340000000000046e+01 1.385540366172790527e-01 2.652206420898437500e-01 6.933183223009109497e-02 6.905966252088546753e-02
-2.731178101748786503e+03 -2.372556376248235210e+03 -3.039198461684444283e+03 2.269540000000000290e+01 9.575234726071357727e-03 -8.564199507236480713e-02 6.933183223009109497e-02 6.905966252088546753e-02
-2.730051872627159810e+03 -2.377703786970888814e+03 -3.036186151348873409e+03 2.269740000000000180e+01 1.353662163019180298e-01 -2.796049928292632103e-03 6.933183223009109497e-02 6.905966252088546753e-02
-2.728912599072172725e+03 -2.382849066723435953e+03 -3.033175105939965306e+03 2.269940000000000069e+01 6.426210701465606689e-02 -1.386231482028961182e-01 6.933183223009109497e-02 6.905966252088546753e-02
-2.727760286528264260e+03 -2.387992190917762855e+03 -3.030165339846803818e+03 2.270140000000000313e+01 -2.611049115657806396e-01 -3.503749147057533264e-02 6.933183223009109497e-02 6.905966252088546753e-02
-2.726887905751753351e+03 -2.391848173434376349e+03 -3.027908822694052560e+03 2.270340000000000202e+01 -5.791128426790237427e-02 -1.451912969350814819e-01 6.933183223009109497e-02 6.905966252088546753e-02
-2.725416566594019969e+03 -2.398271874187470985e+03 -3.024149703217397018e+03 2.270540000000000092e+01 -2.657641768455505371e-01 8.835371583700180054e-02 6.933183223009109497e-02 6.905966252088546753e-02
-2.724225170445015010e+03 -2.403408383959627827e+03 -3.021143861533217660e+03 2.270739999999999981e+01 3.524765372276306152e-02 1.228161975741386414e-01 6.933183223009109497e-02 6.905966252088546753e-02
-2.722718148359369479e+03 -2.409825941400589272e+03 -3.017388386135020028e+03 2.270940000000000225e+01 5.915791727602481842e-03 7.685295492410659790e-02 6.933183223009109497e-02 6.905966252088546753e-02
-2.719329478230957193e+03 -2.423931637929082171e+03 -3.009134007471996483e+03 2.271140000000000114e+01 -2.561966655775904655e-03 -1.342111229896545410e-01 6.933183223009109497e-02 6.905966252088546753e-02
-2.718073057563502971e+03 -2.429056632349943357e+03 -3.006134993981116622e+03 2.271340000000000003e+01 -7.371719926595687866e-02 1.800587959587574005e-02 6.933183223009109497e-02 6.905966252088546753e-02
-2.716803649799770938e+03 -2.434179250003813650e+03 -3.003137389254627124e+03 2.271540000000000248e+01 -1.352607738226652145e-02 3.961303457617759705e-02 6.933183223009109497e-02 6.905966252088546753e-02
-2.715521260997284571e+03 -2.439299466446575025e+03 -3.000141207596495860e+03 2.271740000000000137e+01 2.494041575118899345e-03 3.087571263313293457e-02 6.933183223009109497e-02 6.905966252088546753e-02
-2.714225897297724714e+03 -2.444417257156382675e+03 -2.997146463356092227e+03 2.271940000000000026e+01 1.004996150732040405e-01 1.582323014736175537e-01 6.933183223009109497e-02 6.905966252088546753e-02
-2.712917564900337766e+03 -2.449532597640820313e+03 -2.994153170865472930e+03 2.272140000000000271e+01 -3.270089626312255859e-03 2.189895894844084978e-04 6.933183223009109497e-02 6.905966252088546753e-02
-2.711596270071204799e+03 -2.454645463401421239e+03 -2.991161344460153032e+03 2.272340000000000160e+01 -2.278702519834041595e-02 -1.537041068077087402e-01 6.933183223009109497e-02 6.905966252088546753e-02
-2.710373866269356768e+03 -2.459330094299855773e+03 -2.988420118018908852e+03 2.272540000000000049e+01 -1.196090597659349442e-02 4.120108205825090408e-03 6.933183223009109497e-02 6.905966252088546753e-02
-2.719329478230957193e+03 -2.423931637929082171e+03 -3.009134007471996483e+03 2.272740000000000293e+01 6.152989715337753296e-02 -4.040201008319854736e-02 6.933183223009109497e-02 6.905966252088546753e-02
-2.718073057563502971e+03 -2.429056632349943357e+03 -3.006134993981116622e+03 2.272940000000000182e+01 -1.075834929943084717e-01 1.704362034797668457e-01 6.933183223009109497e-02 6.905966252088546753e-02
-2.716803649799770938e+03 -2.434179250003813650e+03 -3.003137389254627124e+03 2.273140000000000072e+01 7.830381393432617188e-03 4.033059999346733093e-02 6.933183223009109497e-02 6.905966252088546753e-02
-2.715521260997284571e+03 -2.439299466446575025e+03 -3.000141207596495860e+03 2.273340000000000316e+01 -4.544725175946950912e-03 -3.184920176863670349e-02 6.933183223009109497e-02 6.905966252088546753e-02
-2.714225897297724714e+03 -2.444417257156382675e+03 -2.997146463356092227e+03 2.273540000000000205e+01 -7.134524732828140259e-02 -1.190893701277673244e-03 6.933183223009109497e-02 6.905966252088546753e-02
-2.712917564900337766e+03 -2.449532597640820313e+03 -2.994153170865472930e+03 2.273740000000000094e+01 6.586720049381256104e-02 1.983938366174697876e-02 6.933183223009109497e-02 6.905966252088546753e-02
-2.711596270071204799e+03 -2.454645463401421239e+03 -2.991161344460153032e+03 2.273939999999999984e+01 3.280159085988998413e-02 5.631000176072120667e-02 6.933183223009109497e-02 6.905966252088546753e-02
-2.710373866269356768e+03 -2.459330094299855773e+03 -2.988420118018908852e+03 2.274140000000000228e+01 -9.791214019060134888e-02 -6.805261969566345215e-02 6.933183223009109497e-02 6.905966252088546753e-02
-2.706181593760186388e+03 -2.475071690293522352e+03 -2.979208985780386683e+03 2.274340000000000117e+01 3.653379902243614197e-02 -1.355287134647369385e-01 6.933183223009109497e-02 6.905966252088546753e-02
-2.704795582844684304e+03 -2.480171815714624245e+03 -2.976224704388479495e+03 2.274540000000000006e+01 -4.603148554451763630e-04 8.452860265970230103e-02 6.933183223009109497e-02 6.905966252088546753e-02
-2.703396648348157669e+03 -2.485269319851707678e+03 -2.973241974841167121e+03 2.274740000000000251e+01 1.507246494293212891e-02 2.777663804590702057e-02 6.933183223009109497e-02 6.905966252088546753e-02
-2.701984796989920142e+03 -2.490364178220681879e+03 -2.970260811464948347e+03 2.274940000000000140e+01 -7.929549366235733032e-02 5.487232655286788940e-02 6.933183223009109497e-02 6.905966252088546753e-02
-2.700560035497039280e+03 -2.495456366545317451e+03 -2.967281228464609285e+03 2.275140000000000029e+01 3.601397573947906494e-02 -9.621941298246383667e-02 6.933183223009109497e-02 6.905966252088546753e-02
-2.699122370732854506e+03 -2.500545860296138926e+03 -2.964303240193025431e+03 2.275340000000000273e+01 1.646820269525051117e-02 2.924984320998191833e-02 6.933183223009109497e-02 6.905966252088546753e-02
-2.697671809542865503e+03 -2.505632635240296622e+03 -2.961326860829430188e+03 2.275540000000000163e+01 2.715888246893882751e-02 2.131494507193565369e-02 6.933183223009109497e-02 6.905966252088546753e-02
-2.696330969272155926e+03 -2.510293138211235146e+03 -2.958599917842623199e+03 2.275740000000000052e+01 3.903091652318835258e-03 -3.182968497276306152e-02 6.933183223009109497e-02 6.905966252088546753e-02
-2.706181593760186388e+03 -2.475071690293522352e+03 -2.979208985780386683e+03 2.275940000000000296e+01 3.564943000674247742e-02 -3.506503626704216003e-02 6.933183223009109497e-02 6.905966252088546753e-02
-2.704795582844684304e+03 -2.480171815714624245e+03 -2.976224704388479495e+03 2.276140000000000185e+01 -4.298609495162963867e-02 -1.359473541378974915e-02 6.933183223009109497e-02 6.905966252088546753e-02
-2.703396648348157669e+03 -2.485269319851707678e+03 -2.973241974841167121e+03 2.276340000000000074e+01 6.115835532546043396e-02 -6.085327640175819397e-02 6.933183223009109497e-02 6.905966252088546753e-02
-2.701984796989920142e+03 -2.490364178220681879e+03 -2.970260811464948347e+03 2.276540000000000319e+01 -1.059130728244781494e-01 4.531287401914596558e-02 6.933183223009109497e-02 6.905966252088546753e-02
-2.700560035497039280e+03 -2.495456366545317451e+03 -2.967281228464609285e+03 2.276740000000000208e+01 -3.760476410388946533e-02 -1.133581772446632385e-01 6.933183223009109497e-02 6.905966252088546753e-02
-2.699122370732854506e+03 -2.500545860296138926e+03 -2.964303240193025431e+03 2.276940000000000097e+01 1.709732040762901306e-02 6.869926303625106812e-02 6.933183223009109497e-02 6.905966252088546753e-02
-2.697671809542865503e+03 -2.505632635240296622e+03 -2.961326860829430188e+03 2.277139999999999986e+01 1.956443302333354950e-02 3.805634006857872009e-02 6.933183223009109497e-02 6.905966252088546753e-02
-2.696330969272155926e+03 -2.510293138211235146e+03 -2.958599917842623199e+03 2.277340000000000231e+01 -1.275335848331451416e-01 3.128583356738090515e-02 6.933183223009109497e-02 6.905966252088546753e-02
-2.691740740390733663e+03 -2.525952059913949142e+03 -2.949437717428684664e+03 2.277540000000000120e+01 -8.709450811147689819e-02 -9.034824371337890625e-02 6.933183223009109497e-02 6.905966252088546753e-02
-2.690225802480181301e+03 -2.531024875769923710e+03 -2.946469596204469326e+03 2.277740000000000009e+01 1.013730689883232117e-01 -3.635914996266365051e-02 6.933183223009109497e-02 6.905966252088546753e-02
-2.688698010746609270e+03 -2.536094826866230960e+03 -2.943503169287073433e+03 2.277940000000000254e+01 -1.456104777753353119e-02 1.076996028423309326e-01 6.933183223009109497e-02 6.905966252088546753e-02
-2.687157372464385844e+03 -2.541161889063018862e+03 -2.940538450800709597e+03 2.278140000000000143e+01 -7.494840770959854126e-02 1.438639312982559204e-01 6.933183223009109497e-02 6.905966252088546753e-02
-2.685603895049568109e+03 -2.546226037969471690e+03 -2.937575455016339220e+03 2.278340000000000032e+01 7.665053009986877441e-02 -1.153176557272672653e-02 6.933183223009109497e-02 6.905966252088546753e-02
-2.684037585893432606e+03 -2.551287249491006150e+03 -2.934614196031515348e+03 2.278540000000000276e+01 2.123146131634712219e-02 -3.847568854689598083e-02 6.933183223009109497e-02 6.905966252088546753e-02
-2.682458452535591732e+03 -2.556345499264970385e+03 -2.931654688100548810e+03 2.278740000000000165e+01 7.068862766027450562e-02 5.414494499564170837e-02 6.933183223009109497e-02 6.905966252088546753e-02
-2.680999817411264758e+03 -2.560979644186063979e+03 -2.928943333451567469e+03 2.278940000000000055e+01 -4.851862322539091110e-03 2.161176688969135284e-02 6.933183223009109497e-02 6.905966252088546753e-02
-2.691740740390733663e+03 -2.525952059913949142e+03 -2.949437717428684664e+03 2.279140000000000299e+01 4.535329341888427734e-02 2.849942632019519806e-02 6.933183223009109497e-02 6.905966252088546753e-02
-2.690225802480181301e+03 -2.531024875769923710e+03 -2.946469596204469326e+03 2.279340000000000188e+01 2.489009872078895569e-02 -3.836804255843162537e-02 6.933183223009109497e-02 6.905966252088546753e-02
-2.688698010746609270e+03 -2.536094826866230960e+03 -2.943503169287073433e+03 2.279540000000000077e+01 2.719909325242042542e-02 3.830938413739204407e-02 6.933183223009109497e-02 6.905966252088546753e-02
-2.687157372464385844e+03 -2.541161889063018862e+03 -2.940538450800709597e+03 2.279739999999999966e+01 -8.057584986090660095e-03 -4.180480167269706726e-02 6.933183223009109497e-02 6.905966252088546753e-02
-2.685603895049568109e+03 -2.546226037969471690e+03 -2.937575455016339220e+03 2.279940000000000211e+01 -4.112257435917854309e-02 3.813372179865837097e-02 6.933183223009109497e-02 6.905966252088546753e-02
-2.684037585893432606e+03 -2.551287249491006150e+03 -2.934614196031515348e+03 2.280140000000000100e+01 -7.752586901187896729e-02 -1.247479114681482315e-03 6.933183223009109497e-02 6.905966252088546753e-02
-2.682458452535591732e+03 -2.556345499264970385e+03 -2.931654688100548810e+03 2.280339999999999989e+01 -2.582037076354026794e-02 6.831875070929527283e-04 6.933183223009109497e-02 6.905966252088546753e-02
-2.680999817411264758e+03 -2.560979644186063979e+03 -2.928943333451567469e+03 2.280540000000000234e+01 -5.015962198376655579e-02 1.103453990072011948e-02 6.933183223009109497e-02 6.905966252088546753e-02
-2.676286442693169647e+03 -2.575707584330207283e+03 -2.920326383836966670e+03 2.280740000000000123e+01 5.725916475057601929e-03 -7.674884051084518433e-02 6.933183223009109497e-02 6.905966252088546753e-02
-2.674645433213389879e+03 -2.580751178385472485e+03 -2.917375538614544894e+03 2.280940000000000012e+01 4.191523790359497070e-02 2.298205196857452393e-01 6.933183223009109497e-02 6.905966252088546753e-02
-2.672991644452742548e+03 -2.585791669774573620e+03 -2.914426526894108974e+03 2.281140000000000256e+01 -1.797591000795364380e-01 -5.635933019220829010e-03 6.933183223009109497e-02 6.905966252088546753e-02
-2.671325084354803494e+03 -2.590829034287303330e+03 -2.911479362840181693e+03 2.281340000000000146e+01 2.064549550414085388e-02 2.106213718652725220e-01 6.933183223009109497e-02 6.905966252088546753e-02
-2.669645760849004546e+03 -2.595863247956544001e+03 -2.908534060474969465e+03 2.281540000000000035e+01 -1.247867196798324585e-02 -2.454563677310943604e-01 6.933183223009109497e-02 6.905966252088546753e-02
-2.667953682012985610e+03 -2.600894286567101972e+03 -2.905590633965735833e+03 2.281740000000000279e+01 2.066940963268280029e-01 2.150496393442153931e-01 6.933183223009109497e-02 6.905966252088546753e-02
-2.666248855921266113e+03 -2.605922126111893704e+03 -2.902649097357897972e+03 2.281940000000000168e+01 -1.464248299598693848e-01 -2.099928557872772217e-01 6.933183223009109497e-02 6.905966252088546753e-02
-2.664675069636978606e+03 -2.610528189450924401e+03 -2.899954336675385093e+03 2.282140000000000057e+01 -1.057247892022132874e-01 -6.037087365984916687e-02 6.933183223009109497e-02 6.905966252088546753e-02
-2.676286442693169647e+03 -2.575707584330207283e+03 -2.920326383836966670e+03 2.282340000000000302e+01 -1.081600263714790344e-01 -6.603924930095672607e-02 6.933183223009109497e-02 6.905966252088546753e-02
-2.674645433213389879e+03 -2.580751178385472485e+03 -2.917375538614544894e+03 2.282540000000000191e+01 -3.028197027742862701e-02 1.654659956693649292e-02 6.933183223009109497e-02 6.905966252088546753e-02
-2.672991644452742548e+03 -2.585791669774573620e+03 -2.914426526894108974e+03 2.282740000000000080e+01 -4.670229181647300720e-02 -9.536746144294738770e-02 6.933183223009109497e-02 6.905966252088546753e-02
-2.671325084354803494e+03 -2.590829034287303330e+03 -2.911479362840181693e+03 2.282939999999999969e+01 1.438553482294082642e-01 1.337444931268692017e-01 6.933183223009109497e-02 6.905966252088546753e-02
-2.669645760849004546e+03 -2.595863247956544001e+03 -2.908534060474969465e+03 2.283140000000000214e+01 8.110092021524906158e-03 -3.001910448074340820e-02 6.933183223009109497e-02 6.905966252088546753e-02
-2.667953682012985610e+03 -2.600894286567101972e+03 -2.905590633965735833e+03 2.283340000000000103e+01 4.605547990649938583e-03 -7.841490954160690308e-02 6.933183223009109497e-02 6.905966252088546753e-02
-2.666248855921266113e+03 -2.605922126111893704e+03 -2.902649097357897972e+03 2.283539999999999992e+01 -7.333423942327499390e-02 -5.237342417240142822e-02 6.933183223009109497e-02 6.905966252088546753e-02
-2.664675069636978606e+03 -2.610528189450924401e+03 -2.899954336675385093e+03 2.283740000000000236e+01 -1.666410081088542938e-02 2.838280983269214630e-02 6.933183223009109497e-02 6.905966252088546753e-02
-2.659302243141362851e+03 -2.626001012469161196e+03 -2.890902131444061069e+03 2.283940000000000126e+01 -2.707370370626449585e-02 7.833278179168701172e-02 6.933183223009109497e-02 6.905966252088546753e-02
-2.657533804420760589e+03 -2.631012495926533120e+03 -2.887970255403062765e+03 2.284140000000000015e+01 -5.729999765753746033e-02 -6.445115059614181519e-02 6.933183223009109497e-02 6.905966252088546753e-02
-2.655752668286448170e+03 -2.636020636250035295e+03 -2.885040353549112297e+03 2.284340000000000259e+01 7.413885556161403656e-03 -2.431885339319705963e-03 6.933183223009109497e-02 6.905966252088546753e-02
-2.653958843318328036e+03 -2.641025409315036995e+03 -2.882112439995784371e+03 2.284540000000000148e+01 2.021620571613311768e-01 -7.931002974510192871e-02 6.933183223009109497e-02 6.905966252088546753e-02
-2.652152338057459474e+03 -2.646026791292022153e+03 -2.879186528683909728e+03 2.284740000000000038e+01 1.233264151960611343e-02 2.713464573025703430e-02 6.933183223009109497e-02 6.905966252088546753e-02
-2.650333161161696353e+03 -2.651024758210799064e+03 -2.876262633636539704e+03 2.284940000000000282e+01 -1.429091766476631165e-02 -8.176188915967941284e-02 6.933183223009109497e-02 6.905966252088546753e-02
-2.648501321362587987e+03 -2.656019286082802410e+03 -2.873340768887378090e+03 2.285140000000000171e+01 -5.399256572127342224e-02 -4.232214018702507019e-02 6.933183223009109497e-02 6.905966252088546753e-02
-2.646811179341490970e+03 -2.660594606197091707e+03 -2.870664162150049833e+03 2.285340000000000060e+01 1.100741233676671982e-02 4.527409002184867859e-02 6.933183223009109497e-02 6.905966252088546753e-02
-2.659302243141362851e+03 -2.626001012469161196e+03 -2.890902131444061069e+03 2.285540000000000305e+01 1.734089665114879608e-02 -5.697102844715118408e-02 6.933183223009109497e-02 6.905966252088546753e-02
-2.657533804420760589e+03 -2.631012495926533120e+03 -2.887970255403062765e+03 2.285740000000000194e+01 5.768702179193496704e-02 7.617633324116468430e-03 6.933183223009109497e-02 6.905966252088546753e-02
-2.655752668286448170e+03 -2.636020636250035295e+03 -2.885040353549112297e+03 2.285940000000000083e+01 9.259822778403759003e-03 -2.543987520039081573e-02 6.933183223009109497e-02 6.905966252088546753e-02
-2.653958843318328036e+03 -2.641025409315036995e+03 -2.882112439995784371e+03 2.286139999999999972e+01 7.581712305545806885e-02 1.850511319935321808e-02 6.933183223009109497e-02 6.905966252088546753e-02
-2.652152338057459474e+03 -2.646026791292022153e+03 -2.879186528683909728e+03 2.286340000000000217e+01 -7.902175188064575195e-03 4.853788390755653381e-02 6.933183223009109497e-02 6.905966252088546753e-02
-2.650333161161696353e+03 -2.651024758210799064e+03 -2.876262633636539704e+03 2.286540000000000106e+01 -9.585126489400863647e-02 4.201728478074073792e-02 6.933183223009109497e-02 6.905966252088546753e-02
-2.648501321362587987e+03 -2.656019286082802410e+03 -2.873340768887378090e+03 2.286739999999999995e+01 -4.986158385872840881e-02 -4.774591699242591858e-02 6.933183223009109497e-02 6.905966252088546753e-02
-2.646811179341490970e+03 -2.660594606197091707e+03 -2.870664162150049833e+03 2.286940000000000239e+01 -3.850864246487617493e-02 3.162266686558723450e-02 6.933183223009109497e-02 6.905966252088546753e-02
-2.641047509167401586e+03 -2.675962529877108864e+03 -2.861673892054805037e+03 2.287140000000000128e+01 4.372332617640495300e-02 -6.924879271537065506e-03 6.933183223009109497e-02 6.905966252088546753e-02
-2.639152487455557548e+03 -2.680939504606916216e+03 -2.858762388175881824e+03 2.287340000000000018e+01 -6.152933090925216675e-02 -6.940359622240066528e-02 6.933183223009109497e-02 6.905966252088546753e-02
-2.637244856349223937e+03 -2.685912897126096141e+03 -2.855852998346534150e+03 2.287540000000000262e+01 -1.229352317750453949e-02 4.612456262111663818e-02 6.933183223009109497e-02 6.905966252088546753e-02
-2.635324624931414291e+03 -2.690882683754573463e+03 -2.852945736419383593e+03 2.287740000000000151e+01 9.798996895551681519e-02 8.298604749143123627e-03 6.933183223009109497e-02 6.905966252088546753e-02
-2.633391802445333724e+03 -2.695848840569770346e+03 -2.850040616388821491e+03 2.287940000000000040e+01 1.180950030684471130e-01 -4.108461365103721619e-02 6.933183223009109497e-02 6.905966252088546753e-02
-2.631446398087232865e+03 -2.700811343943235897e+03 -2.847137652077053644e+03 2.288140000000000285e+01 1.313610225915908813e-01 9.903011843562126160e-03 6.933183223009109497e-02 6.905966252088546753e-02
-2.629488421221517001e+03 -2.705770169987588815e+03 -2.844236857457748556e+03 2.288340000000000174e+01 -5.509281158447265625e-02 -4.671592265367507935e-02 6.933183223009109497e-02 6.905966252088546753e-02
-2.627682732285848488e+03 -2.710312557349391682e+03 -2.841579685559769132e+03 2.288540000000000063e+01 -5.525855347514152527e-02 3.357949480414390564e-02 6.933183223009109497e-02 6.905966252088546753e-02
-2.641047509167401586e+03 -2.675962529877108864e+03 -2.861673892054805037e+03 2.288740000000000308e+01 -4.751098155975341797e-02 -1.664235442876815796e-02 6.933183223009109497e-02 6.905966252088546753e-02
-2.639152487455557548e+03 -2.680939504606916216e+03 -2.858762388175881824e+03 2.288940000000000197e+01 -5.862106103450059891e-03 1.832478493452072144e-02 6.933183223009109497e-02 6.905966252088546753e-02
-2.637244856349223937e+03 -2.685912897126096141e+03 -2.855852998346534150e+03 2.289140000000000086e+01 -5.521077662706375122e-02 -6.683794409036636353e-02 6.933183223009109497e-02 6.905966252088546753e-02
-2.635324624931414291e+03 -2.690882683754573463e+03 -2.852945736419383593e+03 2.289339999999999975e+01 6.418108195066452026e-02 9.322471916675567627e-02 6.933183223009109497e-02 6.905966252088546753e-02
-2.633391802445333724e+03 -2.695848840569770346e+03 -2.850040616388821491e+03 2.289540000000000219e+01 5.197220295667648315e-02 4.671543370932340622e-03 6.933183223009109497e-02 6.905966252088546753e-02
-2.631446398087232865e+03 -2.700811343943235897e+03 -2.847137652077053644e+03 2.289740000000000109e+01 5.719270184636116028e-02 -7.858304679393768311e-02 6.933183223009109497e-02 6.905966252088546753e-02
-2.629488421221517001e+03 -2.705770169987588815e+03 -2.844236857457748556e+03 2.289939999999999998e+01 3.122526034712791443e-02 8.155776560306549072e-02 6.933183223009109497e-02 6.905966252088546753e-02
-2.627682732285848488e+03 -2.710312557349391682e+03 -2.841579685559769132e+03 2.290140000000000242e+01 -1.281342208385467529e-01 1.608103513717651367e-01 6.933183223009109497e-02 6.905966252088546753e-02
-2.621530976657726114e+03 -2.725568227354330247e+03 -2.832655652901413305e+03 2.290340000000000131e+01 -5.244513228535652161e-02 1.090844906866550446e-02 6.933183223009109497e-02 6.905966252088546753e-02
-2.619510278861726874e+03 -2.730508311514666275e+03 -2.829765914548536330e+03 2.290540000000000020e+01 -7.384321093559265137e-02 -9.742368012666702271e-02 6.933183223009109497e-02 6.905966252088546753e-02
-2.617477065668495470e+03 -2.735444576258782035e+03 -2.826878429004289956e+03 2.290740000000000265e+01 -3.995065763592720032e-02 -1.030094847083091736e-01 6.933183223009109497e-02 6.905966252088546753e-02
-2.615431346772907546e+03 -2.740376998048927817e+03 -2.823993210037155677e+03 2.290940000000000154e+01 8.566249744035303593e-05 -3.749594092369079590e-02 6.933183223009109497e-02 6.905966252088546753e-02
-2.613373131979303707e+03 -2.745305553245407282e+03 -2.821110271475157333e+03 2.291140000000000043e+01 8.341619372367858887e-02 2.680193074047565460e-02 6.933183223009109497e-02 6.905966252088546753e-02
-2.611302431173771765e+03 -2.750230218175669052e+03 -2.818229627165448619e+03 2.291340000000000288e+01 -2.577225863933563232e-02 5.307988449931144714e-02 6.933183223009109497e-02 6.905966252088546753e-02
-2.609219254208588154e+03 -2.755150969408819492e+03 -2.815351290813739524e+03 2.291540000000000177e+01 9.211413562297821045e-02 2.999582886695861816e-02 6.933183223009109497e-02 6.905966252088546753e-02
-2.607298882808959206e+03 -2.759658249469759994e+03 -2.812714825805289365e+03 2.291740000000000066e+01 -2.318630553781986237e-02 3.848322853446006775e-02 6.933183223009109497e-02 6.905966252088546753e-02
-2.621530976657726114e+03 -2.725568227354330247e+03 -2.832655652901413305e+03 2.291940000000000310e+01 -3.800802398473024368e-03 6.983996182680130005e-02 6.933183223009109497e-02 6.905966252088546753e-02
-2.619510278861726874e+03 -2.730508311514666275e+03 -2.829765914548536330e+03 2.292140000000000200e+01 5.611071735620498657e-02 -3.080801665782928467e-02 6.933183223009109497e-02 6.905966252088546753e-02
-2.617477065668495470e+03 -2.735444576258782035e+03 -2.826878429004289956e+03 2.292340000000000089e+01 5.361564457416534424e-02 -5.120196565985679626e-02 6.933183223009109497e-02 6.905966252088546753e-02
-2.615431346772907546e+03 -2.740376998048927817e+03 -2.823993210037155677e+03 2.292539999999999978e+01 3.996799141168594360e-02 6.555001437664031982e-02 6.933183223009109497e-02 6.905966252088546753e-02
-2.613373131979303707e+03 -2.745305553245407282e+03 -2.821110271475157333e+03 2.292740000000000222e+01 -7.472391426563262939e-02 -2.856690250337123871e-02 6.933183223009109497e-02 6.905966252088546753e-02
-2.611302431173771765e+03 -2.750230218175669052e+03 -2.818229627165448619e+03 2.292940000000000111e+01 -8.199861273169517517e-03 -3.201591596007347107e-02 6.933183223009109497e-02 6.905966252088546753e-02
-2.609219254208588154e+03 -2.755150969408819492e+03 -2.815351290813739524e+03 2.293140000000000001e+01 3.451328352093696594e-02 -1.103379502892494202e-01 6.933183223009109497e-02 6.905966252088546753e-02
-2.607298882808959206e+03 -2.759658249469759994e+03 -2.812714825805289365e+03 2.293340000000000245e+01 4.808884114027023315e-02 -5.700342357158660889e-02 6.933183223009109497e-02 6.905966252088546753e-02
