# Baseline: 15-16
# Entries: 128
# u [m], v [m], w [m], frequency [GHz], real, imag
-1.458452630840899701e+03 5.155529512533928937e+03 -8.338749346710363852e+02 2.267940000000000000e+19 -3.806792665272951126e-03 -3.509727073833346367e-03
-1.469103699385114851e+03 5.152768197784682343e+03 -8.322441096456158220e+02 2.268140000000000000e+19 1.889606064651161432e-04 2.583305584266781807e-03
-1.479747726850674326e+03 5.149986777987636742e+03 -8.306015224649036099e+02 2.268340000000000000e+19 -7.259274716489017010e-04 -7.997597567737102509e-03
-1.490384662372264529e+03 5.147185266434720688e+03 -8.289471809785687810e+02 2.268540000000000000e+19 -7.897344417870044708e-03 5.404722876846790314e-03
-1.501014455044172792e+03 5.144363676532837417e+03 -8.272810931036466400e+02 2.268740000000000000e+19 -7.698308676481246948e-03 1.144279609434306622e-03
-1.511637053995035558e+03 5.141522021785444849e+03 -8.256032668136632537e+02 2.268940000000000000e+19 -5.209262482821941376e-03 -1.032223110087215900e-03
-1.522252408166026953e+03 5.138660315851675477e+03 -8.239137101735365150e+02 2.269140000000000000e+19 -1.223086845129728317e-02 -1.094099367037415504e-03
-1.531976835578361033e+03 5.136019737551892831e+03 -8.223548011310134598e+02 2.269340000000000000e+19 2.908582799136638641e-03 4.749956540763378143e-03
-1.458452630840899701e+03 5.155529512533928937e+03 -8.338749346710363852e+02 2.269540000000000000e+19 -5.880210548639297485e-03 -2.561588480602949858e-04
-1.469103699385114851e+03 5.152768197784682343e+03 -8.322441096456158220e+02 2.269740000000000000e+19 -7.587653584778308868e-03 -1.421962399035692215e-03
-1.479747726850674326e+03 5.149986777987636742e+03 -8.306015224649036099e+02 2.269940000000000000e+19 -1.359373331069946289e-02 8.155164308845996857e-03
-1.490384662372264529e+03 5.147185266434720688e+03 -8.289471809785687810e+02 2.270140000000000000e+19 9.252885356545448303e-03 5.671521648764610291e-03
-1.501014455044172792e+03 5.144363676532837417e+03 -8.272810931036466400e+02 2.270340000000000000e+19 -7.085014134645462036e-03 2.722347155213356018e-03
-1.511637053995035558e+03 5.141522021785444849e+03 -8.256032668136632537e+02 2.270540000000000000e+19 -5.665725562721490860e-03 4.052661824971437454e-03
-1.522252408166026953e+03 5.138660315851675477e+03 -8.239137101735365150e+02 2.270740000000000000e+19 -5.715710110962390900e-03 1.633850042708218098e-03
-1.531976835578361033e+03 5.136019737551892831e+03 -8.223548011310134598e+02 2.270940000000000000e+19 6.009134463965892792e-03 -5.651393439620733261e-03
-1.564640363824323458e+03 5.127013254984113701e+03 -8.170383423061858821e+02 2.271140000000000000e+19 3.333048895001411438e-03 -1.187363732606172562e-02
-1.575218733873117344e+03 5.124051500168055099e+03 -8.152902561478446160e+02 2.271340000000000000e+19 -4.495961591601371765e-03 -1.657788082957267761e-02
-1.585789554931414614e+03 5.121069777756628355e+03 -8.135304889840421083e+02 2.271540000000000000e+19 3.094884334132075310e-03 -1.865468919277191162e-02
-1.596352776557404695e+03 5.118068101978268714e+03 -8.117590492122056958e+02 2.271740000000000000e+19 -2.236073603853583336e-03 8.898364380002021790e-03
-1.606908348161524373e+03 5.115046487208713188e+03 -8.099759453162026830e+02 2.271940000000000000e+19 -1.065163966268301010e-02 1.940845977514982224e-03
-1.617456219227569818e+03 5.112004947908564645e+03 -8.081811858294954618e+02 2.272140000000000000e+19 7.607774809002876282e-03 -1.352342427708208561e-03
-1.627996339239583904e+03 5.108943498644705869e+03 -8.063747793477701862e+02 2.272340000000000000e+19 1.290750689804553986e-03 -2.558999881148338318e-02
-1.637651363776296876e+03 5.106119945405816907e+03 -8.047088306126921680e+02 2.272540000000000000e+19 2.886680886149406433e-03 -2.819429850205779076e-03
-1.564640363824323458e+03 5.127013254984113701e+03 -8.170383423061858821e+02 2.272740000000000000e+19 3.389157820492982864e-03 -1.218233536928892136e-02
-1.575218733873117344e+03 5.124051500168055099e+03 -8.152902561478446160e+02 2.272940000000000000e+19 3.890615655109286308e-03 1.411415822803974152e-02
-1.585789554931414614e+03 5.121069777756628355e+03 -8.135304889840421083e+02 2.273140000000000000e+19 -1.181343290954828262e-02 1.473518554121255875e-02
-1.596352776557404695e+03 5.118068101978268714e+03 -8.117590492122056958e+02 2.273340000000000000e+19 9.125584736466407776e-03 -1.340893749147653580e-02
-1.606908348161524373e+03 5.115046487208713188e+03 -8.099759453162026830e+02 2.273540000000000000e+19 -6.610740441828966141e-03 5.887578008696436882e-04
-1.617456219227569818e+03 5.112004947908564645e+03 -8.081811858294954618e+02 2.273740000000000000e+19 6.723299156874418259e-03 1.328281033784151077e-02
-1.627996339239583904e+03 5.108943498644705869e+03 -8.063747793477701862e+02 2.273940000000000000e+19 -1.400149147957563400e-02 9.676866233348846436e-03
-1.637651363776296876e+03 5.106119945405816907e+03 -8.047088306126921680e+02 2.274140000000000000e+19 4.165760241448879242e-03 -1.583844609558582306e-02
-1.670078301050971504e+03 5.096498896233952109e+03 -7.990328571047360811e+02 2.274340000000000000e+19 1.075265184044837952e-02 1.556824520230293274e-02
-1.680578910056766972e+03 5.093338118782240599e+03 -7.971683464116919140e+02 2.274540000000000000e+19 -2.701018005609512329e-03 2.289706654846668243e-02
-1.691071466066464609e+03 5.090157520657813620e+03 -7.952922414026385241e+02 2.274740000000000000e+19 1.000358536839485168e-02 -1.962898485362529755e-02
-1.701555918682738820e+03 5.086957117137585556e+03 -7.934045510888281569e+02 2.274940000000000000e+19 5.556901916861534119e-03 -5.545709282159805298e-03
-1.712032217948752987e+03 5.083736923470684815e+03 -7.915052844646619405e+02 2.275140000000000000e+19 -1.512876804918050766e-02 2.465722151100635529e-02
-1.722500313399390507e+03 5.080496955169263856e+03 -7.895944506792114908e+02 2.275340000000000000e+19 8.282810449600219727e-03 -4.921535495668649673e-03
-1.732960155192493403e+03 5.077237227660359167e+03 -7.876720588308916149e+02 2.275540000000000000e+19 -1.358516141772270203e-02 6.447908002883195877e-03
-1.742541156274571449e+03 5.074232050752636496e+03 -7.858998676798959195e+02 2.275740000000000000e+19 2.589255757629871368e-02 -2.054480370134115219e-03
-1.670078301050971504e+03 5.096498896233952109e+03 -7.990328571047360811e+02 2.275940000000000000e+19 -1.451787911355495453e-02 8.721121586859226227e-03
-1.680578910056766972e+03 5.093338118782240599e+03 -7.971683464116919140e+02 2.276140000000000000e+19 -7.702722214162349701e-03 5.009025335311889648e-03
-1.691071466066464609e+03 5.090157520657813620e+03 -7.952922414026385241e+02 2.276340000000000000e+19 -9.554752614349126816e-05 6.739210337400436401e-03
-1.701555918682738820e+03 5.086957117137585556e+03 -7.934045510888281569e+02 2.276540000000000000e+19 4.291490651667118073e-03 -3.510799026116728783e-03
-1.712032217948752987e+03 5.083736923470684815e+03 -7.915052844646619405e+02 2.276740000000000000e+19 2.762945834547281265e-03 1.004599407315254211e-02
-1.722500313399390507e+03 5.080496955169263856e+03 -7.895944506792114908e+02 2.276940000000000000e+19 -8.669877424836158752e-03 -6.042081397026777267e-03
-1.732960155192493403e+03 5.077237227660359167e+03 -7.876720588308916149e+02 2.277140000000000000e+19 -5.709231365472078323e-03 1.080908998847007751e-02
-1.742541156274571449e+03 5.074232050752636496e+03 -7.858998676798959195e+02 2.277340000000000000e+19 2.183394506573677063e-03 6.948629859834909439e-03
-1.774715984497302770e+03 5.064001039197120917e+03 -7.798670957729081010e+02 2.277540000000000000e+19 -1.231473870575428009e-02 4.985457286238670349e-03
-1.785133807602346906e+03 5.060642751644015334e+03 -7.778870527761740732e+02 2.277740000000000000e+19 -1.000078767538070679e-02 2.485271729528903961e-02
-1.795543077120880298e+03 5.057264799958488766e+03 -7.758955077794776116e+02 2.277940000000000000e+19 -1.764059439301490784e-02 1.984558301046490669e-03
-1.805943743490671523e+03 5.053867200224180124e+03 -7.738924702652979022e+02 2.278140000000000000e+19 -1.999287400394678116e-03 2.979433909058570862e-02
-1.816335756647105654e+03 5.050449968795825043e+03 -7.718779498755106943e+02 2.278340000000000000e+19 -8.180181495845317841e-03 -4.711136687546968460e-03
-1.826719067146316547e+03 5.047013121932214744e+03 -7.698519561949912031e+02 2.278540000000000000e+19 -1.285918336361646652e-02 -1.045341417193412781e-02
-1.837093625007222499e+03 5.043556676176981455e+03 -7.678144989761036641e+02 2.278740000000000000e+19 -5.432723555713891983e-03 -3.176609426736831665e-02
-1.846596017981205705e+03 5.040371313626718802e+03 -7.659369134337656533e+02 2.278940000000000000e+19 4.603028763085603714e-03 5.871740169823169708e-03
-1.774715984497302770e+03 5.064001039197120917e+03 -7.798670957729081010e+02 2.279140000000000000e+19 -2.154596336185932159e-02 2.179743163287639618e-02
-1.785133807602346906e+03 5.060642751644015334e+03 -7.778870527761740732e+02 2.279340000000000000e+19 2.473463490605354309e-02 -2.749879145994782448e-03
-1.795543077120880298e+03 5.057264799958488766e+03 -7.758955077794776116e+02 2.279540000000000000e+19 -3.410370647907257080e-02 -1.168071012943983078e-02
-1.805943743490671523e+03 5.053867200224180124e+03 -7.738924702652979022e+02 2.279740000000000000e+19 -5.106577184051275253e-03 1.682063937187194824e-02
-1.816335756647105654e+03 5.050449968795825043e+03 -7.718779498755106943e+02 2.279940000000000000e+19 -3.325535915791988373e-03 1.530139800161123276e-02
-1.826719067146316547e+03 5.047013121932214744e+03 -7.698519561949912031e+02 2.280140000000000000e+19 -3.080896101891994476e-02 -1.438436284661293030e-02
-1.837093625007222499e+03 5.043556676176981455e+03 -7.678144989761036641e+02 2.280340000000000000e+19 -1.907022856175899506e-02 -1.119298953562974930e-02
-1.846596017981205705e+03 5.040371313626718802e+03 -7.659369134337656533e+02 2.280540000000000000e+19 -2.000197209417819977e-02 -6.752805784344673157e-03
-1.876780787769584322e+03 5.030125704134569787e+03 -7.598982253912330407e+02 2.280740000000000000e+19 -9.306452237069606781e-03 5.013534100726246834e-04
-1.887112342855784846e+03 5.026574765013806427e+03 -7.578054993578411995e+02 2.280940000000000000e+19 8.668123744428157806e-03 7.328475476242601871e-04
-1.897434856458026843e+03 5.023004324753718720e+03 -7.557013674018426173e+02 2.281140000000000000e+19 -7.503475528210401535e-03 -9.855952812358736992e-04
-1.907748278995848750e+03 5.019414400503933393e+03 -7.535858396298767730e+02 2.281340000000000000e+19 5.028654355555772781e-03 -2.607838250696659088e-03
-1.918052561399400474e+03 5.015805009345079270e+03 -7.514589261075110471e+02 2.281540000000000000e+19 -1.275351038202643394e-03 1.105917152017354965e-03
-1.928347654103814193e+03 5.012176168638578929e+03 -7.493206370653706472e+02 2.281740000000000000e+19 3.310680622234940529e-03 8.123241364955902100e-03
-1.938633507983090567e+03 5.008527895700922272e+03 -7.471709827071945256e+02 2.281940000000000000e+19 -5.796369630843400955e-03 -1.113309990614652634e-02
-1.948054167997564946e+03 5.005166836754639917e+03 -7.451906353511031966e+02 2.282140000000000000e+19 4.032748751342296600e-03 2.235205844044685364e-03
-1.876780787769584322e+03 5.030125704134569787e+03 -7.598982253912330407e+02 2.282340000000000000e+19 -4.243112169206142426e-03 -1.726272865198552608e-03
-1.887112342855784846e+03 5.026574765013806427e+03 -7.578054993578411995e+02 2.282540000000000000e+19 -4.895939026027917862e-03 -3.965580370277166367e-03
-1.897434856458026843e+03 5.023004324753718720e+03 -7.557013674018426173e+02 2.282740000000000000e+19 9.725252166390419006e-03 8.973542717285454273e-04
-1.907748278995848750e+03 5.019414400503933393e+03 -7.535858396298767730e+02 2.282940000000000000e+19 1.618413371033966541e-04 3.982175607234239578e-03
-1.918052561399400474e+03 5.015805009345079270e+03 -7.514589261075110471e+02 2.283140000000000000e+19 -8.184788748621940613e-03 8.482360281050205231e-03
-1.928347654103814193e+03 5.012176168638578929e+03 -7.493206370653706472e+02 2.283340000000000000e+19 -1.972374739125370979e-03 -1.340894587337970734e-02
-1.938633507983090567e+03 5.008527895700922272e+03 -7.471709827071945256e+02 2.283540000000000000e+19 -3.487244830466806889e-04 1.214798912405967712e-02
-1.948054167997564946e+03 5.005166836754639917e+03 -7.451906353511031966e+02 2.283740000000000000e+19 7.481927517801523209e-03 1.342265214771032333e-02
-1.979683551086459602e+03 4.993740832338559812e+03 -7.384589187496702607e+02 2.283940000000000000e+19 -7.938800379633903503e-03 -1.122393086552619934e-02
-1.989922473065755185e+03 4.989995662099768197e+03 -7.362525932733474292e+02 2.284140000000000000e+19 -1.287682331167161465e-03 -2.879096381366252899e-02
-2.000151861681606533e+03 4.986231165727404914e+03 -7.340349649904243279e+02 2.284340000000000000e+19 1.088134362362325191e-03 -2.447864608257077634e-05
-2.010371667658220531e+03 4.982447361355382782e+03 -7.318060445834361190e+02 2.284540000000000000e+19 2.482257969677448273e-02 1.414129044860601425e-03
-2.020581842335483998e+03 4.978644266999765932e+03 -7.295658426651012860e+02 2.284740000000000000e+19 -2.605677582323551178e-03 -1.047184504568576813e-02
-2.030782336778928538e+03 4.974821900887355696e+03 -7.273143699718897324e+02 2.284940000000000000e+19 -2.390675479546189308e-03 1.776052080094814301e-02
-2.040973102029651045e+03 4.970980281364390066e+03 -7.250516373102336729e+02 2.285140000000000000e+19 1.244358811527490616e-02 6.401973310858011246e-03
-2.050306173527616011e+03 4.967442143550536457e+03 -7.229677264495437612e+02 2.285340000000000000e+19 9.606448002159595490e-03 3.943666815757751465e-03
-1.979683551086459602e+03 4.993740832338559812e+03 -7.384589187496702607e+02 2.285540000000000000e+19 -4.365656059235334396e-03 -5.185422953218221664e-03
-1.989922473065755185e+03 4.989995662099768197e+03 -7.362525932733474292e+02 2.285740000000000000e+19 5.532070994377136230e-03 1.604808610863983631e-03
-2.000151861681606533e+03 4.986231165727404914e+03 -7.340349649904243279e+02 2.285940000000000000e+19 6.178714800626039505e-03 2.742775343358516693e-02
-2.010371667658220531e+03 4.982447361355382782e+03 -7.318060445834361190e+02 2.286140000000000000e+19 -7.925280369818210602e-03 -9.587998501956462860e-03
-2.020581842335483998e+03 4.978644266999765932e+03 -7.295658426651012860e+02 2.286340000000000000e+19 1.071341056376695633e-02 5.790073890239000320e-03
-2.030782336778928538e+03 4.974821900887355696e+03 -7.273143699718897324e+02 2.286540000000000000e+19 -6.301233544945716858e-03 -9.315490606240928173e-04
-2.040973102029651045e+03 4.970980281364390066e+03 -7.250516373102336729e+02 2.286740000000000000e+19 -4.310586955398321152e-03 -7.030744571238756180e-03
-2.050306173527616011e+03 4.967442143550536457e+03 -7.229677264495437612e+02 2.286940000000000000e+19 3.814029274508357048e-03 -2.764090197160840034e-03
-2.081637897575997613e+03 4.955421637809748972e+03 -7.158883241062006846e+02 2.287140000000000000e+19 -1.578006707131862640e-02 4.010972101241350174e-03
-2.091779286852231962e+03 4.951484028622904589e+03 -7.135694549783629554e+02 2.287340000000000000e+19 1.047241734340786934e-03 -1.074409345164895058e-03
-2.101910655021299590e+03 4.947527277716024400e+03 -7.112393916626970167e+02 2.287540000000000000e+19 2.444109506905078888e-02 1.886331127025187016e-03
-2.112031953844234067e+03 4.943551403928755462e+03 -7.088981452535712151e+02 2.287740000000000000e+19 6.074370816349983215e-03 2.528994716703891754e-02
-2.122143134601145448e+03 4.939556426399321026e+03 -7.065457270208058844e+02 2.287940000000000000e+19 -1.872407272458076477e-02 -1.262223813682794571e-02
-2.132244149184167782e+03 4.935542364135446405e+03 -7.041821481569542129e+02 2.288140000000000000e+19 -1.407708413898944855e-02 2.070464193820953369e-02
-2.142334948971328686e+03 4.931509236459277417e+03 -7.018074200394476065e+02 2.288340000000000000e+19 -5.242898128926753998e-03 1.359194051474332809e-02
-2.151575965597300183e+03 4.927795712961769823e+03 -6.996209429364794232e+02 2.288540000000000000e+19 -9.382108226418495178e-03 5.168653093278408051e-03
-2.081637897575997613e+03 4.955421637809748972e+03 -7.158883241062006846e+02 2.288740000000000000e+19 1.466366369277238846e-02 -1.888494566082954407e-02
-2.091779286852231962e+03 4.951484028622904589e+03 -7.135694549783629554e+02 2.288940000000000000e+19 1.787729561328887939e-02 1.710806228220462799e-02
-2.101910655021299590e+03 4.947527277716024400e+03 -7.112393916626970167e+02 2.289140000000000000e+19 -4.619401879608631134e-03 -1.741771353408694267e-03
-2.112031953844234067e+03 4.943551403928755462e+03 -7.088981452535712151e+02 2.289340000000000000e+19 -5.128208431415259838e-04 5.603896919637918472e-03
-2.122143134601145448e+03 4.939556426399321026e+03 -7.065457270208058844e+02 2.289540000000000000e+19 4.145618586335331202e-04 2.483489550650119781e-02
-2.132244149184167782e+03 4.935542364135446405e+03 -7.041821481569542129e+02 2.289740000000000000e+19 -9.042000398039817810e-03 1.418755738995969296e-03
-2.142334948971328686e+03 4.931509236459277417e+03 -7.018074200394476065e+02 2.289940000000000000e+19 3.602889180183410645e-02 -2.910725399851799011e-02
-2.151575965597300183e+03 4.927795712961769823e+03 -6.996209429364794232e+02 2.290140000000000000e+19 1.974279992282390594e-02 4.604976158589124680e-03
-2.182595036785060074e+03 4.915186458340654099e+03 -6.921972427244390929e+02 2.290340000000000000e+19 4.294393118470907211e-03 -1.950677111744880676e-02
-2.192634039974103871e+03 4.911058294638684856e+03 -6.897669396951250746e+02 2.290540000000000000e+19 2.286508493125438690e-02 -1.520846132189035416e-02
-2.202662539428259606e+03 4.906911182671939059e+03 -6.873255563838980606e+02 2.290740000000000000e+19 1.214785035699605942e-02 4.656044766306877136e-03
-2.212680487328305389e+03 4.902745142214961561e+03 -6.848731044319484909e+02 2.290940000000000000e+19 1.485496759414672852e-02 -8.343136869370937347e-03
-2.222687835661053668e+03 4.898560193234055077e+03 -6.824095955930042692e+02 2.291140000000000000e+19 -3.888344019651412964e-02 -2.901250962167978287e-03
-2.232684536359852700e+03 4.894356355830418579e+03 -6.799350416998404398e+02 2.291340000000000000e+19 -1.920425891876220703e-02 -4.081323742866516113e-03
-2.242670541861798029e+03 4.890133650005583149e+03 -6.774494545262118663e+02 2.291540000000000000e+19 4.486759193241596222e-03 -2.732862532138824463e-02
-2.251815079729626632e+03 4.886246518613627813e+03 -6.751614579233039422e+02 2.291740000000000000e+19 -6.819927366450428963e-04 2.614273875951766968e-02
-2.182595036785060074e+03 4.915186458340654099e+03 -6.921972427244390929e+02 2.291940000000000000e+19 -1.775385811924934387e-02 -3.011253196746110916e-03
-2.192634039974103871e+03 4.911058294638684856e+03 -6.897669396951250746e+02 2.292140000000000000e+19 8.490189909934997559e-03 -7.867632433772087097e-03
-2.202662539428259606e+03 4.906911182671939059e+03 -6.873255563838980606e+02 2.292340000000000000e+19 -9.805982932448387146e-03 2.560293301939964294e-03
-2.212680487328305389e+03 4.902745142214961561e+03 -6.848731044319484909e+02 2.292540000000000000e+19 2.386227250099182129e-03 1.112377271056175232e-02
-2.222687835661053668e+03 4.898560193234055077e+03 -6.824095955930042692e+02 2.292740000000000000e+19 -6.505785044282674789e-03 1.883228681981563568e-02
-2.232684536359852700e+03 4.894356355830418579e+03 -6.799350416998404398e+02 2.292940000000000000e+19 -1.892580999992787838e-03 -1.028259168379008770e-03
-2.242670541861798029e+03 4.890133650005583149e+03 -6.774494545262118663e+02 2.293140000000000000e+19 2.878217259421944618e-03 1.651925034821033478e-02
-2.251815079729626632e+03 4.886246518613627813e+03 -6.751614579233039422e+02 2.293340000000000000e+19 -3.296388080343604088e-03 -3.807099768891930580e-03
