# Baseline: 16-19
# Entries: 128
# u [m], v [m], w [m], frequency [GHz], real, imag
4.412506714752380503e+02 -8.258092534270153919e+03 -5.862969921737036429e+02 2.267940000000000000e+19 -1.678341813385486603e-02 -4.615221172571182251e-02
4.561915729076028470e+02 -8.257243952171213095e+03 -5.868135869408603185e+02 2.268140000000000000e+19 -1.619501784443855286e-02 1.202989146113395691e-01
4.711302655211287060e+02 -8.256367164668523401e+03 -5.873466929949555606e+02 2.268340000000000000e+19 -1.808105409145355225e-02 -9.554118663072586060e-02
4.860666779272385725e+02 -8.255462175952276084e+03 -5.878963077882285688e+02 2.268540000000000000e+19 -2.631904557347297668e-02 4.185334593057632446e-02
4.972675231724983291e+02 -8.254765811007080629e+03 -5.883188354174932329e+02 2.268740000000000000e+19 1.283795805647969246e-03 -8.292859792709350586e-02
5.159323762013719943e+02 -8.253567612336602906e+03 -5.890450529928538117e+02 2.268940000000000000e+19 4.267947748303413391e-03 2.739702165126800537e-02
5.308615188280356278e+02 -8.252578046524709862e+03 -5.896441778940346694e+02 2.269140000000000000e+19 6.274424493312835693e-02 -2.544705756008625031e-02
5.495194382777031024e+02 -8.251302598765982111e+03 -5.904156154880931808e+02 2.269340000000000000e+19 -8.167123794555664062e-02 -6.331905722618103027e-02
4.412506714752380503e+02 -8.258092534270153919e+03 -5.862969921737036429e+02 2.269540000000000000e+19 -6.642938405275344849e-02 7.024367153644561768e-02
4.561915729076028470e+02 -8.257243952171213095e+03 -5.868135869408603185e+02 2.269740000000000000e+19 5.138452351093292236e-02 1.224319860339164734e-01
4.711302655211287060e+02 -8.256367164668523401e+03 -5.873466929949555606e+02 2.269940000000000000e+19 -5.611015856266021729e-02 -1.382798422127962112e-02
4.860666779272385725e+02 -8.255462175952276084e+03 -5.878963077882285688e+02 2.270140000000000000e+19 -2.243178337812423706e-02 2.588554024696350098e-01
4.972675231724983291e+02 -8.254765811007080629e+03 -5.883188354174932329e+02 2.270340000000000000e+19 3.278572857379913330e-02 -6.893398612737655640e-02
5.159323762013719943e+02 -8.253567612336602906e+03 -5.890450529928538117e+02 2.270540000000000000e+19 1.336001697927713394e-02 4.457172006368637085e-02
5.308615188280356278e+02 -8.252578046524709862e+03 -5.896441778940346694e+02 2.270740000000000000e+19 -5.295755108818411827e-04 -3.775387629866600037e-02
5.495194382777031024e+02 -8.251302598765982111e+03 -5.904156154880931808e+02 2.270940000000000000e+19 -8.279412984848022461e-02 4.932014644145965576e-02
5.905517145006535884e+02 -8.248338001852202069e+03 -5.922056250849329899e+02 2.271140000000000000e+19 6.533433496952056885e-02 -7.219422608613967896e-02
6.054673125810667216e+02 -8.247207570694868991e+03 -5.928872084545527059e+02 2.271340000000000000e+19 4.187873005867004395e-02 -1.359174586832523346e-02
6.203799873444893365e+02 -8.246048982174828780e+03 -5.935852740382517823e+02 2.271540000000000000e+19 5.778085067868232727e-02 -5.853490903973579407e-02
6.352896676305733763e+02 -8.244862241820965210e+03 -5.942998185047697461e+02 2.271740000000000000e+19 -5.533646792173385620e-02 1.347412765026092529e-01
6.501962820335963897e+02 -8.243647355316905305e+03 -5.950308384319225752e+02 2.271940000000000000e+19 -1.233324594795703888e-02 1.053926348686218262e-01
6.650997592144178725e+02 -8.242404328476699447e+03 -5.957783303212464716e+02 2.272140000000000000e+19 7.213352248072624207e-03 5.781015753746032715e-02
6.800000277970590332e+02 -8.241133167253870852e+03 -5.965422905925737496e+02 2.272340000000000000e+19 4.576009884476661682e-02 -5.080383270978927612e-02
6.936557705147139359e+02 -8.239943584081027439e+03 -5.972568418344926613e+02 2.272540000000000000e+19 -7.171035557985305786e-02 2.977184392511844635e-02
5.905517145006535884e+02 -8.248338001852202069e+03 -5.922056250849329899e+02 2.272740000000000000e+19 3.096066229045391083e-02 2.176766749471426010e-03
6.054673125810667216e+02 -8.247207570694868991e+03 -5.928872084545527059e+02 2.272940000000000000e+19 -1.203554049134254456e-01 3.599457070231437683e-02
6.203799873444893365e+02 -8.246048982174828780e+03 -5.935852740382517823e+02 2.273140000000000000e+19 -3.045553714036941528e-02 -5.325429141521453857e-02
6.352896676305733763e+02 -8.244862241820965210e+03 -5.942998185047697461e+02 2.273340000000000000e+19 2.535213530063629150e-02 4.596049897372722626e-03
6.501962820335963897e+02 -8.243647355316905305e+03 -5.950308384319225752e+02 2.273540000000000000e+19 3.303692117333412170e-02 3.125935792922973633e-02
6.650997592144178725e+02 -8.242404328476699447e+03 -5.957783303212464716e+02 2.273740000000000000e+19 5.686076730489730835e-02 -6.226966157555580139e-02
6.800000277970590332e+02 -8.241133167253870852e+03 -5.965422905925737496e+02 2.273940000000000000e+19 -5.723777040839195251e-02 3.285376727581024170e-02
6.936557705147139359e+02 -8.239943584081027439e+03 -5.972568418344926613e+02 2.274140000000000000e+19 6.148075684905052185e-02 4.002626612782478333e-02
7.395675910382165057e+02 -8.235767302151547483e+03 -5.997627412367351099e+02 2.274340000000000000e+19 4.795005545020103455e-02 -2.703472040593624115e-02
7.544507475252958102e+02 -8.234355562942386314e+03 -6.006089870102432542e+02 2.274540000000000000e+19 1.244842261075973511e-02 9.977678954601287842e-02
7.693302680113329188e+02 -8.232915727850879193e+03 -6.014716780586816185e+02 2.274740000000000000e+19 6.158543005585670471e-02 3.119903616607189178e-02
7.842060810277409928e+02 -8.231447803792787454e+03 -6.023508102383650566e+02 2.274940000000000000e+19 6.138520315289497375e-02 5.870026722550392151e-02
7.990781156936169509e+02 -8.229951797762136266e+03 -6.032463793605689943e+02 2.275140000000000000e+19 -1.004585251212120056e-02 5.698272958397865295e-03
8.139463003691731728e+02 -8.228427716965605214e+03 -6.041583811110555189e+02 2.275340000000000000e+19 -3.928211703896522522e-02 -3.189469873905181885e-02
8.288105642617709918e+02 -8.226875568660434510e+03 -6.050868111470982740e+02 2.275540000000000000e+19 -7.549058645963668823e-02 2.369189448654651642e-02
8.424326858560690425e+02 -8.225428473046164072e+03 -6.059520909501831056e+02 2.275740000000000000e+19 -2.995072118937969208e-02 -8.345618098974227905e-02
7.395675910382165057e+02 -8.235767302151547483e+03 -5.997627412367351099e+02 2.275940000000000000e+19 2.314446121454238892e-02 -6.839289516210556030e-02
7.544507475252958102e+02 -8.234355562942386314e+03 -6.006089870102432542e+02 2.276140000000000000e+19 -2.686424739658832550e-02 -8.742935955524444580e-02
7.693302680113329188e+02 -8.232915727850879193e+03 -6.014716780586816185e+02 2.276340000000000000e+19 -1.144358366727828979e-01 -1.360728442668914795e-01
7.842060810277409928e+02 -8.231447803792787454e+03 -6.023508102383650566e+02 2.276540000000000000e+19 -4.828263446688652039e-02 -8.135265111923217773e-02
7.990781156936169509e+02 -8.229951797762136266e+03 -6.032463793605689943e+02 2.276740000000000000e+19 -2.599935512989759445e-03 8.673541742609813809e-05
8.139463003691731728e+02 -8.228427716965605214e+03 -6.041583811110555189e+02 2.276940000000000000e+19 2.948529645800590515e-02 -3.517245873808860779e-02
8.288105642617709918e+02 -8.226875568660434510e+03 -6.050868111470982740e+02 2.277140000000000000e+19 6.723707914352416992e-02 -1.655520871281623840e-03
8.424326858560690425e+02 -8.225428473046164072e+03 -6.059520909501831056e+02 2.277340000000000000e+19 8.867066353559494019e-02 7.759393006563186646e-02
8.882269885266246092e+02 -8.220386451038008090e+03 -6.089647240387570264e+02 2.277540000000000000e+19 3.159896656870841980e-02 2.270201593637466431e-02
9.030705813788279102e+02 -8.218694079345252248e+03 -6.099752272534475424e+02 2.277740000000000000e+19 -7.160926610231399536e-02 1.953464746475219727e-02
9.179098266641730106e+02 -8.216973686755340168e+03 -6.110021308983467634e+02 2.277940000000000000e+19 -5.094923079013824463e-02 7.318266667425632477e-03
9.327446537277342031e+02 -8.215225281459672260e+03 -6.120454300839662665e+02 2.278140000000000000e+19 -1.950351521372795105e-02 1.237163599580526352e-02
9.475749911606073965e+02 -8.213448871874446922e+03 -6.131051197882038650e+02 2.278340000000000000e+19 5.379951000213623047e-02 -1.095008030533790588e-01
9.624007684019345561e+02 -8.211644466451636617e+03 -6.141811949691294785e+02 2.278540000000000000e+19 8.187955245375633240e-03 7.199116796255111694e-02
9.772219140863672919e+02 -8.209812073876961222e+03 -6.152736504468904286e+02 2.278740000000000000e+19 -8.566021174192428589e-02 1.139786839485168457e-02
9.908038961651147929e+02 -8.208108158282697332e+03 -6.162892447558409685e+02 2.278940000000000000e+19 4.850745666772127151e-03 -3.517207503318786621e-02
8.882269885266246092e+02 -8.220386451038008090e+03 -6.089647240387570264e+02 2.279140000000000000e+19 6.456694751977920532e-02 -1.215723250061273575e-02
9.030705813788279102e+02 -8.218694079345252248e+03 -6.099752272534475424e+02 2.279340000000000000e+19 1.444557309150695801e-01 3.971147537231445312e-02
9.179098266641730106e+02 -8.216973686755340168e+03 -6.110021308983467634e+02 2.279540000000000000e+19 -8.931874483823776245e-02 -2.866083290427923203e-03
9.327446537277342031e+02 -8.215225281459672260e+03 -6.120454300839662665e+02 2.279740000000000000e+19 1.921191625297069550e-02 1.389392092823982239e-02
9.475749911606073965e+02 -8.213448871874446922e+03 -6.131051197882038650e+02 2.279940000000000000e+19 -3.618877008557319641e-02 -6.880614161491394043e-02
9.624007684019345561e+02 -8.211644466451636617e+03 -6.141811949691294785e+02 2.280140000000000000e+19 -1.945123672485351562e-01 -5.649190768599510193e-02
9.772219140863672919e+02 -8.209812073876961222e+03 -6.152736504468904286e+02 2.280340000000000000e+19 4.250919446349143982e-03 1.653062365949153900e-02
9.908038961651147929e+02 -8.208108158282697332e+03 -6.162892447558409685e+02 2.280540000000000000e+19 -6.218313053250312805e-02 2.747827023267745972e-02
1.033992124513909857e+03 -8.202528791872975489e+03 -6.196130466815917543e+02 2.280740000000000000e+19 1.259175036102533340e-02 -4.082680866122245789e-02
1.048789885985577939e+03 -8.200561253958263478e+03 -6.207845985630823407e+02 2.280940000000000000e+19 4.221419617533683777e-02 -2.914224565029144287e-02
1.063582602722896354e+03 -8.198565781900930233e+03 -6.219724991581797440e+02 2.281140000000000000e+19 -1.057665348052978516e-01 -4.157314822077751160e-02
1.078370203674287040e+03 -8.196542385285905766e+03 -6.231767427609662491e+02 2.281340000000000000e+19 2.389687858521938324e-02 1.657543145120143890e-02
1.093152618482279649e+03 -8.194491073740564389e+03 -6.243973236415843076e+02 2.281540000000000000e+19 -8.649744838476181030e-02 -9.765483438968658447e-03
1.107929776041698233e+03 -8.192411857131706711e+03 -6.256342359290053992e+02 2.281740000000000000e+19 2.198579721152782440e-02 -9.455847553908824921e-03
1.122701605838930618e+03 -8.190304745381476096e+03 -6.268874737205843530e+02 2.281940000000000000e+19 4.390539228916168213e-02 -6.320450920611619949e-03
1.136237778553915177e+03 -8.188349084701310858e+03 -6.280504036966765398e+02 2.282140000000000000e+19 2.528719417750835419e-02 8.503313362598419189e-02
1.033992124513909857e+03 -8.202528791872975489e+03 -6.196130466815917543e+02 2.282340000000000000e+19 1.113798320293426514e-01 1.213860139250755310e-01
1.048789885985577939e+03 -8.200561253958263478e+03 -6.207845985630823407e+02 2.282540000000000000e+19 3.801792114973068237e-02 -1.689053624868392944e-01
1.063582602722896354e+03 -8.198565781900930233e+03 -6.219724991581797440e+02 2.282740000000000000e+19 -8.359999954700469971e-02 -1.319887638092041016e-01
1.078370203674287040e+03 -8.196542385285905766e+03 -6.231767427609662491e+02 2.282940000000000000e+19 4.210585355758666992e-02 -2.580932155251502991e-02
1.093152618482279649e+03 -8.194491073740564389e+03 -6.243973236415843076e+02 2.283140000000000000e+19 -1.087787672877311707e-01 -3.174171224236488342e-02
1.107929776041698233e+03 -8.192411857131706711e+03 -6.256342359290053992e+02 2.283340000000000000e+19 7.955026626586914062e-02 3.198296576738357544e-02
1.122701605838930618e+03 -8.190304745381476096e+03 -6.268874737205843530e+02 2.283540000000000000e+19 -1.324113607406616211e-01 4.775519669055938721e-02
1.136237778553915177e+03 -8.188349084701310858e+03 -6.280504036966765398e+02 2.283740000000000000e+19 1.470904145389795303e-02 -8.833184838294982910e-02
1.181734233450657484e+03 -8.181597550714124736e+03 -6.320635587648993123e+02 2.283940000000000000e+19 2.458813972771167755e-02 -1.286351382732391357e-01
1.196478364136252594e+03 -8.179351117246420472e+03 -6.333983325145546814e+02 2.284140000000000000e+19 9.372817724943161011e-02 1.363428775221109390e-02
1.211216743494823277e+03 -8.177076851110841744e+03 -6.347493946301003689e+02 2.284340000000000000e+19 -5.590998753905296326e-02 1.185499131679534912e-02
1.225949300530387973e+03 -8.174774763262744273e+03 -6.361167386033075672e+02 2.284540000000000000e+19 -1.093718484044075012e-01 -2.886859141290187836e-02
1.240675965096016398e+03 -8.172444864663218141e+03 -6.375003579237139775e+02 2.284740000000000000e+19 -2.747885882854461670e-02 8.795689046382904053e-02
1.255396666611103228e+03 -8.170087166478341715e+03 -6.389002459602625095e+02 2.284940000000000000e+19 2.327730879187583923e-02 4.396361485123634338e-02
1.270111334421224228e+03 -8.167701680024492816e+03 -6.403163959937947993e+02 2.285140000000000000e+19 2.380849607288837433e-02 -2.010046690702438354e-02
1.283594498018607965e+03 -8.165490936115425029e+03 -6.416286065916217467e+02 2.285340000000000000e+19 6.877490133047103882e-02 -2.139654196798801422e-02
1.181734233450657484e+03 -8.181597550714124736e+03 -6.320635587648993123e+02 2.285540000000000000e+19 1.047020182013511658e-01 2.475954592227935791e-02
1.196478364136252594e+03 -8.179351117246420472e+03 -6.333983325145546814e+02 2.285740000000000000e+19 -1.054227054119110107e-01 -6.641252338886260986e-02
1.211216743494823277e+03 -8.177076851110841744e+03 -6.347493946301003689e+02 2.285940000000000000e+19 8.464968204498291016e-02 8.892403542995452881e-02
1.225949300530387973e+03 -8.174774763262744273e+03 -6.361167386033075672e+02 2.286140000000000000e+19 -1.691196709871292114e-01 8.369913697242736816e-02
1.240675965096016398e+03 -8.172444864663218141e+03 -6.375003579237139775e+02 2.286340000000000000e+19 3.644254058599472046e-03 1.533095240592956543e-01
1.255396666611103228e+03 -8.170087166478341715e+03 -6.389002459602625095e+02 2.286540000000000000e+19 -5.024143308401107788e-02 8.689224720001220703e-02
1.270111334421224228e+03 -8.167701680024492816e+03 -6.403163959937947993e+02 2.286740000000000000e+19 9.053114056587219238e-02 1.413066638633608818e-03
1.283594498018607965e+03 -8.165490936115425029e+03 -6.416286065916217467e+02 2.286940000000000000e+19 7.662987336516380310e-03 -6.770801544189453125e-02
1.328908262334596657e+03 -8.157882081571361596e+03 -6.461434795430283202e+02 2.287140000000000000e+19 -2.926529198884963989e-02 1.116882115602493286e-01
1.343591706773319174e+03 -8.155357827536571676e+03 -6.476408364280486012e+02 2.287340000000000000e+19 5.804682523012161255e-02 1.408626697957515717e-02
1.358268695429433819e+03 -8.152805855725845504e+03 -6.491544134783350728e+02 2.287540000000000000e+19 -1.109260506927967072e-02 1.231175195425748825e-02
1.372939158420626200e+03 -8.150226178290232383e+03 -6.506842034870547877e+02 2.287740000000000000e+19 -2.436587959527969360e-02 9.331309795379638672e-02
1.387603025129162006e+03 -8.147618807647209906e+03 -6.522301990904127251e+02 2.287940000000000000e+19 -3.170717507600784302e-02 6.273204833269119263e-02
1.402260225785949842e+03 -8.144983756202424956e+03 -6.537923929327029100e+02 2.288140000000000000e+19 8.377435058355331421e-02 5.997390951961278915e-03
1.416910689837448672e+03 -8.142321036640109924e+03 -6.553707774939824731e+02 2.288340000000000000e+19 -2.395471185445785522e-02 -1.795209199190139771e-02
1.430334391927663091e+03 -8.139856267459853370e+03 -6.568316407482848263e+02 2.288540000000000000e+19 -1.129277050495147705e-02 3.359808772802352905e-02
1.328908262334596657e+03 -8.157882081571361596e+03 -6.461434795430283202e+02 2.288740000000000000e+19 4.696970060467720032e-02 5.877964664250612259e-03
1.343591706773319174e+03 -8.155357827536571676e+03 -6.476408364280486012e+02 2.288940000000000000e+19 6.318796426057815552e-02 6.181765720248222351e-02
1.358268695429433819e+03 -8.152805855725845504e+03 -6.491544134783350728e+02 2.289140000000000000e+19 3.515250049531459808e-03 -1.245094370096921921e-02
1.372939158420626200e+03 -8.150226178290232383e+03 -6.506842034870547877e+02 2.289340000000000000e+19 7.320924848318099976e-02 -3.170443931594491005e-03
1.387603025129162006e+03 -8.147618807647209906e+03 -6.522301990904127251e+02 2.289540000000000000e+19 -6.355623900890350342e-02 -1.087835337966680527e-02
1.402260225785949842e+03 -8.144983756202424956e+03 -6.537923929327029100e+02 2.289740000000000000e+19 -2.049085497856140137e-02 -8.149794489145278931e-02
1.416910689837448672e+03 -8.142321036640109924e+03 -6.553707774939824731e+02 2.289940000000000000e+19 -6.615775078535079956e-02 -9.267288446426391602e-02
1.430334391927663091e+03 -8.139856267459853370e+03 -6.568316407482848263e+02 2.290140000000000000e+19 7.966383546590805054e-02 1.302806735038757324e-01
1.475443780718151402e+03 -8.131393733608942966e+03 -6.618460709604592012e+02 2.290340000000000000e+19 -4.964432120323181152e-02 1.787446998059749603e-02
1.490059511824200627e+03 -8.128592867048325388e+03 -6.635052943819720213e+02 2.290540000000000000e+19 -5.496416240930557251e-02 -6.413350999355316162e-02
1.504668086243322023e+03 -8.125764410795978620e+03 -6.651806620487767532e+02 2.290740000000000000e+19 -4.763245582580566406e-02 -1.263117790222167969e-01
1.519269434317065361e+03 -8.122908378338565853e+03 -6.668721659723424864e+02 2.290940000000000000e+19 3.430858254432678223e-03 -4.216732829809188843e-02
1.533863486065420147e+03 -8.120024783363779534e+03 -6.685797980460034751e+02 2.291140000000000000e+19 -3.096920065581798553e-02 -1.288398727774620056e-02
1.548450171391061303e+03 -8.117113639722328116e+03 -6.703035500674965306e+02 2.291340000000000000e+19 -2.654414251446723938e-02 -3.402663394808769226e-02
1.563029420892486087e+03 -8.114174961265362072e+03 -6.720434138352222817e+02 2.291540000000000000e+19 -3.441885346546769142e-04 1.662892475724220276e-02
1.576387235227671681e+03 -8.111457346807794238e+03 -6.736522303634330910e+02 2.291740000000000000e+19 2.082630246877670288e-02 3.082872927188873291e-02
1.475443780718151402e+03 -8.131393733608942966e+03 -6.618460709604592012e+02 2.291940000000000000e+19 1.563502126373350620e-03 -6.633305549621582031e-02
1.490059511824200627e+03 -8.128592867048325388e+03 -6.635052943819720213e+02 2.292140000000000000e+19 3.591739013791084290e-02 -9.822220355272293091e-02
1.504668086243322023e+03 -8.125764410795978620e+03 -6.651806620487767532e+02 2.292340000000000000e+19 3.584200888872146606e-02 3.078948240727186203e-03
1.519269434317065361e+03 -8.122908378338565853e+03 -6.668721659723424864e+02 2.292540000000000000e+19 -2.023710124194622040e-02 9.522666037082672119e-02
1.533863486065420147e+03 -8.120024783363779534e+03 -6.685797980460034751e+02 2.292740000000000000e+19 -8.695440739393234253e-02 -3.189755976200103760e-02
1.548450171391061303e+03 -8.117113639722328116e+03 -6.703035500674965306e+02 2.292940000000000000e+19 -5.061513930559158325e-02 3.345629572868347168e-02
1.563029420892486087e+03 -8.114174961265362072e+03 -6.720434138352222817e+02 2.293140000000000000e+19 -5.185334943234920502e-03 7.596098631620407104e-02
1.576387235227671681e+03 -8.111457346807794238e+03 -6.736522303634330910e+02 2.293340000000000000e+19 1.947919838130474091e-02 4.904619976878166199e-02
