# Baseline: 2-10
# u [m], v [m], w [m], frequency [GHz], real, imag
7.273937151299619472e+02 -2.571043036921516887e+03 4.157843440123198775e+02 2.267940000000000000e+19 6.327194860205054283e-04 -4.907640395686030388e-04
7.327052896268090763e+02 -2.569665849523301858e+03 4.149709816187296951e+02 2.268140000000000000e+19 -5.898313829675316811e-04 -2.627801150083541870e-03
7.380133524346442755e+02 -2.568278635951917749e+03 4.141517535640919050e+02 2.268340000000000000e+19 4.044346511363983154e-03 3.850895678624510765e-03
7.433178781874781862e+02 -2.566881402836620055e+03 4.133266637633698224e+02 2.268540000000000000e+19 -1.433225552318617702e-04 -2.554339822381734848e-03
7.486188414991771651e+02 -2.565474156864002452e+03 4.124957161651214506e+02 2.268740000000000000e+19 4.263965878635644913e-03 2.558666048571467400e-03
7.539162170007398345e+02 -2.564056904768810000e+03 4.116589147460786080e+02 2.268940000000000000e+19 -1.029526349157094955e-03 -6.799536640755832195e-04
7.592099792296800160e+02 -2.562629653363422676e+03 4.108162635285491433e+02 2.269140000000000000e+19 -6.539493799209594727e-03 -5.479669664055109024e-03
7.640594455987069296e+02 -2.561312688384980902e+03 4.100387721550374636e+02 2.269340000000000000e+19 -4.284792114049196243e-03 1.329240621998906136e-03
7.273937151299619472e+02 -2.571043036921516887e+03 4.157843440123198775e+02 2.269540000000000000e+19 6.961948238313198090e-03 2.205832628533244133e-03
7.327052896268090763e+02 -2.569665849523301858e+03 4.149709816187296951e+02 2.269740000000000000e+19 -3.190477844327688217e-03 1.539213396608829498e-02
7.380133524346442755e+02 -2.568278635951917749e+03 4.141517535640919050e+02 2.269940000000000000e+19 -2.854037797078490257e-03 -8.803625591099262238e-03
7.433178781874781862e+02 -2.566881402836620055e+03 4.133266637633698224e+02 2.270140000000000000e+19 -7.001353427767753601e-03 1.045982236973941326e-03
7.486188414991771651e+02 -2.565474156864002452e+03 4.124957161651214506e+02 2.270340000000000000e+19 1.079111942090094090e-03 7.431897334754467010e-03
7.539162170007398345e+02 -2.564056904768810000e+03 4.116589147460786080e+02 2.270540000000000000e+19 1.273524365387856960e-03 6.000014021992683411e-03
7.592099792296800160e+02 -2.562629653363422676e+03 4.108162635285491433e+02 2.270740000000000000e+19 -1.424624118953943253e-03 -7.799262646585702896e-03
7.640594455987069296e+02 -2.561312688384980902e+03 4.100387721550374636e+02 2.270940000000000000e+19 1.089013274759054184e-02 1.451734267175197601e-02
7.803483901339305930e+02 -2.556820791659738006e+03 4.073872415666180586e+02 2.271140000000000000e+19 1.965640345588326454e-03 -1.068837102502584457e-02
7.856237068848935223e+02 -2.555343646967495715e+03 4.065154023189614350e+02 2.271340000000000000e+19 6.038130726665258408e-03 -2.349243732169270515e-03
7.908952586567153276e+02 -2.553856544655286143e+03 4.056377378829918143e+02 2.271540000000000000e+19 4.225120414048433304e-03 2.215180313214659691e-03
7.961630202946220152e+02 -2.552359491819390769e+03 4.047542524468337319e+02 2.271740000000000000e+19 -4.086473927600309253e-05 3.616543719545006752e-03
8.014269665701577878e+02 -2.550852495629547775e+03 4.038649502417188728e+02 2.271940000000000000e+19 -1.145649701356887817e-02 1.410516630858182907e-02
8.066870722914553653e+02 -2.549335563297820954e+03 4.029698355236123462e+02 2.272140000000000000e+19 -2.422753022983670235e-03 8.758702315390110016e-03
8.119433122667677480e+02 -2.547808702089274902e+03 4.020689125795095720e+02 2.272340000000000000e+19 2.702964842319488525e-02 -7.097937632352113724e-03
8.167581646962159994e+02 -2.546400489526161437e+03 4.012380416961432843e+02 2.272540000000000000e+19 -1.843538018874824047e-03 -3.860815428197383881e-03
7.803483901339305930e+02 -2.556820791659738006e+03 4.073872415666180586e+02 2.272740000000000000e+19 -5.950893741101026535e-03 2.054523676633834839e-02
7.856237068848935223e+02 -2.555343646967495715e+03 4.065154023189614350e+02 2.272940000000000000e+19 1.287587173283100128e-02 6.465181708335876465e-03
7.908952586567153276e+02 -2.553856544655286143e+03 4.056377378829918143e+02 2.273140000000000000e+19 9.509211406111717224e-03 -1.811549998819828033e-03
7.961630202946220152e+02 -2.552359491819390769e+03 4.047542524468337319e+02 2.273340000000000000e+19 -6.318232975900173187e-03 9.132682316703721881e-05
8.014269665701577878e+02 -2.550852495629547775e+03 4.038649502417188728e+02 2.273540000000000000e+19 1.226879539899528027e-04 -7.390290498733520508e-03
8.066870722914553653e+02 -2.549335563297820954e+03 4.029698355236123462e+02 2.273740000000000000e+19 -1.060859765857458115e-02 9.373892098665237427e-03
8.119433122667677480e+02 -2.547808702089274902e+03 4.020689125795095720e+02 2.273940000000000000e+19 -1.634075678884983063e-02 -4.759255331009626389e-03
8.167581646962159994e+02 -2.546400489526161437e+03 4.012380416961432843e+02 2.274140000000000000e+19 -1.703828573226928711e-02 8.658036589622497559e-03
8.329291121812958636e+02 -2.541602115256328034e+03 3.984072251409281762e+02 2.274340000000000000e+19 -1.481962297111749649e-02 3.971811849623918533e-03
8.381656465496006376e+02 -2.540025720199242187e+03 3.974773262836039862e+02 2.274540000000000000e+19 -1.020887307822704315e-02 -1.212309394031763077e-02
8.433981645968164003e+02 -2.538439440798083979e+03 3.965416454732489342e+02 2.274740000000000000e+19 4.120652098208665848e-03 -9.805539622902870178e-03
8.486266411903715152e+02 -2.536843284671998390e+03 3.956001872040958460e+02 2.274940000000000000e+19 2.264471910893917084e-02 5.523944273591041565e-04
8.538510514173627826e+02 -2.535237259426276978e+03 3.946529559619734755e+02 2.275140000000000000e+19 -1.314697787165641785e-02 8.008234435692429543e-04
8.590713701114167407e+02 -2.533621372797379081e+03 3.936999563098455042e+02 2.275340000000000000e+19 3.973386716097593307e-03 2.466927748173475266e-03
8.642875724168216038e+02 -2.531995632479316555e+03 3.927411927854100213e+02 2.275540000000000000e+19 -3.414464415982365608e-03 7.434089202433824539e-03
8.690655066757719851e+02 -2.530496846261013616e+03 3.918573400238389013e+02 2.275740000000000000e+19 1.495568454265594482e-02 1.752026611939072609e-03
8.329291121812958636e+02 -2.541602115256328034e+03 3.984072251409281762e+02 2.275940000000000000e+19 4.675973905250430107e-04 1.296580210328102112e-02
8.381656465496006376e+02 -2.540025720199242187e+03 3.974773262836039862e+02 2.276140000000000000e+19 -1.075061783194541931e-02 -2.285492792725563049e-02
8.433981645968164003e+02 -2.538439440798083979e+03 3.965416454732489342e+02 2.276340000000000000e+19 -9.237008169293403625e-03 2.968497807160019875e-03
8.486266411903715152e+02 -2.536843284671998390e+03 3.956001872040958460e+02 2.276540000000000000e+19 -2.170503325760364532e-02 2.151733078062534332e-02
8.538510514173627826e+02 -2.535237259426276978e+03 3.946529559619734755e+02 2.276740000000000000e+19 -7.160863373428583145e-03 2.162857726216316223e-02
8.590713701114167407e+02 -2.533621372797379081e+03 3.936999563098455042e+02 2.276940000000000000e+19 -3.317835927009582520e-02 -2.058687532553449273e-04
8.642875724168216038e+02 -2.531995632479316555e+03 3.927411927854100213e+02 2.277140000000000000e+19 -7.276435382664203644e-03 2.300086896866559982e-03
8.690655066757719851e+02 -2.530496846261013616e+03 3.918573400238389013e+02 2.277340000000000000e+19 -3.911740612238645554e-03 2.309823408722877502e-02
8.851107184191010901e+02 -2.525394290742187877e+03 3.888485922125166780e+02 2.277540000000000000e+19 1.317671034485101700e-02 1.741491816937923431e-02
8.903059645652942891e+02 -2.523719399676288958e+03 3.878610787333738585e+02 2.277740000000000000e+19 -8.929062751121819019e-04 -4.799917805939912796e-03
8.954969447517510162e+02 -2.522034702338423813e+03 3.868678293424019898e+02 2.277940000000000000e+19 1.207329984754323959e-02 -1.657374575734138489e-02
9.006836342623681730e+02 -2.520340206750038760e+03 3.858688487688268651e+02 2.278140000000000000e+19 -7.997551932930946350e-03 -3.591361455619335175e-03
9.058660081305142739e+02 -2.518635921067781510e+03 3.848641418213694578e+02 2.278340000000000000e+19 1.655851863324642181e-02 -3.462830930948257446e-02
9.110440416991191341e+02 -2.516921853400446707e+03 3.838537132803197096e+02 2.278540000000000000e+19 1.914637512527406216e-03 -7.489726878702640533e-03
9.162177100432110137e+02 -2.515198011998883885e+03 3.828375680094950440e+02 2.278740000000000000e+19 -1.627904362976551056e-02 3.998417407274246216e-03
9.209564398180880289e+02 -2.513609369319106008e+03 3.819011563087805712e+02 2.278940000000000000e+19 1.275255903601646423e-02 -3.087150864303112030e-03
8.851107184191010901e+02 -2.525394290742187877e+03 3.888485922125166780e+02 2.279140000000000000e+19 -7.017738651484251022e-03 1.352264732122421265e-02
8.903059645652942891e+02 -2.523719399676288958e+03 3.878610787333738585e+02 2.279340000000000000e+19 -1.965258456766605377e-02 -1.634041592478752136e-02
8.954969447517510162e+02 -2.522034702338423813e+03 3.868678293424019898e+02 2.279540000000000000e+19 1.102034561336040497e-02 2.940701879560947418e-02
9.006836342623681730e+02 -2.520340206750038760e+03 3.858688487688268651e+02 2.279740000000000000e+19 3.052514418959617615e-02 3.521020757034420967e-03
9.058660081305142739e+02 -2.518635921067781510e+03 3.848641418213694578e+02 2.279940000000000000e+19 3.297096118330955505e-02 -2.818564884364604950e-03
9.110440416991191341e+02 -2.516921853400446707e+03 3.838537132803197096e+02 2.280140000000000000e+19 -1.655418798327445984e-02 -2.567882835865020752e-02
9.162177100432110137e+02 -2.515198011998883885e+03 3.828375680094950440e+02 2.280340000000000000e+19 3.595388727262616158e-03 1.395784411579370499e-02
9.209564398180880289e+02 -2.513609369319106008e+03 3.819011563087805712e+02 2.280540000000000000e+19 -6.846466567367315292e-03 1.112418016418814659e-03
9.360092214600795160e+02 -2.508499559446520379e+03 3.788894731153020530e+02 2.280740000000000000e+19 3.264365950599312782e-03 4.650237038731575012e-03
9.411614429571287701e+02 -2.506728595337373008e+03 3.778457659523276675e+02 2.280940000000000000e+19 2.420583274215459824e-03 -2.716316608712077141e-03
9.463091551858077537e+02 -2.504947906246175080e+03 3.767963707943737859e+02 2.281140000000000000e+19 -7.169356686063110828e-04 1.144231646321713924e-03
9.514523334209407039e+02 -2.503157500725975751e+03 3.757412926819318386e+02 2.281340000000000000e+19 2.379915909841656685e-03 1.515800016932189465e-03
9.565909531919915025e+02 -2.501357387295410717e+03 3.746805366350060922e+02 2.281540000000000000e+19 1.002108692773617804e-04 2.965945051982998848e-03
9.617249897815653412e+02 -2.499547574613148754e+03 3.736141077559197470e+02 2.281740000000000000e+19 -1.483063446357846260e-03 2.174732740968465805e-03
9.668544186911291263e+02 -2.497728071315448688e+03 3.725420111335814113e+02 2.281940000000000000e+19 -3.970051649957895279e-03 -7.795823039487004280e-04
9.715523857152190885e+02 -2.496051810973911870e+03 3.715543533673447314e+02 2.282140000000000000e+19 7.987056858837604523e-03 -1.198731642216444016e-02
9.360092214600795160e+02 -2.508499559446520379e+03 3.788894731153020530e+02 2.282340000000000000e+19 -8.142776205204427242e-04 1.090106743504293263e-04
9.411614429571287701e+02 -2.506728595337373008e+03 3.778457659523276675e+02 2.282540000000000000e+19 -5.312064662575721741e-03 -2.176991431042551994e-03
9.463091551858077537e+02 -2.504947906246175080e+03 3.767963707943737859e+02 2.282740000000000000e+19 3.066006349399685860e-03 8.691546972841024399e-04
9.514523334209407039e+02 -2.503157500725975751e+03 3.757412926819318386e+02 2.282940000000000000e+19 2.020598913077265024e-04 -6.880876142531633377e-03
9.565909531919915025e+02 -2.501357387295410717e+03 3.746805366350060922e+02 2.283140000000000000e+19 -6.326207425445318222e-03 -5.734359845519065857e-03
9.617249897815653412e+02 -2.499547574613148754e+03 3.736141077559197470e+02 2.283340000000000000e+19 2.549190772697329521e-03 -9.139524772763252258e-03
9.668544186911291263e+02 -2.497728071315448688e+03 3.725420111335814113e+02 2.283540000000000000e+19 -1.134178382926620543e-04 3.528630768414586782e-04
9.715523857152190885e+02 -2.496051810973911870e+03 3.715543533673447314e+02 2.283740000000000000e+19 -4.002854228019714355e-03 -6.134798750281333923e-03
9.873255667396306308e+02 -2.490353326874749200e+03 3.681970502669834673e+02 2.283940000000000000e+19 -6.785552948713302612e-03 -1.071149669587612152e-02
9.924315893302060658e+02 -2.488485502092019033e+03 3.670966924618899156e+02 2.284140000000000000e+19 -5.001136567443609238e-03 9.201023494824767113e-04
9.975328573581656428e+02 -2.486608039607844603e+03 3.659906980888278554e+02 2.284340000000000000e+19 -7.246637833304703236e-04 4.025574307888746262e-03
1.002629346250288108e+03 -2.484720948466127538e+03 3.648790724754811094e+02 2.284540000000000000e+19 1.205158978700637817e-02 4.204607103019952774e-03
1.007721031740386024e+03 -2.482824237651994281e+03 3.637618209147123594e+02 2.284740000000000000e+19 -3.331601386889815331e-03 -7.237180136144161224e-03
1.012807889425456210e+03 -2.480917916255665659e+03 3.626389487611013465e+02 2.284940000000000000e+19 3.663024166598916054e-03 -4.491984844207763672e-03
1.017889894890313030e+03 -2.479001993426928493e+03 3.615104614041165974e+02 2.285140000000000000e+19 7.427549455314874649e-03 6.684070918709039688e-03
1.022544179009676327e+03 -2.477237426068751574e+03 3.604711578181111236e+02 2.285340000000000000e+19 8.105783723294734955e-03 -9.568866342306137085e-03
9.873255667396306308e+02 -2.490353326874749200e+03 3.681970502669834673e+02 2.285540000000000000e+19 -5.449977237731218338e-03 -2.077577169984579086e-03
9.924315893302060658e+02 -2.488485502092019033e+03 3.670966924618899156e+02 2.285740000000000000e+19 8.244229480624198914e-03 -1.799658127129077911e-02
9.975328573581656428e+02 -2.486608039607844603e+03 3.659906980888278554e+02 2.285940000000000000e+19 -1.156888157129287720e-02 -8.622270077466964722e-03
1.002629346250288108e+03 -2.484720948466127538e+03 3.648790724754811094e+02 2.286140000000000000e+19 -4.031284712255001068e-03 2.210307121276855469e-02
1.007721031740386024e+03 -2.482824237651994281e+03 3.637618209147123594e+02 2.286340000000000000e+19 -1.198894227854907513e-03 -1.540121855214238167e-03
1.012807889425456210e+03 -2.480917916255665659e+03 3.626389487611013465e+02 2.286540000000000000e+19 3.067826910410076380e-04 2.190687519032508135e-04
1.017889894890313030e+03 -2.479001993426928493e+03 3.615104614041165974e+02 2.286740000000000000e+19 1.457862090319395065e-02 -1.124431006610393524e-02
1.022544179009676327e+03 -2.477237426068751574e+03 3.604711578181111236e+02 2.286940000000000000e+19 -1.279658754356205463e-04 -8.854864165186882019e-03
1.038168909060897022e+03 -2.471242471640253370e+03 3.569404682296629403e+02 2.287140000000000000e+19 1.007389184087514877e-02 -9.359713643789291382e-03
1.043226289377550529e+03 -2.469278679990970431e+03 3.557839863359142214e+02 2.287340000000000000e+19 -3.606428159400820732e-03 -7.450192701071500778e-03
1.048278671899985284e+03 -2.467305342612401091e+03 3.546219220453726848e+02 2.287540000000000000e+19 7.219594437628984451e-03 5.703468807041645050e-03
1.053326032572051417e+03 -2.465322468900377771e+03 3.534542808910917415e+02 2.287740000000000000e+19 -1.119570061564445496e-02 -1.703714951872825623e-02
1.058368347097770311e+03 -2.463330068399640822e+03 3.522810684936280268e+02 2.287940000000000000e+19 2.674621902406215668e-02 -1.345737930387258530e-02
1.063405591486374078e+03 -2.461328150589842608e+03 3.511022904350001568e+02 2.288140000000000000e+19 8.398895151913166046e-03 6.199987605214118958e-03
1.068437741490718736e+03 -2.459316725107446018e+03 3.499179523894276258e+02 2.288340000000000000e+19 1.701627485454082489e-02 1.941857114434242249e-02
1.073046115390648765e+03 -2.457464695170363029e+03 3.488275003457657704e+02 2.288540000000000000e+19 2.663043793290853500e-03 8.175055496394634247e-03
1.038168909060897022e+03 -2.471242471640253370e+03 3.569404682296629403e+02 2.288740000000000000e+19 6.192114669829607010e-03 -3.395320102572441101e-02
1.043226289377550529e+03 -2.469278679990970431e+03 3.557839863359142214e+02 2.288940000000000000e+19 5.214966833591461182e-03 -4.619248211383819580e-02
1.048278671899985284e+03 -2.467305342612401091e+03 3.546219220453726848e+02 2.289140000000000000e+19 3.204098902642726898e-03 8.342705667018890381e-03
1.053326032572051417e+03 -2.465322468900377771e+03 3.534542808910917415e+02 2.289340000000000000e+19 -5.683713592588901520e-03 2.450039982795715332e-02
1.058368347097770311e+03 -2.463330068399640822e+03 3.522810684936280268e+02 2.289540000000000000e+19 -1.114645856432616711e-04 1.178516633808612823e-02
1.063405591486374078e+03 -2.461328150589842608e+03 3.511022904350001568e+02 2.289740000000000000e+19 2.583924867212772369e-02 2.095350250601768494e-02
1.068437741490718736e+03 -2.459316725107446018e+03 3.499179523894276258e+02 2.289940000000000000e+19 2.275834418833255768e-02 -2.013774216175079346e-02
1.073046115390648765e+03 -2.457464695170363029e+03 3.488275003457657704e+02 2.290140000000000000e+19 1.072503160685300827e-02 6.936644669622182846e-03
1.088514917242361207e+03 -2.451176139313607109e+03 3.451251138933102993e+02 2.290340000000000000e+19 6.862396840006113052e-03 -1.452115271240472794e-02
1.093521234964888436e+03 -2.449117320615178414e+03 3.439130613728563617e+02 2.290540000000000000e+19 -1.981694251298904419e-02 -4.443415440618991852e-03
1.098522314213068967e+03 -2.447049052668603963e+03 3.426954832634100399e+02 2.290740000000000000e+19 5.566399078816175461e-03 1.041387091390788555e-03
1.103518131140092009e+03 -2.444971345335940896e+03 3.414723853707204739e+02 2.290940000000000000e+19 -8.578110486268997192e-03 -2.409999817609786987e-02
1.108508661802420647e+03 -2.442884208574880631e+03 3.402437735566604147e+02 2.291140000000000000e+19 1.251896377652883530e-03 4.449426662176847458e-03
1.113493882229860219e+03 -2.440787652410378996e+03 3.390096537225219890e+02 2.291340000000000000e+19 4.781186953186988831e-02 -1.536395866423845291e-04
1.118473768703428959e+03 -2.438681686817692025e+03 3.377700317401615280e+02 2.291540000000000000e+19 5.178083083592355251e-04 8.583983406424522400e-03
1.123034026249873477e+03 -2.436743080931025361e+03 3.366289532760134762e+02 2.291740000000000000e+19 -1.476701255887746811e-02 -1.422391459345817566e-02
1.088514917242361207e+03 -2.451176139313607109e+03 3.451251138933102993e+02 2.291940000000000000e+19 8.273063227534294128e-03 -4.714796319603919983e-02
1.093521234964888436e+03 -2.449117320615178414e+03 3.439130613728563617e+02 2.292140000000000000e+19 1.770925335586071014e-02 -1.147925271652638912e-03
1.098522314213068967e+03 -2.447049052668603963e+03 3.426954832634100399e+02 2.292340000000000000e+19 4.964936990290880203e-03 6.761088967323303223e-03
1.103518131140092009e+03 -2.444971345335940896e+03 3.414723853707204739e+02 2.292540000000000000e+19 1.493556774221360683e-03 -1.617009937763214111e-02
1.108508661802420647e+03 -2.442884208574880631e+03 3.402437735566604147e+02 2.292740000000000000e+19 4.702191334217786789e-03 2.408629097044467926e-02
1.113493882229860219e+03 -2.440787652410378996e+03 3.390096537225219890e+02 2.292940000000000000e+19 -1.369444467127323151e-02 -4.865627735853195190e-03
1.118473768703428959e+03 -2.438681686817692025e+03 3.377700317401615280e+02 2.293140000000000000e+19 -4.328735638409852982e-03 9.593443945050239563e-03
1.123034026249873477e+03 -2.436743080931025361e+03 3.366289532760134762e+02 2.293340000000000000e+19 7.405991666018962860e-03 -1.329562067985534668e-02
