# Baseline: 3-22
# u [m], v [m], w [m], frequency [GHz], real, imag
-2.365409198484710771e+02 7.895123523774078933e+01 -2.264488104471504641e+02 2.267940000000000000e+19 -7.979999645613133907e-05 4.688359331339597702e-03
-2.369397031524439683e+02 7.850486982861809793e+01 -2.261869371658767705e+02 2.268140000000000000e+19 1.420991495251655579e-03 -4.303619731217622757e-03
-2.373373533734097407e+02 7.805775199370698658e+01 -2.259246248390190885e+02 2.268340000000000000e+19 -3.580536926165223122e-03 2.226109616458415985e-03
-2.377338686110990693e+02 7.760988386968777775e+01 -2.256618747201130475e+02 2.268540000000000000e+19 8.881902904249727726e-04 -8.622957393527030945e-03
-2.381292469678724046e+02 7.716126759992566519e+01 -2.253986880666035404e+02 2.268740000000000000e+19 -1.494832802563905716e-03 4.609170369803905487e-03
-2.385234865515573972e+02 7.671190533138322110e+01 -2.251350661380354552e+02 2.268940000000000000e+19 7.929127663373947144e-03 -6.690164562314748764e-03
-2.389165854672080798e+02 7.626179922399406053e+01 -2.248710102015513996e+02 2.269140000000000000e+19 1.122490689158439636e-02 -1.196280820295214653e-03
-2.392759370687180365e+02 7.584855975996502764e+01 -2.246285842280493910e+02 2.269340000000000000e+19 9.382447227835655212e-03 -7.157741114497184753e-03
-2.365409198484710771e+02 7.895123523774078933e+01 -2.264488104471504641e+02 2.269540000000000000e+19 -1.153294369578361511e-02 -5.297238938510417938e-03
-2.369397031524439683e+02 7.850486982861809793e+01 -2.261869371658767705e+02 2.269740000000000000e+19 3.592952620238065720e-03 -7.816405035555362701e-03
-2.373373533734097407e+02 7.805775199370698658e+01 -2.259246248390190885e+02 2.269940000000000000e+19 5.139179062098264694e-03 7.244735490530729294e-03
-2.377338686110990693e+02 7.760988386968777775e+01 -2.256618747201130475e+02 2.270140000000000000e+19 -8.212792687118053436e-03 1.483087544329464436e-03
-2.381292469678724046e+02 7.716126759992566519e+01 -2.253986880666035404e+02 2.270340000000000000e+19 -8.822507807053625584e-04 -3.306505968794226646e-03
-2.385234865515573972e+02 7.671190533138322110e+01 -2.251350661380354552e+02 2.270540000000000000e+19 -1.918259449303150177e-02 -2.110379002988338470e-02
-2.389165854672080798e+02 7.626179922399406053e+01 -2.248710102015513996e+02 2.270740000000000000e+19 -3.731939941644668579e-03 1.540923211723566055e-02
-2.392759370687180365e+02 7.584855975996502764e+01 -2.246285842280493910e+02 2.270940000000000000e+19 1.017446257174015045e-02 4.373235628008842468e-03
-2.404775369912950964e+02 7.445397944389807776e+01 -2.238104716246092210e+02 2.271140000000000000e+19 4.418308380991220474e-03 1.633510924875736237e-03
-2.408649044983941394e+02 7.400018647747479861e+01 -2.235442646178567827e+02 2.271340000000000000e+19 6.670362316071987152e-03 1.338883023709058762e-02
-2.412511201348835641e+02 7.354566264670640408e+01 -2.232776312145473696e+02 2.271540000000000000e+19 -1.010178960859775543e-02 1.700871391221880913e-03
-2.416361820578312347e+02 7.309041012050168717e+01 -2.230105726870094713e+02 2.271740000000000000e+19 1.055863499641418457e-02 -1.418989617377519608e-02
-2.420200884230947622e+02 7.263443107916715746e+01 -2.227430903142473255e+02 2.271940000000000000e+19 1.184539869427680969e-02 1.376777514815330505e-02
-2.424028373933971068e+02 7.217772770489777656e+01 -2.224751853763606562e+02 2.272140000000000000e+19 -2.120276447385549545e-03 -9.006712352856993675e-04
-2.427844271356863430e+02 7.172030218495712006e+01 -2.222068591564123778e+02 2.272340000000000000e+19 1.023988239467144012e-02 4.424234386533498764e-03
-2.431332126306826353e+02 7.130037207861464310e+01 -2.219605297962001202e+02 2.272540000000000000e+19 -1.292244344949722290e-02 1.523071667179465294e-03
-2.404775369912950964e+02 7.445397944389807776e+01 -2.238104716246092210e+02 2.272740000000000000e+19 1.745739369653165340e-03 -4.442067584022879601e-04
-2.408649044983941394e+02 7.400018647747479861e+01 -2.235442646178567827e+02 2.272940000000000000e+19 7.655445020645856857e-03 -7.191110868006944656e-03
-2.412511201348835641e+02 7.354566264670640408e+01 -2.232776312145473696e+02 2.273140000000000000e+19 1.634159497916698456e-02 -7.469876203685998917e-03
-2.416361820578312347e+02 7.309041012050168717e+01 -2.230105726870094713e+02 2.273340000000000000e+19 7.486260961741209030e-03 -4.821433220058679581e-03
-2.420200884230947622e+02 7.263443107916715746e+01 -2.227430903142473255e+02 2.273540000000000000e+19 4.762122407555580139e-04 2.024983614683151245e-02
-2.424028373933971068e+02 7.217772770489777656e+01 -2.224751853763606562e+02 2.273740000000000000e+19 -1.383392326533794403e-02 -2.886021044105291367e-03
-2.427844271356863430e+02 7.172030218495712006e+01 -2.222068591564123778e+02 2.273940000000000000e+19 -1.082806847989559174e-02 -1.206042710691690445e-03
-2.431332126306826353e+02 7.130037207861464310e+01 -2.219605297962001202e+02 2.274140000000000000e+19 1.840551383793354034e-03 -4.398952703922986984e-03
-2.442991574055556612e+02 6.988342245694458654e+01 -2.211293671539291665e+02 2.274340000000000000e+19 2.070136182010173798e-02 -1.399909052997827530e-02
-2.446749237315889332e+02 6.942241910783862124e+01 -2.208589538221521877e+02 2.274540000000000000e+19 -7.828161469660699368e-04 -7.285970728844404221e-03
-2.450495199612699935e+02 6.896070679284257210e+01 -2.205881269394212723e+02 2.274740000000000000e+19 -3.224554704502224922e-03 9.641204960644245148e-03
-2.454229442953577518e+02 6.849828772963229540e+01 -2.203168878065596630e+02 2.274940000000000000e+19 -2.606084942817687988e-02 -8.721877820789813995e-03
-2.457951949545297339e+02 6.803516412155056514e+01 -2.200452377159739115e+02 2.275140000000000000e+19 -1.568697858601808548e-03 -2.027667686343193054e-02
-2.461662701456367301e+02 6.757133819951052089e+01 -2.197731779762302438e+02 2.275340000000000000e+19 2.474021399393677711e-03 -1.798188127577304840e-02
-2.465361681018814295e+02 6.710681217196741954e+01 -2.195007098827108791e+02 2.275540000000000000e+19 -4.560781177133321762e-03 6.216221954673528671e-03
-2.468742205734652657e+02 6.668039238868132657e+01 -2.192505950213374888e+02 2.275740000000000000e+19 2.071083057671785355e-03 -4.734362941235303879e-03
-2.442991574055556612e+02 6.988342245694458654e+01 -2.211293671539291665e+02 2.275940000000000000e+19 -3.768696263432502747e-02 4.965747706592082977e-03
-2.446749237315889332e+02 6.942241910783862124e+01 -2.208589538221521877e+02 2.276140000000000000e+19 2.407112158834934235e-02 -8.467083098366856575e-04
-2.450495199612699935e+02 6.896070679284257210e+01 -2.205881269394212723e+02 2.276340000000000000e+19 1.159569807350635529e-02 -6.817469373345375061e-03
-2.454229442953577518e+02 6.849828772963229540e+01 -2.203168878065596630e+02 2.276540000000000000e+19 -5.811582319438457489e-03 2.201322931796312332e-03
-2.457951949545297339e+02 6.803516412155056514e+01 -2.200452377159739115e+02 2.276740000000000000e+19 -1.165286405012011528e-03 -2.884577773511409760e-02
-2.461662701456367301e+02 6.757133819951052089e+01 -2.197731779762302438e+02 2.276940000000000000e+19 1.273959130048751831e-02 -4.229595419019460678e-03
-2.465361681018814295e+02 6.710681217196741954e+01 -2.195007098827108791e+02 2.277140000000000000e+19 1.514478586614131927e-02 -1.482838578522205353e-02
-2.468742205734652657e+02 6.668039238868132657e+01 -2.192505950213374888e+02 2.277340000000000000e+19 -5.696348845958709717e-03 -5.424675531685352325e-03
-2.480039522324465509e+02 6.524175155113071867e+01 -2.184067800982548135e+02 2.277540000000000000e+19 -1.486690714955329895e-02 4.996424075216054916e-03
-2.483679375622234318e+02 6.477375842374989645e+01 -2.181322898426752772e+02 2.277740000000000000e+19 1.482815761119127274e-02 -1.049266103655099869e-02
-2.487307351141782590e+02 6.430507858748539718e+01 -2.178573990909555960e+02 2.277940000000000000e+19 -1.219788845628499985e-02 -1.529206428676843643e-02
-2.490923431609036527e+02 6.383571427388992703e+01 -2.175821091519494246e+02 2.278140000000000000e+19 6.945426110178232193e-03 8.163209713529795408e-05
-2.494527599617668727e+02 6.336566774229775234e+01 -2.173064213507944942e+02 2.278340000000000000e+19 -2.468092599883675575e-03 -5.024859216064214706e-03
-2.498119838019531755e+02 6.289494122913267660e+01 -2.170303369991800082e+02 2.278540000000000000e+19 2.487036399543285370e-02 -4.293502494692802429e-02
-2.501700129523051999e+02 6.242353700028537133e+01 -2.167538574260670146e+02 2.278740000000000000e+19 -1.733195967972278595e-02 -7.571453228592872620e-03
-2.504971706374589360e+02 6.199083158860874221e+01 -2.165000767474613781e+02 2.278940000000000000e+19 -9.586317464709281921e-03 -9.698942885734140873e-04
-2.480039522324465509e+02 6.524175155113071867e+01 -2.184067800982548135e+02 2.279140000000000000e+19 2.026598900556564331e-02 -2.221854589879512787e-02
-2.483679375622234318e+02 6.477375842374989645e+01 -2.181322898426752772e+02 2.279340000000000000e+19 -2.540722955018281937e-03 -2.350889518857002258e-02
-2.487307351141782590e+02 6.430507858748539718e+01 -2.178573990909555960e+02 2.279540000000000000e+19 -2.181841433048248291e-02 -2.483127266168594360e-02
-2.490923431609036527e+02 6.383571427388992703e+01 -2.175821091519494246e+02 2.279740000000000000e+19 -1.516676880419254303e-02 6.907726638019084930e-03
-2.494527599617668727e+02 6.336566774229775234e+01 -2.173064213507944942e+02 2.279940000000000000e+19 3.052962571382522583e-02 2.035136334598064423e-02
-2.498119838019531755e+02 6.289494122913267660e+01 -2.170303369991800082e+02 2.280140000000000000e+19 2.147724851965904236e-02 -1.817859942093491554e-03
-2.501700129523051999e+02 6.242353700028537133e+01 -2.167538574260670146e+02 2.280340000000000000e+19 -9.972138330340385437e-03 -1.568658277392387390e-02
-2.504971706374589360e+02 6.199083158860874221e+01 -2.165000767474613781e+02 2.280540000000000000e+19 -7.597037591040134430e-03 -5.943179130554199219e-03
-2.515313598180896122e+02 6.061024978127314711e+01 -2.156903815907780029e+02 2.280740000000000000e+19 -8.050483651459217072e-03 2.928965026512742043e-03
-2.518835906107692608e+02 6.013560175166920629e+01 -2.154120104456866045e+02 2.280940000000000000e+19 2.651559654623270035e-03 -4.292977973818778992e-03
-2.522346168056825491e+02 5.966028920364595223e+01 -2.151332518191693453e+02 2.281140000000000000e+19 -5.664327647536993027e-03 -2.127626357832923532e-04
-2.525844367168147926e+02 5.918431442021079647e+01 -2.148541070501522370e+02 2.281340000000000000e+19 3.345127683132886887e-03 -4.752314183861017227e-03
-2.529330486797811943e+02 5.870767966600001131e+01 -2.145745774667755938e+02 2.281540000000000000e+19 -9.074540808796882629e-03 2.671990543603897095e-03
-2.532804510177082022e+02 5.823038723367702829e+01 -2.142946644136069096e+02 2.281740000000000000e+19 -5.208490416407585144e-03 -5.119120236486196518e-03
-2.536266420728830155e+02 5.775243940080145677e+01 -2.140143692263450248e+02 2.281940000000000000e+19 -5.857912823557853699e-03 -5.327420774847269058e-03
-2.539429338383480967e+02 5.731375504959353151e+01 -2.137571022580662543e+02 2.282140000000000000e+19 9.936036542057991028e-03 6.028680596500635147e-03
-2.515313598180896122e+02 6.061024978127314711e+01 -2.156903815907780029e+02 2.282340000000000000e+19 8.833355270326137543e-03 9.109083563089370728e-03
-2.518835906107692608e+02 6.013560175166920629e+01 -2.154120104456866045e+02 2.282540000000000000e+19 8.006616495549678802e-03 -5.219878628849983215e-03
-2.522346168056825491e+02 5.966028920364595223e+01 -2.151332518191693453e+02 2.282740000000000000e+19 4.790153354406356812e-03 1.575226080603897572e-03
-2.525844367168147926e+02 5.918431442021079647e+01 -2.148541070501522370e+02 2.282940000000000000e+19 1.912156865000724792e-02 2.151530934497714043e-03
-2.529330486797811943e+02 5.870767966600001131e+01 -2.145745774667755938e+02 2.283140000000000000e+19 -1.101542543619871140e-02 -6.158944685012102127e-03
-2.532804510177082022e+02 5.823038723367702829e+01 -2.142946644136069096e+02 2.283340000000000000e+19 4.912688396871089935e-03 -1.787716336548328400e-02
-2.536266420728830155e+02 5.775243940080145677e+01 -2.140143692263450248e+02 2.283540000000000000e+19 9.679500944912433624e-03 1.286425534635782242e-02
-2.539429338383480967e+02 5.731375504959353151e+01 -2.137571022580662543e+02 2.283740000000000000e+19 7.983288727700710297e-03 8.455332368612289429e-03
-2.549992604066859769e+02 5.583413987219343966e+01 -2.128893940008167647e+02 2.283940000000000000e+19 3.315705806016921997e-03 3.118530614301562309e-03
-2.553393703030479855e+02 5.535294942224442849e+01 -2.126072083085612121e+02 2.284140000000000000e+19 -4.920152947306632996e-03 -5.139361135661602020e-03
-2.556782590679368639e+02 5.487111733569192751e+01 -2.123246485540002197e+02 2.284340000000000000e+19 8.149985224008560181e-03 1.881752908229827881e-02
-2.560159250688993779e+02 5.438864593356203159e+01 -2.120417160982483722e+02 2.284540000000000000e+19 -9.561547078192234039e-03 -4.183438606560230255e-03
-2.563523666981896554e+02 5.390553751307437125e+01 -2.117584122884491080e+02 2.284740000000000000e+19 -1.646350324153900146e-02 -7.918668910861015320e-03
-2.566875823433253458e+02 5.342179438961461102e+01 -2.114747384823883749e+02 2.284940000000000000e+19 -1.934478874318301678e-03 5.477580707520246506e-03
-2.570215703953926436e+02 5.293741888499457104e+01 -2.111906960416099253e+02 2.285140000000000000e+19 -1.485598552972078323e-02 3.375334665179252625e-03
-2.573266620097227246e+02 5.249286244569314164e+01 -2.109300057869097031e+02 2.285340000000000000e+19 -1.066563371568918228e-02 -7.753454614430665970e-03
-2.549992604066859769e+02 5.583413987219343966e+01 -2.128893940008167647e+02 2.285540000000000000e+19 2.674866653978824615e-02 -2.238398883491754532e-03
-2.553393703030479855e+02 5.535294942224442849e+01 -2.126072083085612121e+02 2.285740000000000000e+19 -6.886048242449760437e-03 6.098635960370302200e-03
-2.556782590679368639e+02 5.487111733569192751e+01 -2.123246485540002197e+02 2.285940000000000000e+19 6.404537707567214966e-03 -1.972119137644767761e-02
-2.560159250688993779e+02 5.438864593356203159e+01 -2.120417160982483722e+02 2.286140000000000000e+19 -4.275929648429155350e-03 1.067225355654954910e-02
-2.563523666981896554e+02 5.390553751307437125e+01 -2.117584122884491080e+02 2.286340000000000000e+19 2.245788462460041046e-03 1.944668125361204147e-03
-2.566875823433253458e+02 5.342179438961461102e+01 -2.114747384823883749e+02 2.286540000000000000e+19 -1.802703924477100372e-02 -2.459258958697319031e-02
-2.570215703953926436e+02 5.293741888499457104e+01 -2.111906960416099253e+02 2.286740000000000000e+19 -2.953741466626524925e-03 -2.041480876505374908e-02
-2.573266620097227246e+02 5.249286244569314164e+01 -2.109300057869097031e+02 2.286940000000000000e+19 4.859335720539093018e-03 3.870743513107299805e-02
-2.583452148323737561e+02 5.099363940643237214e+01 -2.100508671121433508e+02 2.287140000000000000e+19 2.159091643989086151e-03 1.003974210470914841e-02
-2.586730410810929470e+02 5.050613679894660635e+01 -2.097650019063457876e+02 2.287340000000000000e+19 -8.688236586749553680e-03 -5.450865719467401505e-03
-2.589996302349696293e+02 5.001801576392537640e+01 -2.094787762482144160e+02 2.287540000000000000e+19 -7.521362509578466415e-03 -1.821016706526279449e-02
-2.593249807390070032e+02 4.952927862549219640e+01 -2.091921915005744665e+02 2.287740000000000000e+19 5.419404245913028717e-03 -2.670468203723430634e-02
-2.596490910270963468e+02 4.903992773623100021e+01 -2.089052490429303646e+02 2.287940000000000000e+19 -1.918212696909904480e-02 1.053769420832395554e-02
-2.599719595571630748e+02 4.854996542442381724e+01 -2.086179502405205710e+02 2.288140000000000000e+19 -2.256195060908794403e-02 -9.005610831081867218e-03
-2.602935847750597418e+02 4.805939404854773755e+01 -2.083302964762883960e+02 2.288340000000000000e+19 -8.537288522347807884e-04 3.261608257889747620e-02
-2.605873302363410744e+02 4.760917826451589008e+01 -2.080663076890398884e+02 2.288540000000000000e+19 2.989114494994282722e-03 1.867695339024066925e-02
-2.583452148323737561e+02 5.099363940643237214e+01 -2.100508671121433508e+02 2.288740000000000000e+19 -2.758210338652133942e-02 6.957471370697021484e-03
-2.586730410810929470e+02 5.050613679894660635e+01 -2.097650019063457876e+02 2.288940000000000000e+19 -2.911436371505260468e-03 6.791568826884031296e-03
-2.589996302349696293e+02 5.001801576392537640e+01 -2.094787762482144160e+02 2.289140000000000000e+19 3.513500560075044632e-03 -1.806451193988323212e-02
-2.593249807390070032e+02 4.952927862549219640e+01 -2.091921915005744665e+02 2.289340000000000000e+19 4.007709398865699768e-02 4.678129684180021286e-03
-2.596490910270963468e+02 4.903992773623100021e+01 -2.089052490429303646e+02 2.289540000000000000e+19 6.783877965062856674e-03 1.932947896420955658e-02
-2.599719595571630748e+02 4.854996542442381724e+01 -2.086179502405205710e+02 2.289740000000000000e+19 -4.604797810316085815e-03 -1.105561479926109314e-02
-2.602935847750597418e+02 4.805939404854773755e+01 -2.083302964762883960e+02 2.289940000000000000e+19 -8.457151241600513458e-03 1.366944331675767899e-02
-2.605873302363410744e+02 4.760917826451589008e+01 -2.080663076890398884e+02 2.290140000000000000e+19 -3.601659554988145828e-03 1.110095810145139694e-02
-2.615676218850792338e+02 4.609106481903243235e+01 -2.071761593101257688e+02 2.290340000000000000e+19 -5.432824604213237762e-03 1.871387660503387451e-02
-2.618830075979021217e+02 4.559748335933105778e+01 -2.068867513980384558e+02 2.290540000000000000e+19 -3.540853410959243774e-02 -6.989387795329093933e-03
-2.621971408551146965e+02 4.510330696198902700e+01 -2.065969968072144241e+02 2.290740000000000000e+19 6.507653277367353439e-03 -2.256941795349121094e-02
-2.625100201588144841e+02 4.460853798339187648e+01 -2.063068969192933935e+02 2.290940000000000000e+19 -1.942971721291542053e-02 5.403656396083533764e-04
-2.628216440094465725e+02 4.411317879481162407e+01 -2.060164531246336139e+02 2.291140000000000000e+19 1.263929344713687897e-02 -1.407259888947010040e-02
-2.631320109102522906e+02 4.361723177554170405e+01 -2.057256668182854753e+02 2.291340000000000000e+19 -1.719584502279758453e-02 1.082802191376686096e-03
-2.634411193845596131e+02 4.312069928524194751e+01 -2.054345393837774907e+02 2.291540000000000000e+19 -1.149248913861811161e-03 -4.045654833316802979e-02
-2.637233780717562581e+02 4.266503968709224637e+01 -2.051673784426629084e+02 2.291740000000000000e+19 6.900428328663110733e-03 1.262837275862693787e-02
-2.615676218850792338e+02 4.609106481903243235e+01 -2.071761593101257688e+02 2.291940000000000000e+19 -8.707283996045589447e-03 5.004864186048507690e-02
-2.618830075979021217e+02 4.559748335933105778e+01 -2.068867513980384558e+02 2.292140000000000000e+19 8.022950962185859680e-03 4.932711366564035416e-03
-2.621971408551146965e+02 4.510330696198902700e+01 -2.065969968072144241e+02 2.292340000000000000e+19 -2.002951130270957947e-02 2.996401302516460419e-02
-2.625100201588144841e+02 4.460853798339187648e+01 -2.063068969192933935e+02 2.292540000000000000e+19 -5.224884022027254105e-03 -1.129020005464553833e-02
-2.628216440094465725e+02 4.411317879481162407e+01 -2.060164531246336139e+02 2.292740000000000000e+19 -2.034787647426128387e-02 1.278070453554391861e-02
-2.631320109102522906e+02 4.361723177554170405e+01 -2.057256668182854753e+02 2.292940000000000000e+19 4.090411216020584106e-02 1.020294264890253544e-03
-2.634411193845596131e+02 4.312069928524194751e+01 -2.054345393837774907e+02 2.293140000000000000e+19 -1.317179296165704727e-02 -1.033758837729692459e-02
-2.637233780717562581e+02 4.266503968709224637e+01 -2.051673784426629084e+02 2.293340000000000000e+19 1.128168124705553055e-02 1.641066372394561768e-02
