# Baseline: 0-25
# Entries: 128
# u [m], v [m], w [m], frequency [GHz], real, imag, std(real), std(imag)
-4.306918547992123649e+02 -7.310243827041035729e+02 -5.240426319563209745e+02 2.267940000000000111e+01 5.405440926551818848e-02 -7.974450290203094482e-02 6.028526276350021362e-02 6.019899621605873108e-02
-4.298900043680946510e+02 -7.318354002347018650e+02 -5.235688427644705598e+02 2.268140000000000001e+01 -2.202166803181171417e-02 6.597804278135299683e-02 6.028526276350021362e-02 6.019899621605873108e-02
-4.290861010868017047e+02 -7.326449032320600736e+02 -5.230959430431747705e+02 2.268340000000000245e+01 4.735140874981880188e-02 -8.018758893013000488e-02 6.028526276350021362e-02 6.019899621605873108e-02
-4.282801487970213543e+02 -7.334528878277578769e+02 -5.226239350523040912e+02 2.268540000000000134e+01 4.306048213038593531e-04 6.847572326660156250e-02 6.028526276350021362e-02 6.019899621605873108e-02
-4.276744060493519441e+02 -7.340579251671857719e+02 -5.222704876211281544e+02 2.268740000000000023e+01 8.479538559913635254e-02 -1.498834937810897827e-01 6.028526276350021362e-02 6.019899621605873108e-02
-4.266621126299790490e+02 -7.350642863541576162e+02 -5.216826032932281123e+02 2.268940000000000268e+01 -1.122003197669982910e-01 1.152200773358345032e-01 6.028526276350021362e-02 6.019899621605873108e-02
-4.258500365131838521e+02 -7.358676925563358964e+02 -5.212132840397938480e+02 2.269140000000000157e+01 8.397945016622543335e-02 -2.061349451541900635e-01 6.028526276350021362e-02 6.019899621605873108e-02
-4.248321643357106723e+02 -7.368698552729674702e+02 -5.206278652843485588e+02 2.269340000000000046e+01 -1.624868363142013550e-01 4.969958215951919556e-02 6.028526276350021362e-02 6.019899621605873108e-02
-4.306918547992123649e+02 -7.310243827041035729e+02 -5.240426319563209745e+02 2.269540000000000290e+01 -4.074380174279212952e-02 -1.167130004614591599e-02 6.028526276350021362e-02 6.019899621605873108e-02
-4.298900043680946510e+02 -7.318354002347018650e+02 -5.235688427644705598e+02 2.269740000000000180e+01 -1.635243371129035950e-02 8.919125795364379883e-02 6.028526276350021362e-02 6.019899621605873108e-02
-4.290861010868017047e+02 -7.326449032320600736e+02 -5.230959430431747705e+02 2.269940000000000069e+01 -6.561360508203506470e-02 -5.810277163982391357e-02 6.028526276350021362e-02 6.019899621605873108e-02
-4.282801487970213543e+02 -7.334528878277578769e+02 -5.226239350523040912e+02 2.270140000000000313e+01 -8.278398215770721436e-02 1.761217415332794189e-02 6.028526276350021362e-02 6.019899621605873108e-02
-4.276744060493519441e+02 -7.340579251671857719e+02 -5.222704876211281544e+02 2.270340000000000202e+01 -4.782999865710735321e-03 -6.350307166576385498e-02 6.028526276350021362e-02 6.019899621605873108e-02
-4.266621126299790490e+02 -7.350642863541576162e+02 -5.216826032932281123e+02 2.270540000000000092e+01 6.200172379612922668e-02 8.164762705564498901e-02 6.028526276350021362e-02 6.019899621605873108e-02
-4.258500365131838521e+02 -7.358676925563358964e+02 -5.212132840397938480e+02 2.270739999999999981e+01 3.782481700181961060e-02 -6.967824697494506836e-02 6.028526276350021362e-02 6.019899621605873108e-02
-4.248321643357106723e+02 -7.368698552729674702e+02 -5.206278652843485588e+02 2.270940000000000225e+01 1.904395595192909241e-02 -8.290670067071914673e-02 6.028526276350021362e-02 6.019899621605873108e-02
-4.225814358347257098e+02 -7.390659407810086350e+02 -5.193450368217406776e+02 2.271140000000000114e+01 -8.201459795236587524e-02 -3.566593304276466370e-02 6.028526276350021362e-02 6.019899621605873108e-02
-4.217592311683861226e+02 -7.398616395558220802e+02 -5.188802436439896155e+02 2.271340000000000003e+01 -1.633421033620834351e-01 -6.195782870054244995e-02 6.028526276350021362e-02 6.019899621605873108e-02
-4.209350125694770668e+02 -7.406557853804563365e+02 -5.184163623783609864e+02 2.271540000000000248e+01 4.159007221460342407e-02 -9.430522471666336060e-02 6.028526276350021362e-02 6.019899621605873108e-02
-4.201087839710333469e+02 -7.414483744654178281e+02 -5.179533952383934547e+02 2.271740000000000137e+01 1.085591316223144531e-01 -3.765087202191352844e-02 6.028526276350021362e-02 6.019899621605873108e-02
-4.192805493300515991e+02 -7.422394030148257116e+02 -5.174913444413346042e+02 2.271940000000000026e+01 7.050676643848419189e-02 -4.367708461359143257e-04 6.028526276350021362e-02 6.019899621605873108e-02
-4.184503126102408146e+02 -7.430288672430198176e+02 -5.170302121984386758e+02 2.272140000000000271e+01 -1.004128381609916687e-01 3.790780901908874512e-02 6.028526276350021362e-02 6.019899621605873108e-02
-4.176180777878167873e+02 -7.438167633691022047e+02 -5.165700007181543469e+02 2.272340000000000160e+01 2.061201073229312897e-02 4.732042923569679260e-02 6.028526276350021362e-02 6.019899621605873108e-02
-4.168534693235961868e+02 -7.445376407946639574e+02 -5.161489391587374485e+02 2.272540000000000049e+01 1.889971271157264709e-02 6.506452709436416626e-02 6.028526276350021362e-02 6.019899621605873108e-02
-4.225814358347257098e+02 -7.390659407810086350e+02 -5.193450368217406776e+02 2.272740000000000293e+01 -1.110590472817420959e-01 -9.094244241714477539e-02 6.028526276350021362e-02 6.019899621605873108e-02
-4.217592311683861226e+02 -7.398616395558220802e+02 -5.188802436439896155e+02 2.272940000000000182e+01 -8.343195170164108276e-02 1.077186316251754761e-02 6.028526276350021362e-02 6.019899621605873108e-02
-4.209350125694770668e+02 -7.406557853804563365e+02 -5.184163623783609864e+02 2.273140000000000072e+01 6.020230054855346680e-02 -5.234013870358467102e-02 6.028526276350021362e-02 6.019899621605873108e-02
-4.201087839710333469e+02 -7.414483744654178281e+02 -5.179533952383934547e+02 2.273340000000000316e+01 3.679698333144187927e-02 -2.113787084817886353e-02 6.028526276350021362e-02 6.019899621605873108e-02
-4.192805493300515991e+02 -7.422394030148257116e+02 -5.174913444413346042e+02 2.273540000000000205e+01 4.539496824145317078e-02 -1.159358769655227661e-01 6.028526276350021362e-02 6.019899621605873108e-02
-4.184503126102408146e+02 -7.430288672430198176e+02 -5.170302121984386758e+02 2.273740000000000094e+01 5.775510892271995544e-02 -1.217107698321342468e-01 6.028526276350021362e-02 6.019899621605873108e-02
-4.176180777878167873e+02 -7.438167633691022047e+02 -5.165700007181543469e+02 2.273939999999999984e+01 3.571169450879096985e-02 4.598162602633237839e-03 6.028526276350021362e-02 6.019899621605873108e-02
-4.168534693235961868e+02 -7.445376407946639574e+02 -5.161489391587374485e+02 2.274140000000000228e+01 -2.265374362468719482e-02 2.977254986763000488e-02 6.028526276350021362e-02 6.019899621605873108e-02
-4.142692372256777844e+02 -7.469525915957630104e+02 -5.147384063802124956e+02 2.274340000000000117e+01 -9.053899906575679779e-03 1.202567964792251587e-01 6.028526276350021362e-02 6.019899621605873108e-02
-4.134270718121159689e+02 -7.477325908130642347e+02 -5.142828316547809209e+02 2.274540000000000006e+01 -4.867640882730484009e-02 2.269975841045379639e-02 6.028526276350021362e-02 6.019899621605873108e-02
-4.125829323241716793e+02 -7.485109994283650394e+02 -5.138281908338209405e+02 2.274740000000000251e+01 1.499947439879179001e-02 2.377892285585403442e-02 6.028526276350021362e-02 6.019899621605873108e-02
-4.117368228163775257e+02 -7.492878137028507126e+02 -5.133744861010387694e+02 2.274940000000000140e+01 -3.612370043992996216e-02 -4.435497522354125977e-02 6.028526276350021362e-02 6.019899621605873108e-02
-4.108887473202822207e+02 -7.500630299351016674e+02 -5.129217196182760290e+02 2.275140000000000029e+01 5.671668797731399536e-03 -5.025557242333889008e-03 6.028526276350021362e-02 6.019899621605873108e-02
-4.100387099211580448e+02 -7.508366443908515748e+02 -5.124698935665345516e+02 2.275340000000000273e+01 -6.691843271255493164e-02 1.648914515972137451e-01 6.028526276350021362e-02 6.019899621605873108e-02
-4.091867146663759627e+02 -7.516086533866771333e+02 -5.120190100970993399e+02 2.275540000000000163e+01 -3.031508810818195343e-02 1.573704928159713745e-02 6.028526276350021362e-02 6.019899621605873108e-02
-4.084040274171231317e+02 -7.523149353095321885e+02 -5.116065180796444452e+02 2.275740000000000052e+01 -1.153038535267114639e-02 -1.902855234220623970e-03 6.028526276350021362e-02 6.019899621605873108e-02
-4.142692372256777844e+02 -7.469525915957630104e+02 -5.147384063802124956e+02 2.275940000000000296e+01 1.024175137281417847e-01 8.413897454738616943e-02 6.028526276350021362e-02 6.019899621605873108e-02
-4.134270718121159689e+02 -7.477325908130642347e+02 -5.142828316547809209e+02 2.276140000000000185e+01 3.825528174638748169e-02 -1.654398255050182343e-02 6.028526276350021362e-02 6.019899621605873108e-02
-4.125829323241716793e+02 -7.485109994283650394e+02 -5.138281908338209405e+02 2.276340000000000074e+01 6.048027053475379944e-02 1.829745993018150330e-02 6.028526276350021362e-02 6.019899621605873108e-02
-4.117368228163775257e+02 -7.492878137028507126e+02 -5.133744861010387694e+02 2.276540000000000319e+01 8.339327573776245117e-02 8.599569648504257202e-02 6.028526276350021362e-02 6.019899621605873108e-02
-4.108887473202822207e+02 -7.500630299351016674e+02 -5.129217196182760290e+02 2.276740000000000208e+01 1.260218303650617599e-02 5.313526839017868042e-02 6.028526276350021362e-02 6.019899621605873108e-02
-4.100387099211580448e+02 -7.508366443908515748e+02 -5.124698935665345516e+02 2.276940000000000097e+01 2.737439237534999847e-02 3.772036731243133545e-02 6.028526276350021362e-02 6.019899621605873108e-02
-4.091867146663759627e+02 -7.516086533866771333e+02 -5.120190100970993399e+02 2.277139999999999986e+01 2.868355438113212585e-02 4.526546224951744080e-02 6.028526276350021362e-02 6.019899621605873108e-02
-4.084040274171231317e+02 -7.523149353095321885e+02 -5.116065180796444452e+02 2.277340000000000231e+01 2.592821232974529266e-02 2.585007250308990479e-02 6.028526276350021362e-02 6.019899621605873108e-02
-4.057592368386006569e+02 -7.546805609398446677e+02 -5.102249451621312346e+02 2.277540000000000120e+01 1.212359592318534851e-02 -6.389923393726348877e-02 6.028526276350021362e-02 6.019899621605873108e-02
-4.048975136802786778e+02 -7.554444873465797627e+02 -5.097788068949221270e+02 2.277740000000000009e+01 2.195277437567710876e-02 -2.469664998352527618e-02 6.028526276350021362e-02 6.019899621605873108e-02
-4.040338572856811652e+02 -7.562067862281184034e+02 -5.093336240966295918e+02 2.277940000000000254e+01 -5.049877241253852844e-02 -2.475197985768318176e-02 6.028526276350021362e-02 6.019899621605873108e-02
-4.031682717669855833e+02 -7.569674539548826715e+02 -5.088893988869256191e+02 2.278140000000000143e+01 5.409317463636398315e-02 9.914204478263854980e-02 6.028526276350021362e-02 6.019899621605873108e-02
-4.023007612907798034e+02 -7.577264868653244321e+02 -5.084461334041283749e+02 2.278340000000000032e+01 -2.689149044454097748e-02 -5.324285849928855896e-02 6.028526276350021362e-02 6.019899621605873108e-02
-4.014313299845730967e+02 -7.584838813480621411e+02 -5.080038297572351098e+02 2.278540000000000276e+01 -2.818473614752292633e-02 5.138190835714340210e-02 6.028526276350021362e-02 6.019899621605873108e-02
-4.005599820334637684e+02 -7.592396337573027267e+02 -5.075624900753157931e+02 2.278740000000000165e+01 -2.818297222256660461e-02 1.532942708581686020e-02 6.028526276350021362e-02 6.019899621605873108e-02
-3.997595905273818175e+02 -7.599309822108504022e+02 -5.071587649832389957e+02 2.278940000000000055e+01 -1.060908585786819458e-01 1.933269947767257690e-02 6.028526276350021362e-02 6.019899621605873108e-02
-4.057592368386006569e+02 -7.546805609398446677e+02 -5.102249451621312346e+02 2.279140000000000299e+01 7.913982868194580078e-02 3.352673351764678955e-02 6.028526276350021362e-02 6.019899621605873108e-02
-4.048975136802786778e+02 -7.554444873465797627e+02 -5.097788068949221270e+02 2.279340000000000188e+01 -8.842482417821884155e-02 1.497733057476580143e-03 6.028526276350021362e-02 6.019899621605873108e-02
-4.040338572856811652e+02 -7.562067862281184034e+02 -5.093336240966295918e+02 2.279540000000000077e+01 1.516951341181993484e-02 -7.441387325525283813e-02 6.028526276350021362e-02 6.019899621605873108e-02
-4.031682717669855833e+02 -7.569674539548826715e+02 -5.088893988869256191e+02 2.279739999999999966e+01 -1.636515371501445770e-02 -2.579029183834791183e-03 6.028526276350021362e-02 6.019899621605873108e-02
-4.023007612907798034e+02 -7.577264868653244321e+02 -5.084461334041283749e+02 2.279940000000000211e+01 -1.008938476443290710e-01 -1.648158431053161621e-01 6.028526276350021362e-02 6.019899621605873108e-02
-4.014313299845730967e+02 -7.584838813480621411e+02 -5.080038297572351098e+02 2.280140000000000100e+01 4.353825002908706665e-02 -1.908075809478759766e-02 6.028526276350021362e-02 6.019899621605873108e-02
-4.005599820334637684e+02 -7.592396337573027267e+02 -5.075624900753157931e+02 2.280339999999999989e+01 -7.416478544473648071e-02 -1.625683391466736794e-03 6.028526276350021362e-02 6.019899621605873108e-02
-3.997595905273818175e+02 -7.599309822108504022e+02 -5.071587649832389957e+02 2.280540000000000234e+01 -2.490985766053199768e-02 -5.990780144929885864e-02 6.028526276350021362e-02 6.019899621605873108e-02
-3.972021344023704614e+02 -7.621214077379644323e+02 -5.058796559456864088e+02 2.280740000000000123e+01 1.958433724939823151e-02 -3.143159439787268639e-03 6.028526276350021362e-02 6.019899621605873108e-02
-3.963215815505377009e+02 -7.628691726723012607e+02 -5.054430050852247405e+02 2.280940000000000012e+01 -9.606842882931232452e-03 -1.454323646612465382e-03 6.028526276350021362e-02 6.019899621605873108e-02
-3.954391364925328958e+02 -7.636152745594326916e+02 -5.050073304374778331e+02 2.281140000000000256e+01 4.829348251223564148e-02 -2.351959794759750366e-02 6.028526276350021362e-02 6.019899621605873108e-02
-3.945548034668996138e+02 -7.643597098157392793e+02 -5.045726340950424742e+02 2.281340000000000146e+01 3.795760450884699821e-03 -5.596604314632713795e-04 6.028526276350021362e-02 6.019899621605873108e-02
-3.936685866812043741e+02 -7.651024748993096409e+02 -5.041389181261355361e+02 2.281540000000000035e+01 5.446233786642551422e-03 -3.076595254242420197e-03 6.028526276350021362e-02 6.019899621605873108e-02
-3.927804903982378164e+02 -7.658435662373400419e+02 -5.037061846169879686e+02 2.281740000000000279e+01 1.905620470643043518e-02 5.464616790413856506e-02 6.028526276350021362e-02 6.019899621605873108e-02
-3.918905188558588861e+02 -7.665829802935177213e+02 -5.032744356324995465e+02 2.281940000000000168e+01 1.144433300942182541e-02 -5.442337319254875183e-02 6.028526276350021362e-02 6.019899621605873108e-02
-3.910730916628088494e+02 -7.672593214767413201e+02 -5.028795197920074429e+02 2.282140000000000057e+01 3.400311246514320374e-02 4.923368617892265320e-02 6.028526276350021362e-02 6.019899621605873108e-02
-3.972021344023704614e+02 -7.621214077379644323e+02 -5.058796559456864088e+02 2.282340000000000302e+01 8.523475378751754761e-03 5.724211782217025757e-02 6.028526276350021362e-02 6.019899621605873108e-02
-3.963215815505377009e+02 -7.628691726723012607e+02 -5.054430050852247405e+02 2.282540000000000191e+01 5.244269967079162598e-02 -8.130256086587905884e-02 6.028526276350021362e-02 6.019899621605873108e-02
-3.954391364925328958e+02 -7.636152745594326916e+02 -5.050073304374778331e+02 2.282740000000000080e+01 -5.804132670164108276e-02 -4.657038301229476929e-02 6.028526276350021362e-02 6.019899621605873108e-02
-3.945548034668996138e+02 -7.643597098157392793e+02 -5.045726340950424742e+02 2.282939999999999969e+01 -9.803448617458343506e-02 -4.352489486336708069e-02 6.028526276350021362e-02 6.019899621605873108e-02
-3.936685866812043741e+02 -7.651024748993096409e+02 -5.041389181261355361e+02 2.283140000000000214e+01 -1.940404996275901794e-02 9.414158761501312256e-03 6.028526276350021362e-02 6.019899621605873108e-02
-3.927804903982378164e+02 -7.658435662373400419e+02 -5.037061846169879686e+02 2.283340000000000103e+01 -4.087122157216072083e-02 -4.100024700164794922e-02 6.028526276350021362e-02 6.019899621605873108e-02
-3.918905188558588861e+02 -7.665829802935177213e+02 -5.032744356324995465e+02 2.283539999999999992e+01 1.196362078189849854e-02 4.499820992350578308e-02 6.028526276350021362e-02 6.019899621605873108e-02
-3.910730916628088494e+02 -7.672593214767413201e+02 -5.028795197920074429e+02 2.283740000000000236e+01 -3.864542022347450256e-02 -4.589368030428886414e-02 6.028526276350021362e-02 6.019899621605873108e-02
-3.883119654375889240e+02 -7.695237930243258688e+02 -5.015573262085462147e+02 2.283940000000000126e+01 8.875239640474319458e-02 2.881980873644351959e-02 6.028526276350021362e-02 6.019899621605873108e-02
-3.874126816893553382e+02 -7.702547677322064601e+02 -5.011305307582825890e+02 2.284140000000000015e+01 1.228223741054534912e-01 -4.576309025287628174e-02 6.028526276350021362e-02 6.019899621605873108e-02
-3.865115483580745490e+02 -7.709840440575333105e+02 -5.007047321531364901e+02 2.284340000000000259e+01 1.198620200157165527e-01 1.057091727852821350e-01 6.028526276350021362e-02 6.019899621605873108e-02
-3.856085697845830396e+02 -7.717116184873219709e+02 -5.002799324442120223e+02 2.284540000000000148e+01 -3.318760311231017113e-03 -4.922155290842056274e-02 6.028526276350021362e-02 6.019899621605873108e-02
-3.847037502682859440e+02 -7.724374875573314512e+02 -4.998561336541285414e+02 2.284740000000000038e+01 1.459240764379501343e-01 4.196264967322349548e-02 6.028526276350021362e-02 6.019899621605873108e-02
-3.837970941456868559e+02 -7.731616477886601615e+02 -4.994333378140409536e+02 2.284940000000000282e+01 -4.329338669776916504e-03 -5.163370072841644287e-02 6.028526276350021362e-02 6.019899621605873108e-02
-3.828886057684484854e+02 -7.738840957055903118e+02 -4.990115469532194084e+02 2.285140000000000171e+01 -7.791715115308761597e-02 -2.199107035994529724e-02 6.028526276350021362e-02 6.019899621605873108e-02
-3.820542420959233141e+02 -7.745448543480109720e+02 -4.986257770527024036e+02 2.285340000000000060e+01 6.733792275190353394e-02 1.385975349694490433e-02 6.028526276350021362e-02 6.019899621605873108e-02
-3.883119654375889240e+02 -7.695237930243258688e+02 -5.015573262085462147e+02 2.285540000000000305e+01 -2.761653810739517212e-02 -1.366472616791725159e-02 6.028526276350021362e-02 6.019899621605873108e-02
-3.874126816893553382e+02 -7.702547677322064601e+02 -5.011305307582825890e+02 2.285740000000000194e+01 -1.702670380473136902e-02 4.219873249530792236e-02 6.028526276350021362e-02 6.019899621605873108e-02
-3.865115483580745490e+02 -7.709840440575333105e+02 -5.007047321531364901e+02 2.285940000000000083e+01 7.267484813928604126e-02 4.886236786842346191e-02 6.028526276350021362e-02 6.019899621605873108e-02
-3.856085697845830396e+02 -7.717116184873219709e+02 -5.002799324442120223e+02 2.286139999999999972e+01 7.376158237457275391e-02 9.098833543248474598e-04 6.028526276350021362e-02 6.019899621605873108e-02
-3.847037502682859440e+02 -7.724374875573314512e+02 -4.998561336541285414e+02 2.286340000000000217e+01 -8.701378107070922852e-02 7.698799669742584229e-02 6.028526276350021362e-02 6.019899621605873108e-02
-3.837970941456868559e+02 -7.731616477886601615e+02 -4.994333378140409536e+02 2.286540000000000106e+01 7.237908244132995605e-02 4.853838309645652771e-02 6.028526276350021362e-02 6.019899621605873108e-02
-3.828886057684484854e+02 -7.738840957055903118e+02 -4.990115469532194084e+02 2.286739999999999995e+01 3.820326179265975952e-02 -6.250913441181182861e-02 6.028526276350021362e-02 6.019899621605873108e-02
-3.820542420959233141e+02 -7.745448543480109720e+02 -4.986257770527024036e+02 2.286940000000000239e+01 3.799298033118247986e-02 1.036771479994058609e-02 6.028526276350021362e-02 6.019899621605873108e-02
-3.792364166959380327e+02 -7.767566952870839714e+02 -4.973344735530952221e+02 2.287140000000000128e+01 2.990164980292320251e-02 7.536333799362182617e-02 6.028526276350021362e-02 6.019899621605873108e-02
-3.783188323833419417e+02 -7.774705299777343726e+02 -4.969177377456697968e+02 2.287340000000000018e+01 -1.698086597025394440e-02 9.835413098335266113e-02 6.028526276350021362e-02 6.019899621605873108e-02
-3.773994420337804740e+02 -7.781826317329465610e+02 -4.965020189564123143e+02 2.287540000000000262e+01 1.943639852106571198e-02 -7.545518130064010620e-02 6.028526276350021362e-02 6.019899621605873108e-02
-3.764782500248130646e+02 -7.788929971621611230e+02 -4.960873191646987266e+02 2.287740000000000151e+01 -9.451273083686828613e-02 -1.059325635433197021e-01 6.028526276350021362e-02 6.019899621605873108e-02
-3.755552607906860203e+02 -7.796016228459590138e+02 -4.956736403667275681e+02 2.287940000000000040e+01 -2.918400615453720093e-02 -4.755520075559616089e-02 6.028526276350021362e-02 6.019899621605873108e-02
-3.746304787228965552e+02 -7.803085054127758440e+02 -4.952609845307295586e+02 2.288140000000000285e+01 -5.842690169811248779e-02 -4.514313861727714539e-02 6.028526276350021362e-02 6.019899621605873108e-02
-3.737039082729626216e+02 -7.810136414599885484e+02 -4.948493536430515860e+02 2.288340000000000174e+01 8.924105018377304077e-02 3.799930587410926819e-02 6.028526276350021362e-02 6.019899621605873108e-02
-3.728530074073749461e+02 -7.816585013544494132e+02 -4.944729142930702892e+02 2.288540000000000063e+01 -3.404869884252548218e-02 5.691295489668846130e-02 6.028526276350021362e-02 6.019899621605873108e-02
-3.792364166959380327e+02 -7.767566952870839714e+02 -4.973344735530952221e+02 2.288740000000000308e+01 -1.026223823428153992e-01 3.177312389016151428e-02 6.028526276350021362e-02 6.019899621605873108e-02
-3.783188323833419417e+02 -7.774705299777343726e+02 -4.969177377456697968e+02 2.288940000000000197e+01 -6.307553499937057495e-02 2.086669951677322388e-02 6.028526276350021362e-02 6.019899621605873108e-02
-3.773994420337804740e+02 -7.781826317329465610e+02 -4.965020189564123143e+02 2.289140000000000086e+01 1.044766698032617569e-02 1.835272833704948425e-02 6.028526276350021362e-02 6.019899621605873108e-02
-3.764782500248130646e+02 -7.788929971621611230e+02 -4.960873191646987266e+02 2.289339999999999975e+01 -9.099975973367691040e-02 -4.441152513027191162e-02 6.028526276350021362e-02 6.019899621605873108e-02
-3.755552607906860203e+02 -7.796016228459590138e+02 -4.956736403667275681e+02 2.289540000000000219e+01 1.205224692821502686e-01 1.518907677382230759e-02 6.028526276350021362e-02 6.019899621605873108e-02
-3.746304787228965552e+02 -7.803085054127758440e+02 -4.952609845307295586e+02 2.289740000000000109e+01 -1.367751043289899826e-02 -7.608404755592346191e-02 6.028526276350021362e-02 6.019899621605873108e-02
-3.737039082729626216e+02 -7.810136414599885484e+02 -4.948493536430515860e+02 2.289939999999999998e+01 -4.381750524044036865e-02 -1.433339864015579224e-01 6.028526276350021362e-02 6.019899621605873108e-02
-3.728530074073749461e+02 -7.816585013544494132e+02 -4.944729142930702892e+02 2.290140000000000242e+01 -5.857523065060377121e-03 -7.635118905454874039e-03 6.028526276350021362e-02 6.019899621605873108e-02
-3.699798313080378307e+02 -7.838166532070871426e+02 -4.932131188305302203e+02 2.290340000000000131e+01 3.072270750999450684e-02 1.253536194562911987e-01 6.028526276350021362e-02 6.019899621605873108e-02
-3.690443855617094187e+02 -7.845130062591847491e+02 -4.928066421037489135e+02 2.290540000000000020e+01 9.222698211669921875e-02 8.326072245836257935e-02 6.028526276350021362e-02 6.019899621605873108e-02
-3.681071781604769626e+02 -7.852075926750690087e+02 -4.924012020681722106e+02 2.290740000000000265e+01 6.258178502321243286e-02 2.048496715724468231e-02 6.028526276350021362e-02 6.019899621605873108e-02
-3.671682135732267511e+02 -7.859004091427065077e+02 -4.919968006570787793e+02 2.290940000000000154e+01 -3.029473125934600830e-02 5.263196676969528198e-02 6.028526276350021362e-02 6.019899621605873108e-02
-3.662274963001104879e+02 -7.865914523416055317e+02 -4.915934398086577062e+02 2.291140000000000043e+01 7.045795023441314697e-02 -2.790799550712108612e-02 6.028526276350021362e-02 6.019899621605873108e-02
-3.652850308595592992e+02 -7.872807189526038201e+02 -4.911911214602955624e+02 2.291340000000000288e+01 -6.069359555840492249e-02 5.071445554494857788e-02 6.028526276350021362e-02 6.019899621605873108e-02
-3.643408217357235230e+02 -7.879682056962762999e+02 -4.907898475261587237e+02 2.291540000000000177e+01 -4.046786110848188400e-03 -3.059019148349761963e-02 6.028526276350021362e-02 6.019899621605873108e-02
-3.634737910276605817e+02 -7.885968581351634157e+02 -4.904229189356403253e+02 2.291740000000000066e+01 1.090068444609642029e-01 -1.213522478938102722e-01 6.028526276350021362e-02 6.019899621605873108e-02
-3.699798313080378307e+02 -7.838166532070871426e+02 -4.932131188305302203e+02 2.291940000000000310e+01 -7.338275015354156494e-02 3.386941552162170410e-02 6.028526276350021362e-02 6.019899621605873108e-02
-3.690443855617094187e+02 -7.845130062591847491e+02 -4.928066421037489135e+02 2.292140000000000200e+01 -8.903028070926666260e-02 8.883638679981231689e-02 6.028526276350021362e-02 6.019899621605873108e-02
-3.681071781604769626e+02 -7.852075926750690087e+02 -4.924012020681722106e+02 2.292340000000000089e+01 -1.043474972248077393e-01 -4.696306958794593811e-02 6.028526276350021362e-02 6.019899621605873108e-02
-3.671682135732267511e+02 -7.859004091427065077e+02 -4.919968006570787793e+02 2.292539999999999978e+01 -1.990476995706558228e-02 3.266006335616111755e-02 6.028526276350021362e-02 6.019899621605873108e-02
-3.662274963001104879e+02 -7.865914523416055317e+02 -4.915934398086577062e+02 2.292740000000000222e+01 -2.005592733621597290e-02 -6.423092633485794067e-02 6.028526276350021362e-02 6.019899621605873108e-02
-3.652850308595592992e+02 -7.872807189526038201e+02 -4.911911214602955624e+02 2.292940000000000111e+01 -4.621107503771781921e-02 -7.099691778421401978e-03 6.028526276350021362e-02 6.019899621605873108e-02
-3.643408217357235230e+02 -7.879682056962762999e+02 -4.907898475261587237e+02 2.293140000000000001e+01 -1.195487938821315765e-02 1.565022952854633331e-02 6.028526276350021362e-02 6.019899621605873108e-02
-3.634737910276605817e+02 -7.885968581351634157e+02 -4.904229189356403253e+02 2.293340000000000245e+01 -2.567697130143642426e-02 4.237163439393043518e-02 6.028526276350021362e-02 6.019899621605873108e-02
