# Baseline: 19-25
# Entries: 128
# u [m], v [m], w [m], frequency [GHz], real, imag
6.630330586683954834e+02 1.129446653066327599e+03 8.122371853798530310e+02 2.267940000000000000e+19 3.563101217150688171e-02 7.464584708213806152e-02
6.617970433381105977e+02 1.130695167224327406e+03 8.115078167018351678e+02 2.268140000000000000e+19 -1.200506556779146194e-02 -9.574657678604125977e-02
6.605578677710022930e+02 1.131941346800957945e+03 8.107798190951473316e+02 2.268340000000000000e+19 5.570419132709503174e-02 8.547805249691009521e-02
6.593155378888338873e+02 1.133185185841027078e+03 8.100531960387105528e+02 2.268540000000000000e+19 -7.501707971096038818e-02 -1.194854155182838440e-01
6.583818222672825868e+02 1.134116599043206179e+03 8.095090897344990708e+02 2.268740000000000000e+19 6.946108490228652954e-02 7.059416174888610840e-02
6.568214389760736367e+02 1.135665818511822181e+03 8.086040874797689639e+02 2.268940000000000000e+19 -8.125112205743789673e-02 -4.626987874507904053e-02
6.555696819077430746e+02 1.136902600245038684e+03 8.078816089274105252e+02 2.269140000000000000e+19 1.172231361269950867e-01 6.468439847230911255e-02
6.540007105560940772e+02 1.138445348066249153e+03 8.069804071647887440e+02 2.269340000000000000e+19 -6.190364435315132141e-02 -4.274779185652732849e-02
6.630330586683954834e+02 1.129446653066327599e+03 8.122371853798530310e+02 2.269540000000000000e+19 -1.188783273100852966e-01 1.013822928071022034e-01
6.617970433381105977e+02 1.130695167224327406e+03 8.115078167018351678e+02 2.269740000000000000e+19 -8.314786851406097412e-02 -9.914348274469375610e-02
6.605578677710022930e+02 1.131941346800957945e+03 8.107798190951473316e+02 2.269940000000000000e+19 -5.521713197231292725e-02 7.872194796800613403e-02
6.593155378888338873e+02 1.133185185841027078e+03 8.100531960387105528e+02 2.270140000000000000e+19 -9.557604044675827026e-02 1.356714814901351929e-01
6.583818222672825868e+02 1.134116599043206179e+03 8.095090897344990708e+02 2.270340000000000000e+19 -1.201179111376404762e-03 6.769391708076000214e-03
6.568214389760736367e+02 1.135665818511822181e+03 8.086040874797689639e+02 2.270540000000000000e+19 -4.390607401728630066e-02 -3.608185797929763794e-02
6.555696819077430746e+02 1.136902600245038684e+03 8.078816089274105252e+02 2.270740000000000000e+19 -1.914495602250099182e-02 7.643797993659973145e-02
6.540007105560940772e+02 1.138445348066249153e+03 8.069804071647887440e+02 2.270940000000000000e+19 5.077842250466346741e-02 1.855284906923770905e-02
6.505314093269423665e+02 1.141826025368949104e+03 8.050056133922209938e+02 2.271140000000000000e+19 -6.237247213721275330e-02 2.320380508899688721e-02
6.492640602489447019e+02 1.143050926740487284e+03 8.042901113842470977e+02 2.271340000000000000e+19 7.776236534118652344e-02 -1.457637101411819458e-01
6.479936109227221550e+02 1.144273434390822104e+03 8.035760149945168678e+02 2.271540000000000000e+19 1.368973217904567719e-02 -8.809014409780502319e-02
6.467200674106486531e+02 1.145493542486411343e+03 8.028633276305391746e+02 2.271740000000000000e+19 -9.358744323253631592e-02 -5.601506680250167847e-02
6.454434358120134902e+02 1.146711245183891833e+03 8.021520527055253069e+02 2.271940000000000000e+19 -2.603562735021114349e-02 7.694955915212631226e-02
6.441637222364340687e+02 1.147926536655649670e+03 8.014421936234496116e+02 2.272140000000000000e+19 -3.517441079020500183e-02 1.064057927578687668e-02
6.428809328127842946e+02 1.149139411081417393e+03 8.007337537839617880e+02 2.272340000000000000e+19 1.165943779051303864e-02 -1.467270776629447937e-04
6.417023846998948784e+02 1.150249115300108542e+03 8.000855820993687075e+02 2.272540000000000000e+19 -1.662993058562278748e-02 -8.349484950304031372e-02
6.505314093269423665e+02 1.141826025368949104e+03 8.050056133922209938e+02 2.272740000000000000e+19 4.138433374464511871e-03 1.335700005292892456e-01
6.492640602489447019e+02 1.143050926740487284e+03 8.042901113842470977e+02 2.272940000000000000e+19 -8.726855367422103882e-02 -5.365768447518348694e-02
6.479936109227221550e+02 1.144273434390822104e+03 8.035760149945168678e+02 2.273140000000000000e+19 -3.168128430843353271e-02 -3.788723424077033997e-02
6.467200674106486531e+02 1.145493542486411343e+03 8.028633276305391746e+02 2.273340000000000000e+19 -9.666621685028076172e-02 1.138740498572587967e-02
6.454434358120134902e+02 1.146711245183891833e+03 8.021520527055253069e+02 2.273540000000000000e+19 4.928713291883468628e-02 3.150812408421188593e-04
6.441637222364340687e+02 1.147926536655649670e+03 8.014421936234496116e+02 2.273740000000000000e+19 -1.989263575524091721e-03 2.989821834489703178e-03
6.428809328127842946e+02 1.149139411081417393e+03 8.007337537839617880e+02 2.273940000000000000e+19 -7.029632478952407837e-02 1.631236076354980469e-02
6.417023846998948784e+02 1.150249115300108542e+03 8.000855820993687075e+02 2.274140000000000000e+19 -6.632120907306671143e-02 -1.298841834068298340e-02
6.377191395678790968e+02 1.153966622476108796e+03 7.979142545183507309e+02 2.274340000000000000e+19 -2.327868156135082245e-02 -1.187568996101617813e-02
6.364210632659122666e+02 1.155167324853724949e+03 7.972129616015261035e+02 2.274540000000000000e+19 1.255022082477807999e-02 -3.190202172845602036e-03
6.351199481522044152e+02 1.156365575549615414e+03 7.965131081574586460e+02 2.274740000000000000e+19 3.719148039817810059e-02 6.994696706533432007e-02
6.338158004762118480e+02 1.157561368808399720e+03 7.958146975476464604e+02 2.274940000000000000e+19 -5.158626660704612732e-02 9.125772863626480103e-02
6.325086264519483166e+02 1.158754698932276824e+03 7.951177330999214519e+02 2.275140000000000000e+19 5.047414451837539673e-02 4.771739244461059570e-02
6.311984323762130771e+02 1.159945560172901196e+03 7.944222181716019122e+02 2.275340000000000000e+19 -1.631361804902553558e-02 2.253750062664039433e-05
6.298852244873686459e+02 1.161133946860202741e+03 7.937281560742495685e+02 2.275540000000000000e+19 1.076536159962415695e-02 -2.943342551589012146e-02
6.286788466434062457e+02 1.162221154263961125e+03 7.930931930271200372e+02 2.275740000000000000e+19 6.241599097847938538e-02 -6.226371973752975464e-02
6.377191395678790968e+02 1.153966622476108796e+03 7.979142545183507309e+02 2.275940000000000000e+19 2.666800050064921379e-03 -3.596002608537673950e-02
6.364210632659122666e+02 1.155167324853724949e+03 7.972129616015261035e+02 2.276140000000000000e+19 5.692116450518369675e-03 -7.265062304213643074e-04
6.351199481522044152e+02 1.156365575549615414e+03 7.965131081574586460e+02 2.276340000000000000e+19 -2.473715879023075104e-02 -9.141401946544647217e-02
6.338158004762118480e+02 1.157561368808399720e+03 7.958146975476464604e+02 2.276540000000000000e+19 -2.526618726551532745e-02 2.503730542957782745e-02
6.325086264519483166e+02 1.158754698932276824e+03 7.951177330999214519e+02 2.276740000000000000e+19 5.790280923247337341e-02 -1.136191114783287048e-01
6.311984323762130771e+02 1.159945560172901196e+03 7.944222181716019122e+02 2.276940000000000000e+19 1.529276277869939804e-02 -2.346282824873924255e-02
6.298852244873686459e+02 1.161133946860202741e+03 7.937281560742495685e+02 2.277140000000000000e+19 1.397947873920202255e-02 1.486471574753522873e-02
6.286788466434062457e+02 1.162221154263961125e+03 7.930931930271200372e+02 2.277340000000000000e+19 -5.323864147067070007e-02 3.943425789475440979e-02
6.246023808013570715e+02 1.165862634425357101e+03 7.909665023702050348e+02 2.277540000000000000e+19 1.468705534934997559e-01 1.083673760294914246e-01
6.232741984454847852e+02 1.167038563236898881e+03 7.902797541338121619e+02 2.277740000000000000e+19 -5.899640917778015137e-02 -1.417632494121789932e-02
6.219430402228755383e+02 1.168211983529325380e+03 7.895944785651031452e+02 2.277940000000000000e+19 8.138073608279228210e-03 8.110336959362030029e-02
6.206089124716494325e+02 1.169382889715562214e+03 7.889106789269161482e+02 2.278140000000000000e+19 6.096678599715232849e-02 5.040528997778892517e-02
6.192718216137734544e+02 1.170551276159338840e+03 7.882283585107818453e+02 2.278340000000000000e+19 -2.969005890190601349e-02 8.251328021287918091e-02
6.179317740109622719e+02 1.171717137301622870e+03 7.875475205630895061e+02 2.278540000000000000e+19 -6.484570354223251343e-02 -1.191017478704452515e-01
6.165887761136755216e+02 1.172880467530425221e+03 7.868681683611152948e+02 2.278740000000000000e+19 -6.126319989562034607e-02 -4.220268875360488892e-02
6.153551458094789268e+02 1.173944657874035784e+03 7.862467177904804885e+02 2.278940000000000000e+19 -3.636877611279487610e-02 9.512996673583984375e-02
6.246023808013570715e+02 1.165862634425357101e+03 7.909665023702050348e+02 2.279140000000000000e+19 -6.657754629850387573e-02 9.378380142152309418e-03
6.232741984454847852e+02 1.167038563236898881e+03 7.902797541338121619e+02 2.279340000000000000e+19 2.560953982174396515e-02 -6.422352045774459839e-03
6.219430402228755383e+02 1.168211983529325380e+03 7.895944785651031452e+02 2.279540000000000000e+19 4.372379928827285767e-02 7.769741863012313843e-02
6.206089124716494325e+02 1.169382889715562214e+03 7.889106789269161482e+02 2.279740000000000000e+19 -1.157873645424842834e-01 -6.214932352304458618e-02
6.192718216137734544e+02 1.170551276159338840e+03 7.882283585107818453e+02 2.279940000000000000e+19 8.810081332921981812e-02 -4.985196515917778015e-02
6.179317740109622719e+02 1.171717137301622870e+03 7.875475205630895061e+02 2.280140000000000000e+19 8.808512985706329346e-02 5.272939056158065796e-02
6.165887761136755216e+02 1.172880467530425221e+03 7.868681683611152948e+02 2.280340000000000000e+19 8.251027017831802368e-02 -1.115826424211263657e-02
6.153551458094789268e+02 1.173944657874035784e+03 7.862467177904804885e+02 2.280540000000000000e+19 -8.234784007072448730e-02 1.371573563665151596e-02
6.114134020580440847e+02 1.177316354018596940e+03 7.842778070734109406e+02 2.280740000000000000e+19 -1.278571225702762604e-02 6.700857728719711304e-02
6.100562351593977155e+02 1.178467373323748689e+03 7.836056816271066054e+02 2.280940000000000000e+19 5.840989761054515839e-04 -3.342355415225028992e-02
6.086961556331339125e+02 1.179615829430795884e+03 7.829350607792847541e+02 2.281140000000000000e+19 -1.918896660208702087e-02 7.393543422222137451e-02
6.073331700119611014e+02 1.180761716823561073e+03 7.822659477510153465e+02 2.281340000000000000e+19 -1.982007548213005066e-02 -9.809006005525588989e-02
6.059672847808257075e+02 1.181905030050084861e+03 7.815983457258340650e+02 2.281540000000000000e+19 -5.765741690993309021e-02 7.662660628557205200e-02
6.045985065097722782e+02 1.183045763610871063e+03 7.809322579149936701e+02 2.281740000000000000e+19 5.563161522150039673e-02 -1.762712001800537109e-01
6.032268417303990873e+02 1.184183912062607305e+03 7.802676874969051823e+02 2.281940000000000000e+19 5.426077172160148621e-03 -4.131479072384536266e-04
6.019669888414794059e+02 1.185224972244689070e+03 7.796598142614548124e+02 2.282140000000000000e+19 6.283037364482879639e-03 -1.004708930850028992e-01
6.114134020580440847e+02 1.177316354018596940e+03 7.842778070734109406e+02 2.282340000000000000e+19 2.490066178143024445e-02 2.743169106543064117e-02
6.100562351593977155e+02 1.178467373323748689e+03 7.836056816271066054e+02 2.282540000000000000e+19 3.801865130662918091e-02 -2.789150550961494446e-02
6.086961556331339125e+02 1.179615829430795884e+03 7.829350607792847541e+02 2.282740000000000000e+19 -2.716276608407497406e-02 3.169876709580421448e-02
6.073331700119611014e+02 1.180761716823561073e+03 7.822659477510153465e+02 2.282940000000000000e+19 -6.758413463830947876e-02 -1.041221469640731812e-01
6.059672847808257075e+02 1.181905030050084861e+03 7.815983457258340650e+02 2.283140000000000000e+19 8.429351262748241425e-03 -1.805934356525540352e-03
6.045985065097722782e+02 1.183045763610871063e+03 7.809322579149936701e+02 2.283340000000000000e+19 2.821755409240722656e-02 9.555577486753463745e-02
6.032268417303990873e+02 1.184183912062607305e+03 7.802676874969051823e+02 2.283540000000000000e+19 7.426074147224426270e-02 1.024840101599693298e-01
6.019669888414794059e+02 1.185224972244689070e+03 7.796598142614548124e+02 2.283740000000000000e+19 8.297017961740493774e-02 -6.360713392496109009e-02
5.977114490676274272e+02 1.188710545991719528e+03 7.776246432728580658e+02 2.283940000000000000e+19 -1.013448014855384827e-01 -1.599742099642753601e-02
5.963254505265964553e+02 1.189835687411740082e+03 7.769677073980431032e+02 2.284140000000000000e+19 -3.452463075518608093e-02 1.018961742520332336e-01
5.949366050505647081e+02 1.190958211243543474e+03 7.763123078801266956e+02 2.284340000000000000e+19 -1.216581277549266815e-02 -4.903168883174657822e-03
5.935449193297208694e+02 1.192078112079839684e+03 7.756584478762185881e+02 2.284540000000000000e+19 1.042673736810684204e-01 1.637737266719341278e-02
5.921503999903799240e+02 1.193195384588382922e+03 7.750061304995737146e+02 2.284740000000000000e+19 1.353403087705373764e-02 1.635572873055934906e-03
5.907530537160159838e+02 1.194310023414375792e+03 7.743553588765764744e+02 2.284940000000000000e+19 5.792186409235000610e-02 6.932770833373069763e-03
5.893528872134502308e+02 1.195422023207938537e+03 7.737061361306989511e+02 2.285140000000000000e+19 6.491301953792572021e-02 2.400265075266361237e-03
5.880669652106909098e+02 1.196439067230315914e+03 7.731123587774378620e+02 2.285340000000000000e+19 -2.405127137899398804e-02 -6.049762666225433350e-02
5.977114490676274272e+02 1.188710545991719528e+03 7.776246432728580658e+02 2.285540000000000000e+19 1.454456895589828491e-01 1.134829446673393250e-01
5.963254505265964553e+02 1.189835687411740082e+03 7.769677073980431032e+02 2.285740000000000000e+19 -8.605057746171951294e-02 -1.427510287612676620e-02
5.949366050505647081e+02 1.190958211243543474e+03 7.763123078801266956e+02 2.285940000000000000e+19 -1.447563339024782181e-02 -6.170541793107986450e-02
5.935449193297208694e+02 1.192078112079839684e+03 7.756584478762185881e+02 2.286140000000000000e+19 1.050304844975471497e-01 7.556975632905960083e-02
5.921503999903799240e+02 1.193195384588382922e+03 7.750061304995737146e+02 2.286340000000000000e+19 8.137712627649307251e-02 4.835526924580335617e-03
5.907530537160159838e+02 1.194310023414375792e+03 7.743553588765764744e+02 2.286540000000000000e+19 8.355064317584037781e-03 -7.797745615243911743e-02
5.893528872134502308e+02 1.195422023207938537e+03 7.737061361306989511e+02 2.286740000000000000e+19 -4.278014414012432098e-03 6.012243404984474182e-02
5.880669652106909098e+02 1.196439067230315914e+03 7.731123587774378620e+02 2.286940000000000000e+19 -5.139679834246635437e-02 1.254790648818016052e-02
5.837241529792488564e+02 1.199843525941481630e+03 7.711247958720317683e+02 2.287140000000000000e+19 4.713889956474304199e-02 5.205283686518669128e-02
5.823099860343011187e+02 1.200942251066375775e+03 7.704833639294791965e+02 2.287340000000000000e+19 3.286338225007057190e-02 -5.253102630376815796e-02
5.808930392676893462e+02 1.202038305418954451e+03 7.698434993942446454e+02 2.287540000000000000e+19 4.074442014098167419e-02 -1.096043363213539124e-02
5.794733194260237497e+02 1.203131683780528874e+03 7.692052053129369824e+02 2.287740000000000000e+19 -3.657081723213195801e-02 -3.849028050899505615e-02
5.780508333432624113e+02 1.204222380888006910e+03 7.685684847580478163e+02 2.287940000000000000e+19 -1.962185464799404144e-02 -1.901842840015888214e-02
5.766255877874624503e+02 1.205310391551969360e+03 7.679333407590119123e+02 2.288140000000000000e+19 7.081547752022743225e-03 -6.181860715150833130e-02
5.751975896191656830e+02 1.206395710535209673e+03 7.672997763731375471e+02 2.288340000000000000e+19 5.211404338479042053e-02 -1.030954644083976746e-01
5.738862138831250377e+02 1.207388251689759272e+03 7.667203790547962399e+02 2.288540000000000000e+19 -3.847372950986027718e-03 -5.174672696739435196e-03
5.837241529792488564e+02 1.199843525941481630e+03 7.711247958720317683e+02 2.288740000000000000e+19 6.130250543355941772e-02 7.201180607080459595e-02
5.823099860343011187e+02 1.200942251066375775e+03 7.704833639294791965e+02 2.288940000000000000e+19 8.079728484153747559e-02 -3.621257469058036804e-02
5.808930392676893462e+02 1.202038305418954451e+03 7.698434993942446454e+02 2.289140000000000000e+19 1.035021170973777771e-01 -7.822339423000812531e-03
5.794733194260237497e+02 1.203131683780528874e+03 7.692052053129369824e+02 2.289340000000000000e+19 8.728057146072387695e-02 -1.655028760433197021e-02
5.780508333432624113e+02 1.204222380888006910e+03 7.685684847580478163e+02 2.289540000000000000e+19 -2.870750427246093750e-02 -6.408310681581497192e-02
5.766255877874624503e+02 1.205310391551969360e+03 7.679333407590119123e+02 2.289740000000000000e+19 5.711048468947410583e-02 -6.894218921661376953e-02
5.751975896191656830e+02 1.206395710535209673e+03 7.672997763731375471e+02 2.289940000000000000e+19 -3.221200034022331238e-02 9.696589782834053040e-03
5.738862138831250377e+02 1.207388251689759272e+03 7.667203790547962399e+02 2.290140000000000000e+19 1.783936657011508942e-02 3.542622551321983337e-02
5.694582074546922286e+02 1.210709966159121905e+03 7.647813753806902923e+02 2.290340000000000000e+19 7.605394348502159119e-03 -5.789120681583881378e-03
5.680165488872554533e+02 1.211781749169767409e+03 7.641557543413327949e+02 2.290540000000000000e+19 5.770366266369819641e-02 -2.643555775284767151e-02
5.665721788981584268e+02 1.212850809537210807e+03 7.635317309891272544e+02 2.290740000000000000e+19 -3.176638484001159668e-02 -5.317388847470283508e-02
5.651251043745900233e+02 1.213917142163793869e+03 7.629093082996336079e+02 2.290940000000000000e+19 4.472901672124862671e-02 2.182449027895927429e-02
5.636753322519093672e+02 1.214980741938860319e+03 7.622884892559596892e+02 2.291140000000000000e+19 -1.021717581897974014e-02 -3.603655844926834106e-02
5.622228694936263764e+02 1.216041603753811842e+03 7.616692768399673241e+02 2.291340000000000000e+19 7.077287882566452026e-03 3.088410478085279465e-03
5.607677230104056889e+02 1.217099722561232284e+03 7.610516739977704219e+02 2.291540000000000000e+19 -6.141647323966026306e-02 5.789388343691825867e-02
5.594315213341581057e+02 1.218067285698218257e+03 7.604869340832466378e+02 2.291740000000000000e+19 1.875981688499450684e-02 4.559432342648506165e-02
5.694582074546922286e+02 1.210709966159121905e+03 7.647813753806902923e+02 2.291940000000000000e+19 5.609492957592010498e-02 2.632413757964968681e-03
5.680165488872554533e+02 1.211781749169767409e+03 7.641557543413327949e+02 2.292140000000000000e+19 -3.894374147057533264e-02 -4.443420842289924622e-02
5.665721788981584268e+02 1.212850809537210807e+03 7.635317309891272544e+02 2.292340000000000000e+19 2.644857577979564667e-02 6.325923651456832886e-02
5.651251043745900233e+02 1.213917142163793869e+03 7.629093082996336079e+02 2.292540000000000000e+19 3.938098996877670288e-02 1.609226502478122711e-02
5.636753322519093672e+02 1.214980741938860319e+03 7.622884892559596892e+02 2.292740000000000000e+19 1.421450227499008179e-01 8.463682024739682674e-04
5.622228694936263764e+02 1.216041603753811842e+03 7.616692768399673241e+02 2.292940000000000000e+19 -1.324561834335327148e-01 3.819199278950691223e-02
5.607677230104056889e+02 1.217099722561232284e+03 7.610516739977704219e+02 2.293140000000000000e+19 9.697934985160827637e-02 -4.801115766167640686e-02
5.594315213341581057e+02 1.218067285698218257e+03 7.604869340832466378e+02 2.293340000000000000e+19 6.445515900850296021e-02 9.220468811690807343e-03
