# Baseline: 11-16
# u [m], v [m], w [m], frequency [GHz], real, imag
-3.964933788145921426e+03 6.824344757595476949e+03 -3.119812067442317584e+03 2.267940000000000000e+19 2.005169093608856201e-01 -1.489592064172029495e-02
-3.981256049388089195e+03 6.816851930404158338e+03 -3.115403453682623422e+03 2.268140000000000000e+19 -2.725870311260223389e-01 -1.006541866809129715e-02
-3.997559253200736293e+03 6.809328296225370650e+03 -3.110976827691890321e+03 2.268340000000000000e+19 -2.133205346763134003e-02 -1.108271107077598572e-01
-4.013843321674744857e+03 6.801773891013097455e+03 -3.106532210624140134e+03 2.268540000000000000e+19 -8.728011697530746460e-02 3.682785108685493469e-02
-4.026044370996587077e+03 6.796088874888171631e+03 -3.103187514979046682e+03 2.268740000000000000e+19 9.180489927530288696e-02 3.259237390011548996e-03
-4.046353740972683227e+03 6.786572912247080239e+03 -3.097589088425802402e+03 2.268940000000000000e+19 -3.026300854980945587e-02 -1.415982395410537720e-01
-4.062579935871216094e+03 6.778926411601013569e+03 -3.093090626188721217e+03 2.269140000000000000e+19 1.503973007202148438e-01 2.076288461685180664e-01
-4.082836115982391220e+03 6.769326461432154247e+03 -3.087443095435972282e+03 2.269340000000000000e+19 2.002383619546890259e-01 1.825459301471710205e-02
-3.964933788145921426e+03 6.824344757595476949e+03 -3.119812067442317584e+03 2.269540000000000000e+19 3.624993860721588135e-01 -1.395952850580215454e-01
-3.981256049388089195e+03 6.816851930404158338e+03 -3.115403453682623422e+03 2.269740000000000000e+19 -1.476725637912750244e-01 1.994183063507080078e-01
-3.997559253200736293e+03 6.809328296225370650e+03 -3.110976827691890321e+03 2.269940000000000000e+19 -1.075830087065696716e-01 -6.813843548297882080e-02
-4.013843321674744857e+03 6.801773891013097455e+03 -3.106532210624140134e+03 2.270140000000000000e+19 -1.123103648424148560e-01 -4.051942005753517151e-02
-4.026044370996587077e+03 6.796088874888171631e+03 -3.103187514979046682e+03 2.270340000000000000e+19 4.818896576762199402e-02 1.837939210236072540e-02
-4.046353740972683227e+03 6.786572912247080239e+03 -3.097589088425802402e+03 2.270540000000000000e+19 -1.367815863341093063e-02 -7.389856129884719849e-02
-4.062579935871216094e+03 6.778926411601013569e+03 -3.093090626188721217e+03 2.270740000000000000e+19 -1.088217087090015411e-02 6.242245901376008987e-03
-4.082836115982391220e+03 6.769326461432154247e+03 -3.087443095435972282e+03 2.270940000000000000e+19 1.541596185415983200e-02 4.178395494818687439e-02
-4.127289475328567278e+03 6.748034521721587225e+03 -3.074917938996376506e+03 2.271140000000000000e+19 -4.196916706860065460e-04 -9.954260289669036865e-02
-4.143417662997769185e+03 6.740235262254102963e+03 -3.070330166364639808e+03 2.271340000000000000e+19 -7.803984731435775757e-02 1.118645723909139633e-02
-4.159526017063581094e+03 6.732405562522663786e+03 -3.065724597244209690e+03 2.271540000000000000e+19 1.159166265279054642e-02 3.074121661484241486e-02
-4.175614460660310215e+03 6.724545459889435733e+03 -3.061101253612211167e+03 2.271740000000000000e+19 -7.170587778091430664e-02 8.165853470563888550e-02
-4.191682916736926927e+03 6.716654991998261721e+03 -3.056460157610935767e+03 2.271940000000000000e+19 5.108609050512313843e-02 3.744396567344665527e-02
-4.207731308393997097e+03 6.708734196610776053e+03 -3.051801331451441456e+03 2.272140000000000000e+19 -1.021061465144157410e-02 5.640787258744239807e-02
-4.223759558772538185e+03 6.700783111661848125e+03 -3.047124797446158482e+03 2.272340000000000000e+19 7.735869847238063812e-03 -1.116800680756568909e-01
-4.238434621022808642e+03 6.693468425698028113e+03 -3.042822662719903747e+03 2.272540000000000000e+19 3.480111807584762573e-02 1.254271902143955231e-02
-4.127289475328567278e+03 6.748034521721587225e+03 -3.074917938996376506e+03 2.272740000000000000e+19 -6.338255852460861206e-02 1.847406267188489437e-03
-4.143417662997769185e+03 6.740235262254102963e+03 -3.070330166364639808e+03 2.272940000000000000e+19 7.971458137035369873e-02 1.753329336643218994e-01
-4.159526017063581094e+03 6.732405562522663786e+03 -3.065724597244209690e+03 2.273140000000000000e+19 2.337568253278732300e-02 5.424330756068229675e-02
-4.175614460660310215e+03 6.724545459889435733e+03 -3.061101253612211167e+03 2.273340000000000000e+19 -5.271364469081163406e-03 -1.004203632473945618e-01
-4.191682916736926927e+03 6.716654991998261721e+03 -3.056460157610935767e+03 2.273540000000000000e+19 3.894281014800071716e-02 -1.515735238790512085e-01
-4.207731308393997097e+03 6.708734196610776053e+03 -3.051801331451441456e+03 2.273740000000000000e+19 -2.781699970364570618e-02 -4.674713686108589172e-02
-4.223759558772538185e+03 6.700783111661848125e+03 -3.047124797446158482e+03 2.273940000000000000e+19 -5.894714593887329102e-02 -2.407692372798919678e-02
-4.238434621022808642e+03 6.693468425698028113e+03 -3.042822662719903747e+03 2.274140000000000000e+19 4.254115745425224304e-02 -4.476775601506233215e-02
-4.287669615707401135e+03 6.668676639013428030e+03 -3.028242031588342797e+03 2.274340000000000000e+19 6.862069945782423019e-03 1.068281680345535278e-01
-4.303596011253387587e+03 6.660574679817547803e+03 -3.023477295691268409e+03 2.274540000000000000e+19 9.478734433650970459e-02 1.773716649040579796e-03
-4.319501806960070098e+03 6.652442661426918676e+03 -3.018694987434067571e+03 2.274740000000000000e+19 -2.381017431616783142e-02 3.968439996242523193e-02
-4.335386926429530831e+03 6.644280622900889284e+03 -3.013895129786944381e+03 2.274940000000000000e+19 -8.276574313640594482e-02 2.760660089552402496e-02
-4.351251293971456107e+03 6.636088603129845069e+03 -3.009077745620240421e+03 2.275140000000000000e+19 1.908121407032012939e-01 6.740179657936096191e-02
-4.367094833166096578e+03 6.627866641575748872e+03 -3.004242858139914915e+03 2.275340000000000000e+19 -2.671394497156143188e-02 -7.367496937513351440e-02
-4.382917468577152249e+03 6.619614777386898822e+03 -2.999390490366978611e+03 2.275540000000000000e+19 4.315565899014472961e-02 -4.344465583562850952e-02
-4.397403390698455041e+03 6.612024713511665141e+03 -2.994927372516270680e+03 2.275740000000000000e+19 1.612355373799800873e-02 -5.992167443037033081e-02
-4.287669615707401135e+03 6.668676639013428030e+03 -3.028242031588342797e+03 2.275940000000000000e+19 1.686929911375045776e-02 -7.496244460344314575e-02
-4.303596011253387587e+03 6.660574679817547803e+03 -3.023477295691268409e+03 2.276140000000000000e+19 7.805690914392471313e-02 -2.808106876909732819e-02
-4.319501806960070098e+03 6.652442661426918676e+03 -3.018694987434067571e+03 2.276340000000000000e+19 1.289589330554008484e-02 -2.037684246897697449e-02
-4.335386926429530831e+03 6.644280622900889284e+03 -3.013895129786944381e+03 2.276540000000000000e+19 1.575165987014770508e-02 8.199006319046020508e-02
-4.351251293971456107e+03 6.636088603129845069e+03 -3.009077745620240421e+03 2.276740000000000000e+19 3.061825595796108246e-02 4.490206018090248108e-02
-4.367094833166096578e+03 6.627866641575748872e+03 -3.004242858139914915e+03 2.276940000000000000e+19 -6.630916148424148560e-02 6.962877232581377029e-03
-4.382917468577152249e+03 6.619614777386898822e+03 -2.999390490366978611e+03 2.277140000000000000e+19 -4.066293686628341675e-02 -1.567385531961917877e-02
-4.397403390698455041e+03 6.612024713511665141e+03 -2.994927372516270680e+03 2.277340000000000000e+19 -9.839470684528350830e-02 -5.258575826883316040e-02
-4.445997458331714370e+03 6.586309086825429404e+03 -2.979806682382828058e+03 2.277540000000000000e+19 -6.684747338294982910e-02 -1.238962635397911072e-02
-4.461714440497424221e+03 6.577908304944935480e+03 -2.974867263300517607e+03 2.277740000000000000e+19 1.275985036045312881e-02 5.321095883846282959e-02
-4.477410065780953119e+03 6.569477859662843912e+03 -2.969910504595328348e+03 2.277940000000000000e+19 -9.569608606398105621e-03 3.470939025282859802e-02
-4.493084259449857200e+03 6.561017791119516914e+03 -2.964936429868192135e+03 2.278140000000000000e+19 -3.250699490308761597e-02 5.645381659269332886e-02
-4.508736946054912551e+03 6.552528140038426500e+03 -2.959945063062395548e+03 2.278340000000000000e+19 1.432327926158905029e-02 -3.313092887401580811e-02
-4.524368051122662109e+03 6.544008946812316935e+03 -2.954936427926294982e+03 2.278540000000000000e+19 1.048659626394510269e-02 -2.690904214978218079e-02
-4.539977499411271310e+03 6.535460252449221116e+03 -2.949910548569519960e+03 2.278740000000000000e+19 -6.746375001966953278e-03 -8.689910173416137695e-02
-4.554267349673260469e+03 6.527598442629534475e+03 -2.945288583270575600e+03 2.278940000000000000e+19 2.250053361058235168e-02 -1.329539157450199127e-02
-4.445997458331714370e+03 6.586309086825429404e+03 -2.979806682382828058e+03 2.279140000000000000e+19 -8.762436918914318085e-03 6.510009057819843292e-03
-4.461714440497424221e+03 6.577908304944935480e+03 -2.974867263300517607e+03 2.279340000000000000e+19 -5.238142982125282288e-02 -3.661829978227615356e-02
-4.477410065780953119e+03 6.569477859662843912e+03 -2.969910504595328348e+03 2.279540000000000000e+19 5.384904891252517700e-02 -1.138539984822273254e-01
-4.493084259449857200e+03 6.561017791119516914e+03 -2.964936429868192135e+03 2.279740000000000000e+19 3.934304416179656982e-02 -1.476765722036361694e-01
-4.508736946054912551e+03 6.552528140038426500e+03 -2.959945063062395548e+03 2.279940000000000000e+19 -7.549571990966796875e-02 1.122837662696838379e-01
-4.524368051122662109e+03 6.544008946812316935e+03 -2.954936427926294982e+03 2.280140000000000000e+19 2.895347028970718384e-02 6.832104176282882690e-02
-4.539977499411271310e+03 6.535460252449221116e+03 -2.949910548569519960e+03 2.280340000000000000e+19 -5.341704562306404114e-02 -4.835302010178565979e-02
-4.554267349673260469e+03 6.527598442629534475e+03 -2.945288583270575600e+03 2.280540000000000000e+19 1.435183733701705933e-02 1.759563758969306946e-02
-4.599611749926586526e+03 6.502417699590105258e+03 -2.930485362710318441e+03 2.280740000000000000e+19 -2.164700441062450409e-02 -1.290520131587982178e-01
-4.615115473775670580e+03 6.493726995015126704e+03 -2.925376476454524891e+03 2.280940000000000000e+19 -1.148165836930274963e-01 3.591547310352325439e-01
-4.630597106824145158e+03 6.485007029790350316e+03 -2.920250487356785925e+03 2.281140000000000000e+19 -4.113936796784400940e-02 -4.470373392105102539e-01
-4.646056574711704343e+03 6.476257845799486859e+03 -2.915107420038266355e+03 2.281340000000000000e+19 -1.171431913971900940e-01 9.147415310144424438e-02
-4.661493803884419322e+03 6.467479484670389866e+03 -2.909947298969260828e+03 2.281540000000000000e+19 -6.009069085121154785e-02 -2.223452627658843994e-01
-4.676908720087246365e+03 6.458671988627746941e+03 -2.904770148970440005e+03 2.281740000000000000e+19 2.372901737689971924e-01 3.850618377327919006e-02
-4.692301249763645501e+03 6.449835399699774825e+03 -2.899575994746511242e+03 2.281940000000000000e+19 2.331052720546722412e-01 -2.311432547867298126e-02
-4.706391626427623123e+03 6.441710041459809872e+03 -2.894799986132480626e+03 2.282140000000000000e+19 -2.263342142105102539e-01 2.132454961538314819e-01
-4.599611749926586526e+03 6.502417699590105258e+03 -2.930485362710318441e+03 2.282340000000000000e+19 3.172262758016586304e-02 6.642041355371475220e-02
-4.615115473775670580e+03 6.493726995015126704e+03 -2.925376476454524891e+03 2.282540000000000000e+19 -1.843380928039550781e-01 1.703287512063980103e-01
-4.630597106824145158e+03 6.485007029790350316e+03 -2.920250487356785925e+03 2.282740000000000000e+19 -1.368589997291564941e-01 1.174450144171714783e-01
-4.646056574711704343e+03 6.476257845799486859e+03 -2.915107420038266355e+03 2.282940000000000000e+19 8.182177692651748657e-02 6.156010553240776062e-02
-4.661493803884419322e+03 6.467479484670389866e+03 -2.909947298969260828e+03 2.283140000000000000e+19 -1.151789799332618713e-01 6.517826765775680542e-02
-4.676908720087246365e+03 6.458671988627746941e+03 -2.904770148970440005e+03 2.283340000000000000e+19 -5.457338411360979080e-03 1.130774840712547302e-01
-4.692301249763645501e+03 6.449835399699774825e+03 -2.899575994746511242e+03 2.283540000000000000e+19 -3.369642421603202820e-02 -1.515070050954818726e-01
-4.706391626427623123e+03 6.441710041459809872e+03 -2.894799986132480626e+03 2.283740000000000000e+19 1.149083580821752548e-02 -1.187158226966857910e-01
-4.753646031044030678e+03 6.414198963285838545e+03 -2.878629834137394027e+03 2.283940000000000000e+19 6.026579067111015320e-02 -8.158753067255020142e-02
-4.768925524846870758e+03 6.405217547300152546e+03 -2.873351033425114110e+03 2.284140000000000000e+19 -8.772444725036621094e-02 1.080874130129814148e-01
-4.784182191967720428e+03 6.396207294122466919e+03 -2.868055378777733495e+03 2.284340000000000000e+19 1.850222237408161163e-02 -6.567008793354034424e-02
-4.799415958913997201e+03 6.387168247155957943e+03 -2.862742895704912826e+03 2.284540000000000000e+19 -2.350901439785957336e-02 -2.896575070917606354e-02
-4.814626753152358106e+03 6.378100449438788928e+03 -2.857413609501326846e+03 2.284740000000000000e+19 1.893945783376693726e-02 1.579285040497779846e-02
-4.829814501781655963e+03 6.369003944429777221e+03 -2.852067545708434864e+03 2.284940000000000000e+19 9.674108028411865234e-02 -6.636938452720642090e-02
-4.844979131905938630e+03 6.359878775789352403e+03 -2.846704729985734048e+03 2.285140000000000000e+19 3.917650878429412842e-02 -2.504785954952239990e-01
-4.858859968166798353e+03 6.351489258728184723e+03 -2.841774333980180472e+03 2.285340000000000000e+19 -7.249201089143753052e-02 -9.908121824264526367e-02
-4.753646031044030678e+03 6.414198963285838545e+03 -2.878629834137394027e+03 2.285540000000000000e+19 -1.062049865722656250e-01 -6.497428566217422485e-02
-4.768925524846870758e+03 6.405217547300152546e+03 -2.873351033425114110e+03 2.285740000000000000e+19 6.239660084247589111e-02 -9.141423553228378296e-02
-4.784182191967720428e+03 6.396207294122466919e+03 -2.868055378777733495e+03 2.285940000000000000e+19 -3.505886718630790710e-02 -4.636802896857261658e-02
-4.799415958913997201e+03 6.387168247155957943e+03 -2.862742895704912826e+03 2.286140000000000000e+19 1.878654025495052338e-02 -4.589500278234481812e-02
-4.814626753152358106e+03 6.378100449438788928e+03 -2.857413609501326846e+03 2.286340000000000000e+19 2.500196918845176697e-02 -2.474661171436309814e-02
-4.829814501781655963e+03 6.369003944429777221e+03 -2.852067545708434864e+03 2.286540000000000000e+19 -5.588057637214660645e-02 -3.576289117336273193e-02
-4.844979131905938630e+03 6.359878775789352403e+03 -2.846704729985734048e+03 2.286740000000000000e+19 1.453717518597841263e-02 -3.234164416790008545e-02
-4.858859968166798353e+03 6.351489258728184723e+03 -2.841774333980180472e+03 2.286940000000000000e+19 -1.432652119547128677e-03 4.867169260978698730e-02
-4.905405019289947631e+03 6.323092339337798876e+03 -2.825086461685399627e+03 2.287140000000000000e+19 -9.942329674959182739e-02 5.714870989322662354e-02
-4.920452971405672542e+03 6.313824509798972031e+03 -2.819640272572727554e+03 2.287340000000000000e+19 7.235360145568847656e-02 -4.319804906845092773e-02
-4.935477371246620351e+03 6.304528280705398174e+03 -2.814177486720225716e+03 2.287540000000000000e+19 -9.204968065023422241e-02 1.817612536251544952e-02
-4.950478147276472555e+03 6.295203696319954361e+03 -2.808698130138322085e+03 2.287740000000000000e+19 4.345701262354850769e-02 -5.614927411079406738e-02
-4.965455227287468006e+03 6.285850801527405565e+03 -2.803202229202441686e+03 2.287940000000000000e+19 -8.033313602209091187e-02 -5.199225619435310364e-03
-4.980408540020395776e+03 6.276469640827900548e+03 -2.797689810061462140e+03 2.288140000000000000e+19 -7.458697655238211155e-05 1.455049067735671997e-01
-4.995338013496429994e+03 6.267060259378616138e+03 -2.792160899250113289e+03 2.288340000000000000e+19 1.866932027041912079e-02 1.966413483023643494e-02
-5.009002666660309842e+03 6.258410598317479526e+03 -2.787078475307263034e+03 2.288540000000000000e+19 -2.383729210123419762e-03 -8.367282152175903320e-02
-4.905405019289947631e+03 6.323092339337798876e+03 -2.825086461685399627e+03 2.288740000000000000e+19 -6.288124620914459229e-02 5.655977874994277954e-02
-4.920452971405672542e+03 6.313824509798972031e+03 -2.819640272572727554e+03 2.288940000000000000e+19 -5.976357683539390564e-02 8.590570837259292603e-02
-4.935477371246620351e+03 6.304528280705398174e+03 -2.814177486720225716e+03 2.289140000000000000e+19 1.327522248029708862e-01 -3.897265717387199402e-02
-4.950478147276472555e+03 6.295203696319954361e+03 -2.808698130138322085e+03 2.289340000000000000e+19 3.558013588190078735e-02 4.037973657250404358e-02
-4.965455227287468006e+03 6.285850801527405565e+03 -2.803202229202441686e+03 2.289540000000000000e+19 2.260236069560050964e-02 4.848143830895423889e-02
-4.980408540020395776e+03 6.276469640827900548e+03 -2.797689810061462140e+03 2.289740000000000000e+19 -5.574527196586132050e-03 2.748167514801025391e-02
-4.995338013496429994e+03 6.267060259378616138e+03 -2.792160899250113289e+03 2.289940000000000000e+19 -6.117179617285728455e-02 2.999538928270339966e-02
-5.009002666660309842e+03 6.258410598317479526e+03 -2.787078475307263034e+03 2.290140000000000000e+19 2.860069833695888519e-02 3.316105902194976807e-02
-5.054816090130422708e+03 6.229141427116650448e+03 -2.769880868738542176e+03 2.290340000000000000e+19 -2.159040048718452454e-02 -4.304411262273788452e-02
-5.069625299033457850e+03 6.219591619354553586e+03 -2.764269897625636531e+03 2.290540000000000000e+19 -9.568734467029571533e-02 8.490627259016036987e-02
-5.084410241817492533e+03 6.210013862982313185e+03 -2.758642594744060716e+03 2.290740000000000000e+19 -1.052604913711547852e-01 -5.595419183373451233e-02
-5.099170847982900341e+03 6.200408203669429895e+03 -2.752998986926440921e+03 2.290940000000000000e+19 -2.065706625580787659e-02 -1.310892216861248016e-02
-5.113907046786151113e+03 6.190774687452551007e+03 -2.747339101220697103e+03 2.291140000000000000e+19 -2.453969232738018036e-02 -2.842493727803230286e-02
-5.128618767447399478e+03 6.181113360603292676e+03 -2.741662964812363498e+03 2.291340000000000000e+19 9.422246366739273071e-02 7.757953554391860962e-02
-5.143305939970446161e+03 6.171424269089329755e+03 -2.735970604707985331e+03 2.291540000000000000e+19 -8.172803558409214020e-03 1.759656332433223724e-02
-5.156747868470735739e+03 6.162518604885740388e+03 -2.730738585942226109e+03 2.291740000000000000e+19 5.274739116430282593e-02 4.759027063846588135e-02
-5.054816090130422708e+03 6.229141427116650448e+03 -2.769880868738542176e+03 2.291940000000000000e+19 4.571514204144477844e-02 6.157355010509490967e-02
-5.069625299033457850e+03 6.219591619354553586e+03 -2.764269897625636531e+03 2.292140000000000000e+19 6.552959792315959930e-03 -7.734603434801101685e-02
-5.084410241817492533e+03 6.210013862982313185e+03 -2.758642594744060716e+03 2.292340000000000000e+19 1.512902695685625076e-02 -1.207047998905181885e-01
-5.099170847982900341e+03 6.200408203669429895e+03 -2.752998986926440921e+03 2.292540000000000000e+19 -7.197776436805725098e-02 5.852513387799263000e-02
-5.113907046786151113e+03 6.190774687452551007e+03 -2.747339101220697103e+03 2.292740000000000000e+19 -5.187973380088806152e-02 3.233014047145843506e-02
-5.128618767447399478e+03 6.181113360603292676e+03 -2.741662964812363498e+03 2.292940000000000000e+19 1.324698142707347870e-02 -4.899753257632255554e-02
-5.143305939970446161e+03 6.171424269089329755e+03 -2.735970604707985331e+03 2.293140000000000000e+19 -2.985820872709155083e-03 -6.991839408874511719e-02
-5.156747868470735739e+03 6.162518604885740388e+03 -2.730738585942226109e+03 2.293340000000000000e+19 2.551291545387357473e-04 8.062934502959251404e-03
