# Baseline: 6-24
# Entries: 128
# u [m], v [m], w [m], frequency [GHz], real, imag
-5.473614715633913619e+01 2.152542699821003680e+03 2.203072944728480138e+02 2.267940000000000000e+19 2.737555205821990967e-01 -2.368462085723876953e-02
-5.855617331093415601e+01 2.152435210453964373e+03 2.203752792882716278e+02 2.268140000000000000e+19 -2.341815382242202759e-01 2.470519021153450012e-02
-6.237591223887643110e+01 2.152320509546767880e+03 2.204474860662633660e+02 2.268340000000000000e+19 2.075094729661941528e-01 -6.789124757051467896e-02
-6.619534568650934148e+01 2.152198597647599854e+03 2.205239144617210343e+02 2.268540000000000000e+19 -2.636966705322265625e-01 1.139699574559926987e-02
-6.905971989229850294e+01 2.152102657168879887e+03 2.205838740712598849e+02 2.268740000000000000e+19 2.490606456995010376e-01 -6.877379864454269409e-02
-7.383322302716467789e+01 2.151933143241201378e+03 2.206894346219686440e+02 2.268940000000000000e+19 -2.183929979801177979e-01 2.096829563379287720e-02
-7.765163028751918262e+01 2.151789602007358098e+03 2.207785255927452965e+02 2.269140000000000000e+19 3.399883806705474854e-01 6.750612705945968628e-02
-8.242412122485001191e+01 2.151600330631641100e+03 2.208956527513693402e+02 2.269340000000000000e+19 -1.417676061391830444e-01 -2.772655896842479706e-02
-5.473614715633913619e+01 2.152542699821003680e+03 2.203072944728480138e+02 2.269540000000000000e+19 1.175132468342781067e-01 5.872966721653938293e-02
-5.855617331093415601e+01 2.152435210453964373e+03 2.203752792882716278e+02 2.269740000000000000e+19 -2.028132975101470947e-01 -3.366790339350700378e-02
-6.237591223887643110e+01 2.152320509546767880e+03 2.204474860662633660e+02 2.269940000000000000e+19 1.258512139320373535e-01 1.538815647363662720e-01
-6.619534568650934148e+01 2.152198597647599854e+03 2.205239144617210343e+02 2.270140000000000000e+19 -8.275893330574035645e-02 4.324149340391159058e-02
-6.905971989229850294e+01 2.152102657168879887e+03 2.205838740712598849e+02 2.270340000000000000e+19 7.072881329804658890e-03 4.657393321394920349e-02
-7.383322302716467789e+01 2.151933143241201378e+03 2.206894346219686440e+02 2.270540000000000000e+19 9.849785827100276947e-03 -3.300274536013603210e-02
-7.765163028751918262e+01 2.151789602007358098e+03 2.207785255927452965e+02 2.270740000000000000e+19 1.754249446094036102e-02 -5.424741655588150024e-03
-8.242412122485001191e+01 2.151600330631641100e+03 2.208956527513693402e+02 2.270940000000000000e+19 -8.232937008142471313e-02 8.118155598640441895e-02
-9.292129078554044952e+01 2.151143359945868269e+03 2.211770852415000377e+02 2.271140000000000000e+19 -5.098298564553260803e-02 -6.966898590326309204e-02
-9.673762241511609261e+01 2.150963784015116289e+03 2.212872717106554035e+02 2.271340000000000000e+19 -2.934476733207702637e-02 -2.647189423441886902e-02
-1.005534840651083925e+02 2.150777003587747004e+03 2.214016757767088279e+02 2.271540000000000000e+19 6.627915054559707642e-02 1.152803003787994385e-01
-1.043688575269739687e+02 2.150583019555122064e+03 2.215202968936890500e+02 2.271740000000000000e+19 -1.847440600395202637e-01 4.051472246646881104e-02
-1.081837245280529913e+02 2.150381832846290308e+03 2.216431344934743493e+02 2.271940000000000000e+19 -1.519341208040714264e-02 1.074328869581222534e-01
-1.119980668113946649e+02 2.150173444424059198e+03 2.217701879881978755e+02 2.272140000000000000e+19 -4.021111503243446350e-02 -8.955191820859909058e-03
-1.158118661092839972e+02 2.149957855286548238e+03 2.219014567693040476e+02 2.272340000000000000e+19 1.771684922277927399e-02 6.980004161596298218e-02
-1.193073636124998416e+02 2.149753998810530447e+03 2.220254353112970023e+02 2.272540000000000000e+19 3.561252355575561523e-02 -9.000038355588912964e-02
-9.292129078554044952e+01 2.151143359945868269e+03 2.211770852415000377e+02 2.272740000000000000e+19 7.719031721353530884e-02 -3.562816604971885681e-02
-9.673762241511609261e+01 2.150963784015116289e+03 2.212872717106554035e+02 2.272940000000000000e+19 -1.104526668787002563e-01 -1.146700978279113770e-01
-1.005534840651083925e+02 2.150777003587747004e+03 2.214016757767088279e+02 2.273140000000000000e+19 -1.373009197413921356e-02 2.283535897731781006e-02
-1.043688575269739687e+02 2.150583019555122064e+03 2.215202968936890500e+02 2.273340000000000000e+19 2.046680822968482971e-02 -7.948230952024459839e-02
-1.081837245280529913e+02 2.150381832846290308e+03 2.216431344934743493e+02 2.273540000000000000e+19 1.047622486948966980e-01 1.112863495945930481e-01
-1.119980668113946649e+02 2.150173444424059198e+03 2.217701879881978755e+02 2.273740000000000000e+19 9.169572591781616211e-02 -3.142942860722541809e-02
-1.158118661092839972e+02 2.149957855286548238e+03 2.219014567693040476e+02 2.273940000000000000e+19 -1.416150853037834167e-02 4.770044237375259399e-02
-1.193073636124998416e+02 2.149753998810530447e+03 2.220254353112970023e+02 2.274140000000000000e+19 4.810906574130058289e-02 5.983979254961013794e-02
-1.310612686628386427e+02 2.149023512723070326e+03 2.224686718980706814e+02 2.274340000000000000e+19 -1.035121269524097443e-02 -5.108364671468734741e-02
-1.348720793640601130e+02 2.148771936171736343e+03 2.226210072860054368e+02 2.274540000000000000e+19 8.251634985208511353e-02 5.731002241373062134e-02
-1.386822376639349272e+02 2.148513165609037060e+03 2.227775538904914185e+02 2.274740000000000000e+19 -2.643954195082187653e-02 3.289919719099998474e-02
-1.424917252616969279e+02 2.148247202277891120e+03 2.229383109595999031e+02 2.274940000000000000e+19 -5.176049098372459412e-02 -5.592990666627883911e-03
-1.463005240057418916e+02 2.147974047445467477e+03 2.231032777274002399e+02 2.275140000000000000e+19 -6.325808167457580566e-02 -8.793175965547561646e-02
-1.501086155487771805e+02 2.147693702427651260e+03 2.232724533991803355e+02 2.275340000000000000e+19 -5.116479843854904175e-02 -1.689821295440196991e-02
-1.539159817591377930e+02 2.147406168559407433e+03 2.234458371693426386e+02 2.275540000000000000e+19 5.499012395739555359e-02 3.060300648212432861e-02
-1.574054243232098429e+02 2.147136373311592251e+03 2.236084147234758746e+02 2.275740000000000000e+19 1.047177463769912720e-01 7.743508368730545044e-02
-1.310612686628386427e+02 2.149023512723070326e+03 2.224686718980706814e+02 2.275940000000000000e+19 2.672851085662841797e-02 -1.918658614158630371e-01
-1.348720793640601130e+02 2.148771936171736343e+03 2.226210072860054368e+02 2.276140000000000000e+19 -4.443839564919471741e-02 3.206736966967582703e-02
-1.386822376639349272e+02 2.148513165609037060e+03 2.227775538904914185e+02 2.276340000000000000e+19 6.608019024133682251e-02 6.077986210584640503e-02
-1.424917252616969279e+02 2.148247202277891120e+03 2.229383109595999031e+02 2.276540000000000000e+19 -1.001557335257530212e-01 3.082788549363613129e-03
-1.463005240057418916e+02 2.147974047445467477e+03 2.231032777274002399e+02 2.276740000000000000e+19 -6.797841936349868774e-02 -2.325902879238128662e-02
-1.501086155487771805e+02 2.147693702427651260e+03 2.232724533991803355e+02 2.276940000000000000e+19 -8.389526605606079102e-02 -1.057352405041456223e-02
-1.539159817591377930e+02 2.147406168559407433e+03 2.234458371693426386e+02 2.277140000000000000e+19 8.170799165964126587e-02 -6.274341046810150146e-02
-1.574054243232098429e+02 2.147136373311592251e+03 2.236084147234758746e+02 2.277340000000000000e+19 -1.597470343112945557e-01 3.226696327328681946e-02
-1.691378286414647789e+02 2.146184172639038479e+03 2.241814363243296953e+02 2.277540000000000000e+19 3.756676614284515381e-02 5.401403456926345825e-02
-1.729412948257922835e+02 2.145860715856202205e+03 2.243758477317878146e+02 2.277740000000000000e+19 2.510261721909046173e-02 -4.698810726404190063e-02
-1.767439263400075617e+02 2.145530079000601745e+03 2.245744619537245228e+02 2.277940000000000000e+19 1.032661460340023041e-02 -6.400468945503234863e-02
-1.805457050784289663e+02 2.145192263646516494e+03 2.247772780444580292e+02 2.278140000000000000e+19 6.523054093122482300e-02 -1.073570828884840012e-02
-1.843466127408182160e+02 2.144847271420072502e+03 2.249842950276931788e+02 2.278340000000000000e+19 1.185480225831270218e-02 1.503345370292663574e-01
-1.881466312429401171e+02 2.144495103962709436e+03 2.251955119184537182e+02 2.278540000000000000e+19 2.307176217436790466e-02 -5.201130360364913940e-02
-1.919457422930287294e+02 2.144135762969629923e+03 2.254109277000114560e+02 2.278740000000000000e+19 -1.570575870573520660e-02 7.847711443901062012e-02
-1.954274601666040496e+02 2.143800158052190454e+03 2.256120264689850217e+02 2.278940000000000000e+19 3.278470784425735474e-02 2.416422590613365173e-02
-1.691378286414647789e+02 2.146184172639038479e+03 2.241814363243296953e+02 2.279140000000000000e+19 -3.919874876737594604e-02 3.648175299167633057e-02
-1.729412948257922835e+02 2.145860715856202205e+03 2.243758477317878146e+02 2.279340000000000000e+19 7.598036527633666992e-02 3.729116637259721756e-03
-1.767439263400075617e+02 2.145530079000601745e+03 2.245744619537245228e+02 2.279540000000000000e+19 8.217590302228927612e-02 1.127461269497871399e-01
-1.805457050784289663e+02 2.145192263646516494e+03 2.247772780444580292e+02 2.279740000000000000e+19 -2.879861928522586823e-02 -4.244804382324218750e-03
-1.843466127408182160e+02 2.144847271420072502e+03 2.249842950276931788e+02 2.279940000000000000e+19 3.918936848640441895e-02 5.497390776872634888e-02
-1.881466312429401171e+02 2.144495103962709436e+03 2.251955119184537182e+02 2.280140000000000000e+19 -6.773028988391160965e-03 7.889770786277949810e-04
-1.919457422930287294e+02 2.144135762969629923e+03 2.254109277000114560e+02 2.280340000000000000e+19 -1.057451497763395309e-02 -3.362201154232025146e-02
-1.954274601666040496e+02 2.143800158052190454e+03 2.256120264689850217e+02 2.280540000000000000e+19 8.721055090427398682e-02 3.000182285904884338e-02
-2.065002679106633821e+02 2.142691865686738765e+03 2.262755674592662558e+02 2.280740000000000000e+19 7.760980725288391113e-02 1.760220853611826897e-03
-2.102947370098014517e+02 2.142297877438139949e+03 2.265112630010816019e+02 2.280940000000000000e+19 -1.072678864002227783e-01 -2.861996926367282867e-02
-2.140881927280672983e+02 2.141896726162865889e+03 2.267511511405813849e+02 2.281140000000000000e+19 3.296750783920288086e-02 2.268347702920436859e-02
-2.178806168449343090e+02 2.141488413787802983e+03 2.269952307254813206e+02 2.281340000000000000e+19 -1.602519601583480835e-01 -1.437027007341384888e-01
-2.216719913165422327e+02 2.141072942255728776e+03 2.272435005944267346e+02 2.281540000000000000e+19 1.465526819229125977e-01 -7.439121603965759277e-02
-2.254622979059298586e+02 2.140650313565047327e+03 2.274959595532370429e+02 2.281740000000000000e+19 -7.570628076791763306e-02 -3.379055112600326538e-02
-2.292515185265147863e+02 2.140220529732593604e+03 2.277526063971408803e+02 2.281940000000000000e+19 4.952832683920860291e-02 -1.206347346305847168e-01
-2.327240155101794414e+02 2.139820368431774568e+03 2.279914906056438326e+02 2.282140000000000000e+19 -4.073516465723514557e-03 -2.313822507858276367e-01
-2.065002679106633821e+02 2.142691865686738765e+03 2.262755674592662558e+02 2.282340000000000000e+19 6.689149886369705200e-02 -7.208952307701110840e-02
-2.102947370098014517e+02 2.142297877438139949e+03 2.265112630010816019e+02 2.282540000000000000e+19 -1.706792972981929779e-02 4.462077468633651733e-02
-2.140881927280672983e+02 2.141896726162865889e+03 2.267511511405813849e+02 2.282740000000000000e+19 -1.264718547463417053e-02 -4.810661822557449341e-02
-2.178806168449343090e+02 2.141488413787802983e+03 2.269952307254813206e+02 2.282940000000000000e+19 -4.445955157279968262e-02 -2.561745932325720787e-03
-2.216719913165422327e+02 2.141072942255728776e+03 2.272435005944267346e+02 2.283140000000000000e+19 -5.092826485633850098e-02 -2.333257906138896942e-02
-2.254622979059298586e+02 2.140650313565047327e+03 2.274959595532370429e+02 2.283340000000000000e+19 4.319299012422561646e-02 2.579913660883903503e-02
-2.292515185265147863e+02 2.140220529732593604e+03 2.277526063971408803e+02 2.283540000000000000e+19 -1.889962889254093170e-02 -7.033427804708480835e-02
-2.327240155101794414e+02 2.139820368431774568e+03 2.279914906056438326e+02 2.283740000000000000e+19 5.191331729292869568e-02 -2.151958271861076355e-02
-2.443971785975682849e+02 2.138429884648133793e+03 2.288210477503433822e+02 2.283940000000000000e+19 -2.895647892728447914e-03 7.385595142841339111e-02
-2.481806973624477735e+02 2.137964356656085329e+03 2.290986151879497470e+02 2.284140000000000000e+19 -8.076371997594833374e-02 -1.843013241887092590e-02
-2.519630214869548297e+02 2.137491686369941362e+03 2.293803628446436846e+02 2.284340000000000000e+19 -3.611068800091743469e-02 -6.450450047850608826e-03
-2.557441327513238889e+02 2.137011876066601417e+03 2.296662893632101259e+02 2.284540000000000000e+19 -1.027005761861801147e-01 2.409365400671958923e-02
-2.595240131523422065e+02 2.136524928030618867e+03 2.299563933822379340e+02 2.284740000000000000e+19 -1.043449155986309052e-02 1.521684881299734116e-02
-2.633026445741503494e+02 2.136030844595681174e+03 2.302506735114012599e+02 2.284940000000000000e+19 -1.363677233457565308e-01 1.731613092124462128e-02
-2.670800088805838755e+02 2.135529628133278493e+03 2.305491283382118581e+02 2.285140000000000000e+19 -6.999967992305755615e-02 2.616791427135467529e-02
-2.705414808761730683e+02 2.135064006340970536e+03 2.308263249538525486e+02 2.285340000000000000e+19 -8.085204660892486572e-02 5.122445989400148392e-03
-2.443971785975682849e+02 2.138429884648133793e+03 2.288210477503433822e+02 2.285540000000000000e+19 -3.487255424261093140e-02 3.607358410954475403e-02
-2.481806973624477735e+02 2.137964356656085329e+03 2.290986151879497470e+02 2.285740000000000000e+19 5.039589107036590576e-02 1.625112444162368774e-02
-2.519630214869548297e+02 2.137491686369941362e+03 2.293803628446436846e+02 2.285940000000000000e+19 7.333061099052429199e-02 -3.691506758332252502e-02
-2.557441327513238889e+02 2.137011876066601417e+03 2.296662893632101259e+02 2.286140000000000000e+19 4.752468783408403397e-03 1.546558341942727566e-03
-2.595240131523422065e+02 2.136524928030618867e+03 2.299563933822379340e+02 2.286340000000000000e+19 2.240442484617233276e-02 9.645646810531616211e-02
-2.633026445741503494e+02 2.136030844595681174e+03 2.302506735114012599e+02 2.286540000000000000e+19 6.370358914136886597e-02 4.558218270540237427e-02
-2.670800088805838755e+02 2.135529628133278493e+03 2.305491283382118581e+02 2.286740000000000000e+19 1.289508342742919922e-01 4.128796607255935669e-02
-2.705414808761730683e+02 2.135064006340970536e+03 2.308263249538525486e+02 2.286940000000000000e+19 -6.559196114540100098e-02 -5.418945103883743286e-02
-2.821764339304314717e+02 2.133453480438625775e+03 2.317846657890424922e+02 2.287140000000000000e+19 -7.627716287970542908e-03 -4.375283140689134598e-03
-2.859471918460584448e+02 2.132916635472586677e+03 2.321039722969921115e+02 2.287340000000000000e+19 -5.206415802240371704e-02 -1.337550729513168335e-01
-2.897165742755987594e+02 2.132372672383456575e+03 2.324274446327896726e+02 2.287540000000000000e+19 4.548025876283645630e-02 -3.210262581706047058e-02
-2.934845632716930481e+02 2.131821593761287659e+03 2.327550812562296016e+02 2.287740000000000000e+19 1.734478026628494263e-01 -6.144669279456138611e-02
-2.972511406967510652e+02 2.131263402258738097e+03 2.330868805902004510e+02 2.287940000000000000e+19 -5.888675153255462646e-02 2.487946301698684692e-02
-3.010162886298027161e+02 2.130698100531637920e+03 2.334228410560290286e+02 2.288140000000000000e+19 -5.719262361526489258e-02 -3.152432665228843689e-02
-3.047799889470235257e+02 2.130125691301163442e+03 2.337629610364938912e+02 2.288340000000000000e+19 1.366610825061798096e-02 1.097374334931373596e-01
-3.082287794615183998e+02 2.129594831842080112e+03 2.340783374051690657e+02 2.288540000000000000e+19 -5.360297486186027527e-02 -4.413860663771629333e-02
-2.821764339304314717e+02 2.133453480438625775e+03 2.317846657890424922e+02 2.288740000000000000e+19 -1.117183566093444824e-01 -1.212156005203723907e-02
-2.859471918460584448e+02 2.132916635472586677e+03 2.321039722969921115e+02 2.288940000000000000e+19 -7.501497864723205566e-02 4.371933266520500183e-02
-2.897165742755987594e+02 2.132372672383456575e+03 2.324274446327896726e+02 2.289140000000000000e+19 -7.812535762786865234e-02 -3.527608886361122131e-02
-2.934845632716930481e+02 2.131821593761287659e+03 2.327550812562296016e+02 2.289340000000000000e+19 1.935472339391708374e-02 -6.117710098624229431e-02
-2.972511406967510652e+02 2.131263402258738097e+03 2.330868805902004510e+02 2.289540000000000000e+19 7.917428016662597656e-02 -1.181923970580101013e-01
-3.010162886298027161e+02 2.130698100531637920e+03 2.334228410560290286e+02 2.289740000000000000e+19 -1.496956776827573776e-02 1.950983703136444092e-02
-3.047799889470235257e+02 2.130125691301163442e+03 2.337629610364938912e+02 2.289940000000000000e+19 -9.426078200340270996e-02 1.180670112371444702e-01
-3.082287794615183998e+02 2.129594831842080112e+03 2.340783374051690657e+02 2.290140000000000000e+19 1.420452538877725601e-02 9.579580277204513550e-02
-3.198199545645588273e+02 2.127765034546145216e+03 2.351650033093804097e+02 2.290340000000000000e+19 -1.868953928351402283e-02 -1.075916662812232971e-01
-3.235761470516093823e+02 2.127157129526063272e+03 2.355258960750416861e+02 2.290540000000000000e+19 -4.400572925806045532e-02 -1.275352481752634048e-02
-3.273307839836314770e+02 2.126542133945255046e+03 2.358909382927054992e+02 2.290740000000000000e+19 -2.029957473278045654e-01 2.839283831417560577e-02
-3.310838474572937002e+02 2.125920050736131088e+03 2.362601282217741527e+02 2.290940000000000000e+19 -2.957724034786224365e-03 -1.167093440890312195e-01
-3.348353194852592196e+02 2.125290882880045046e+03 2.366334640928834290e+02 2.291140000000000000e+19 -1.631059497594833374e-02 6.584669649600982666e-02
-3.385851820486656720e+02 2.124654633399077284e+03 2.370109441127818002e+02 2.291340000000000000e+19 2.289813384413719177e-02 2.993548288941383362e-02
-3.423334173061643355e+02 2.124011305320498650e+03 2.373925664854139939e+02 2.291540000000000000e+19 2.059803344309329987e-02 1.826369576156139374e-02
-3.457678753203988435e+02 2.123415462342465617e+03 2.377459716206516021e+02 2.291740000000000000e+19 -4.377099499106407166e-02 -3.183146938681602478e-02
-3.198199545645588273e+02 2.127765034546145216e+03 2.351650033093804097e+02 2.291940000000000000e+19 6.173809990286827087e-02 -1.026539653539657593e-01
-3.235761470516093823e+02 2.127157129526063272e+03 2.355258960750416861e+02 2.292140000000000000e+19 -9.657342731952667236e-02 -7.114834338426589966e-02
-3.273307839836314770e+02 2.126542133945255046e+03 2.358909382927054992e+02 2.292340000000000000e+19 -2.372512966394424438e-02 6.348080188035964966e-02
-3.310838474572937002e+02 2.125920050736131088e+03 2.362601282217741527e+02 2.292540000000000000e+19 2.612826600670814514e-02 -4.508827626705169678e-02
-3.348353194852592196e+02 2.125290882880045046e+03 2.366334640928834290e+02 2.292740000000000000e+19 -4.077638313174247742e-02 1.178513616323471069e-01
-3.385851820486656720e+02 2.124654633399077284e+03 2.370109441127818002e+02 2.292940000000000000e+19 -1.314458716660737991e-02 6.082979962229728699e-02
-3.423334173061643355e+02 2.124011305320498650e+03 2.373925664854139939e+02 2.293140000000000000e+19 6.724940985441207886e-02 -7.096213102340698242e-02
-3.457678753203988435e+02 2.123415462342465617e+03 2.377459716206516021e+02 2.293340000000000000e+19 -2.702239667996764183e-03 -2.469428582116961479e-03
