# Baseline: 6-12
# u [m], v [m], w [m], frequency [GHz], real, imag
1.060339460212252561e+03 4.142312099956038196e+02 1.111408803697665689e+03 2.267940000000000000e+19 -9.462220966815948486e-02 -1.649870276451110840e-01
1.060783395625455569e+03 4.162306187564045103e+02 1.110237566797897443e+03 2.268140000000000000e+19 3.034781217575073242e-01 -1.216862499713897705e-01
1.061222260788601034e+03 4.182308637300479290e+02 1.109065847001287239e+03 2.268340000000000000e+19 1.721612215042114258e-01 -1.239372715353965759e-01
1.061656053604496947e+03 4.202319353578096752e+02 1.107893649907221516e+03 2.268540000000000000e+19 -5.830192193388938904e-02 1.609334051609039307e-01
1.061978226867309104e+03 4.217332505222676673e+02 1.107014206830741614e+03 2.268740000000000000e+19 -1.295257546007633209e-02 1.971178203821182251e-01
1.062508413914478524e+03 4.242365202653995766e+02 1.105547846268268813e+03 2.268940000000000000e+19 9.936630725860595703e-02 1.299108862876892090e-01
1.062926977320646984e+03 4.262400143384616626e+02 1.104374250974309007e+03 2.269140000000000000e+19 -2.157418280839920044e-01 4.963979125022888184e-02
1.063443242806478338e+03 4.287454580055569977e+02 1.102906635991392932e+03 2.269340000000000000e+19 2.920160293579101562e-01 1.639654338359832764e-01
1.060339460212252561e+03 4.142312099956038196e+02 1.111408803697665689e+03 2.269540000000000000e+19 -2.248654663562774658e-01 -2.748064696788787842e-01
1.060783395625455569e+03 4.162306187564045103e+02 1.110237566797897443e+03 2.269740000000000000e+19 -8.528976142406463623e-02 4.538616631180047989e-03
1.061222260788601034e+03 4.182308637300479290e+02 1.109065847001287239e+03 2.269940000000000000e+19 -2.071182057261466980e-02 -1.057543829083442688e-01
1.061656053604496947e+03 4.202319353578096752e+02 1.107893649907221516e+03 2.270140000000000000e+19 1.032746136188507080e-01 -3.478382155299186707e-02
1.061978226867309104e+03 4.217332505222676673e+02 1.107014206830741614e+03 2.270340000000000000e+19 8.630183339118957520e-02 -8.019229769706726074e-02
1.062508413914478524e+03 4.242365202653995766e+02 1.105547846268268813e+03 2.270540000000000000e+19 -8.036613464355468750e-02 1.082385182380676270e-01
1.062926977320646984e+03 4.262400143384616626e+02 1.104374250974309007e+03 2.270740000000000000e+19 -3.148824907839298248e-03 -4.017340764403343201e-02
1.063443242806478338e+03 4.287454580055569977e+02 1.102906635991392932e+03 2.270940000000000000e+19 -4.994327574968338013e-02 5.987947434186935425e-02
1.064550406225967436e+03 4.342617779505207523e+02 1.099675377540924273e+03 2.271140000000000000e+19 -2.295244336128234863e-01 -7.273036986589431763e-03
1.064943547559186072e+03 4.362691176889345570e+02 1.098499564231748082e+03 2.271340000000000000e+19 -5.149131640791893005e-02 1.020352467894554138e-01
1.065331598730557062e+03 4.382771977271356150e+02 1.097323324208955455e+03 2.271540000000000000e+19 6.285154819488525391e-02 -5.811801552772521973e-02
1.065714557888436048e+03 4.402860084829447374e+02 1.096146663085342198e+03 2.271740000000000000e+19 -9.690788388252258301e-02 2.755915001034736633e-02
1.066092423198764436e+03 4.422955403357203750e+02 1.094969586496198417e+03 2.271940000000000000e+19 3.174706175923347473e-02 -2.865078113973140717e-02
1.066465192853168446e+03 4.443057836683697133e+02 1.093792100074703512e+03 2.272140000000000000e+19 4.474148154258728027e-02 -9.199924021959304810e-02
1.066832865066447084e+03 4.463167288533819601e+02 1.092614209460105940e+03 2.272340000000000000e+19 -1.792413927614688873e-02 -1.430954188108444214e-01
1.067165483409507488e+03 4.481606949323604567e+02 1.091534131134417748e+03 2.272540000000000000e+19 9.424833580851554871e-03 7.303518801927566528e-02
1.064550406225967436e+03 4.342617779505207523e+02 1.099675377540924273e+03 2.272740000000000000e+19 1.675362884998321533e-02 -4.005639627575874329e-02
1.064943547559186072e+03 4.362691176889345570e+02 1.098499564231748082e+03 2.272940000000000000e+19 -8.842837065458297729e-03 -2.327314577996730804e-02
1.065331598730557062e+03 4.382771977271356150e+02 1.097323324208955455e+03 2.273140000000000000e+19 8.378129452466964722e-03 -3.841987997293472290e-02
1.065714557888436048e+03 4.402860084829447374e+02 1.096146663085342198e+03 2.273340000000000000e+19 -1.189600676298141479e-01 -8.515258878469467163e-02
1.066092423198764436e+03 4.422955403357203750e+02 1.094969586496198417e+03 2.273540000000000000e+19 1.003498509526252747e-01 8.641393482685089111e-02
1.066465192853168446e+03 4.443057836683697133e+02 1.093792100074703512e+03 2.273740000000000000e+19 1.106443107128143311e-01 -8.122177422046661377e-02
1.066832865066447084e+03 4.463167288533819601e+02 1.092614209460105940e+03 2.273940000000000000e+19 1.266393214464187622e-01 -3.302768245339393616e-02
1.067165483409507488e+03 4.481606949323604567e+02 1.091534131134417748e+03 2.274140000000000000e+19 -1.782360486686229706e-02 -5.992512032389640808e-02
1.068252544702987279e+03 4.543673357025843416e+02 1.087898717774985926e+03 2.274340000000000000e+19 2.406585216522216797e-02 2.372637949883937836e-02
1.068594703810453211e+03 4.563816457539623457e+02 1.086718890772358236e+03 2.274540000000000000e+19 -2.797648683190345764e-02 6.042845919728279114e-02
1.068931755290425144e+03 4.583965998938289772e+02 1.085538693410725728e+03 2.274740000000000000e+19 -1.123626008629798889e-01 -1.641320437192916870e-02
1.069263697524000463e+03 4.604121884440502868e+02 1.084358131358756282e+03 2.274940000000000000e+19 -8.115468174219131470e-02 -3.824307397007942200e-02
1.069590528929459424e+03 4.624284018006761130e+02 1.083177210241634839e+03 2.275140000000000000e+19 8.121988736093044281e-03 -5.024378001689910889e-02
1.069912247932484661e+03 4.644452302514289954e+02 1.081995935747960402e+03 2.275340000000000000e+19 8.629037439823150635e-02 -5.629132315516471863e-02
1.070228853001362268e+03 4.664626641934540885e+02 1.080814313502211235e+03 2.275540000000000000e+19 -1.043632999062538147e-01 -4.060875158756971359e-03
1.070514645710562945e+03 4.683124947960450868e+02 1.079730863424471863e+03 2.275740000000000000e+19 2.782720886170864105e-02 -1.122300792485475540e-02
1.068252544702987279e+03 4.543673357025843416e+02 1.087898717774985926e+03 2.275940000000000000e+19 5.267988890409469604e-02 1.602790690958499908e-02
1.068594703810453211e+03 4.563816457539623457e+02 1.086718890772358236e+03 2.276140000000000000e+19 3.680143738165497780e-03 -1.074740588665008545e-01
1.068931755290425144e+03 4.583965998938289772e+02 1.085538693410725728e+03 2.276340000000000000e+19 -6.215318292379379272e-02 4.395321756601333618e-02
1.069263697524000463e+03 4.604121884440502868e+02 1.084358131358756282e+03 2.276540000000000000e+19 4.290406778454780579e-02 6.182210892438888550e-02
1.069590528929459424e+03 4.624284018006761130e+02 1.083177210241634839e+03 2.276740000000000000e+19 -1.639981865882873535e-01 -1.767158880829811096e-02
1.069912247932484661e+03 4.644452302514289954e+02 1.081995935747960402e+03 2.276940000000000000e+19 -2.605140954256057739e-02 -2.942807786166667938e-02
1.070228853001362268e+03 4.664626641934540885e+02 1.080814313502211235e+03 2.277140000000000000e+19 -5.748305842280387878e-02 4.749710857868194580e-02
1.070514645710562945e+03 4.683124947960450868e+02 1.079730863424471863e+03 2.277340000000000000e+19 -3.804970905184745789e-02 6.892938166856765747e-02
1.071444103976706629e+03 4.745382615930472525e+02 1.076084460203831668e+03 2.277540000000000000e+19 6.433919072151184082e-02 1.127962321043014526e-01
1.071735117126718478e+03 4.765585780482070959e+02 1.074901184091081404e+03 2.277740000000000000e+19 -8.105295710265636444e-03 -1.098217219114303589e-01
1.072021007613651818e+03 4.785794419881540875e+02 1.073717594200474423e+03 2.277940000000000000e+19 2.207420952618122101e-02 1.195077039301395416e-02
1.072301774076284801e+03 4.806008437908315045e+02 1.072533696167504104e+03 2.278140000000000000e+19 -3.705754643306136131e-03 -9.956764429807662964e-02
1.072577415163135811e+03 4.826227737260141453e+02 1.071349495690985123e+03 2.278340000000000000e+19 -3.483133390545845032e-02 -1.026937924325466156e-02
1.072847929562750096e+03 4.846452221736117281e+02 1.070164998405193046e+03 2.278540000000000000e+19 -2.995114959776401520e-02 4.162733629345893860e-02
1.073113315972990677e+03 4.866681793983622697e+02 1.068980210011826102e+03 2.278740000000000000e+19 7.291396707296371460e-02 7.678957283496856689e-02
1.073352146293237865e+03 4.885229893519440338e+02 1.067893906629594312e+03 2.278940000000000000e+19 1.120093390345573425e-01 -3.041817434132099152e-02
1.071444103976706629e+03 4.745382615930472525e+02 1.076084460203831668e+03 2.279140000000000000e+19 -6.990646570920944214e-02 -5.348284170031547546e-02
1.071735117126718478e+03 4.765585780482070959e+02 1.074901184091081404e+03 2.279340000000000000e+19 -3.590940684080123901e-02 -7.272621989250183105e-02
1.072021007613651818e+03 4.785794419881540875e+02 1.073717594200474423e+03 2.279540000000000000e+19 -1.678257435560226440e-02 -7.401731610298156738e-02
1.072301774076284801e+03 4.806008437908315045e+02 1.072533696167504104e+03 2.279740000000000000e+19 -1.217889832332730293e-03 -3.735439106822013855e-02
1.072577415163135811e+03 4.826227737260141453e+02 1.071349495690985123e+03 2.279940000000000000e+19 4.368285648524761200e-03 3.819930925965309143e-02
1.072847929562750096e+03 4.846452221736117281e+02 1.070164998405193046e+03 2.280140000000000000e+19 8.402115106582641602e-02 3.058264032006263733e-02
1.073113315972990677e+03 4.866681793983622697e+02 1.068980210011826102e+03 2.280340000000000000e+19 1.027880162000656128e-01 5.503031983971595764e-02
1.073352146293237865e+03 4.885229893519440338e+02 1.067893906629594312e+03 2.280540000000000000e+19 -4.418413713574409485e-02 9.233908727765083313e-03
1.074083102898162224e+03 4.944273879002835770e+02 1.064435926355895162e+03 2.280740000000000000e+19 -3.680213987827301025e-01 -3.621761128306388855e-02
1.074323686585231599e+03 4.964526678494360681e+02 1.063249810807166796e+03 2.280940000000000000e+19 1.088231131434440613e-01 5.298592522740364075e-02
1.074559135224953252e+03 4.984784001036269956e+02 1.062063437224500603e+03 2.281140000000000000e+19 -2.312756180763244629e-01 1.674184203147888184e-02
1.074789447686503536e+03 5.005045749329489126e+02 1.060876811306232185e+03 2.281340000000000000e+19 1.555053330957889557e-02 9.421932697296142578e-02
1.075014622874145516e+03 5.025311826971101254e+02 1.059689938698182232e+03 2.281540000000000000e+19 -1.334451884031295776e-01 1.002688854932785034e-01
1.075234659704719434e+03 5.045582136478906250e+02 1.058502825109343803e+03 2.281740000000000000e+19 2.869940400123596191e-01 2.882891893386840820e-01
1.075449557128352126e+03 5.065856581126834612e+02 1.057315476204397100e+03 2.281940000000000000e+19 -2.318994402885437012e-01 2.392697632312774658e-01
1.075642096183259355e+03 5.084444987971097589e+02 1.056226874045410568e+03 2.282140000000000000e+19 2.024458944797515869e-01 1.358311176300048828e-01
1.074083102898162224e+03 4.944273879002835770e+02 1.064435926355895162e+03 2.282340000000000000e+19 -1.104335337877273560e-01 -1.809264868497848511e-01
1.074323686585231599e+03 4.964526678494360681e+02 1.063249810807166796e+03 2.282540000000000000e+19 1.920208632946014404e-01 -1.281967610120773315e-01
1.074559135224953252e+03 4.984784001036269956e+02 1.062063437224500603e+03 2.282740000000000000e+19 -4.374634847044944763e-02 5.757223814725875854e-03
1.074789447686503536e+03 5.005045749329489126e+02 1.060876811306232185e+03 2.282940000000000000e+19 -6.117817759513854980e-02 -1.150365695357322693e-01
1.075014622874145516e+03 5.025311826971101254e+02 1.059689938698182232e+03 2.283140000000000000e+19 -8.376001566648483276e-02 -7.240588217973709106e-02
1.075234659704719434e+03 5.045582136478906250e+02 1.058502825109343803e+03 2.283340000000000000e+19 1.004885807633399963e-01 1.749933809041976929e-01
1.075449557128352126e+03 5.065856581126834612e+02 1.057315476204397100e+03 2.283540000000000000e+19 1.376599818468093872e-02 6.979438941925764084e-03
1.075642096183259355e+03 5.084444987971097589e+02 1.056226874045410568e+03 2.283740000000000000e+19 -1.243458362296223640e-03 1.715116668492555618e-03
1.076257732546666375e+03 5.146993769633683087e+02 1.052563841123844895e+03 2.283940000000000000e+19 -1.342086941003799438e-01 -3.681973367929458618e-02
1.076446917995332342e+03 5.167287433614835663e+02 1.051375400928114914e+03 2.284140000000000000e+19 1.014674548059701920e-02 -1.514381319284439087e-01
1.076630958238081803e+03 5.187584650569206133e+02 1.050186759509693502e+03 2.284340000000000000e+19 5.767310038208961487e-02 -2.618932537734508514e-02
1.076809852388386162e+03 5.207885322723391255e+02 1.048997922594365946e+03 2.284540000000000000e+19 5.728379264473915100e-02 -3.280391171574592590e-02
1.076983599594475436e+03 5.228189353418619021e+02 1.047808895842608081e+03 2.284740000000000000e+19 -2.940106205642223358e-02 -8.947536349296569824e-02
1.077152199023555568e+03 5.248496645343742557e+02 1.046619684953069282e+03 2.284940000000000000e+19 8.423721790313720703e-02 6.960562430322170258e-03
1.077315649866446847e+03 5.268807101030437252e+02 1.045430295633568903e+03 2.285140000000000000e+19 -1.505956947803497314e-01 6.383828818798065186e-02
1.077461021817114670e+03 5.287427677311053458e+02 1.044339872326591603e+03 2.285340000000000000e+19 5.691064149141311646e-02 -6.177538633346557617e-02
1.076257732546666375e+03 5.146993769633683087e+02 1.052563841123844895e+03 2.285540000000000000e+19 8.680636435747146606e-02 5.368426814675331116e-02
1.076446917995332342e+03 5.167287433614835663e+02 1.051375400928114914e+03 2.285740000000000000e+19 5.044792219996452332e-02 1.386755704879760742e-01
1.076630958238081803e+03 5.187584650569206133e+02 1.050186759509693502e+03 2.285940000000000000e+19 8.224800229072570801e-02 -5.262670665979385376e-02
1.076809852388386162e+03 5.207885322723391255e+02 1.048997922594365946e+03 2.286140000000000000e+19 2.368455007672309875e-02 7.523249834775924683e-02
1.076983599594475436e+03 5.228189353418619021e+02 1.047808895842608081e+03 2.286340000000000000e+19 -3.650399297475814819e-02 -8.465266972780227661e-02
1.077152199023555568e+03 5.248496645343742557e+02 1.046619684953069282e+03 2.286540000000000000e+19 -4.705550894141197205e-02 8.029707521200180054e-02
1.077315649866446847e+03 5.268807101030437252e+02 1.045430295633568903e+03 2.286740000000000000e+19 1.634020474739372730e-03 -1.677585579454898834e-02
1.077461021817114670e+03 5.287427677311053458e+02 1.044339872326591603e+03 2.286940000000000000e+19 3.075491636991500854e-02 -2.797409147024154663e-02
1.077917952121185408e+03 5.350078619498838179e+02 1.040671067773610503e+03 2.287140000000000000e+19 4.071108531206846237e-03 5.754377320408821106e-02
1.078055648802805081e+03 5.370403436901294754e+02 1.039480871631585615e+03 2.287340000000000000e+19 -3.225814178586006165e-02 -4.453646764159202576e-02
1.078188192575013545e+03 5.390730834651112673e+02 1.038290531224093684e+03 2.287540000000000000e+19 -1.703792996704578400e-02 -8.191859722137451172e-02
1.078315582806764951e+03 5.411060715962263430e+02 1.037100052218771452e+03 2.287740000000000000e+19 2.581949159502983093e-02 -3.193571791052818298e-02
1.078437818884845910e+03 5.431392982974817869e+02 1.035909440346107203e+03 2.287940000000000000e+19 -5.464141815900802612e-02 -7.897303253412246704e-02
1.078554900227703911e+03 5.451727538949961627e+02 1.034718701270888459e+03 2.288140000000000000e+19 -7.442052010446786880e-03 -6.391628831624984741e-02
1.078666826271781474e+03 5.472064286005662552e+02 1.033527840724851558e+03 2.288340000000000000e+19 -3.279192373156547546e-02 -1.227010414004325867e-01
1.078764961551011083e+03 5.490708120810780883e+02 1.032436118093876303e+03 2.288540000000000000e+19 4.679766669869422913e-02 -3.414073213934898376e-02
1.077917952121185408e+03 5.350078619498838179e+02 1.040671067773610503e+03 2.288740000000000000e+19 5.548588931560516357e-02 -2.240187302231788635e-02
1.078055648802805081e+03 5.370403436901294754e+02 1.039480871631585615e+03 2.288940000000000000e+19 2.997109852731227875e-02 -1.992097645998001099e-01
1.078188192575013545e+03 5.390730834651112673e+02 1.038290531224093684e+03 2.289140000000000000e+19 6.348307430744171143e-02 2.640181221067905426e-02
1.078315582806764951e+03 5.411060715962263430e+02 1.037100052218771452e+03 2.289340000000000000e+19 -3.119898773729801178e-02 -4.210450127720832825e-02
1.078437818884845910e+03 5.431392982974817869e+02 1.035909440346107203e+03 2.289540000000000000e+19 1.008287817239761353e-01 -1.037637665867805481e-01
1.078554900227703911e+03 5.451727538949961627e+02 1.034718701270888459e+03 2.289740000000000000e+19 3.940039873123168945e-02 3.486720472574234009e-02
1.078666826271781474e+03 5.472064286005662552e+02 1.033527840724851558e+03 2.289940000000000000e+19 -1.759546995162963867e-02 -1.011124774813652039e-01
1.078764961551011083e+03 5.490708120810780883e+02 1.032436118093876303e+03 2.290140000000000000e+19 8.688823878765106201e-02 -2.039817627519369125e-05
1.079062967136859697e+03 5.553431241832042815e+02 1.028763297620315143e+03 2.290340000000000000e+19 -7.689486443996429443e-02 5.304594337940216064e-02
1.079149109154677035e+03 5.573777485760610944e+02 1.027571915126779913e+03 2.290540000000000000e+19 -2.665728703141212463e-02 -2.774094603955745697e-02
1.079230093031138722e+03 5.594125336812226124e+02 1.026380445356772725e+03 2.290740000000000000e+19 2.179030887782573700e-02 5.561567842960357666e-02
1.079305918380030562e+03 5.614474697961780976e+02 1.025188893991603663e+03 2.290940000000000000e+19 4.446359351277351379e-02 3.932961076498031616e-02
1.079376584837870723e+03 5.634825471680835562e+02 1.023997266742022475e+03 2.291140000000000000e+19 5.760106723755598068e-04 4.172074422240257263e-02
1.079442092065308543e+03 5.655177560221512749e+02 1.022805569331595507e+03 2.291340000000000000e+19 1.022090911865234375e-01 3.332083299756050110e-02
1.079502439750729309e+03 5.675530866751109897e+02 1.021613807430268366e+03 2.291540000000000000e+19 -4.370246082544326782e-02 7.465387135744094849e-02
1.079553291387922400e+03 5.694189034806178142e+02 1.020521308110324753e+03 2.291740000000000000e+19 1.091871336102485657e-01 -1.214767713099718094e-02
1.079062967136859697e+03 5.553431241832042815e+02 1.028763297620315143e+03 2.291940000000000000e+19 -4.652750212699174881e-03 3.385290130972862244e-02
1.079149109154677035e+03 5.573777485760610944e+02 1.027571915126779913e+03 2.292140000000000000e+19 7.323446869850158691e-02 1.371248625218868256e-03
1.079230093031138722e+03 5.594125336812226124e+02 1.026380445356772725e+03 2.292340000000000000e+19 -1.125828325748443604e-01 -6.102424114942550659e-02
1.079305918380030562e+03 5.614474697961780976e+02 1.025188893991603663e+03 2.292540000000000000e+19 -6.226704642176628113e-02 -9.571854025125503540e-03
1.079376584837870723e+03 5.634825471680835562e+02 1.023997266742022475e+03 2.292740000000000000e+19 -1.063100919127464294e-01 -3.570294752717018127e-02
1.079442092065308543e+03 5.655177560221512749e+02 1.022805569331595507e+03 2.292940000000000000e+19 -8.392339199781417847e-02 5.437830090522766113e-02
1.079502439750729309e+03 5.675530866751109897e+02 1.021613807430268366e+03 2.293140000000000000e+19 -1.061860471963882446e-01 7.361097633838653564e-02
1.079553291387922400e+03 5.694189034806178142e+02 1.020521308110324753e+03 2.293340000000000000e+19 1.317574363201856613e-02 -4.146418534219264984e-03
