# Baseline: 4-18
# u [m], v [m], w [m], frequency [GHz], real, imag
9.114802325242962979e+02 7.400678595101103383e+03 1.841034266923949417e+03 2.267940000000000000e+19 6.036199629306793213e-02 -1.233663409948348999e-02
8.995416634881930804e+02 7.402383470630617012e+03 1.840051848085354550e+03 2.268140000000000000e+19 -9.729339182376861572e-02 -2.219922468066215515e-02
8.875988186256976178e+02 7.404065806323402285e+03 1.839082631929809622e+03 2.268340000000000000e+19 5.479996651411056519e-02 9.697556495666503906e-03
8.756517550089711222e+02 7.405725594140131761e+03 1.838126623088845236e+03 2.268540000000000000e+19 -1.532984673976898193e-01 -6.115213036537170410e-02
8.666888517116371986e+02 7.406956338247632630e+03 1.837417873525233972e+03 2.268740000000000000e+19 1.195941716432571411e-01 3.528991714119911194e-02
8.517452002345345363e+02 7.408977494478844164e+03 1.836254245588888807e+03 2.268940000000000000e+19 -3.194402754306793213e-01 5.806197598576545715e-02
8.397858237372328176e+02 7.410569591404781931e+03 1.835337885909704482e+03 2.269140000000000000e+19 7.587084919214248657e-02 1.647880822420120239e-01
8.248311573088020623e+02 7.412528875049957605e+03 1.834210498813101140e+03 2.269340000000000000e+19 -1.285161972045898438e-01 -4.924198612570762634e-02
9.114802325242962979e+02 7.400678595101103383e+03 1.841034266923949417e+03 2.269540000000000000e+19 -8.786200731992721558e-02 2.249596873298287392e-03
8.995416634881930804e+02 7.402383470630617012e+03 1.840051848085354550e+03 2.269740000000000000e+19 -1.105864197015762329e-01 6.096318736672401428e-02
8.875988186256976178e+02 7.404065806323402285e+03 1.839082631929809622e+03 2.269940000000000000e+19 1.123848855495452881e-01 5.764994397759437561e-02
8.756517550089711222e+02 7.405725594140131761e+03 1.838126623088845236e+03 2.270140000000000000e+19 -2.645620144903659821e-02 1.212953217327594757e-02
8.666888517116371986e+02 7.406956338247632630e+03 1.837417873525233972e+03 2.270340000000000000e+19 3.340640291571617126e-02 -2.329911664128303528e-02
8.517452002345345363e+02 7.408977494478844164e+03 1.836254245588888807e+03 2.270540000000000000e+19 2.429614774882793427e-02 -2.638306282460689545e-02
8.397858237372328176e+02 7.410569591404781931e+03 1.835337885909704482e+03 2.270740000000000000e+19 8.504838496446609497e-02 6.358411908149719238e-02
8.248311573088020623e+02 7.412528875049957605e+03 1.834210498813101140e+03 2.270940000000000000e+19 2.165857702493667603e-02 1.130421310663223267e-01
7.919089909556917064e+02 7.416712114531726002e+03 1.831804742450022331e+03 2.271140000000000000e+19 7.543577253818511963e-02 -3.958307951688766479e-02
7.799302375112843038e+02 7.418191242417163267e+03 1.830954551538807209e+03 2.271340000000000000e+19 -4.956130310893058777e-02 3.219884634017944336e-02
7.679477807530169002e+02 7.419647754805030672e+03 1.830117606852754307e+03 2.271540000000000000e+19 -6.680587306618690491e-03 -1.090763658285140991e-01
7.559616778588826946e+02 7.421081644745391714e+03 1.829293912385417116e+03 2.271740000000000000e+19 1.382369175553321838e-02 -7.662914693355560303e-02
7.439719862329749276e+02 7.422492905371076631e+03 1.828483472081592481e+03 2.271940000000000000e+19 2.133541181683540344e-02 1.448537036776542664e-02
7.319787632547941030e+02 7.423881529928105010e+03 1.827686289819838976e+03 2.272140000000000000e+19 7.126458454877138138e-03 6.317031383514404297e-02
7.199820663625728230e+02 7.425247511766355274e+03 1.826902369417822001e+03 2.272340000000000000e+19 2.810338512063026428e-03 3.601479157805442810e-02
7.089821342062266467e+02 7.426480053648268040e+03 1.826195260154346897e+03 2.272540000000000000e+19 -3.629802027717232704e-03 2.911616861820220947e-02
7.919089909556917064e+02 7.416712114531726002e+03 1.831804742450022331e+03 2.272740000000000000e+19 -4.650416667573153973e-04 3.989052399992942810e-02
7.799302375112843038e+02 7.418191242417163267e+03 1.830954551538807209e+03 2.272940000000000000e+19 1.271190345287322998e-01 5.575085524469614029e-03
7.679477807530169002e+02 7.419647754805030672e+03 1.830117606852754307e+03 2.273140000000000000e+19 5.069588497281074524e-02 -6.933455169200897217e-02
7.559616778588826946e+02 7.421081644745391714e+03 1.829293912385417116e+03 2.273340000000000000e+19 4.232109338045120239e-02 1.182963922619819641e-01
7.439719862329749276e+02 7.422492905371076631e+03 1.828483472081592481e+03 2.273540000000000000e+19 -9.639679454267024994e-03 4.162554070353507996e-02
7.319787632547941030e+02 7.423881529928105010e+03 1.827686289819838976e+03 2.273740000000000000e+19 1.191540807485580444e-01 -1.905576735734939575e-01
7.199820663625728230e+02 7.425247511766355274e+03 1.826902369417822001e+03 2.273940000000000000e+19 1.103814393281936646e-01 5.031766742467880249e-02
7.089821342062266467e+02 7.426480053648268040e+03 1.826195260154346897e+03 2.274140000000000000e+19 5.557567253708839417e-02 4.927244409918785095e-02
6.719616874888452003e+02 7.430484882887631102e+03 1.823899380444084272e+03 2.274340000000000000e+19 -1.059815511107444763e-01 -1.178646385669708252e-01
6.599484823778277587e+02 7.431737555261649504e+03 1.823181824333505801e+03 2.274540000000000000e+19 -1.201428174972534180e-01 2.169775962829589844e-02
6.479321479034589402e+02 7.432967547337988435e+03 1.822477551629363688e+03 2.274740000000000000e+19 1.317326426506042480e-01 2.259184978902339935e-02
6.359127417820162691e+02 7.434174853208814056e+03 1.821786565714348853e+03 2.274940000000000000e+19 -3.077905252575874329e-02 -1.435282826423645020e-01
6.238903212839919661e+02 7.435359467121187663e+03 1.821108869881060855e+03 2.275140000000000000e+19 5.433314479887485504e-03 -3.148926480207592249e-04
6.118649443224222750e+02 7.436521383368952229e+03 1.820444467393847162e+03 2.275340000000000000e+19 3.503065183758735657e-02 -4.453890770673751831e-02
5.998366681544649737e+02 7.437660596420259026e+03 1.819793361415876007e+03 2.275540000000000000e+19 -3.584327176213264465e-02 -6.467008590698242188e-02
5.888082863249009051e+02 7.438685215424146918e+03 1.819208028196453597e+03 2.275740000000000000e+19 8.354379236698150635e-02 7.413081079721450806e-02
6.719616874888452003e+02 7.430484882887631102e+03 1.823899380444084272e+03 2.275940000000000000e+19 -2.457683533430099487e-02 -1.260382682085037231e-01
6.599484823778277587e+02 7.431737555261649504e+03 1.823181824333505801e+03 2.276140000000000000e+19 -4.404239729046821594e-02 4.401711747050285339e-02
6.479321479034589402e+02 7.432967547337988435e+03 1.822477551629363688e+03 2.276340000000000000e+19 5.930550862103700638e-03 -2.182026021182537079e-02
6.359127417820162691e+02 7.434174853208814056e+03 1.821786565714348853e+03 2.276540000000000000e+19 5.147911235690116882e-02 9.184577502310276031e-03
6.238903212839919661e+02 7.435359467121187663e+03 1.821108869881060855e+03 2.276740000000000000e+19 6.295887380838394165e-02 -7.544168084859848022e-02
6.118649443224222750e+02 7.436521383368952229e+03 1.820444467393847162e+03 2.276940000000000000e+19 -2.279665134847164154e-02 1.943235401995480061e-03
5.998366681544649737e+02 7.437660596420259026e+03 1.819793361415876007e+03 2.277140000000000000e+19 5.166300386190414429e-02 5.599744245409965515e-02
5.888082863249009051e+02 7.438685215424146918e+03 1.819208028196453597e+03 2.277340000000000000e+19 -1.172424387186765671e-02 -6.629116833209991455e-02
5.516957237421383979e+02 7.441990309171397712e+03 1.817321964007308225e+03 2.277540000000000000e+19 -8.419452607631683350e-02 -7.330010086297988892e-02
5.396538156494992791e+02 7.443015926598239275e+03 1.816737386063072790e+03 2.277740000000000000e+19 6.502680480480194092e-02 -2.994375070556998253e-03
5.276093541435684529e+02 7.444018809729061104e+03 1.816166122379493800e+03 2.277940000000000000e+19 5.810698494315147400e-02 5.934291519224643707e-03
5.155623965723173114e+02 7.444998953788773179e+03 1.815608175676532937e+03 2.278140000000000000e+19 -5.692537873983383179e-02 1.520568281412124634e-01
5.035130009249839418e+02 7.445956354059401747e+03 1.815063548639858709e+03 2.278340000000000000e+19 -1.115837469696998596e-01 -8.499640971422195435e-02
4.914612245310725598e+02 7.446891005985795346e+03 1.814532243860690414e+03 2.278540000000000000e+19 7.584161311388015747e-02 6.228507496416568756e-03
4.794071254030149021e+02 7.447802905068931068e+03 1.814014263896470993e+03 2.278740000000000000e+19 4.822079837322235107e-02 -6.036853045225143433e-02
4.683555711498133860e+02 7.448619110901847307e+03 1.813550986807407298e+03 2.278940000000000000e+19 -1.088537573814392090e-01 -3.566952422261238098e-02
5.516957237421383979e+02 7.441990309171397712e+03 1.817321964007308225e+03 2.279140000000000000e+19 -2.394952438771724701e-02 1.683060824871063232e-02
5.396538156494992791e+02 7.443015926598239275e+03 1.816737386063072790e+03 2.279340000000000000e+19 3.358573839068412781e-02 3.902266547083854675e-02
5.276093541435684529e+02 7.444018809729061104e+03 1.816166122379493800e+03 2.279540000000000000e+19 5.327310413122177124e-02 6.569598615169525146e-02
5.155623965723173114e+02 7.444998953788773179e+03 1.815608175676532937e+03 2.279740000000000000e+19 -4.305867850780487061e-02 1.788753271102905273e-02
5.035130009249839418e+02 7.445956354059401747e+03 1.815063548639858709e+03 2.279940000000000000e+19 1.082054004073143005e-01 -8.250873535871505737e-02
4.914612245310725598e+02 7.446891005985795346e+03 1.814532243860690414e+03 2.280140000000000000e+19 1.078553423285484314e-01 1.052146852016448975e-01
4.794071254030149021e+02 7.447802905068931068e+03 1.814014263896470993e+03 2.280340000000000000e+19 5.381992831826210022e-02 2.329262718558311462e-02
4.683555711498133860e+02 7.448619110901847307e+03 1.813550986807407298e+03 2.280540000000000000e+19 -4.720809683203697205e-02 -2.459586039185523987e-02
4.331792653058886913e+02 7.451087661329068396e+03 1.812152157396965549e+03 2.280740000000000000e+19 -7.457814365625381470e-02 -9.119715541601181030e-02
4.211147521206487454e+02 7.451889528848972986e+03 1.811698614460279941e+03 2.280940000000000000e+19 1.238205358386039734e-01 6.838276237249374390e-02
4.090482526510177763e+02 7.452668619619714264e+03 1.811258409890444000e+03 2.281140000000000000e+19 -5.601398274302482605e-02 -3.158373385667800903e-02
3.969798248542387569e+02 7.453424929899507333e+03 1.810831545801620450e+03 2.281340000000000000e+19 1.010320186614990234e-01 1.392049044370651245e-01
3.849095261503860570e+02 7.454158456090170148e+03 1.810418024224598639e+03 2.281540000000000000e+19 -8.784952014684677124e-02 -6.707426160573959351e-02
3.728374145989845374e+02 7.454869194663147027e+03 1.810017847148551482e+03 2.281740000000000000e+19 1.378874629735946655e-01 8.959981799125671387e-02
3.607635478058318199e+02 7.455557142227359691e+03 1.809631016482770292e+03 2.281940000000000000e+19 -4.133906662464141846e-01 -1.168596968054771423e-01
3.496943650584498755e+02 7.456168026981589719e+03 1.809287977778482627e+03 2.282140000000000000e+19 7.105669379234313965e-02 -2.358511276543140411e-02
4.331792653058886913e+02 7.451087661329068396e+03 1.812152157396965549e+03 2.282340000000000000e+19 -7.604119181632995605e-02 -5.477655678987503052e-02
4.211147521206487454e+02 7.451889528848972986e+03 1.811698614460279941e+03 2.282540000000000000e+19 -8.185289800167083740e-02 1.350567489862442017e-01
4.090482526510177763e+02 7.452668619619714264e+03 1.811258409890444000e+03 2.282740000000000000e+19 5.731610581278800964e-03 -6.485388427972793579e-02
3.969798248542387569e+02 7.453424929899507333e+03 1.810831545801620450e+03 2.282940000000000000e+19 4.540257155895233154e-03 -4.669201001524925232e-02
3.849095261503860570e+02 7.454158456090170148e+03 1.810418024224598639e+03 2.283140000000000000e+19 -5.015140771865844727e-02 -1.852957298979163170e-03
3.728374145989845374e+02 7.454869194663147027e+03 1.810017847148551482e+03 2.283340000000000000e+19 -2.699517272412776947e-02 -1.022378429770469666e-01
3.607635478058318199e+02 7.455557142227359691e+03 1.809631016482770292e+03 2.283540000000000000e+19 -1.311788409948348999e-01 -4.599291714839637280e-04
3.496943650584498755e+02 7.456168026981589719e+03 1.809287977778482627e+03 2.283740000000000000e+19 4.700823500752449036e-02 -1.568803749978542328e-02
3.124516843610927026e+02 7.458080958163108335e+03 1.808217194001832468e+03 2.283940000000000000e+19 6.150553934276103973e-03 7.025468163192272186e-03
3.003699085891174718e+02 7.458654903462180300e+03 1.807897121888441688e+03 2.284140000000000000e+19 1.456366926431655884e-01 9.791684895753860474e-02
2.882867242174178273e+02 7.459206039642677752e+03 1.807590406330136375e+03 2.284340000000000000e+19 8.039084076881408691e-02 3.201363235712051392e-02
2.762021894516914813e+02 7.459734364049746546e+03 1.807297048804349743e+03 2.284540000000000000e+19 1.269784122705459595e-01 1.287613511085510254e-01
2.641163618307080014e+02 7.460239874167868948e+03 1.807017050707817816e+03 2.284740000000000000e+19 -2.261219173669815063e-02 -8.045347034931182861e-02
2.520292992782206625e+02 7.460722567573921879e+03 1.806750413382670331e+03 2.284940000000000000e+19 -5.908850580453872681e-02 5.874506756663322449e-02
2.399410598081208263e+02 7.461182441951314104e+03 1.806497138108544959e+03 2.285140000000000000e+19 9.180633351206779480e-03 -1.658808067440986633e-02
2.288592025912024610e+02 7.461584236277525633e+03 1.806276538183631601e+03 2.285340000000000000e+19 -2.479753270745277405e-02 -2.329582907259464264e-02
3.124516843610927026e+02 7.458080958163108335e+03 1.808217194001832468e+03 2.285540000000000000e+19 1.963875144720077515e-01 2.035212889313697815e-02
3.003699085891174718e+02 7.458654903462180300e+03 1.807897121888441688e+03 2.285740000000000000e+19 -2.900752983987331390e-02 -3.778061643242835999e-02
2.882867242174178273e+02 7.459206039642677752e+03 1.807590406330136375e+03 2.285940000000000000e+19 -1.019252985715866089e-01 7.261254359036684036e-03
2.762021894516914813e+02 7.459734364049746546e+03 1.807297048804349743e+03 2.286140000000000000e+19 -2.299121581017971039e-02 1.657318789511919022e-03
2.641163618307080014e+02 7.460239874167868948e+03 1.807017050707817816e+03 2.286340000000000000e+19 -5.986474920064210892e-03 -9.522517025470733643e-02
2.520292992782206625e+02 7.460722567573921879e+03 1.806750413382670331e+03 2.286540000000000000e+19 6.711599230766296387e-02 -1.595010794699192047e-02
2.399410598081208263e+02 7.461182441951314104e+03 1.806497138108544959e+03 2.286740000000000000e+19 -1.320173889398574829e-01 7.396707683801651001e-02
2.288592025912024610e+02 7.461584236277525633e+03 1.806276538183631601e+03 2.286940000000000000e+19 -2.133097127079963684e-02 1.058197114616632462e-02
1.915774884636957722e+02 7.462793706853741242e+03 1.805617680772401627e+03 2.287140000000000000e+19 -4.362673684954643250e-02 -2.405802905559539795e-02
1.794842315597612981e+02 7.463139455289103353e+03 1.805431232639158679e+03 2.287340000000000000e+19 1.129352450370788574e-01 -1.807688549160957336e-02
1.673901449198537819e+02 7.463462373131080312e+03 1.805258152868908610e+03 2.287540000000000000e+19 -3.753222525119781494e-02 6.094094831496477127e-03
1.552952861282264507e+02 7.463762458842312299e+03 1.805098442285620877e+03 2.287740000000000000e+19 -1.091210693120956421e-01 -1.380338966846466064e-01
1.431997134046803239e+02 7.464039710978250696e+03 1.804952101658079528e+03 2.287940000000000000e+19 -3.035602904856204987e-02 -3.202378377318382263e-02
1.311034842986817921e+02 7.464294128219805316e+03 1.804819131682515717e+03 2.288140000000000000e+19 -6.897749006748199463e-02 -2.019505202770233154e-02
1.190066570363684804e+02 7.464525709342482514e+03 1.804699532998850600e+03 2.288340000000000000e+19 3.199682757258415222e-02 -4.830944165587425232e-02
1.079174285913992293e+02 7.464718220962956366e+03 1.804601477417978913e+03 2.288540000000000000e+19 -1.319452933967113495e-02 2.002859674394130707e-02
1.915774884636957722e+02 7.462793706853741242e+03 1.805617680772401627e+03 2.288740000000000000e+19 5.932997539639472961e-02 -6.628806889057159424e-02
1.794842315597612981e+02 7.463139455289103353e+03 1.805431232639158679e+03 2.288940000000000000e+19 5.319085717201232910e-02 -7.460767775774002075e-02
1.673901449198537819e+02 7.463462373131080312e+03 1.805258152868908610e+03 2.289140000000000000e+19 -4.813999682664871216e-02 -7.227769587188959122e-03
1.552952861282264507e+02 7.463762458842312299e+03 1.805098442285620877e+03 2.289340000000000000e+19 1.645716428756713867e-01 1.028640642762184143e-01
1.431997134046803239e+02 7.464039710978250696e+03 1.804952101658079528e+03 2.289540000000000000e+19 -8.476097136735916138e-02 -2.686548046767711639e-02
1.311034842986817921e+02 7.464294128219805316e+03 1.804819131682515717e+03 2.289740000000000000e+19 2.897126600146293640e-02 6.510469317436218262e-02
1.190066570363684804e+02 7.464525709342482514e+03 1.804699532998850600e+03 2.289940000000000000e+19 1.731335669755935669e-01 1.252523958683013916e-01
1.079174285913992293e+02 7.464718220962956366e+03 1.804601477417978913e+03 2.290140000000000000e+19 1.017262786626815796e-01 -6.314515322446823120e-02
7.061452223997056876e+01 7.465223652158949335e+03 1.804354861648702581e+03 2.290340000000000000e+19 -1.235149800777435303e-02 -9.734614938497543335e-02
5.851557169981098383e+01 7.465341038267572912e+03 1.804302126719911257e+03 2.290540000000000000e+19 2.855051681399345398e-02 6.340666115283966064e-02
4.641637030567881084e+01 7.465435583250226045e+03 1.804262765555351734e+03 2.290740000000000000e+19 1.057735607028007507e-01 -5.925989151000976562e-02
3.431697575044863413e+01 7.465507286655810276e+03 1.804236778342844218e+03 2.290940000000000000e+19 5.463757738471031189e-02 -6.158975511789321899e-02
2.221744602290618786e+01 7.465556148140324694e+03 1.804224165207109763e+03 2.291140000000000000e+19 1.012566164135932922e-01 -1.096442192792892456e-01
1.011783923891675663e+01 7.465582167469377964e+03 1.804224926208525630e+03 2.291340000000000000e+19 6.671803444623947144e-02 -1.639799177646636963e-01
-1.981787033134802867e+00 7.465585344519417049e+03 1.804239061343298999e+03 2.291540000000000000e+19 -3.918782994151115417e-02 6.978311575949192047e-03
-1.307307801577121786e+01 7.465568481312907352e+03 1.804263597022545127e+03 2.291740000000000000e+19 -7.100114971399307251e-02 2.925781160593032837e-02
7.061452223997056876e+01 7.465223652158949335e+03 1.804354861648702581e+03 2.291940000000000000e+19 -2.089092880487442017e-02 -8.589898049831390381e-02
5.851557169981098383e+01 7.465341038267572912e+03 1.804302126719911257e+03 2.292140000000000000e+19 1.738039590418338776e-02 8.688828349113464355e-02
4.641637030567881084e+01 7.465435583250226045e+03 1.804262765555351734e+03 2.292340000000000000e+19 4.844829067587852478e-02 7.887869328260421753e-02
3.431697575044863413e+01 7.465507286655810276e+03 1.804236778342844218e+03 2.292540000000000000e+19 -5.958037450909614563e-02 1.083185151219367981e-01
2.221744602290618786e+01 7.465556148140324694e+03 1.804224165207109763e+03 2.292740000000000000e+19 1.295562647283077240e-02 5.232371017336845398e-02
1.011783923891675663e+01 7.465582167469377964e+03 1.804224926208525630e+03 2.292940000000000000e+19 -1.170527338981628418e-01 9.185221791267395020e-02
-1.981787033134802867e+00 7.465585344519417049e+03 1.804239061343298999e+03 2.293140000000000000e+19 1.376757919788360596e-01 -8.651129901409149170e-02
-1.307307801577121786e+01 7.465568481312907352e+03 1.804263597022545127e+03 2.293340000000000000e+19 -4.926099907606840134e-03 -2.794448658823966980e-02
