# Baseline: 22-23
# u [m], v [m], w [m], frequency [GHz], real, imag
3.562890199221197690e+03 -1.189429579420530672e+03 3.413827575150713528e+03 2.267940000000000000e+19 1.528527587652206421e-03 8.098126854747533798e-04
3.568900552836756560e+03 -1.182706218296565339e+03 3.409883114438205666e+03 2.268140000000000000e+19 -3.297860501334071159e-03 -3.931477200239896774e-03
3.574893839420574295e+03 -1.175971516811660649e+03 3.405932036533804876e+03 2.268340000000000000e+19 2.292045159265398979e-03 5.548105575144290924e-03
3.580870030332251190e+03 -1.169225507149518307e+03 3.401974360318877643e+03 2.268540000000000000e+19 6.519137532450258732e-04 -5.896612536162137985e-03
3.586829096970981482e+03 -1.162468221594552006e+03 3.398010104733706612e+03 2.268740000000000000e+19 6.105393404141068459e-04 1.861884375102818012e-03
3.592771010818307332e+03 -1.155699692485405421e+03 3.394039288750213018e+03 2.268940000000000000e+19 -2.998793497681617737e-03 -8.265853859484195709e-03
3.598695743313917319e+03 -1.148919952356123076e+03 3.390061931454787100e+03 2.269140000000000000e+19 8.984511718153953552e-03 2.454886911436915398e-03
3.604111850168414094e+03 -1.142695511435004619e+03 3.386410373184609398e+03 2.269340000000000000e+19 -7.655199617147445679e-03 -3.899719798937439919e-03
3.562890199221197690e+03 -1.189429579420530672e+03 3.413827575150713528e+03 2.269540000000000000e+19 7.039764896035194397e-04 1.670391065999865532e-03
3.568900552836756560e+03 -1.182706218296565339e+03 3.409883114438205666e+03 2.269740000000000000e+19 2.008571289479732513e-03 5.560233257710933685e-03
3.574893839420574295e+03 -1.175971516811660649e+03 3.405932036533804876e+03 2.269940000000000000e+19 -2.939405618235468864e-03 6.123660132288932800e-04
3.580870030332251190e+03 -1.169225507149518307e+03 3.401974360318877643e+03 2.270140000000000000e+19 -3.163671353831887245e-04 -4.324608016759157181e-03
3.586829096970981482e+03 -1.162468221594552006e+03 3.398010104733706612e+03 2.270340000000000000e+19 3.968737088143825531e-03 -1.227914728224277496e-02
3.592771010818307332e+03 -1.155699692485405421e+03 3.394039288750213018e+03 2.270540000000000000e+19 6.112105213105678558e-03 -1.438601035624742508e-02
3.598695743313917319e+03 -1.148919952356123076e+03 3.390061931454787100e+03 2.270740000000000000e+19 6.137703079730272293e-03 3.161630826070904732e-03
3.604111850168414094e+03 -1.142695511435004619e+03 3.386410373184609398e+03 2.270940000000000000e+19 -5.773954559117555618e-03 6.921543739736080170e-03
3.622222295214009137e+03 -1.121689529898537558e+03 3.374087469455767405e+03 2.271140000000000000e+19 5.137861240655183792e-03 5.311869899742305279e-04
3.628060697907267240e+03 -1.114854221719395355e+03 3.370077691327376215e+03 2.271340000000000000e+19 1.253647264093160629e-02 1.780057558789849281e-03
3.633881750404377726e+03 -1.108007897949534026e+03 3.366061486533861171e+03 2.271540000000000000e+19 -9.547068737447261810e-03 1.283841580152511597e-02
3.639685424928615248e+03 -1.101150591258416853e+03 3.362038874239858615e+03 2.271740000000000000e+19 -2.706415019929409027e-03 -8.629767224192619324e-03
3.645471693684967249e+03 -1.094282334487230855e+03 3.358009873710574993e+03 2.271940000000000000e+19 -1.161037478595972061e-02 -1.129661221057176590e-02
3.651240528981841180e+03 -1.087403160505629558e+03 3.353974504227743182e+03 2.272140000000000000e+19 -1.148073561489582062e-02 -1.231249794363975525e-02
3.656991903191268193e+03 -1.080513102259653351e+03 3.349932785117740877e+03 2.272340000000000000e+19 -1.126571279019117355e-02 -1.640856452286243439e-02
3.662248856665036783e+03 -1.074187819864583844e+03 3.346222394806032298e+03 2.272540000000000000e+19 5.429565440863370895e-03 4.915571771562099457e-03
3.622222295214009137e+03 -1.121689529898537558e+03 3.374087469455767405e+03 2.272740000000000000e+19 2.608836395666003227e-03 -5.302347708493471146e-03
3.628060697907267240e+03 -1.114854221719395355e+03 3.370077691327376215e+03 2.272940000000000000e+19 1.302446052432060242e-02 -1.516717579215764999e-02
3.633881750404377726e+03 -1.108007897949534026e+03 3.366061486533861171e+03 2.273140000000000000e+19 -1.698747836053371429e-02 -5.769154056906700134e-03
3.639685424928615248e+03 -1.101150591258416853e+03 3.362038874239858615e+03 2.273340000000000000e+19 -1.714343763887882233e-02 -1.612215861678123474e-02
3.645471693684967249e+03 -1.094282334487230855e+03 3.358009873710574993e+03 2.273540000000000000e+19 -1.316023990511894226e-02 1.699985563755035400e-02
3.651240528981841180e+03 -1.087403160505629558e+03 3.353974504227743182e+03 2.273740000000000000e+19 -7.610332220792770386e-03 1.457892917096614838e-02
3.656991903191268193e+03 -1.080513102259653351e+03 3.349932785117740877e+03 2.273940000000000000e+19 -6.072131451219320297e-03 -2.115941792726516724e-02
3.662248856665036783e+03 -1.074187819864583844e+03 3.346222394806032298e+03 2.274140000000000000e+19 8.565496653318405151e-03 -7.897716946899890900e-03
3.679822240239121584e+03 -1.052844686505719665e+03 3.333702799486635286e+03 2.274340000000000000e+19 -1.241366751492023468e-02 -1.888441620394587517e-03
3.685485897899709016e+03 -1.045900702488791921e+03 3.329629622928494882e+03 2.274540000000000000e+19 9.243770502507686615e-03 3.953538369387388229e-03
3.691131930662930699e+03 -1.038946032730922298e+03 3.325550213194876051e+03 2.274740000000000000e+19 -1.055837329477071762e-02 -8.010966703295707703e-03
3.696760311410062513e+03 -1.031980710636460799e+03 3.321464589879815776e+03 2.274940000000000000e+19 5.664949305355548859e-03 2.168124355375766754e-02
3.702371013322534054e+03 -1.025004769393907509e+03 3.317372772450582488e+03 2.275140000000000000e+19 -1.482020318508148193e-02 -1.298693194985389709e-02
3.707964009373326462e+03 -1.018018242607074512e+03 3.313274780617876331e+03 2.275340000000000000e+19 -4.784405697137117386e-03 -2.591287344694137573e-02
3.713539272932557651e+03 -1.011021163541525198e+03 3.309170633893838385e+03 2.275540000000000000e+19 -1.330639328807592392e-02 -3.398380649741739035e-04
3.718634557226092966e+03 -1.004598066754151091e+03 3.305403187217681079e+03 2.275740000000000000e+19 -2.188994549214839935e-02 1.649394258856773376e-02
3.679822240239121584e+03 -1.052844686505719665e+03 3.333702799486635286e+03 2.275940000000000000e+19 -1.648093201220035553e-02 4.047951195389032364e-03
3.685485897899709016e+03 -1.045900702488791921e+03 3.329629622928494882e+03 2.276140000000000000e+19 -9.927480481564998627e-03 -2.029223926365375519e-02
3.691131930662930699e+03 -1.038946032730922298e+03 3.325550213194876051e+03 2.276340000000000000e+19 -9.442242793738842010e-03 2.313465438783168793e-02
3.696760311410062513e+03 -1.031980710636460799e+03 3.321464589879815776e+03 2.276540000000000000e+19 2.377367578446865082e-02 -3.507373854517936707e-03
3.702371013322534054e+03 -1.025004769393907509e+03 3.317372772450582488e+03 2.276740000000000000e+19 1.322017144411802292e-02 1.296548824757337570e-02
3.707964009373326462e+03 -1.018018242607074512e+03 3.313274780617876331e+03 2.276940000000000000e+19 -1.374041009694337845e-02 8.146143518388271332e-03
3.713539272932557651e+03 -1.011021163541525198e+03 3.309170633893838385e+03 2.277140000000000000e+19 3.044851124286651611e-03 7.384043186902999878e-03
3.718634557226092966e+03 -1.004598066754151091e+03 3.305403187217681079e+03 2.277340000000000000e+19 -6.774363573640584946e-03 -1.938128285109996796e-02
3.735662469505830813e+03 -9.829279954571151166e+02 3.292692891637449520e+03 2.277540000000000000e+19 1.733651384711265564e-02 1.729279942810535431e-02
3.741148671907703829e+03 -9.758786585142341892e+02 3.288558265791716622e+03 2.277740000000000000e+19 -4.795319866389036179e-03 -1.923828385770320892e-02
3.746616982909104536e+03 -9.688189710841935494e+02 3.284417603413334746e+03 2.277940000000000000e+19 1.851239241659641266e-02 -1.590713672339916229e-02
3.752067376473472450e+03 -9.617489667806913758e+02 3.280270924217489210e+03 2.278140000000000000e+19 -2.795017138123512268e-02 -1.816538744606077671e-03
3.757499826364850833e+03 -9.546686796359391565e+02 3.276118248164662873e+03 2.278340000000000000e+19 6.950311362743377686e-03 8.591504767537117004e-03
3.762914306736371600e+03 -9.475781433370711966e+02 3.271959595012783666e+03 2.278540000000000000e+19 -3.796600177884101868e-02 -7.191803772002458572e-03
3.768310791524931119e+03 -9.404773920151188804e+02 3.267794984779968217e+03 2.278740000000000000e+19 6.178328301757574081e-03 -1.055521308444440365e-03
3.773241968470694701e+03 -9.339595543879759134e+02 3.263972284522366863e+03 2.278940000000000000e+19 -2.253552526235580444e-02 1.810934767127037048e-02
3.735662469505830813e+03 -9.829279954571151166e+02 3.292692891637449520e+03 2.279140000000000000e+19 -5.956414621323347092e-03 1.877158507704734802e-02
3.741148671907703829e+03 -9.758786585142341892e+02 3.288558265791716622e+03 2.279340000000000000e+19 -5.997917614877223969e-03 -1.026329398155212402e-02
3.746616982909104536e+03 -9.688189710841935494e+02 3.284417603413334746e+03 2.279540000000000000e+19 -8.492247434332966805e-04 -1.483504567295312881e-02
3.752067376473472450e+03 -9.617489667806913758e+02 3.280270924217489210e+03 2.279740000000000000e+19 -2.314544841647148132e-02 1.132352743297815323e-02
3.757499826364850833e+03 -9.546686796359391565e+02 3.276118248164662873e+03 2.279940000000000000e+19 -6.782947573810815811e-03 -2.237010980024933815e-03
3.762914306736371600e+03 -9.475781433370711966e+02 3.271959595012783666e+03 2.280140000000000000e+19 -7.876927033066749573e-03 1.542367506772279739e-02
3.768310791524931119e+03 -9.404773920151188804e+02 3.267794984779968217e+03 2.280340000000000000e+19 -1.878519542515277863e-03 -1.151406392455101013e-02
3.773241968470694701e+03 -9.339595543879759134e+02 3.263972284522366863e+03 2.280540000000000000e+19 1.831980049610137939e-02 1.812492124736309052e-02
3.788830144179537911e+03 -9.131638261150968674e+02 3.251775818564206475e+03 2.280740000000000000e+19 7.020821794867515564e-04 -4.190158098936080933e-03
3.794139288216234036e+03 -9.060141815620078205e+02 3.247582696928637688e+03 2.280940000000000000e+19 -6.776316440664231777e-04 5.146349780261516571e-03
3.799430287329370458e+03 -8.988545207763539793e+02 3.243383734801063838e+03 2.281140000000000000e+19 1.763110165484249592e-03 -8.741324767470359802e-03
3.804703116105736171e+03 -8.916848781472135670e+02 3.239178952349824158e+03 2.281340000000000000e+19 -5.144705064594745636e-03 4.940514452755451202e-03
3.809957749458095350e+03 -8.845052877869601389e+02 3.234968369580821218e+03 2.281540000000000000e+19 4.527674987912178040e-03 -8.022964000701904297e-03
3.815194162110906746e+03 -8.773157842301857272e+02 3.230752006747409268e+03 2.281740000000000000e+19 -7.500024978071451187e-03 2.573158359155058861e-03
3.820412329077380036e+03 -8.701164017839952294e+02 3.226529883969374623e+03 2.281940000000000000e+19 1.511772861704230309e-03 -6.563435308635234833e-03
3.825179831987641137e+03 -8.635084439763395494e+02 3.222654634944349709e+03 2.282140000000000000e+19 6.833296269178390503e-03 5.719341803342103958e-03
3.788830144179537911e+03 -9.131638261150968674e+02 3.251775818564206475e+03 2.282340000000000000e+19 5.214187316596508026e-03 -1.681976718828082085e-03
3.794139288216234036e+03 -9.060141815620078205e+02 3.247582696928637688e+03 2.282540000000000000e+19 -4.411171830724924803e-04 7.531390059739351273e-03
3.799430287329370458e+03 -8.988545207763539793e+02 3.243383734801063838e+03 2.282740000000000000e+19 -4.259481560438871384e-03 4.175815265625715256e-03
3.804703116105736171e+03 -8.916848781472135670e+02 3.239178952349824158e+03 2.282940000000000000e+19 -2.098161494359374046e-03 -3.854149021208286285e-03
3.809957749458095350e+03 -8.845052877869601389e+02 3.234968369580821218e+03 2.283140000000000000e+19 1.087276032194495201e-03 -7.459972985088825226e-03
3.815194162110906746e+03 -8.773157842301857272e+02 3.230752006747409268e+03 2.283340000000000000e+19 -1.490819035097956657e-03 1.098738517612218857e-02
3.820412329077380036e+03 -8.701164017839952294e+02 3.226529883969374623e+03 2.283540000000000000e+19 4.806651268154382706e-03 6.594572216272354126e-03
3.825179831987641137e+03 -8.635084439763395494e+02 3.222654634944349709e+03 2.283740000000000000e+19 2.008647425100207329e-03 8.479057578369975090e-04
3.841102041772301163e+03 -8.412207731229786987e+02 3.209584198074001051e+03 2.283940000000000000e+19 5.291930399835109711e-03 8.809746941551566124e-04
3.846228607321682375e+03 -8.339725141858799589e+02 3.205333579328347696e+03 2.284140000000000000e+19 -1.348973950371146202e-03 1.056470628827810287e-02
3.851336778733257233e+03 -8.267145836877579086e+02 3.201077322224729414e+03 2.284340000000000000e+19 8.569343946874141693e-03 6.965919747017323971e-04
3.856426531400575641e+03 -8.194470165906851662e+02 3.196815447265906187e+03 2.284540000000000000e+19 -1.133542042225599289e-02 7.494078949093818665e-03
3.861497841089546000e+03 -8.121698474981575373e+02 3.192547974744200474e+03 2.284740000000000000e+19 1.878407783806324005e-02 -2.339228242635726929e-02
3.866550683494618625e+03 -8.048831112873391476e+02 3.188274925112263645e+03 2.284940000000000000e+19 3.316402062773704529e-02 3.929632715880870819e-03
3.871585034363981777e+03 -7.975868429322305246e+02 3.183996318879368573e+03 2.285140000000000000e+19 -8.164587197825312614e-04 1.084972266107797623e-02
3.876183827180268963e+03 -7.908903734667144363e+02 3.180069469532817493e+03 2.285340000000000000e+19 -3.180084284394979477e-03 -4.255381878465414047e-03
3.841102041772301163e+03 -8.412207731229786987e+02 3.209584198074001051e+03 2.285540000000000000e+19 -4.415257833898067474e-03 -3.980944398790597916e-03
3.846228607321682375e+03 -8.339725141858799589e+02 3.205333579328347696e+03 2.285740000000000000e+19 -5.859320517629384995e-03 -1.122436765581369400e-02
3.851336778733257233e+03 -8.267145836877579086e+02 3.201077322224729414e+03 2.285940000000000000e+19 7.716360501945018768e-03 -8.780278265476226807e-03
3.856426531400575641e+03 -8.194470165906851662e+02 3.196815447265906187e+03 2.286140000000000000e+19 -1.136821415275335312e-02 -9.614320471882820129e-03
3.861497841089546000e+03 -8.121698474981575373e+02 3.192547974744200474e+03 2.286340000000000000e+19 -9.724183008074760437e-03 -7.268351968377828598e-03
3.866550683494618625e+03 -8.048831112873391476e+02 3.188274925112263645e+03 2.286540000000000000e+19 -2.200041199102997780e-03 2.717327559366822243e-03
3.871585034363981777e+03 -7.975868429322305246e+02 3.183996318879368573e+03 2.286740000000000000e+19 -5.150015465915203094e-03 2.238378860056400299e-03
3.876183827180268963e+03 -7.908903734667144363e+02 3.180069469532817493e+03 2.286940000000000000e+19 -3.666656091809272766e-03 9.886563755571842194e-03
3.891537042535793717e+03 -7.683071462737822230e+02 3.166826737370425690e+03 2.287140000000000000e+19 1.332999300211668015e-02 1.270330627448856831e-03
3.896478576404503201e+03 -7.609637414430750368e+02 3.162520655552780227e+03 2.287340000000000000e+19 1.298147952184081078e-03 4.571044351905584335e-03
3.901401475512126126e+03 -7.536110146554523226e+02 3.158209140387849402e+03 2.287540000000000000e+19 1.360300183296203613e-02 -1.125458860769867897e-03
3.906305716419139117e+03 -7.462490009199417500e+02 3.153892212404348811e+03 2.287740000000000000e+19 4.058439284563064575e-03 4.144548904150724411e-03
3.911191275518465318e+03 -7.388777356743188420e+02 3.149569892382234684e+03 2.287940000000000000e+19 4.398777149617671967e-03 1.721762865781784058e-02
3.916058129565250056e+03 -7.314972539903125153e+02 3.145242200886601040e+03 2.288140000000000000e+19 1.365873310714960098e-02 2.429460408166050911e-03
3.920906255132600563e+03 -7.241075913945319371e+02 3.140909158749256221e+03 2.288340000000000000e+19 -1.208744198083877563e-02 -2.007773844525218010e-03
3.925334137097757775e+03 -7.173258148798588536e+02 3.136932588283240875e+03 2.288540000000000000e+19 8.539570495486259460e-03 2.266581170260906219e-03
3.891537042535793717e+03 -7.683071462737822230e+02 3.166826737370425690e+03 2.288740000000000000e+19 -1.672602258622646332e-02 7.186648901551961899e-03
3.896478576404503201e+03 -7.609637414430750368e+02 3.162520655552780227e+03 2.288940000000000000e+19 1.324611064046621323e-02 5.089377984404563904e-03
3.901401475512126126e+03 -7.536110146554523226e+02 3.158209140387849402e+03 2.289140000000000000e+19 -1.410545594990253448e-02 5.044992081820964813e-03
3.906305716419139117e+03 -7.462490009199417500e+02 3.153892212404348811e+03 2.289340000000000000e+19 2.247552620247006416e-03 -2.067010384052991867e-03
3.911191275518465318e+03 -7.388777356743188420e+02 3.149569892382234684e+03 2.289540000000000000e+19 -6.185485515743494034e-03 1.887191273272037506e-02
3.916058129565250056e+03 -7.314972539903125153e+02 3.145242200886601040e+03 2.289740000000000000e+19 -1.259687542187748477e-05 -9.721455164253711700e-03
3.920906255132600563e+03 -7.241075913945319371e+02 3.140909158749256221e+03 2.289940000000000000e+19 8.486587321385741234e-04 -8.889474906027317047e-03
3.925334137097757775e+03 -7.173258148798588536e+02 3.136932588283240875e+03 2.290140000000000000e+19 1.266775000840425491e-02 6.033832207322120667e-03
3.940111010746348711e+03 -6.944578385876787934e+02 3.123523898161739908e+03 2.290340000000000000e+19 -2.094659721478819847e-03 6.863480666652321815e-04
3.944865148057805982e+03 -6.870228022146712874e+02 3.119164414044824753e+03 2.290540000000000000e+19 -1.153296604752540588e-02 -2.314706705510616302e-02
3.949600419062172023e+03 -6.795787977220871880e+02 3.114799704057853432e+03 2.290740000000000000e+19 -2.249225042760372162e-02 9.918855503201484680e-03
3.954316801179948470e+03 -6.721258606052355162e+02 3.110429789013111076e+03 2.290940000000000000e+19 -4.459768068045377731e-03 2.819246612489223480e-03
3.959014271806650868e+03 -6.646640265837007746e+02 3.106054689854232493e+03 2.291140000000000000e+19 -2.128168381750583649e-02 1.237833220511674881e-02
3.963692808379881171e+03 -6.571933314979231682e+02 3.101674427595560246e+03 2.291340000000000000e+19 7.699710316956043243e-03 1.215259358286857605e-02
3.968352388639980290e+03 -6.497138108926266113e+02 3.097289023077888942e+03 2.291540000000000000e+19 2.028142288327217102e-02 1.416548341512680054e-02
3.972607240050264863e+03 -6.428499739507597042e+02 3.093264635185907537e+03 2.291740000000000000e+19 -9.085514582693576813e-03 -2.385720051825046539e-02
3.940111010746348711e+03 -6.944578385876787934e+02 3.123523898161739908e+03 2.291940000000000000e+19 2.841619588434696198e-02 -1.253745798021554947e-02
3.944865148057805982e+03 -6.870228022146712874e+02 3.119164414044824753e+03 2.292140000000000000e+19 2.795824036002159119e-02 1.822168566286563873e-02
3.949600419062172023e+03 -6.795787977220871880e+02 3.114799704057853432e+03 2.292340000000000000e+19 1.334934309124946594e-02 -2.432045154273509979e-02
3.954316801179948470e+03 -6.721258606052355162e+02 3.110429789013111076e+03 2.292540000000000000e+19 -2.224974147975444794e-02 2.385383285582065582e-02
3.959014271806650868e+03 -6.646640265837007746e+02 3.106054689854232493e+03 2.292740000000000000e+19 -4.804695490747690201e-03 -9.881868027150630951e-03
3.963692808379881171e+03 -6.571933314979231682e+02 3.101674427595560246e+03 2.292940000000000000e+19 1.075208093971014023e-02 1.105699036270380020e-02
3.968352388639980290e+03 -6.497138108926266113e+02 3.097289023077888942e+03 2.293140000000000000e+19 -1.560239354148507118e-03 1.210688147693872452e-02
3.972607240050264863e+03 -6.428499739507597042e+02 3.093264635185907537e+03 2.293340000000000000e+19 -3.012288594618439674e-03 -3.413910046219825745e-02
