# Baseline: 4-20
# Entries: 128
# u [m], v [m], w [m], frequency [GHz], real, imag, std(real), std(imag)
4.150206163870094542e+02 7.067382382292416878e+02 5.083217112793667525e+02 2.267940000000000111e+01 -7.808092981576919556e-02 9.970333427190780640e-02 6.903821974992752075e-02 6.900396198034286499e-02
4.142472751045663131e+02 7.075197369338632143e+02 5.078651676154753432e+02 2.268140000000000001e+01 -8.265287615358829498e-03 6.591203063726425171e-02 6.903821974992752075e-02 6.900396198034286499e-02
4.134719556926989412e+02 7.082997749538975540e+02 5.074094817950568768e+02 2.268340000000000245e+01 8.012659847736358643e-02 -2.256019972264766693e-02 6.903821974992752075e-02 6.900396198034286499e-02
4.126946618564994651e+02 7.090783485617337192e+02 5.069546559957258864e+02 2.268540000000000134e+01 -9.451420605182647705e-02 7.113149855285882950e-03 6.903821974992752075e-02 6.900396198034286499e-02
4.121104594894406432e+02 7.096613614803486598e+02 5.066140753450754914e+02 2.268740000000000023e+01 -8.192876726388931274e-02 6.666189432144165039e-02 6.903821974992752075e-02 6.900396198034286499e-02
4.111341658001229007e+02 7.106310876435518367e+02 5.060475931629399042e+02 2.268940000000000268e+01 1.766297519207000732e-01 -1.824959367513656616e-01 6.903821974992752075e-02 6.900396198034286499e-02
4.103509710644376014e+02 7.114052456703481084e+02 5.055953604798971242e+02 2.269140000000000157e+01 -9.437564760446548462e-03 -2.650840766727924347e-02 6.903821974992752075e-02 6.900396198034286499e-02
4.093693017155571852e+02 7.123709226784903876e+02 5.050312561778741838e+02 2.269340000000000046e+01 -3.027097322046756744e-02 -9.128856658935546875e-02 6.903821974992752075e-02 6.900396198034286499e-02
4.150206163870094542e+02 7.067382382292416878e+02 5.083217112793667525e+02 2.269540000000000290e+01 9.332491457462310791e-02 6.248325854539871216e-02 6.903821974992752075e-02 6.900396198034286499e-02
4.142472751045663131e+02 7.075197369338632143e+02 5.078651676154753432e+02 2.269740000000000180e+01 -1.164872646331787109e-01 1.199587658047676086e-01 6.903821974992752075e-02 6.900396198034286499e-02
4.134719556926989412e+02 7.082997749538975540e+02 5.074094817950568768e+02 2.269940000000000069e+01 5.078688729554414749e-03 -6.866571307182312012e-02 6.903821974992752075e-02 6.900396198034286499e-02
4.126946618564994651e+02 7.090783485617337192e+02 5.069546559957258864e+02 2.270140000000000313e+01 -2.977538295090198517e-02 -3.523107245564460754e-02 6.903821974992752075e-02 6.900396198034286499e-02
4.121104594894406432e+02 7.096613614803486598e+02 5.066140753450754914e+02 2.270340000000000202e+01 -4.487643018364906311e-02 1.767824143171310425e-01 6.903821974992752075e-02 6.900396198034286499e-02
4.111341658001229007e+02 7.106310876435518367e+02 5.060475931629399042e+02 2.270540000000000092e+01 -1.016970276832580566e-01 -1.512425392866134644e-01 6.903821974992752075e-02 6.900396198034286499e-02
4.103509710644376014e+02 7.114052456703481084e+02 5.055953604798971242e+02 2.270739999999999981e+01 7.085932791233062744e-02 -1.152308378368616104e-02 6.903821974992752075e-02 6.900396198034286499e-02
4.093693017155571852e+02 7.123709226784903876e+02 5.050312561778741838e+02 2.270940000000000225e+01 -5.972859263420104980e-02 1.392206847667694092e-01 6.903821974992752075e-02 6.900396198034286499e-02
4.071986348572462475e+02 7.144870480982898471e+02 5.037951383546862303e+02 2.271140000000000114e+01 6.126729026436805725e-02 8.592582494020462036e-02 6.903821974992752075e-02 6.900396198034286499e-02
4.064056803498178283e+02 7.152537728468219029e+02 5.033472707459645221e+02 2.271340000000000003e+01 -1.185942068696022034e-02 2.289915084838867188e-02 6.903821974992752075e-02 6.900396198034286499e-02
4.056107852464304528e+02 7.160189998924375914e+02 5.029002826052355317e+02 2.271540000000000248e+01 4.587304219603538513e-02 5.139683187007904053e-02 6.903821974992752075e-02 6.900396198034286499e-02
4.048139533401913468e+02 7.167827255836381255e+02 5.024541760654274754e+02 2.271740000000000137e+01 1.040673255920410156e-01 5.060005933046340942e-02 6.903821974992752075e-02 6.900396198034286499e-02
4.040151884473106634e+02 7.175449462627742605e+02 5.020089532630376539e+02 2.271940000000000026e+01 -2.932272106409072876e-02 9.332511574029922485e-02 6.903821974992752075e-02 6.900396198034286499e-02
4.032144943904625052e+02 7.183056582820546510e+02 5.015646163287875083e+02 2.272140000000000271e+01 -8.121096342802047729e-02 4.911128804087638855e-02 6.903821974992752075e-02 6.900396198034286499e-02
4.024118750043765544e+02 7.190648579982804449e+02 5.011211673906887540e+02 2.272340000000000160e+01 2.985838241875171661e-02 -7.176697999238967896e-02 6.903821974992752075e-02 6.900396198034286499e-02
4.016744769090801128e+02 7.197594788026300421e+02 5.007154430613018121e+02 2.272540000000000049e+01 -4.871864244341850281e-02 -3.341902047395706177e-02 6.903821974992752075e-02 6.900396198034286499e-02
4.071986348572462475e+02 7.144870480982898471e+02 5.037951383546862303e+02 2.272740000000000293e+01 7.072528451681137085e-02 1.977930031716823578e-02 6.903821974992752075e-02 6.900396198034286499e-02
4.064056803498178283e+02 7.152537728468219029e+02 5.033472707459645221e+02 2.272940000000000182e+01 -2.238250896334648132e-02 5.547488480806350708e-02 6.903821974992752075e-02 6.900396198034286499e-02
4.056107852464304528e+02 7.160189998924375914e+02 5.029002826052355317e+02 2.273140000000000072e+01 -2.971175685524940491e-02 -1.862450875341892242e-02 6.903821974992752075e-02 6.900396198034286499e-02
4.048139533401913468e+02 7.167827255836381255e+02 5.024541760654274754e+02 2.273340000000000316e+01 -3.003151714801788330e-02 8.776781708002090454e-02 6.903821974992752075e-02 6.900396198034286499e-02
4.040151884473106634e+02 7.175449462627742605e+02 5.020089532630376539e+02 2.273540000000000205e+01 3.554099053144454956e-02 2.252743765711784363e-02 6.903821974992752075e-02 6.900396198034286499e-02
4.032144943904625052e+02 7.183056582820546510e+02 5.015646163287875083e+02 2.273740000000000094e+01 3.134324401617050171e-02 5.174142494797706604e-02 6.903821974992752075e-02 6.900396198034286499e-02
4.024118750043765544e+02 7.190648579982804449e+02 5.011211673906887540e+02 2.273939999999999984e+01 -5.646508187055587769e-03 -5.892718583345413208e-02 6.903821974992752075e-02 6.900396198034286499e-02
4.016744769090801128e+02 7.197594788026300421e+02 5.007154430613018121e+02 2.274140000000000228e+01 -1.184247359633445740e-01 1.427116394042968750e-01 6.903821974992752075e-02 6.900396198034286499e-02
3.991822210831410871e+02 7.220864613171406745e+02 4.993562939557609752e+02 2.274340000000000117e+01 -1.395489461719989777e-02 -7.571426779031753540e-02 6.903821974992752075e-02 6.900396198034286499e-02
3.983700328402809419e+02 7.228380451741085153e+02 4.989173167402843205e+02 2.274540000000000006e+01 2.108335494995117188e-02 4.556245112325996161e-04 6.903821974992752075e-02 6.900396198034286499e-02
3.975559424412383578e+02 7.235880950477079523e+02 4.984792401840907132e+02 2.274740000000000251e+01 -9.700004011392593384e-03 9.520431607961654663e-02 6.903821974992752075e-02 6.900396198034286499e-02
3.967399537962144223e+02 7.243366073353358843e+02 4.980420663913250792e+02 2.274940000000000140e+01 9.145563840866088867e-02 8.024846762418746948e-02 6.903821974992752075e-02 6.900396198034286499e-02
3.959220707932382197e+02 7.250835784704283924e+02 4.976057974450618531e+02 2.275140000000000029e+01 1.183613166213035583e-01 3.661301732063293457e-02 6.903821974992752075e-02 6.900396198034286499e-02
3.951022973721424023e+02 7.258290048547783044e+02 4.971704354468346310e+02 2.275340000000000273e+01 1.073023080825805664e-01 4.901081323623657227e-03 6.903821974992752075e-02 6.900396198034286499e-02
3.942806374361974235e+02 7.265728829391727004e+02 4.967359824695358839e+02 2.275540000000000163e+01 9.304616600275039673e-02 -7.764534652233123779e-02 6.903821974992752075e-02 6.900396198034286499e-02
3.935258192042633709e+02 7.272534277910856417e+02 4.963385226155827468e+02 2.275740000000000052e+01 1.146030351519584656e-01 2.273014513775706291e-03 6.903821974992752075e-02 6.900396198034286499e-02
3.991822210831410871e+02 7.220864613171406745e+02 4.993562939557609752e+02 2.275940000000000296e+01 -4.735458176583051682e-03 1.825107336044311523e-01 6.903821974992752075e-02 6.900396198034286499e-02
3.983700328402809419e+02 7.228380451741085153e+02 4.989173167402843205e+02 2.276140000000000185e+01 1.480553299188613892e-02 1.010836753994226456e-02 6.903821974992752075e-02 6.900396198034286499e-02
3.975559424412383578e+02 7.235880950477079523e+02 4.984792401840907132e+02 2.276340000000000074e+01 1.137087643146514893e-01 -1.074562594294548035e-02 6.903821974992752075e-02 6.900396198034286499e-02
3.967399537962144223e+02 7.243366073353358843e+02 4.980420663913250792e+02 2.276540000000000319e+01 9.411271661520004272e-02 2.852997742593288422e-02 6.903821974992752075e-02 6.900396198034286499e-02
3.959220707932382197e+02 7.250835784704283924e+02 4.976057974450618531e+02 2.276740000000000208e+01 1.097490862011909485e-01 5.094998050481081009e-03 6.903821974992752075e-02 6.900396198034286499e-02
3.951022973721424023e+02 7.258290048547783044e+02 4.971704354468346310e+02 2.276940000000000097e+01 1.848287694156169891e-02 9.526741504669189453e-02 6.903821974992752075e-02 6.900396198034286499e-02
3.942806374361974235e+02 7.265728829391727004e+02 4.967359824695358839e+02 2.277139999999999986e+01 -5.146824289113283157e-03 7.550781965255737305e-02 6.903821974992752075e-02 6.900396198034286499e-02
3.935258192042633709e+02 7.272534277910856417e+02 4.963385226155827468e+02 2.277340000000000231e+01 7.309568580240011215e-03 -5.918729305267333984e-02 6.903821974992752075e-02 6.900396198034286499e-02
3.909752113811121603e+02 7.295328411367056560e+02 4.950073023179792813e+02 2.277540000000000120e+01 -3.788698837161064148e-02 2.359491772949695587e-03 6.903821974992752075e-02 6.900396198034286499e-02
3.901441780602688709e+02 7.302689244466571381e+02 4.945774255592525606e+02 2.277740000000000009e+01 1.230108551681041718e-02 -9.060216695070266724e-02 6.903821974992752075e-02 6.900396198034286499e-02
3.893112819672680303e+02 7.310034381955071012e+02 4.941484702384125285e+02 2.277940000000000254e+01 -5.356515571475028992e-02 -9.182070381939411163e-03 6.903821974992752075e-02 6.900396198034286499e-02
3.884765270678270781e+02 7.317363788859688611e+02 4.937204383978673263e+02 2.278140000000000143e+01 9.289479348808526993e-04 -4.085205495357513428e-02 6.903821974992752075e-02 6.900396198034286499e-02
3.876399173801270877e+02 7.324677429899634262e+02 4.932933320979842051e+02 2.278340000000000032e+01 -7.186502963304519653e-02 1.072041913866996765e-01 6.903821974992752075e-02 6.900396198034286499e-02
3.868014568846546126e+02 7.331975270277554273e+02 4.928671533708794641e+02 2.278540000000000276e+01 4.413067921996116638e-02 -1.561960857361555099e-02 6.903821974992752075e-02 6.900396198034286499e-02
3.859611496174270542e+02 7.339257274864551164e+02 4.924419042680049756e+02 2.278740000000000165e+01 6.494812667369842529e-03 2.090542763471603394e-02 6.903821974992752075e-02 6.900396198034286499e-02
3.851892724412927009e+02 7.345918707349077295e+02 4.920528990797911888e+02 2.278940000000000055e+01 -5.173245072364807129e-02 2.566457167267799377e-02 6.903821974992752075e-02 6.900396198034286499e-02
3.909752113811121603e+02 7.295328411367056560e+02 4.950073023179792813e+02 2.279140000000000299e+01 3.185748308897018433e-02 -9.318078309297561646e-02 6.903821974992752075e-02 6.900396198034286499e-02
3.901441780602688709e+02 7.302689244466571381e+02 4.945774255592525606e+02 2.279340000000000188e+01 -1.569707877933979034e-02 -7.041333615779876709e-02 6.903821974992752075e-02 6.900396198034286499e-02
3.893112819672680303e+02 7.310034381955071012e+02 4.941484702384125285e+02 2.279540000000000077e+01 -6.801476329565048218e-02 -5.624767392873764038e-02 6.903821974992752075e-02 6.900396198034286499e-02
3.884765270678270781e+02 7.317363788859688611e+02 4.937204383978673263e+02 2.279739999999999966e+01 1.340304594486951828e-02 4.528126120567321777e-02 6.903821974992752075e-02 6.900396198034286499e-02
3.876399173801270877e+02 7.324677429899634262e+02 4.932933320979842051e+02 2.279940000000000211e+01 -4.404895380139350891e-02 8.111304789781570435e-02 6.903821974992752075e-02 6.900396198034286499e-02
3.868014568846546126e+02 7.331975270277554273e+02 4.928671533708794641e+02 2.280140000000000100e+01 8.772383630275726318e-02 -4.262572154402732849e-02 6.903821974992752075e-02 6.900396198034286499e-02
3.859611496174270542e+02 7.339257274864551164e+02 4.924419042680049756e+02 2.280339999999999989e+01 -2.243694663047790527e-02 1.360346470028162003e-02 6.903821974992752075e-02 6.900396198034286499e-02
3.851892724412927009e+02 7.345918707349077295e+02 4.920528990797911888e+02 2.280540000000000234e+01 -4.195739456918090582e-04 -3.778134658932685852e-02 6.903821974992752075e-02 6.900396198034286499e-02
3.827229358961739081e+02 7.367024299097553239e+02 4.908204311799748325e+02 2.280740000000000123e+01 4.437387455254793167e-03 -2.482864633202552795e-02 6.903821974992752075e-02 6.900396198034286499e-02
3.818737593506668304e+02 7.374229274681113111e+02 4.903997038369548704e+02 2.280940000000000012e+01 7.482804358005523682e-03 8.201669156551361084e-02 6.903821974992752075e-02 6.900396198034286499e-02
3.810227596014279925e+02 7.381418212383836135e+02 4.899799179193174723e+02 2.281140000000000256e+01 1.483231876045465469e-02 -3.104329667985439301e-02 6.903821974992752075e-02 6.900396198034286499e-02
3.801699407359635074e+02 7.388591077676368286e+02 4.895610754433411671e+02 2.281340000000000146e+01 -3.136572614312171936e-02 -4.743376001715660095e-02 6.903821974992752075e-02 6.900396198034286499e-02
3.793153068118992906e+02 7.395747836431291944e+02 4.891431784018149074e+02 2.281540000000000035e+01 -4.906441271305084229e-02 -1.034682914614677429e-01 6.903821974992752075e-02 6.900396198034286499e-02
3.784588619401088749e+02 7.402888454223599410e+02 4.887262288048779055e+02 2.281740000000000279e+01 -4.142869263887405396e-02 1.058915555477142334e-01 6.903821974992752075e-02 6.900396198034286499e-02
3.776006102074164801e+02 7.410012896979947072e+02 4.883102286421127474e+02 2.281940000000000168e+01 -1.101834848523139954e-01 -1.885287649929523468e-02 6.903821974992752075e-02 6.900396198034286499e-02
3.768123185956907832e+02 7.416529604422297552e+02 4.879297187795709192e+02 2.282140000000000057e+01 -2.144044339656829834e-01 6.087732315063476562e-02 6.903821974992752075e-02 6.900396198034286499e-02
3.827229358961739081e+02 7.367024299097553239e+02 4.908204311799748325e+02 2.282340000000000302e+01 4.896985366940498352e-03 -7.799058407545089722e-02 6.903821974992752075e-02 6.900396198034286499e-02
3.818737593506668304e+02 7.374229274681113111e+02 4.903997038369548704e+02 2.282540000000000191e+01 2.558221220970153809e-01 -2.405301667749881744e-02 6.903821974992752075e-02 6.900396198034286499e-02
3.810227596014279925e+02 7.381418212383836135e+02 4.899799179193174723e+02 2.282740000000000080e+01 1.041894778609275818e-01 1.607373952865600586e-01 6.903821974992752075e-02 6.900396198034286499e-02
3.801699407359635074e+02 7.388591077676368286e+02 4.895610754433411671e+02 2.282939999999999969e+01 8.536246418952941895e-02 -1.739864945411682129e-01 6.903821974992752075e-02 6.900396198034286499e-02
3.793153068118992906e+02 7.395747836431291944e+02 4.891431784018149074e+02 2.283140000000000214e+01 -3.052650764584541321e-02 -9.181453846395015717e-03 6.903821974992752075e-02 6.900396198034286499e-02
3.784588619401088749e+02 7.402888454223599410e+02 4.887262288048779055e+02 2.283340000000000103e+01 -2.075252495706081390e-02 1.940732896327972412e-01 6.903821974992752075e-02 6.900396198034286499e-02
3.776006102074164801e+02 7.410012896979947072e+02 4.883102286421127474e+02 2.283539999999999992e+01 -1.125063188374042511e-02 -1.394531875848770142e-02 6.903821974992752075e-02 6.900396198034286499e-02
3.768123185956907832e+02 7.416529604422297552e+02 4.879297187795709192e+02 2.283740000000000236e+01 6.301888823509216309e-02 6.172956526279449463e-02 6.903821974992752075e-02 6.900396198034286499e-02
3.741496169710470667e+02 7.438348236671537279e+02 4.866557620948179306e+02 2.283940000000000126e+01 9.844357520341873169e-02 1.492742262780666351e-02 6.903821974992752075e-02 6.900396198034286499e-02
3.732823927405991071e+02 7.445391294168367722e+02 4.862445388862316804e+02 2.284140000000000015e+01 -1.435624957084655762e-01 1.324224770069122314e-01 6.903821974992752075e-02 6.900396198034286499e-02
3.724133864103603173e+02 7.452417973319616067e+02 4.858342769828047949e+02 2.284340000000000259e+01 3.458281978964805603e-02 8.396244794130325317e-02 6.903821974992752075e-02 6.900396198034286499e-02
3.715426021664083578e+02 7.459428240277180748e+02 4.854249783608021858e+02 2.284540000000000148e+01 9.556352347135543823e-02 1.603997312486171722e-02 6.903821974992752075e-02 6.900396198034286499e-02
3.706700441548609888e+02 7.466422061662700571e+02 4.850166449690349850e+02 2.284740000000000038e+01 -5.165477469563484192e-02 -7.799137383699417114e-03 6.903821974992752075e-02 6.900396198034286499e-02
3.697957165576015086e+02 7.473399403956585729e+02 4.846092787645379190e+02 2.284940000000000282e+01 -3.187356516718864441e-02 -7.262103259563446045e-02 6.903821974992752075e-02 6.900396198034286499e-02
3.689196235711272038e+02 7.480360233670035086e+02 4.842028817025247349e+02 2.285140000000000171e+01 -5.975765734910964966e-02 9.619027376174926758e-03 6.903821974992752075e-02 6.900396198034286499e-02
3.681150134333112192e+02 7.486726671060231411e+02 4.838311916979220655e+02 2.285340000000000060e+01 1.799927651882171631e-01 -3.893011435866355896e-02 6.903821974992752075e-02 6.900396198034286499e-02
3.741496169710470667e+02 7.438348236671537279e+02 4.866557620948179306e+02 2.285540000000000305e+01 -9.445882588624954224e-02 4.368731006979942322e-02 6.903821974992752075e-02 6.900396198034286499e-02
3.732823927405991071e+02 7.445391294168367722e+02 4.862445388862316804e+02 2.285740000000000194e+01 -1.233895570039749146e-01 -3.856532648205757141e-02 6.903821974992752075e-02 6.900396198034286499e-02
3.724133864103603173e+02 7.452417973319616067e+02 4.858342769828047949e+02 2.285940000000000083e+01 9.498188644647598267e-02 -3.372042253613471985e-02 6.903821974992752075e-02 6.900396198034286499e-02
3.715426021664083578e+02 7.459428240277180748e+02 4.854249783608021858e+02 2.286139999999999972e+01 -1.275593936443328857e-01 3.439172729849815369e-02 6.903821974992752075e-02 6.900396198034286499e-02
3.706700441548609888e+02 7.466422061662700571e+02 4.850166449690349850e+02 2.286340000000000217e+01 1.499961689114570618e-02 -9.128303080797195435e-02 6.903821974992752075e-02 6.900396198034286499e-02
3.697957165576015086e+02 7.473399403956585729e+02 4.846092787645379190e+02 2.286540000000000106e+01 -3.322210162878036499e-02 -4.327270667999982834e-03 6.903821974992752075e-02 6.900396198034286499e-02
3.689196235711272038e+02 7.480360233670035086e+02 4.842028817025247349e+02 2.286739999999999995e+01 8.452478796243667603e-02 -5.327613279223442078e-02 6.903821974992752075e-02 6.900396198034286499e-02
3.681150134333112192e+02 7.486726671060231411e+02 4.838311916979220655e+02 2.286940000000000239e+01 -7.132048159837722778e-02 6.371219456195831299e-02 6.903821974992752075e-02 6.900396198034286499e-02
3.653976816141164932e+02 7.508037762457712461e+02 4.825870236607482298e+02 2.287140000000000128e+01 -1.890110224485397339e-02 -1.368920411914587021e-02 6.903821974992752075e-02 6.900396198034286499e-02
3.645128246894024073e+02 7.514915531578111541e+02 4.821855013675144050e+02 2.287340000000000018e+01 1.283491612412035465e-03 -2.154421433806419373e-02 6.903821974992752075e-02 6.900396198034286499e-02
3.636262276581531410e+02 7.521776589434123252e+02 4.817849598162308098e+02 2.287540000000000262e+01 -8.760592341423034668e-02 6.694199983030557632e-03 6.903821974992752075e-02 6.900396198034286499e-02
3.627378947417855670e+02 7.528620903357892757e+02 4.813854009140079029e+02 2.287740000000000151e+01 -1.106819808483123779e-01 7.817214354872703552e-03 6.903821974992752075e-02 6.900396198034286499e-02
3.618478302163755984e+02 7.535448440403628183e+02 4.809868265841639072e+02 2.287940000000000040e+01 -1.324574798345565796e-01 2.345808595418930054e-02 6.903821974992752075e-02 6.900396198034286499e-02
3.609560383167686837e+02 7.542259168086607133e+02 4.805892387230629197e+02 2.288140000000000285e+01 -3.221007809042930603e-02 -1.685627037659287453e-03 6.903821974992752075e-02 6.900396198034286499e-02
3.600625233356811350e+02 7.549053053623003962e+02 4.801926392445211604e+02 2.288340000000000174e+01 8.103791624307632446e-03 -6.531324237585067749e-02 6.903821974992752075e-02 6.900396198034286499e-02
3.592419797195720435e+02 7.555266174291743937e+02 4.798299469704696776e+02 2.288540000000000063e+01 -1.193341687321662903e-01 -3.273448906838893890e-03 6.903821974992752075e-02 6.900396198034286499e-02
3.653976816141164932e+02 7.508037762457712461e+02 4.825870236607482298e+02 2.288740000000000308e+01 7.782994210720062256e-02 -3.500374034047126770e-02 6.903821974992752075e-02 6.900396198034286499e-02
3.645128246894024073e+02 7.514915531578111541e+02 4.821855013675144050e+02 2.288940000000000197e+01 -7.668963074684143066e-02 -9.819991886615753174e-02 6.903821974992752075e-02 6.900396198034286499e-02
3.636262276581531410e+02 7.521776589434123252e+02 4.817849598162308098e+02 2.289140000000000086e+01 -5.448034033179283142e-02 1.176614984869956970e-01 6.903821974992752075e-02 6.900396198034286499e-02
3.627378947417855670e+02 7.528620903357892757e+02 4.813854009140079029e+02 2.289339999999999975e+01 -9.976858645677566528e-02 -5.898792669177055359e-02 6.903821974992752075e-02 6.900396198034286499e-02
3.618478302163755984e+02 7.535448440403628183e+02 4.809868265841639072e+02 2.289540000000000219e+01 -4.435603693127632141e-02 -1.170832477509975433e-02 6.903821974992752075e-02 6.900396198034286499e-02
3.609560383167686837e+02 7.542259168086607133e+02 4.805892387230629197e+02 2.289740000000000109e+01 9.039784967899322510e-02 7.598643004894256592e-02 6.903821974992752075e-02 6.900396198034286499e-02
3.600625233356811350e+02 7.549053053623003962e+02 4.801926392445211604e+02 2.289939999999999998e+01 8.398121595382690430e-02 -3.104772232472896576e-02 6.903821974992752075e-02 6.900396198034286499e-02
3.592419797195720435e+02 7.555266174291743937e+02 4.798299469704696776e+02 2.290140000000000242e+01 -7.041396200656890869e-02 8.220811933279037476e-02 6.903821974992752075e-02 6.900396198034286499e-02
3.564713180898534119e+02 7.576059526400775894e+02 4.786161629774168773e+02 2.290340000000000131e+01 3.794049471616744995e-02 -9.810889512300491333e-02 6.903821974992752075e-02 6.900396198034286499e-02
3.555692519390759685e+02 7.582768715636747174e+02 4.782245337565906880e+02 2.290540000000000020e+01 1.243615895509719849e-02 -1.810748428106307983e-01 6.903821974992752075e-02 6.900396198034286499e-02
3.546654884804545986e+02 7.589460868906504629e+02 4.778339042323356693e+02 2.290740000000000265e+01 3.636178374290466309e-02 6.051638349890708923e-02 6.903821974992752075e-02 6.900396198034286499e-02
3.537600320234044489e+02 7.596135954299491004e+02 4.774442762673077141e+02 2.290940000000000154e+01 -5.258818622678518295e-03 -8.634662255644798279e-03 6.903821974992752075e-02 6.900396198034286499e-02
3.528528869074828549e+02 7.602793939823746996e+02 4.770556517288923715e+02 2.291140000000000043e+01 7.622718811035156250e-02 -2.207608427852392197e-03 6.903821974992752075e-02 6.900396198034286499e-02
3.519440574898696923e+02 7.609434793500174692e+02 4.766680324836949580e+02 2.291340000000000288e+01 -1.213109772652387619e-02 2.128574997186660767e-03 6.903821974992752075e-02 6.900396198034286499e-02
3.510335480946778262e+02 7.616058483732607556e+02 4.762814203759467091e+02 2.291540000000000177e+01 6.439331918954849243e-02 8.957930654287338257e-02 6.903821974992752075e-02 6.900396198034286499e-02
3.501974638179764838e+02 7.622115313332037658e+02 4.759278994603762953e+02 2.291740000000000066e+01 7.964860647916793823e-02 -3.052061609923839569e-02 6.903821974992752075e-02 6.900396198034286499e-02
3.564713180898534119e+02 7.576059526400775894e+02 4.786161629774168773e+02 2.291940000000000310e+01 -2.800797484815120697e-02 -2.101087477058172226e-03 6.903821974992752075e-02 6.900396198034286499e-02
3.555692519390759685e+02 7.582768715636747174e+02 4.782245337565906880e+02 2.292140000000000200e+01 -3.000410459935665131e-02 -5.477928742766380310e-02 6.903821974992752075e-02 6.900396198034286499e-02
3.546654884804545986e+02 7.589460868906504629e+02 4.778339042323356693e+02 2.292340000000000089e+01 -5.400313530117273331e-03 1.086977869272232056e-01 6.903821974992752075e-02 6.900396198034286499e-02
3.537600320234044489e+02 7.596135954299491004e+02 4.774442762673077141e+02 2.292539999999999978e+01 -1.495589129626750946e-02 8.787564933300018311e-02 6.903821974992752075e-02 6.900396198034286499e-02
3.528528869074828549e+02 7.602793939823746996e+02 4.770556517288923715e+02 2.292740000000000222e+01 -4.268055781722068787e-02 -1.070290282368659973e-01 6.903821974992752075e-02 6.900396198034286499e-02
3.519440574898696923e+02 7.609434793500174692e+02 4.766680324836949580e+02 2.292940000000000111e+01 -6.708537787199020386e-02 -2.536836266517639160e-02 6.903821974992752075e-02 6.900396198034286499e-02
3.510335480946778262e+02 7.616058483732607556e+02 4.762814203759467091e+02 2.293140000000000001e+01 1.133480854332447052e-02 3.449662588536739349e-03 6.903821974992752075e-02 6.900396198034286499e-02
3.501974638179764838e+02 7.622115313332037658e+02 4.759278994603762953e+02 2.293340000000000245e+01 -7.210181653499603271e-02 -5.360919982194900513e-03 6.903821974992752075e-02 6.900396198034286499e-02
