# Baseline: 12-19
# u [m], v [m], w [m], frequency [GHz], real, imag
-1.964340035681950894e+03 -1.953053291715903015e+03 -2.217359906525364750e+03 2.267940000000000000e+19 2.635757066309452057e-02 2.449478358030319214e-01
-1.963099193081571002e+03 -1.956754968906155909e+03 -2.215194221939710587e+03 2.268140000000000000e+19 -1.226107999682426453e-01 -2.494316697120666504e-01
-1.961848971450570616e+03 -1.960454300106094252e+03 -2.213029923328062978e+03 2.268340000000000000e+19 5.570854991674423218e-02 1.582361012697219849e-01
-1.960589376763555947e+03 -1.964151267637469573e+03 -2.210867021033097899e+03 2.268540000000000000e+19 -1.622418761253356934e-01 -3.502644598484039307e-01
-1.959638825868458980e+03 -1.966922506356987924e+03 -2.209245722647414823e+03 2.268740000000000000e+19 6.623404473066329956e-02 3.240092396736145020e-01
-1.958042092378162351e+03 -1.971538040934905666e+03 -2.206545446790878032e+03 2.268940000000000000e+19 5.926052108407020569e-02 -1.429353654384613037e-01
-1.956754414897330207e+03 -1.975227811272686949e+03 -2.204386795570648701e+03 2.269140000000000000e+19 1.106050387024879456e-01 3.983344137668609619e-01
-1.955132050548677171e+03 -1.979836698424653150e+03 -2.201690445658925910e+03 2.269340000000000000e+19 7.769545167684555054e-02 -2.006946206092834473e-01
-1.964340035681950894e+03 -1.953053291715903015e+03 -2.217359906525364750e+03 2.269540000000000000e+19 5.923482403159141541e-02 -3.722433373332023621e-02
-1.963099193081571002e+03 -1.956754968906155909e+03 -2.215194221939710587e+03 2.269740000000000000e+19 1.776517927646636963e-02 -8.606623858213424683e-02
-1.961848971450570616e+03 -1.960454300106094252e+03 -2.213029923328062978e+03 2.269940000000000000e+19 -1.414625439792871475e-02 1.662266701459884644e-01
-1.960589376763555947e+03 -1.964151267637469573e+03 -2.210867021033097899e+03 2.270140000000000000e+19 -5.790083482861518860e-02 1.042721197009086609e-01
-1.959638825868458980e+03 -1.966922506356987924e+03 -2.209245722647414823e+03 2.270340000000000000e+19 8.581729978322982788e-02 4.657756164669990540e-02
-1.958042092378162351e+03 -1.971538040934905666e+03 -2.206545446790878032e+03 2.270540000000000000e+19 4.560887068510055542e-02 6.777140498161315918e-02
-1.956754414897330207e+03 -1.975227811272686949e+03 -2.204386795570648701e+03 2.270740000000000000e+19 3.441468253731727600e-02 4.753466323018074036e-02
-1.955132050548677171e+03 -1.979836698424653150e+03 -2.201690445658925910e+03 2.270940000000000000e+19 1.193917393684387207e-01 -2.072249352931976318e-02
-1.951510280512840382e+03 -1.989962372534619590e+03 -2.195766670682666700e+03 2.271140000000000000e+19 -2.993896231055259705e-02 2.854378148913383484e-02
-1.950175922176904578e+03 -1.993639794670108131e+03 -2.193615311033556281e+03 2.271340000000000000e+19 1.679219491779804230e-02 -7.274804264307022095e-02
-1.948832246667647041e+03 -1.997314694268658741e+03 -2.191465440644321916e+03 2.271540000000000000e+19 1.874946244060993195e-02 3.034980222582817078e-02
-1.947479260396937661e+03 -2.000987053794388657e+03 -2.189317069773708226e+03 2.271740000000000000e+19 -1.822555065155029297e-01 1.546068117022514343e-02
-1.946116969844552841e+03 -2.004656855659559369e+03 -2.187170208710727820e+03 2.271940000000000000e+19 -3.790064156055450439e-02 1.048958897590637207e-01
-1.944745381530040731e+03 -2.008324082301450517e+03 -2.185024867729694961e+03 2.272140000000000000e+19 4.267109397915191948e-05 -8.161893486976623535e-02
-1.943364502022375518e+03 -2.011988716156935880e+03 -2.182881057105095806e+03 2.272340000000000000e+19 -2.268642485141754150e-01 1.009668931365013123e-01
-1.942090657509175344e+03 -2.015345704665437097e+03 -2.180917230747037138e+03 2.272540000000000000e+19 6.981328874826431274e-02 1.376598924398422241e-01
-1.951510280512840382e+03 -1.989962372534619590e+03 -2.195766670682666700e+03 2.272740000000000000e+19 3.326337784528732300e-02 5.571692436933517456e-02
-1.950175922176904578e+03 -1.993639794670108131e+03 -2.193615311033556281e+03 2.272940000000000000e+19 -1.288038045167922974e-01 3.572488203644752502e-02
-1.948832246667647041e+03 -1.997314694268658741e+03 -2.191465440644321916e+03 2.273140000000000000e+19 3.611044958233833313e-02 -2.029731683433055878e-02
-1.947479260396937661e+03 -2.000987053794388657e+03 -2.189317069773708226e+03 2.273340000000000000e+19 -4.116009920835494995e-02 -4.681200906634330750e-02
-1.946116969844552841e+03 -2.004656855659559369e+03 -2.187170208710727820e+03 2.273540000000000000e+19 6.450176984071731567e-02 -5.627205967903137207e-02
-1.944745381530040731e+03 -2.008324082301450517e+03 -2.185024867729694961e+03 2.273740000000000000e+19 -8.682274818420410156e-02 -2.916086465120315552e-02
-1.943364502022375518e+03 -2.011988716156935880e+03 -2.182881057105095806e+03 2.273940000000000000e+19 -9.099191986024379730e-03 8.944803476333618164e-02
-1.942090657509175344e+03 -2.015345704665437097e+03 -2.180917230747037138e+03 2.274140000000000000e+19 8.648761361837387085e-02 1.182073540985584259e-02
-1.937748204819574994e+03 -2.026620973347143263e+03 -2.174321323134994145e+03 2.274340000000000000e+19 -3.565729036927223206e-02 -5.333032831549644470e-02
-1.936320969343412344e+03 -2.030272380503144632e+03 -2.172185318010107039e+03 2.274540000000000000e+19 -7.482643425464630127e-02 -2.977824583649635315e-02
-1.934884482971491479e+03 -2.033921089884850971e+03 -2.170050904658547552e+03 2.274740000000000000e+19 -9.230562299489974976e-02 1.094432026147842407e-01
-1.933438752603485000e+03 -2.037567083966953078e+03 -2.167918093332222270e+03 2.274940000000000000e+19 -2.211393415927886963e-02 -6.813482195138931274e-02
-1.931983785127943520e+03 -2.041210345376829082e+03 -2.165786894193654916e+03 2.275140000000000000e+19 6.189846247434616089e-02 1.404839754104614258e-02
-1.930519587553666952e+03 -2.044850856564608193e+03 -2.163657317508988854e+03 2.275340000000000000e+19 3.184523060917854309e-02 -7.603175193071365356e-02
-1.929046166852411716e+03 -2.048488600196566040e+03 -2.161529373417861734e+03 2.275540000000000000e+19 2.265209564939141273e-03 -2.040218375623226166e-02
-1.927687552245723964e+03 -2.051820788037298826e+03 -2.159580179887291251e+03 2.275740000000000000e+19 -4.169137775897979736e-02 -1.165780946612358093e-01
-1.937748204819574994e+03 -2.026620973347143263e+03 -2.174321323134994145e+03 2.275940000000000000e+19 8.570475131273269653e-02 -1.627742648124694824e-01
-1.936320969343412344e+03 -2.030272380503144632e+03 -2.172185318010107039e+03 2.276140000000000000e+19 1.017889082431793213e-01 -7.270066440105438232e-02
-1.934884482971491479e+03 -2.033921089884850971e+03 -2.170050904658547552e+03 2.276340000000000000e+19 -6.540150195360183716e-02 3.336129710078239441e-02
-1.933438752603485000e+03 -2.037567083966953078e+03 -2.167918093332222270e+03 2.276540000000000000e+19 1.269129384309053421e-02 6.490461528301239014e-02
-1.931983785127943520e+03 -2.041210345376829082e+03 -2.165786894193654916e+03 2.276740000000000000e+19 4.618845880031585693e-03 2.241574786603450775e-02
-1.930519587553666952e+03 -2.044850856564608193e+03 -2.163657317508988854e+03 2.276940000000000000e+19 -3.979200497269630432e-02 -3.386015072464942932e-02
-1.929046166852411716e+03 -2.048488600196566040e+03 -2.161529373417861734e+03 2.277140000000000000e+19 6.694057583808898926e-02 -3.912969678640365601e-02
-1.927687552245723964e+03 -2.051820788037298826e+03 -2.159580179887291251e+03 2.277340000000000000e+19 2.990169636905193329e-02 8.387432433664798737e-03
-1.923060394569452455e+03 -2.063011550927298686e+03 -2.153034126694367387e+03 2.277540000000000000e+19 -2.982147783041000366e-02 1.221830844879150391e-01
-1.921540964931948110e+03 -2.066635195794493029e+03 -2.150914498236381405e+03 2.277740000000000000e+19 -7.546126842498779297e-02 2.279074676334857941e-02
-1.920012355163083384e+03 -2.070255968788545943e+03 -2.148796563392644202e+03 2.277940000000000000e+19 -2.344905771315097809e-02 1.043728739023208618e-02
-1.918474572541120097e+03 -2.073873852669661574e+03 -2.146680332247394745e+03 2.278140000000000000e+19 1.076315622776746750e-02 -2.449218183755874634e-02
-1.916927624468358317e+03 -2.077488830022792172e+03 -2.144565814987315207e+03 2.278340000000000000e+19 6.998196989297866821e-02 1.484902296215295792e-02
-1.915371518304999654e+03 -2.081100883648332911e+03 -2.142453021673004969e+03 2.278540000000000000e+19 -6.276823580265045166e-02 6.449161563068628311e-03
-1.913806261541535378e+03 -2.084709996159299408e+03 -2.140341962474601587e+03 2.278740000000000000e+19 -5.302410572767257690e-02 8.042893558740615845e-02
-1.912363526961121806e+03 -2.088015788829243320e+03 -2.138408334489880872e+03 2.278940000000000000e+19 3.901974856853485107e-02 -7.875744253396987915e-02
-1.923060394569452455e+03 -2.063011550927298686e+03 -2.153034126694367387e+03 2.279140000000000000e+19 4.038312658667564392e-02 -8.858299255371093750e-02
-1.921540964931948110e+03 -2.066635195794493029e+03 -2.150914498236381405e+03 2.279340000000000000e+19 -6.501525640487670898e-02 4.608989506959915161e-02
-1.920012355163083384e+03 -2.070255968788545943e+03 -2.148796563392644202e+03 2.279540000000000000e+19 -9.448179043829441071e-03 6.249901652336120605e-02
-1.918474572541120097e+03 -2.073873852669661574e+03 -2.146680332247394745e+03 2.279740000000000000e+19 9.189400821924209595e-02 4.122949764132499695e-02
-1.916927624468358317e+03 -2.077488830022792172e+03 -2.144565814987315207e+03 2.279940000000000000e+19 -5.374336615204811096e-02 7.423438131809234619e-02
-1.915371518304999654e+03 -2.081100883648332911e+03 -2.142453021673004969e+03 2.280140000000000000e+19 -5.604248866438865662e-02 6.772415339946746826e-02
-1.913806261541535378e+03 -2.084709996159299408e+03 -2.140341962474601587e+03 2.280340000000000000e+19 -1.276159733533859253e-01 -2.957795001566410065e-02
-1.912363526961121806e+03 -2.088015788829243320e+03 -2.138408334489880872e+03 2.280540000000000000e+19 6.435072980821132660e-03 -1.365577057003974915e-02
-1.907721475728931409e+03 -2.098517370894246596e+03 -2.132265815096556253e+03 2.280740000000000000e+19 -5.173939839005470276e-02 -2.054745890200138092e-02
-1.906112097332551684e+03 -2.102112025064082445e+03 -2.130163279566888377e+03 2.280940000000000000e+19 1.256381627172231674e-02 5.137329176068305969e-02
-1.904493612621935881e+03 -2.105703637628346314e+03 -2.128062536931823615e+03 2.281140000000000000e+19 5.150950700044631958e-02 -1.415270566940307617e-01
-1.902866029371037712e+03 -2.109292191336013730e+03 -2.125963597281520379e+03 2.281340000000000000e+19 -5.087390914559364319e-02 -6.882268935441970825e-02
-1.901229355323799382e+03 -2.112877669113228421e+03 -2.123866470602443769e+03 2.281540000000000000e+19 5.022172816097736359e-03 1.271606422960758209e-02
-1.899583598352741319e+03 -2.116460053713388788e+03 -2.121771166982028717e+03 2.281740000000000000e+19 1.860590837895870209e-02 1.780751645565032959e-01
-1.897928766311270238e+03 -2.120039328042106717e+03 -2.119677696418620144e+03 2.281940000000000000e+19 4.043690860271453857e-02 4.188073426485061646e-02
-1.896403986868233687e+03 -2.123317622572460095e+03 -2.117760277021634920e+03 2.282140000000000000e+19 -3.019478730857372284e-02 -1.561678647994995117e-01
-1.907721475728931409e+03 -2.098517370894246596e+03 -2.132265815096556253e+03 2.282340000000000000e+19 -1.243029162287712097e-01 -8.245408535003662109e-03
-1.906112097332551684e+03 -2.102112025064082445e+03 -2.130163279566888377e+03 2.282540000000000000e+19 -1.363682150840759277e-01 1.466275602579116821e-01
-1.904493612621935881e+03 -2.105703637628346314e+03 -2.128062536931823615e+03 2.282740000000000000e+19 4.631149023771286011e-02 9.353666682727634907e-04
-1.902866029371037712e+03 -2.109292191336013730e+03 -2.125963597281520379e+03 2.282940000000000000e+19 8.977272361516952515e-02 8.486495912075042725e-02
-1.901229355323799382e+03 -2.112877669113228421e+03 -2.123866470602443769e+03 2.283140000000000000e+19 2.108369395136833191e-02 -9.060715883970260620e-02
-1.899583598352741319e+03 -2.116460053713388788e+03 -2.121771166982028717e+03 2.283340000000000000e+19 1.895731687545776367e-02 1.619187891483306885e-01
-1.897928766311270238e+03 -2.120039328042106717e+03 -2.119677696418620144e+03 2.283540000000000000e+19 -1.075045466423034668e-01 -2.577029168605804443e-03
-1.896403986868233687e+03 -2.123317622572460095e+03 -2.117760277021634920e+03 2.283740000000000000e+19 -4.833027347922325134e-02 1.147429347038269043e-01
-1.891218846535128705e+03 -2.134324980165737088e+03 -2.111322345044079611e+03 2.283940000000000000e+19 -6.278795748949050903e-02 -3.381133824586868286e-02
-1.889518758849319283e+03 -2.137888446396159452e+03 -2.109238189928741122e+03 2.284140000000000000e+19 3.074560873210430145e-02 -8.777584135532379150e-02
-1.887809644236967415e+03 -2.141448699854051029e+03 -2.107155927820905163e+03 2.284340000000000000e+19 4.863760434091091156e-03 -2.112104557454586029e-02
-1.886091510931036055e+03 -2.145005723389374452e+03 -2.105075568750996354e+03 2.284540000000000000e+19 9.587735868990421295e-03 -9.855274856090545654e-02
-1.884364367112183118e+03 -2.148559500065869997e+03 -2.102997122624338317e+03 2.284740000000000000e+19 -6.758065428584814072e-03 -9.726933389902114868e-02
-1.882628221057962037e+03 -2.152110012851288502e+03 -2.100920599402330481e+03 2.284940000000000000e+19 1.001470685005187988e-01 1.603786945343017578e-01
-1.880883081101369726e+03 -2.155657244704364075e+03 -2.098846009051576857e+03 2.285140000000000000e+19 4.756387323141098022e-03 9.327463805675506592e-02
-1.879275589996600957e+03 -2.158906019418750020e+03 -2.096945982811069825e+03 2.285340000000000000e+19 -3.041486814618110657e-02 1.741500571370124817e-02
-1.891218846535128705e+03 -2.134324980165737088e+03 -2.111322345044079611e+03 2.285540000000000000e+19 6.153349205851554871e-02 6.297240499407052994e-03
-1.889518758849319283e+03 -2.137888446396159452e+03 -2.109238189928741122e+03 2.285740000000000000e+19 6.716889794915914536e-03 -4.595850780606269836e-02
-1.887809644236967415e+03 -2.141448699854051029e+03 -2.107155927820905163e+03 2.285940000000000000e+19 2.178313732147216797e-01 -6.870868802070617676e-02
-1.886091510931036055e+03 -2.145005723389374452e+03 -2.105075568750996354e+03 2.286140000000000000e+19 4.255308583378791809e-02 -6.337645649909973145e-02
-1.884364367112183118e+03 -2.148559500065869997e+03 -2.102997122624338317e+03 2.286340000000000000e+19 -1.997928023338317871e-01 8.653353154659271240e-02
-1.882628221057962037e+03 -2.152110012851288502e+03 -2.100920599402330481e+03 2.286540000000000000e+19 -1.481243073940277100e-01 1.834444142878055573e-02
-1.880883081101369726e+03 -2.155657244704364075e+03 -2.098846009051576857e+03 2.286740000000000000e+19 -3.816758468747138977e-02 1.924300007522106171e-02
-1.879275589996600957e+03 -2.158906019418750020e+03 -2.096945982811069825e+03 2.286940000000000000e+19 1.680390560068190098e-04 -3.423951193690299988e-02
-1.873812749733281407e+03 -2.169813023916462498e+03 -2.090567174551240441e+03 2.287140000000000000e+19 8.853261172771453857e-02 1.523119360208511353e-01
-1.872022766298618990e+03 -2.173343596993202482e+03 -2.088502397173647751e+03 2.287340000000000000e+19 -7.481916691176593304e-04 -1.279657632112503052e-01
-1.870223839717276405e+03 -2.176870787519501391e+03 -2.086439612097363806e+03 2.287540000000000000e+19 -1.224200502038002014e-01 5.595713853836059570e-02
-1.868415978554656022e+03 -2.180394578701168030e+03 -2.084378829144025985e+03 2.287740000000000000e+19 -8.955813944339752197e-02 -4.273439571261405945e-02
-1.866599191513063033e+03 -2.183914953576069820e+03 -2.082320058233417058e+03 2.287940000000000000e+19 2.560979872941970825e-02 -3.393244743347167969e-02
-1.864773487236637266e+03 -2.187431895394636740e+03 -2.080263309160913650e+03 2.288140000000000000e+19 -6.099234521389007568e-02 -5.339417606592178345e-02
-1.862938874513586597e+03 -2.190945387227810897e+03 -2.078208591826849442e+03 2.288340000000000000e+19 4.793681576848030090e-02 3.357333689928054810e-02
-1.861249441016026594e+03 -2.194163087419254680e+03 -2.076326868003085110e+03 2.288540000000000000e+19 -1.262679602950811386e-02 5.969584733247756958e-02
-1.873812749733281407e+03 -2.169813023916462498e+03 -2.090567174551240441e+03 2.288740000000000000e+19 2.439296059310436249e-02 1.024351194500923157e-01
-1.872022766298618990e+03 -2.173343596993202482e+03 -2.088502397173647751e+03 2.288940000000000000e+19 -1.469275057315826416e-01 1.330358237028121948e-01
-1.870223839717276405e+03 -2.176870787519501391e+03 -2.086439612097363806e+03 2.289140000000000000e+19 -5.797334015369415283e-02 -2.825971692800521851e-02
-1.868415978554656022e+03 -2.180394578701168030e+03 -2.084378829144025985e+03 2.289340000000000000e+19 5.016203224658966064e-02 -1.046943888068199158e-01
-1.866599191513063033e+03 -2.183914953576069820e+03 -2.082320058233417058e+03 2.289540000000000000e+19 8.035703003406524658e-02 3.735854057595133781e-03
-1.864773487236637266e+03 -2.187431895394636740e+03 -2.080263309160913650e+03 2.289740000000000000e+19 9.556251764297485352e-02 3.605383262038230896e-02
-1.862938874513586597e+03 -2.190945387227810897e+03 -2.078208591826849442e+03 2.289940000000000000e+19 1.030461024492979050e-02 7.289433479309082031e-02
-1.861249441016026594e+03 -2.194163087419254680e+03 -2.076326868003085110e+03 2.290140000000000000e+19 2.655910328030586243e-02 -4.415952414274215698e-02
-1.855511515080452909e+03 -2.204964519263038255e+03 -2.070010236043928671e+03 2.290340000000000000e+19 -8.258815109729766846e-02 -7.954400032758712769e-02
-1.853632492534898120e+03 -2.208460509551952327e+03 -2.067965824548364253e+03 2.290540000000000000e+19 -4.736692644655704498e-03 8.771887049078941345e-03
-1.851744614848438459e+03 -2.211952949242749128e+03 -2.065923503629277093e+03 2.290740000000000000e+19 -6.363324820995330811e-03 -2.632052078843116760e-02
-1.849847891022982594e+03 -2.215441821682304635e+03 -2.063883283025130822e+03 2.290940000000000000e+19 4.556769505143165588e-02 2.825889922678470612e-02
-1.847942330148835481e+03 -2.218927110149433702e+03 -2.061845172514121714e+03 2.291140000000000000e+19 -4.331639409065246582e-02 8.809791505336761475e-02
-1.846027941378814603e+03 -2.222408797903810409e+03 -2.059809181885569160e+03 2.291340000000000000e+19 3.538917750120162964e-02 5.764951556921005249e-02
-1.844104733821440732e+03 -2.225886868380041506e+03 -2.057775320826431653e+03 2.291540000000000000e+19 2.751929499208927155e-02 -6.297654006630182266e-03
-1.842334166720794883e+03 -2.229071953660718464e+03 -2.055912800243557740e+03 2.291740000000000000e+19 -7.069020997732877731e-03 -2.839729562401771545e-02
-1.855511515080452909e+03 -2.204964519263038255e+03 -2.070010236043928671e+03 2.291940000000000000e+19 3.351908922195434570e-02 9.798555076122283936e-02
-1.853632492534898120e+03 -2.208460509551952327e+03 -2.067965824548364253e+03 2.292140000000000000e+19 5.618313327431678772e-02 -1.144467070698738098e-01
-1.851744614848438459e+03 -2.211952949242749128e+03 -2.065923503629277093e+03 2.292340000000000000e+19 1.187644675374031067e-01 5.606296285986900330e-02
-1.849847891022982594e+03 -2.215441821682304635e+03 -2.063883283025130822e+03 2.292540000000000000e+19 4.269663617014884949e-02 1.419704686850309372e-02
-1.847942330148835481e+03 -2.218927110149433702e+03 -2.061845172514121714e+03 2.292740000000000000e+19 9.920676797628402710e-02 -2.010126039385795593e-02
-1.846027941378814603e+03 -2.222408797903810409e+03 -2.059809181885569160e+03 2.292940000000000000e+19 1.136244088411331177e-01 -1.260144170373678207e-02
-1.844104733821440732e+03 -2.225886868380041506e+03 -2.057775320826431653e+03 2.293140000000000000e+19 -7.252571731805801392e-02 -3.273627161979675293e-02
-1.842334166720794883e+03 -2.229071953660718464e+03 -2.055912800243557740e+03 2.293340000000000000e+19 -1.369662396609783173e-02 3.242313489317893982e-02
