# Baseline: 5-12
# Entries: 128
# u [m], v [m], w [m], frequency [GHz], real, imag
7.221398192914011815e+02 -3.674507557645843008e+02 6.742287837445167042e+02 2.267940000000000000e+19 -2.706749439239501953e-01 8.107597380876541138e-02
7.235770297275176972e+02 -3.660877890599833222e+02 6.734288693690539276e+02 2.268140000000000000e+19 2.318457663059234619e-01 -1.679298281669616699e-01
7.250107794731901549e+02 -3.647221103915393883e+02 6.726273717200566580e+02 2.268340000000000000e+19 -2.015280425548553467e-01 3.064345009624958038e-02
7.264410616768868749e+02 -3.633537262855426206e+02 6.718242946277150622e+02 2.268540000000000000e+19 2.000989168882369995e-01 -1.226581260561943054e-01
7.275116023871460129e+02 -3.623257508732292536e+02 6.712210017489836673e+02 2.268740000000000000e+19 -1.309531033039093018e-01 2.885791957378387451e-01
7.292911960949754757e+02 -3.606088679685695411e+02 6.702134174937286843e+02 2.268940000000000000e+19 1.682846844196319580e-01 -3.108453750610351562e-01
7.307110346397038256e+02 -3.592324069225306289e+02 6.694056251782059235e+02 2.269140000000000000e+19 -1.048410385847091675e-01 -6.442756205797195435e-02
7.324810593959705329e+02 -3.575081719624651555e+02 6.683937489617032952e+02 2.269340000000000000e+19 2.158841118216514587e-02 -1.867322325706481934e-01
7.221398192914011815e+02 -3.674507557645843008e+02 6.742287837445167042e+02 2.269540000000000000e+19 -6.702759861946105957e-02 1.091569587588310242e-01
7.235770297275176972e+02 -3.660877890599833222e+02 6.734288693690539276e+02 2.269740000000000000e+19 1.287841349840164185e-01 1.271015554666519165e-01
7.250107794731901549e+02 -3.647221103915393883e+02 6.726273717200566580e+02 2.269940000000000000e+19 -8.955276757478713989e-02 3.428082540631294250e-02
7.264410616768868749e+02 -3.633537262855426206e+02 6.718242946277150622e+02 2.270140000000000000e+19 -2.852372452616691589e-02 -5.914351716637611389e-02
7.275116023871460129e+02 -3.623257508732292536e+02 6.712210017489836673e+02 2.270340000000000000e+19 -1.473989570513367653e-03 1.096082404255867004e-01
7.292911960949754757e+02 -3.606088679685695411e+02 6.702134174937286843e+02 2.270540000000000000e+19 -2.804504148662090302e-02 -8.325782418251037598e-02
7.307110346397038256e+02 -3.592324069225306289e+02 6.694056251782059235e+02 2.270740000000000000e+19 4.186578094959259033e-02 -6.690645962953567505e-02
7.324810593959705329e+02 -3.575081719624651555e+02 6.683937489617032952e+02 2.270940000000000000e+19 4.157522320747375488e-02 -1.497873514890670776e-01
7.363553729109028154e+02 -3.536998371420302760e+02 6.661588544324913528e+02 2.271140000000000000e+19 3.609429672360420227e-02 5.361513420939445496e-02
7.377576697312903207e+02 -3.523100463993166045e+02 6.653432808006760979e+02 2.271340000000000000e+19 -2.835482917726039886e-02 -2.618790045380592346e-02
7.391564379868873402e+02 -3.509176096392797035e+02 6.645261625966395513e+02 2.271540000000000000e+19 -8.139153942465782166e-03 -3.544081747531890869e-02
7.405516710030866534e+02 -3.495225335063896068e+02 6.637075037195321556e+02 2.271740000000000000e+19 -2.264338172972202301e-02 6.200510542839765549e-04
7.419433620978215913e+02 -3.481248246819810674e+02 6.628873080900983723e+02 2.271940000000000000e+19 -1.244832016527652740e-02 5.065755918622016907e-02
7.433315046108184561e+02 -3.467244898551161896e+02 6.620655796335777268e+02 2.272140000000000000e+19 1.107748150825500488e-01 7.005355507135391235e-02
7.447160918940101055e+02 -3.453215357323455805e+02 6.612423222854347387e+02 2.272340000000000000e+19 -1.160681899636983871e-02 -2.617127075791358948e-02
7.459822135131289542e+02 -3.440332323769648042e+02 6.604863493522311728e+02 2.272540000000000000e+19 3.441127762198448181e-02 -9.239266812801361084e-02
7.363553729109028154e+02 -3.536998371420302760e+02 6.661588544324913528e+02 2.272740000000000000e+19 1.624842733144760132e-02 -5.389607511460781097e-03
7.377576697312903207e+02 -3.523100463993166045e+02 6.653432808006760979e+02 2.272940000000000000e+19 -2.122916630469262600e-04 2.435554005205631256e-02
7.391564379868873402e+02 -3.509176096392797035e+02 6.645261625966395513e+02 2.273140000000000000e+19 -1.131079625338315964e-02 2.324183471500873566e-02
7.405516710030866534e+02 -3.495225335063896068e+02 6.637075037195321556e+02 2.273340000000000000e+19 6.330075114965438843e-02 -2.800101041793823242e-02
7.419433620978215913e+02 -3.481248246819810674e+02 6.628873080900983723e+02 2.273540000000000000e+19 -2.297513000667095184e-02 1.323409611359238625e-03
7.433315046108184561e+02 -3.467244898551161896e+02 6.620655796335777268e+02 2.273740000000000000e+19 7.166301459074020386e-02 -6.095492467284202576e-02
7.447160918940101055e+02 -3.453215357323455805e+02 6.612423222854347387e+02 2.273940000000000000e+19 7.283015549182891846e-02 -1.007238775491714478e-01
7.459822135131289542e+02 -3.440332323769648042e+02 6.604863493522311728e+02 2.274140000000000000e+19 5.457988753914833069e-02 4.309096559882164001e-02
7.502187565361724637e+02 -3.396836606746418852e+02 6.579340828379442883e+02 2.274340000000000000e+19 -4.585080593824386597e-02 -5.558343604207038879e-03
7.515854686371333173e+02 -3.382677110150449948e+02 6.571032402643974137e+02 2.274540000000000000e+19 -7.553052273578941822e-04 -4.921537358313798904e-03
7.529485860261308972e+02 -3.368491825118106249e+02 6.562708925361605452e+02 2.274740000000000000e+19 -6.971347332000732422e-02 -3.392378985881805420e-02
7.543081021559111150e+02 -3.354280819783500647e+02 6.554370436511305797e+02 2.274940000000000000e+19 -6.272433698177337646e-02 8.079367130994796753e-02
7.556640105485496406e+02 -3.340044161859446490e+02 6.546016975824453539e+02 2.275140000000000000e+19 6.235274951905012131e-03 5.016522109508514404e-02
7.570163046725635922e+02 -3.325781919925398142e+02 6.537648583540554910e+02 2.275340000000000000e+19 -1.261081453412771225e-02 -1.490453630685806274e-01
7.583649780892729950e+02 -3.311494161889503403e+02 6.529265299504836548e+02 2.275540000000000000e+19 1.113604158163070679e-01 7.812590897083282471e-02
7.595981220836509920e+02 -3.298375016984908825e+02 6.521567763495295367e+02 2.275740000000000000e+19 -3.052911907434463501e-02 2.162903361022472382e-02
7.502187565361724637e+02 -3.396836606746418852e+02 6.579340828379442883e+02 2.275940000000000000e+19 1.255093812942504883e-01 2.770024724304676056e-02
7.515854686371333173e+02 -3.382677110150449948e+02 6.571032402643974137e+02 2.276140000000000000e+19 3.755130246281623840e-02 -8.200766518712043762e-03
7.529485860261308972e+02 -3.368491825118106249e+02 6.562708925361605452e+02 2.276340000000000000e+19 3.024941310286521912e-02 2.993018180131912231e-02
7.543081021559111150e+02 -3.354280819783500647e+02 6.554370436511305797e+02 2.276540000000000000e+19 4.430084303021430969e-02 4.538208991289138794e-02
7.556640105485496406e+02 -3.340044161859446490e+02 6.546016975824453539e+02 2.276740000000000000e+19 2.158741094172000885e-02 -1.341639831662178040e-02
7.570163046725635922e+02 -3.325781919925398142e+02 6.537648583540554910e+02 2.276940000000000000e+19 6.308787316083908081e-02 -6.604292988777160645e-02
7.583649780892729950e+02 -3.311494161889503403e+02 6.529265299504836548e+02 2.277140000000000000e+19 -1.929720281623303890e-03 -6.328165531158447266e-02
7.595981220836509920e+02 -3.298375016984908825e+02 6.521567763495295367e+02 2.277340000000000000e+19 -4.695470258593559265e-02 -1.040870472788810730e-01
7.637233357616785270e+02 -3.254089339095987725e+02 6.495584049896660872e+02 2.277540000000000000e+19 -1.030675172805786133e-01 -9.843293577432632446e-02
7.650538091312133702e+02 -3.239675029090799967e+02 6.487126910586174517e+02 2.277740000000000000e+19 -1.217661704868078232e-02 -6.740649044513702393e-02
7.663806233048300101e+02 -3.225235615319276121e+02 6.478655121454451091e+02 2.277940000000000000e+19 9.046162664890289307e-02 -3.728472860530018806e-03
7.677037719650974168e+02 -3.210771166532628627e+02 6.470168722838729991e+02 2.278140000000000000e+19 -6.928235292434692383e-02 -5.485672131180763245e-02
7.690232487429187813e+02 -3.196281752357020878e+02 6.461667755589219269e+02 2.278340000000000000e+19 1.225927472114562988e-01 1.145214959979057312e-02
7.703390473603983537e+02 -3.181767441731303734e+02 6.453152260152484132e+02 2.278540000000000000e+19 3.346326062455773354e-03 -7.204654812812805176e-02
7.716511614838163950e+02 -3.167228304521620430e+02 6.444622277518774354e+02 2.278740000000000000e+19 -9.436681866645812988e-02 -2.497742697596549988e-02
7.728507377760013242e+02 -3.153879325983345439e+02 6.436790618225616072e+02 2.278940000000000000e+19 -1.052269190549850464e-01 3.106071613729000092e-02
7.637233357616785270e+02 -3.254089339095987725e+02 6.495584049896660872e+02 2.279140000000000000e+19 7.011661678552627563e-02 1.811133883893489838e-02
7.650538091312133702e+02 -3.239675029090799967e+02 6.487126910586174517e+02 2.279340000000000000e+19 2.786517608910799026e-03 4.029816482216119766e-03
7.663806233048300101e+02 -3.225235615319276121e+02 6.478655121454451091e+02 2.279540000000000000e+19 -3.659670799970626831e-02 1.344666670775040984e-04
7.677037719650974168e+02 -3.210771166532628627e+02 6.470168722838729991e+02 2.279740000000000000e+19 3.443333506584167480e-02 2.552793733775615692e-02
7.690232487429187813e+02 -3.196281752357020878e+02 6.461667755589219269e+02 2.279940000000000000e+19 -9.237015247344970703e-02 -9.604811668395996094e-02
7.703390473603983537e+02 -3.181767441731303734e+02 6.453152260152484132e+02 2.280140000000000000e+19 1.098581403493881226e-01 -1.315690856426954269e-02
7.716511614838163950e+02 -3.167228304521620430e+02 6.444622277518774354e+02 2.280340000000000000e+19 -5.426594242453575134e-02 1.536459429189562798e-03
7.728507377760013242e+02 -3.153879325983345439e+02 6.436790618225616072e+02 2.280540000000000000e+19 2.600063197314739227e-02 2.332837879657745361e-02
7.766466868596181712e+02 -3.111266207172311624e+02 6.411790537898946241e+02 2.280740000000000000e+19 2.114575821906328201e-03 8.914106339216232300e-02
7.779409044933878477e+02 -3.096608056699161011e+02 6.403191109874235281e+02 2.280940000000000000e+19 6.676980294287204742e-03 -1.309520006179809570e-01
7.792314012754527539e+02 -3.081925486939215943e+02 6.394577433605005581e+02 2.281140000000000000e+19 -7.444583461619913578e-04 2.306827604770660400e-01
7.805181710074142529e+02 -3.067218568415426034e+02 6.385949550464275717e+02 2.281340000000000000e+19 7.911131531000137329e-02 -2.498748451471328735e-01
7.818012075670287686e+02 -3.052487371101742042e+02 6.377307501502606328e+02 2.281540000000000000e+19 3.037743270397186279e-01 -1.311319135129451752e-02
7.830805047827119552e+02 -3.037731965856751231e+02 6.368651328289168987e+02 2.281740000000000000e+19 1.106818690896034241e-01 1.323251724243164062e-01
7.843560565499791437e+02 -3.022952423090842444e+02 6.359981072129836548e+02 2.281940000000000000e+19 1.286069601774215698e-01 2.932597398757934570e-01
7.855220646711115933e+02 -3.009383670885578681e+02 6.352021179650296290e+02 2.282140000000000000e+19 -1.957513093948364258e-01 9.551028907299041748e-02
7.766466868596181712e+02 -3.111266207172311624e+02 6.411790537898946241e+02 2.282340000000000000e+19 -9.556254744529724121e-02 2.472885698080062866e-02
7.779409044933878477e+02 -3.096608056699161011e+02 6.403191109874235281e+02 2.282540000000000000e+19 -1.052567642182111740e-02 -1.271732449531555176e-01
7.792314012754527539e+02 -3.081925486939215943e+02 6.394577433605005581e+02 2.282740000000000000e+19 1.197303310036659241e-01 -5.463485792279243469e-02
7.805181710074142529e+02 -3.067218568415426034e+02 6.385949550464275717e+02 2.282940000000000000e+19 7.793681323528289795e-02 9.138676524162292480e-02
7.818012075670287686e+02 -3.052487371101742042e+02 6.377307501502606328e+02 2.283140000000000000e+19 -6.517619360238313675e-03 -3.725199401378631592e-02
7.830805047827119552e+02 -3.037731965856751231e+02 6.368651328289168987e+02 2.283340000000000000e+19 1.282096207141876221e-01 -5.134843289852142334e-02
7.843560565499791437e+02 -3.022952423090842444e+02 6.359981072129836548e+02 2.283540000000000000e+19 1.391669064760208130e-01 4.143299534916877747e-02
7.855220646711115933e+02 -3.009383670885578681e+02 6.352021179650296290e+02 2.283740000000000000e+19 -4.731136560440063477e-02 -1.563563570380210876e-02
7.894206872751144601e+02 -2.963594293625793625e+02 6.325160049183002684e+02 2.283940000000000000e+19 -7.492830604314804077e-02 -2.149426378309726715e-02
7.906774205576654140e+02 -2.948695126931885397e+02 6.316420002281224697e+02 2.284140000000000000e+19 1.341344136744737625e-02 -6.076625734567642212e-02
7.919303720524283108e+02 -2.933772248616078855e+02 6.307666122277101977e+02 2.284340000000000000e+19 -5.875341594219207764e-02 -4.327756166458129883e-02
7.931795357238386259e+02 -2.918825730563154934e+02 6.298898451338842506e+02 2.284540000000000000e+19 5.434820801019668579e-02 2.819430083036422729e-02
7.944249056241906146e+02 -2.903855643938858293e+02 6.290117031212494112e+02 2.284740000000000000e+19 -5.961327627301216125e-02 6.014895625412464142e-03
7.956664757847412375e+02 -2.888862060490002932e+02 6.281321903984608070e+02 2.284940000000000000e+19 -1.055966713465750217e-03 1.383493561297655106e-02
7.969042402463975350e+02 -2.873845052181020492e+02 6.272513111869003524e+02 2.285140000000000000e+19 -1.350054293870925903e-01 9.118393063545227051e-02
7.980355580190177989e+02 -2.860059240840449775e+02 6.264426590394535879e+02 2.285340000000000000e+19 -8.239349722862243652e-02 1.112197060137987137e-02
7.894206872751144601e+02 -2.963594293625793625e+02 6.325160049183002684e+02 2.285540000000000000e+19 7.960880547761917114e-02 -9.028663858771324158e-03
7.906774205576654140e+02 -2.948695126931885397e+02 6.316420002281224697e+02 2.285740000000000000e+19 -9.550578892230987549e-03 1.419262439012527466e-01
7.919303720524283108e+02 -2.933772248616078855e+02 6.307666122277101977e+02 2.285940000000000000e+19 6.541825830936431885e-02 -7.404304295778274536e-02
7.931795357238386259e+02 -2.918825730563154934e+02 6.298898451338842506e+02 2.286140000000000000e+19 -1.115656271576881409e-01 7.375761866569519043e-02
7.944249056241906146e+02 -2.903855643938858293e+02 6.290117031212494112e+02 2.286340000000000000e+19 8.004132541827857494e-04 2.496676705777645111e-02
7.956664757847412375e+02 -2.888862060490002932e+02 6.281321903984608070e+02 2.286540000000000000e+19 1.250066887587308884e-02 6.710279732942581177e-02
7.969042402463975350e+02 -2.873845052181020492e+02 6.272513111869003524e+02 2.286740000000000000e+19 -6.863834708929061890e-02 -7.688618451356887817e-02
7.980355580190177989e+02 -2.860059240840449775e+02 6.264426590394535879e+02 2.286940000000000000e+19 -5.299272015690803528e-02 4.384501650929450989e-02
8.018171230487737375e+02 -2.813544207646804125e+02 6.237142137628570708e+02 2.287140000000000000e+19 -6.763660348951816559e-03 5.973558872938156128e-02
8.030357706006972194e+02 -2.798411154392347271e+02 6.228265654203831900e+02 2.287340000000000000e+19 4.700393229722976685e-02 -2.034813724458217621e-02
8.042505771865603492e+02 -2.783255109154011961e+02 6.219375759805910775e+02 2.287540000000000000e+19 -3.284062445163726807e-02 5.326263234019279480e-02
8.054615370222676347e+02 -2.768076144095316522e+02 6.210472496762884020e+02 2.287740000000000000e+19 -1.054264679551124573e-01 -6.903285533189773560e-02
8.066686442787379292e+02 -2.752874332281684815e+02 6.201555907931488036e+02 2.287940000000000000e+19 -4.750887677073478699e-02 6.896030157804489136e-02
8.078718932127075050e+02 -2.737649746041799972e+02 6.192626035735817140e+02 2.288140000000000000e+19 3.968387376517057419e-03 -2.577457949519157410e-02
8.090712780322613753e+02 -2.722402458660594675e+02 6.183682923160787368e+02 2.288340000000000000e+19 4.984200745820999146e-02 6.243761628866195679e-02
8.101673640629419424e+02 -2.708406185412276841e+02 6.175473642513984487e+02 2.288540000000000000e+19 5.839361622929573059e-02 -5.096480250358581543e-02
8.018171230487737375e+02 -2.813544207646804125e+02 6.237142137628570708e+02 2.288740000000000000e+19 3.814595937728881836e-02 1.386184990406036377e-01
8.030357706006972194e+02 -2.798411154392347271e+02 6.228265654203831900e+02 2.288940000000000000e+19 8.761468529701232910e-02 5.755937309004366398e-04
8.042505771865603492e+02 -2.783255109154011961e+02 6.219375759805910775e+02 2.289140000000000000e+19 -2.041769772768020630e-02 -1.762439496815204620e-02
8.054615370222676347e+02 -2.768076144095316522e+02 6.210472496762884020e+02 2.289340000000000000e+19 7.142273336648941040e-02 4.025417566299438477e-02
8.066686442787379292e+02 -2.752874332281684815e+02 6.201555907931488036e+02 2.289540000000000000e+19 -6.716538965702056885e-02 -3.813482355326414108e-03
8.078718932127075050e+02 -2.737649746041799972e+02 6.192626035735817140e+02 2.289740000000000000e+19 -1.640228629112243652e-01 -5.707914475351572037e-03
8.090712780322613753e+02 -2.722402458660594675e+02 6.183682923160787368e+02 2.289940000000000000e+19 4.005532246083021164e-03 9.315350092947483063e-03
8.101673640629419424e+02 -2.708406185412276841e+02 6.175473642513984487e+02 2.290140000000000000e+19 3.211491182446479797e-02 -2.420562505722045898e-02
8.138300618505294324e+02 -2.661187756133118683e+02 6.147778924475918529e+02 2.290340000000000000e+19 4.749701172113418579e-02 3.782398626208305359e-02
8.150100404618593757e+02 -2.645828058581046207e+02 6.138770252570641333e+02 2.290540000000000000e+19 9.439587593078613281e-02 -6.592217087745666504e-02
8.161861208061205843e+02 -2.630446099217472806e+02 6.129748597964346573e+02 2.290740000000000000e+19 1.794952154159545898e-02 4.220993071794509888e-02
8.173582972753424656e+02 -2.615041951388276402e+02 6.120714003675051345e+02 2.290940000000000000e+19 5.116030573844909668e-02 7.954079657793045044e-02
8.185265642515762465e+02 -2.599615688920639514e+02 6.111666513002710417e+02 2.291140000000000000e+19 -1.182206198573112488e-01 6.528732180595397949e-02
8.196909161235140573e+02 -2.584167385909531731e+02 6.102606169403987906e+02 2.291340000000000000e+19 1.258739680051803589e-01 -2.378263883292675018e-02
8.208513473513639838e+02 -2.568697115856282380e+02 6.093533015987005683e+02 2.291540000000000000e+19 -6.665979325771331787e-02 -1.264979690313339233e-02
8.219116769233700097e+02 -2.554497081105535869e+02 6.085204906180166518e+02 2.291740000000000000e+19 -6.335736252367496490e-03 -6.155870854854583740e-03
8.138300618505294324e+02 -2.661187756133118683e+02 6.147778924475918529e+02 2.291940000000000000e+19 8.293924480676651001e-02 -8.629239164292812347e-03
8.150100404618593757e+02 -2.645828058581046207e+02 6.138770252570641333e+02 2.292140000000000000e+19 -4.578646272420883179e-02 -5.581500008702278137e-03
8.161861208061205843e+02 -2.630446099217472806e+02 6.129748597964346573e+02 2.292340000000000000e+19 2.223643707111477852e-03 4.507815837860107422e-02
8.173582972753424656e+02 -2.615041951388276402e+02 6.120714003675051345e+02 2.292540000000000000e+19 3.284829854965209961e-02 -7.049878686666488647e-02
8.185265642515762465e+02 -2.599615688920639514e+02 6.111666513002710417e+02 2.292740000000000000e+19 1.394859701395034790e-02 -6.786138564348220825e-02
8.196909161235140573e+02 -2.584167385909531731e+02 6.102606169403987906e+02 2.292940000000000000e+19 -9.156595915555953979e-02 -1.837572455406188965e-02
8.208513473513639838e+02 -2.568697115856282380e+02 6.093533015987005683e+02 2.293140000000000000e+19 3.768594190478324890e-02 4.235800355672836304e-02
8.219116769233700097e+02 -2.554497081105535869e+02 6.085204906180166518e+02 2.293340000000000000e+19 1.217503752559423447e-02 5.723511800169944763e-03
