# Baseline: 10-15
# Entries: 128
# u [m], v [m], w [m], frequency [GHz], real, imag, std(real), std(imag)
-1.326131621240045604e+02 4.623032758438134806e+02 -7.305279377454247935e+01 2.267940000000000111e+01 4.605103458743542433e-05 2.355053002247586846e-04 4.815537482500076294e-03 4.827934782952070236e-03
-1.335663501357366840e+02 4.620522044617450206e+02 -7.290453186309331102e+01 2.268140000000000001e+01 1.859390904428437352e-04 -2.146900078514590859e-04 4.815537482500076294e-03 4.827934782952070236e-03
-1.345188979992219913e+02 4.617993338375616190e+02 -7.275521734541270291e+01 2.268340000000000245e+01 -7.454520527971908450e-05 1.394656865159049630e-04 4.815537482500076294e-03 4.827934782952070236e-03
-1.354708011624577182e+02 4.615446651796872288e+02 -7.260485093505127452e+01 2.268540000000000134e+01 -5.470210089697502553e-05 -1.358111912850290537e-04 4.815537482500076294e-03 4.827934782952070236e-03
-1.364220550698728687e+02 4.612881997068648730e+02 -7.245343335160455922e+01 2.268740000000000023e+01 5.716627492802217603e-05 -6.394529918907210231e-05 4.815537482500076294e-03 4.827934782952070236e-03
-1.373726551690194526e+02 4.610299386464762392e+02 -7.230096531972317564e+01 2.268940000000000268e+01 -2.074190560961142182e-04 7.843835919629782438e-05 4.815537482500076294e-03 4.827934782952070236e-03
-1.383225968907213144e+02 4.607698832399190110e+02 -7.214744757228518779e+01 2.269140000000000157e+01 -4.458101175259798765e-04 5.958184920018538833e-05 4.815537482500076294e-03 4.827934782952070236e-03
-1.391928030766317477e+02 4.605299467026754314e+02 -7.200581479345063940e+01 2.269340000000000046e+01 -3.532737537170760334e-05 2.641949686221778393e-04 4.815537482500076294e-03 4.827934782952070236e-03
-1.326131621240045604e+02 4.623032758438134806e+02 -7.305279377454247935e+01 2.269540000000000290e+01 -4.949053982272744179e-04 1.654313819017261267e-04 4.815537482500076294e-03 4.827934782952070236e-03
-1.335663501357366840e+02 4.620522044617450206e+02 -7.290453186309331102e+01 2.269740000000000180e+01 -2.146145561710000038e-04 -3.249329165555536747e-04 4.815537482500076294e-03 4.827934782952070236e-03
-1.345188979992219913e+02 4.617993338375616190e+02 -7.275521734541270291e+01 2.269940000000000069e+01 -6.765332072973251343e-04 -2.022823755396530032e-04 4.815537482500076294e-03 4.827934782952070236e-03
-1.354708011624577182e+02 4.615446651796872288e+02 -7.260485093505127452e+01 2.270140000000000313e+01 2.341601611988153309e-05 1.697853876976296306e-04 4.815537482500076294e-03 4.827934782952070236e-03
-1.364220550698728687e+02 4.612881997068648730e+02 -7.245343335160455922e+01 2.270340000000000202e+01 1.314876317337621003e-05 2.645741624291986227e-04 4.815537482500076294e-03 4.827934782952070236e-03
-1.373726551690194526e+02 4.610299386464762392e+02 -7.230096531972317564e+01 2.270540000000000092e+01 -1.162419095635414124e-03 1.364443334750831127e-03 4.815537482500076294e-03 4.827934782952070236e-03
-1.383225968907213144e+02 4.607698832399190110e+02 -7.214744757228518779e+01 2.270739999999999981e+01 3.157066530548036098e-04 6.121915648691356182e-04 4.815537482500076294e-03 4.827934782952070236e-03
-1.391928030766317477e+02 4.605299467026754314e+02 -7.200581479345063940e+01 2.270940000000000225e+01 -8.514827350154519081e-04 -1.543782418593764305e-03 4.815537482500076294e-03 4.827934782952070236e-03
-1.421156893326384534e+02 4.597117431160000365e+02 -7.152289416324934734e+01 2.271140000000000114e+01 2.170354855479672551e-05 8.098795078694820404e-04 4.815537482500076294e-03 4.827934782952070236e-03
-1.430622711376234975e+02 4.594427347914136135e+02 -7.136413894286216930e+01 2.271340000000000003e+01 -1.179314785986207426e-04 -4.290373763069510460e-04 4.815537482500076294e-03 4.827934782952070236e-03
-1.440081673428325075e+02 4.591719397149325346e+02 -7.120433848935130072e+01 2.271540000000000248e+01 9.143922216026112437e-05 4.712701484095305204e-04 4.815537482500076294e-03 4.827934782952070236e-03
-1.449533734346411791e+02 4.588993591787584592e+02 -7.104349356526823556e+01 2.271740000000000137e+01 6.626199465245008469e-04 -1.271592103876173496e-03 4.815537482500076294e-03 4.827934782952070236e-03
-1.458978848862516600e+02 4.586249944883443277e+02 -7.088160494093904163e+01 2.271940000000000026e+01 1.708824187517166138e-03 -1.420890213921666145e-03 4.815537482500076294e-03 4.827934782952070236e-03
-1.468416971774799720e+02 4.583488469567228094e+02 -7.071867339111970807e+01 2.272140000000000271e+01 1.276701805181801319e-03 -1.794587005861103535e-03 4.815537482500076294e-03 4.827934782952070236e-03
-1.477848057882116848e+02 4.580709179064504042e+02 -7.055469969614230763e+01 2.272340000000000160e+01 8.045945432968437672e-04 1.598632894456386566e-03 4.815537482500076294e-03 4.827934782952070236e-03
-1.486487090752341373e+02 4.578146083773648343e+02 -7.040348889737228433e+01 2.272540000000000049e+01 2.316728932783007622e-03 -1.295566326007246971e-03 4.815537482500076294e-03 4.827934782952070236e-03
-1.421156893326384534e+02 4.597117431160000365e+02 -7.152289416324934734e+01 2.272740000000000293e+01 3.495266137178987265e-04 -5.774520686827600002e-04 4.815537482500076294e-03 4.827934782952070236e-03
-1.430622711376234975e+02 4.594427347914136135e+02 -7.136413894286216930e+01 2.272940000000000182e+01 -4.724498721770942211e-04 1.108417171053588390e-03 4.815537482500076294e-03 4.827934782952070236e-03
-1.440081673428325075e+02 4.591719397149325346e+02 -7.120433848935130072e+01 2.273140000000000072e+01 -6.583534996025264263e-04 1.890908170025795698e-04 4.815537482500076294e-03 4.827934782952070236e-03
-1.449533734346411791e+02 4.588993591787584592e+02 -7.104349356526823556e+01 2.273340000000000316e+01 -5.596132832579314709e-04 -1.538336044177412987e-03 4.815537482500076294e-03 4.827934782952070236e-03
-1.458978848862516600e+02 4.586249944883443277e+02 -7.088160494093904163e+01 2.273540000000000205e+01 3.464825451374053955e-03 1.966541167348623276e-03 4.815537482500076294e-03 4.827934782952070236e-03
-1.468416971774799720e+02 4.583488469567228094e+02 -7.071867339111970807e+01 2.273740000000000094e+01 -1.367555698379874229e-03 -1.834959693951532245e-04 4.815537482500076294e-03 4.827934782952070236e-03
-1.477848057882116848e+02 4.580709179064504042e+02 -7.055469969614230763e+01 2.273939999999999984e+01 6.245746626518666744e-04 4.331461677793413401e-04 4.815537482500076294e-03 4.827934782952070236e-03
-1.486487090752341373e+02 4.578146083773648343e+02 -7.040348889737228433e+01 2.274140000000000228e+01 -5.564649472944438457e-04 2.639922604430466890e-04 4.815537482500076294e-03 4.827934782952070236e-03
-1.515501132602690006e+02 4.569414132329170570e+02 -6.988839922492471146e+01 2.274340000000000117e+01 -2.895151730626821518e-03 1.070610014721751213e-03 4.815537482500076294e-03 4.827934782952070236e-03
-1.524896358477547835e+02 4.566545967073113275e+02 -6.971922667258552053e+01 2.274540000000000006e+01 -7.554647163487970829e-04 2.035894198343157768e-03 4.815537482500076294e-03 4.827934782952070236e-03
-1.534284277383058850e+02 4.563660067673393428e+02 -6.954901675585951182e+01 2.274740000000000251e+01 2.458173083141446114e-03 -7.443984504789113998e-04 4.815537482500076294e-03 4.827934782952070236e-03
-1.543664844227635058e+02 4.560756447991445270e+02 -6.937777029229307857e+01 2.274940000000000140e+01 2.819679211825132370e-03 1.304947189055383205e-03 4.815537482500076294e-03 4.827934782952070236e-03
-1.553038014314286954e+02 4.557835121862287906e+02 -6.920548809783606714e+01 2.275140000000000029e+01 4.076870391145348549e-04 -1.289454870857298374e-03 4.815537482500076294e-03 4.827934782952070236e-03
-1.562403742491758010e+02 4.554896103358390178e+02 -6.903217100239918125e+01 2.275340000000000273e+01 -2.544530201703310013e-03 -2.607829519547522068e-04 4.815537482500076294e-03 4.827934782952070236e-03
-1.571761984166635386e+02 4.551939406473817940e+02 -6.885781983122922156e+01 2.275540000000000163e+01 -5.881896242499351501e-03 -2.379047917202115059e-03 4.815537482500076294e-03 4.827934782952070236e-03
-1.580333853689406567e+02 4.549213807887111898e+02 -6.869710337778806775e+01 2.275740000000000052e+01 -4.471136257052421570e-03 3.017232054844498634e-03 4.815537482500076294e-03 4.827934782952070236e-03
-1.515501132602690006e+02 4.569414132329170570e+02 -6.988839922492471146e+01 2.275940000000000296e+01 1.974665559828281403e-03 -6.739956443198025227e-04 4.815537482500076294e-03 4.827934782952070236e-03
-1.524896358477547835e+02 4.566545967073113275e+02 -6.971922667258552053e+01 2.276140000000000185e+01 1.747952308505773544e-03 1.580479904077947140e-03 4.815537482500076294e-03 4.827934782952070236e-03
-1.534284277383058850e+02 4.563660067673393428e+02 -6.954901675585951182e+01 2.276340000000000074e+01 -1.967327669262886047e-03 -8.265522774308919907e-04 4.815537482500076294e-03 4.827934782952070236e-03
-1.543664844227635058e+02 4.560756447991445270e+02 -6.937777029229307857e+01 2.276540000000000319e+01 -4.322887863963842392e-03 3.116452367976307869e-03 4.815537482500076294e-03 4.827934782952070236e-03
-1.553038014314286954e+02 4.557835121862287906e+02 -6.920548809783606714e+01 2.276740000000000208e+01 6.829103454947471619e-03 2.059015212580561638e-03 4.815537482500076294e-03 4.827934782952070236e-03
-1.562403742491758010e+02 4.554896103358390178e+02 -6.903217100239918125e+01 2.276940000000000097e+01 -1.322963973507285118e-03 1.062188297510147095e-03 4.815537482500076294e-03 4.827934782952070236e-03
-1.571761984166635386e+02 4.551939406473817940e+02 -6.885781983122922156e+01 2.277139999999999986e+01 2.318952465429902077e-04 6.515849847346544266e-03 4.815537482500076294e-03 4.827934782952070236e-03
-1.580333853689406567e+02 4.549213807887111898e+02 -6.869710337778806775e+01 2.277340000000000231e+01 -1.118077780120074749e-03 2.708255778998136520e-03 4.815537482500076294e-03 4.827934782952070236e-03
-1.609119190008465239e+02 4.539936119601211431e+02 -6.815009116349820317e+01 2.277540000000000120e+01 8.764103055000305176e-03 1.286918763071298599e-03 4.815537482500076294e-03 4.827934782952070236e-03
-1.618439327809743133e+02 4.536891244844735525e+02 -6.797058223395019638e+01 2.277740000000000009e+01 -2.881956053897738457e-03 4.872402350883930922e-04 4.815537482500076294e-03 4.827934782952070236e-03
-1.627751710774437868e+02 4.533828777926757425e+02 -6.779004431227075145e+01 2.277940000000000254e+01 7.440777961164712906e-03 -2.681166864931583405e-03 4.815537482500076294e-03 4.827934782952070236e-03
-1.637056294562981691e+02 4.530748733428772539e+02 -6.760847825806756362e+01 2.278140000000000143e+01 2.260474022477865219e-03 -8.500045514665544033e-04 4.815537482500076294e-03 4.827934782952070236e-03
-1.646353034386859520e+02 4.527651126176933758e+02 -6.742588494533188737e+01 2.278340000000000032e+01 -8.735265582799911499e-04 -6.826732307672500610e-03 4.815537482500076294e-03 4.827934782952070236e-03
-1.655641886013375768e+02 4.524535970909285538e+02 -6.724226524282322259e+01 2.278540000000000276e+01 2.263326896354556084e-03 -4.275924584362655878e-05 4.815537482500076294e-03 4.827934782952070236e-03
-1.664922804729734196e+02 4.521403282620974551e+02 -6.705762003441729746e+01 2.278740000000000165e+01 2.025785855948925018e-03 3.742442466318607330e-03 4.815537482500076294e-03 4.827934782952070236e-03
-1.673423409136283624e+02 4.518516484981877284e+02 -6.688747483194401866e+01 2.278940000000000055e+01 6.676053162664175034e-03 2.989755710586905479e-03 4.815537482500076294e-03 4.827934782952070236e-03
-1.609119190008465239e+02 4.539936119601211431e+02 -6.815009116349820317e+01 2.279140000000000299e+01 1.815206022001802921e-03 -2.757602371275424957e-03 4.815537482500076294e-03 4.827934782952070236e-03
-1.618439327809743133e+02 4.536891244844735525e+02 -6.797058223395019638e+01 2.279340000000000188e+01 -3.315841779112815857e-03 -4.501432413235306740e-04 4.815537482500076294e-03 4.827934782952070236e-03
-1.627751710774437868e+02 4.533828777926757425e+02 -6.779004431227075145e+01 2.279540000000000077e+01 -4.799909889698028564e-03 5.148882628418505192e-04 4.815537482500076294e-03 4.827934782952070236e-03
-1.637056294562981691e+02 4.530748733428772539e+02 -6.760847825806756362e+01 2.279739999999999966e+01 2.325118752196431160e-03 2.558406675234436989e-03 4.815537482500076294e-03 4.827934782952070236e-03
-1.646353034386859520e+02 4.527651126176933758e+02 -6.742588494533188737e+01 2.279940000000000211e+01 -8.792220032773911953e-04 8.903795853257179260e-03 4.815537482500076294e-03 4.827934782952070236e-03
-1.655641886013375768e+02 4.524535970909285538e+02 -6.724226524282322259e+01 2.280140000000000100e+01 2.076373639283701777e-04 -4.433105234056711197e-03 4.815537482500076294e-03 4.827934782952070236e-03
-1.664922804729734196e+02 4.521403282620974551e+02 -6.705762003441729746e+01 2.280339999999999989e+01 1.452451222576200962e-03 8.051687618717551231e-04 4.815537482500076294e-03 4.827934782952070236e-03
-1.673423409136283624e+02 4.518516484981877284e+02 -6.688747483194401866e+01 2.280540000000000234e+01 -2.522021066397428513e-03 -4.095863259863108397e-04 4.815537482500076294e-03 4.827934782952070236e-03
-1.700425372036909550e+02 4.509232490880381192e+02 -6.634032918175617510e+01 2.280740000000000123e+01 2.621658495627343655e-05 5.550698842853307724e-04 4.815537482500076294e-03 4.827934782952070236e-03
-1.709667323624387052e+02 4.506015272274200356e+02 -6.615073989271665766e+01 2.280940000000000012e+01 4.634255310520529747e-05 -1.470801944378763437e-04 4.815537482500076294e-03 4.827934782952070236e-03
-1.718901083911808030e+02 4.502780609227887112e+02 -6.596013031832343643e+01 2.281140000000000256e+01 -1.556334609631448984e-04 2.543829614296555519e-04 4.815537482500076294e-03 4.827934782952070236e-03
-1.728126608548142258e+02 4.499528517278261006e+02 -6.576850137411936714e+01 2.281340000000000146e+01 -3.092819533776491880e-04 -2.983873710036277771e-04 4.815537482500076294e-03 4.827934782952070236e-03
-1.737343853639610245e+02 4.496259011898554832e+02 -6.557585397186356602e+01 2.281540000000000035e+01 -1.099945802707225084e-04 2.874108031392097473e-04 4.815537482500076294e-03 4.827934782952070236e-03
-1.746552774850124479e+02 4.492972108815326351e+02 -6.538218903820661865e+01 2.281740000000000279e+01 -1.732785021886229515e-04 -3.011093067470937967e-04 4.815537482500076294e-03 4.827934782952070236e-03
-1.755753328236671678e+02 4.489667823713365920e+02 -6.518750749730047289e+01 2.281940000000000168e+01 3.192610529367811978e-05 6.562184426002204418e-04 4.815537482500076294e-03 4.827934782952070236e-03
-1.764179887847862460e+02 4.486623860533119341e+02 -6.500817007469467512e+01 2.282140000000000057e+01 -3.628851845860481262e-04 -6.489327060990035534e-04 4.815537482500076294e-03 4.827934782952070236e-03
-1.700425372036909550e+02 4.509232490880381192e+02 -6.634032918175617510e+01 2.282340000000000302e+01 2.524136798456311226e-04 4.791798710357397795e-04 4.815537482500076294e-03 4.827934782952070236e-03
-1.709667323624387052e+02 4.506015272274200356e+02 -6.615073989271665766e+01 2.282540000000000191e+01 -5.055763758718967438e-04 -6.603068904951214790e-04 4.815537482500076294e-03 4.827934782952070236e-03
-1.718901083911808030e+02 4.502780609227887112e+02 -6.596013031832343643e+01 2.282740000000000080e+01 6.672735908068716526e-04 2.744191442616283894e-04 4.815537482500076294e-03 4.827934782952070236e-03
-1.728126608548142258e+02 4.499528517278261006e+02 -6.576850137411936714e+01 2.282939999999999969e+01 -6.042713648639619350e-04 1.481705694459378719e-04 4.815537482500076294e-03 4.827934782952070236e-03
-1.737343853639610245e+02 4.496259011898554832e+02 -6.557585397186356602e+01 2.283140000000000214e+01 1.393991115037351847e-04 3.547067462932318449e-04 4.815537482500076294e-03 4.827934782952070236e-03
-1.746552774850124479e+02 4.492972108815326351e+02 -6.538218903820661865e+01 2.283340000000000103e+01 -1.497322926297783852e-03 -1.477055484429001808e-03 4.815537482500076294e-03 4.827934782952070236e-03
-1.755753328236671678e+02 4.489667823713365920e+02 -6.518750749730047289e+01 2.283539999999999992e+01 4.398212186060845852e-04 6.135811418062075973e-05 4.815537482500076294e-03 4.827934782952070236e-03
-1.764179887847862460e+02 4.486623860533119341e+02 -6.500817007469467512e+01 2.283740000000000236e+01 6.758185918442904949e-04 -1.323645352385938168e-03 4.815537482500076294e-03 4.827934782952070236e-03
-1.792470983231051775e+02 4.476277180735640400e+02 -6.439863397404262457e+01 2.283940000000000126e+01 -2.825798874255269766e-04 -1.913210580823943019e-04 4.815537482500076294e-03 4.827934782952070236e-03
-1.801629037578840951e+02 4.472886224495498482e+02 -6.419888347495889036e+01 2.284140000000000015e+01 8.049418102018535137e-04 -1.449050381779670715e-03 4.815537482500076294e-03 4.827934782952070236e-03
-1.810778460649681563e+02 4.469477982314861606e+02 -6.399812202882832679e+01 2.284340000000000259e+01 1.079299254342913628e-03 -1.130871707573533058e-03 4.815537482500076294e-03 4.827934782952070236e-03
-1.819919208370064041e+02 4.466052470611534204e+02 -6.379635060273881209e+01 2.284540000000000148e+01 -6.099907332099974155e-04 -6.986694061197340488e-04 4.815537482500076294e-03 4.827934782952070236e-03
-1.829051237217652499e+02 4.462609705695625166e+02 -6.359357015739891494e+01 2.284740000000000038e+01 1.180968829430639744e-03 7.410948164761066437e-04 4.815537482500076294e-03 4.827934782952070236e-03
-1.838174503425222213e+02 4.459149704067010589e+02 -6.338978166466174713e+01 2.284940000000000282e+01 1.093124505132436752e-03 -8.438306394964456558e-04 4.815537482500076294e-03 4.827934782952070236e-03
-1.847288963204205459e+02 4.455672482332682307e+02 -6.318498610265397275e+01 2.285140000000000171e+01 -1.633586012758314610e-03 2.604000736027956009e-03 4.815537482500076294e-03 4.827934782952070236e-03
-1.855636224489867629e+02 4.452470134697124990e+02 -6.299638578746968420e+01 2.285340000000000060e+01 -4.210160113871097565e-03 1.311766682192683220e-03 4.815537482500076294e-03 4.827934782952070236e-03
-1.792470983231051775e+02 4.476277180735640400e+02 -6.439863397404262457e+01 2.285540000000000305e+01 -2.676686199265532196e-05 -1.143224071711301804e-03 4.815537482500076294e-03 4.827934782952070236e-03
-1.801629037578840951e+02 4.472886224495498482e+02 -6.419888347495889036e+01 2.285740000000000194e+01 -1.967313466593623161e-03 -8.572362130507826805e-04 4.815537482500076294e-03 4.827934782952070236e-03
-1.810778460649681563e+02 4.469477982314861606e+02 -6.399812202882832679e+01 2.285940000000000083e+01 9.339824464404955506e-05 1.555914408527314663e-03 4.815537482500076294e-03 4.827934782952070236e-03
-1.819919208370064041e+02 4.466052470611534204e+02 -6.379635060273881209e+01 2.286139999999999972e+01 1.419493579305708408e-03 8.474793867208063602e-05 4.815537482500076294e-03 4.827934782952070236e-03
-1.829051237217652499e+02 4.462609705695625166e+02 -6.359357015739891494e+01 2.286340000000000217e+01 1.498265919508412480e-04 -4.278798296581953764e-04 4.815537482500076294e-03 4.827934782952070236e-03
-1.838174503425222213e+02 4.459149704067010589e+02 -6.338978166466174713e+01 2.286540000000000106e+01 8.932375931181013584e-04 -1.777622266672551632e-03 4.815537482500076294e-03 4.827934782952070236e-03
-1.847288963204205459e+02 4.455672482332682307e+02 -6.318498610265397275e+01 2.286739999999999995e+01 -1.722053712001070380e-04 -1.436034683138132095e-03 4.815537482500076294e-03 4.827934782952070236e-03
-1.855636224489867629e+02 4.452470134697124990e+02 -6.299638578746968420e+01 2.286940000000000239e+01 -3.258158394601196051e-04 -9.623059886507689953e-04 4.815537482500076294e-03 4.827934782952070236e-03
-1.883657867332499052e+02 4.441591727998421106e+02 -6.235575281279847104e+01 2.287140000000000128e+01 2.918230136856436729e-03 5.097205867059528828e-04 4.815537482500076294e-03 4.827934782952070236e-03
-1.892727642068351770e+02 4.438028656792805577e+02 -6.214593669013323307e+01 2.287340000000000018e+01 1.485381275415420532e-03 7.726858602836728096e-04 4.815537482500076294e-03 4.827934782952070236e-03
-1.901788349299467882e+02 4.434448466562689646e+02 -6.193511945100811289e+01 2.287540000000000262e+01 1.972536265384405851e-04 4.062121734023094177e-04 4.815537482500076294e-03 4.827934782952070236e-03
-1.910839945884673341e+02 4.430851174354755244e+02 -6.172330209920797728e+01 2.287740000000000151e+01 2.538288477808237076e-03 2.997063798829913139e-03 4.815537482500076294e-03 4.827934782952070236e-03
-1.919882388253196552e+02 4.427236797484904969e+02 -6.151048565433742965e+01 2.287940000000000040e+01 5.062114796601235867e-04 1.852455432526767254e-03 4.815537482500076294e-03 4.827934782952070236e-03
-1.928915633382107444e+02 4.423605353149996517e+02 -6.129667112895376846e+01 2.288140000000000285e+01 2.495904685929417610e-03 1.803038176149129868e-03 4.815537482500076294e-03 4.827934782952070236e-03
-1.937939637789223468e+02 4.419956858830393571e+02 -6.108185955228398001e+01 2.288340000000000174e+01 1.802867191145196557e-04 2.056940924376249313e-03 4.815537482500076294e-03 4.827934782952070236e-03
-1.946203606154862769e+02 4.416597659230257591e+02 -6.088408659981175930e+01 2.288540000000000063e+01 -2.283955458551645279e-03 -2.101959660649299622e-03 4.815537482500076294e-03 4.827934782952070236e-03
-1.883657867332499052e+02 4.441591727998421106e+02 -6.235575281279847104e+01 2.288740000000000308e+01 -3.464286215603351593e-03 1.798599958419799805e-03 4.815537482500076294e-03 4.827934782952070236e-03
-1.892727642068351770e+02 4.438028656792805577e+02 -6.214593669013323307e+01 2.288940000000000197e+01 6.750547327101230621e-04 1.252944814041256905e-03 4.815537482500076294e-03 4.827934782952070236e-03
-1.901788349299467882e+02 4.434448466562689646e+02 -6.193511945100811289e+01 2.289140000000000086e+01 -1.972508849576115608e-03 5.569156492128968239e-04 4.815537482500076294e-03 4.827934782952070236e-03
-1.910839945884673341e+02 4.430851174354755244e+02 -6.172330209920797728e+01 2.289339999999999975e+01 4.936193581670522690e-03 1.470384886488318443e-03 4.815537482500076294e-03 4.827934782952070236e-03
-1.919882388253196552e+02 4.427236797484904969e+02 -6.151048565433742965e+01 2.289540000000000219e+01 1.112885656766593456e-03 4.427384585142135620e-03 4.815537482500076294e-03 4.827934782952070236e-03
-1.928915633382107444e+02 4.423605353149996517e+02 -6.129667112895376846e+01 2.289740000000000109e+01 -2.438506344333291054e-03 -3.272605361416935921e-03 4.815537482500076294e-03 4.827934782952070236e-03
-1.937939637789223468e+02 4.419956858830393571e+02 -6.108185955228398001e+01 2.289939999999999998e+01 3.665771335363388062e-03 1.700655557215213776e-03 4.815537482500076294e-03 4.827934782952070236e-03
-1.946203606154862769e+02 4.416597659230257591e+02 -6.088408659981175930e+01 2.290140000000000242e+01 2.717349445447325706e-03 4.081889055669307709e-03 4.815537482500076294e-03 4.827934782952070236e-03
-1.973942386678800176e+02 4.405192731520039615e+02 -6.021266332829399204e+01 2.290340000000000131e+01 5.077825393527746201e-03 -2.273235004395246506e-03 4.815537482500076294e-03 4.827934782952070236e-03
-1.982919541263239296e+02 4.401459250538135279e+02 -5.999288199454455395e+01 2.290540000000000020e+01 -5.046294070780277252e-03 3.201449289917945862e-04 4.815537482500076294e-03 4.827934782952070236e-03
-1.991887196740979959e+02 4.397708825532704395e+02 -5.977210984768414193e+01 2.290740000000000265e+01 -8.539353148080408573e-04 8.633859455585479736e-03 4.815537482500076294e-03 4.827934782952070236e-03
-2.000845310351257638e+02 4.393941474386779760e+02 -5.955034794041552004e+01 2.290940000000000154e+01 5.188727285712957382e-03 8.419105433858931065e-04 4.815537482500076294e-03 4.827934782952070236e-03
-2.009793839160368805e+02 4.390157215155907693e+02 -5.932759733556446946e+01 2.291140000000000043e+01 6.417902186512947083e-04 -3.201224375516176224e-03 4.815537482500076294e-03 4.827934782952070236e-03
-2.018732740187315358e+02 4.386356066016674617e+02 -5.910385910305137713e+01 2.291340000000000288e+01 -2.735138870775699615e-03 2.090690424665808678e-03 4.815537482500076294e-03 4.827934782952070236e-03
-2.027661970902059920e+02 4.382538045054657232e+02 -5.887913430740631071e+01 2.291540000000000177e+01 2.982848091050982475e-03 -4.545574076473712921e-03 4.815537482500076294e-03 4.827934782952070236e-03
-2.035838690197082030e+02 4.379023601651982176e+02 -5.867228339838749207e+01 2.291740000000000066e+01 2.652627183124423027e-03 5.688205361366271973e-03 4.815537482500076294e-03 4.827934782952070236e-03
-1.973942386678800176e+02 4.405192731520039615e+02 -6.021266332829399204e+01 2.291940000000000310e+01 6.421189755201339722e-03 1.167496899142861366e-03 4.815537482500076294e-03 4.827934782952070236e-03
-1.982919541263239296e+02 4.401459250538135279e+02 -5.999288199454455395e+01 2.292140000000000200e+01 8.089722134172916412e-03 1.529607106931507587e-03 4.815537482500076294e-03 4.827934782952070236e-03
-1.991887196740979959e+02 4.397708825532704395e+02 -5.977210984768414193e+01 2.292340000000000089e+01 -3.891440806910395622e-03 -2.276382874697446823e-03 4.815537482500076294e-03 4.827934782952070236e-03
-2.000845310351257638e+02 4.393941474386779760e+02 -5.955034794041552004e+01 2.292539999999999978e+01 -7.457031751982867718e-04 -8.163606747984886169e-03 4.815537482500076294e-03 4.827934782952070236e-03
-2.009793839160368805e+02 4.390157215155907693e+02 -5.932759733556446946e+01 2.292740000000000222e+01 -6.356723315548151731e-05 1.198301324620842934e-03 4.815537482500076294e-03 4.827934782952070236e-03
-2.018732740187315358e+02 4.386356066016674617e+02 -5.910385910305137713e+01 2.292940000000000111e+01 -1.458477694541215897e-03 4.243067465722560883e-03 4.815537482500076294e-03 4.827934782952070236e-03
-2.027661970902059920e+02 4.382538045054657232e+02 -5.887913430740631071e+01 2.293140000000000001e+01 -2.181446616305038333e-04 2.857045270502567291e-03 4.815537482500076294e-03 4.827934782952070236e-03
-2.035838690197082030e+02 4.379023601651982176e+02 -5.867228339838749207e+01 2.293340000000000245e+01 -6.660245824605226517e-03 -1.517423312179744244e-03 4.815537482500076294e-03 4.827934782952070236e-03
