# Baseline: 20-21
# Entries: 128
# u [m], v [m], w [m], frequency [GHz], real, imag, std(real), std(imag)
3.252479199166357375e+03 2.198814766521288675e+03 3.537581778104314708e+03 2.267940000000000111e+01 4.529358074069023132e-02 -1.734985262155532837e-01 1.502366364002227783e-01 1.658678352832794189e-01
3.252230600006198983e+03 2.204945900916482060e+03 3.533992339220988924e+03 2.268140000000000001e+01 -6.508030742406845093e-02 3.790846765041351318e-01 1.502366364002227783e-01 1.658678352832794189e-01
3.251966459269229290e+03 2.211076560255684399e+03 3.530403199031753957e+03 2.268340000000000245e+01 1.466334611177444458e-01 -4.824647679924964905e-02 1.502366364002227783e-01 1.658678352832794189e-01
3.251686778217846495e+03 2.217206715241863549e+03 3.526814374688284715e+03 2.268540000000000134e+01 -1.463348120450973511e-01 4.277087450027465820e-01 1.502366364002227783e-01 1.658678352832794189e-01
3.251467305457219027e+03 2.221804000283579626e+03 3.524122963187994173e+03 2.268740000000000023e+01 -2.550010383129119873e-01 -1.158965304493904114e-01 1.502366364002227783e-01 1.658678352832794189e-01
3.251080800599305803e+03 2.229465394808393739e+03 3.519637742237755447e+03 2.268940000000000268e+01 -2.325556613504886627e-02 7.473182678222656250e-01 1.502366364002227783e-01 1.658678352832794189e-01
3.250754506939020303e+03 2.235593860593832687e+03 3.516049968551147686e+03 2.269140000000000157e+01 2.839475572109222412e-01 -6.515121459960937500e-01 1.502366364002227783e-01 1.658678352832794189e-01
3.250325423840082294e+03 2.243253592017006667e+03 3.511565777642366811e+03 2.269340000000000046e+01 3.365598246455192566e-02 6.613790392875671387e-01 1.502366364002227783e-01 1.658678352832794189e-01
3.252479199166357375e+03 2.198814766521288675e+03 3.537581778104314708e+03 2.269540000000000290e+01 2.223614305257797241e-01 -2.749826200306415558e-02 1.502366364002227783e-01 1.658678352832794189e-01
3.252230600006198983e+03 2.204945900916482060e+03 3.533992339220988924e+03 2.269740000000000180e+01 -1.978572607040405273e-01 4.735512137413024902e-01 1.502366364002227783e-01 1.658678352832794189e-01
3.251966459269229290e+03 2.211076560255684399e+03 3.530403199031753957e+03 2.269940000000000069e+01 -1.748560070991516113e-01 1.053447350859642029e-01 1.502366364002227783e-01 1.658678352832794189e-01
3.251686778217846495e+03 2.217206715241863549e+03 3.526814374688284715e+03 2.270140000000000313e+01 3.346891701221466064e-02 7.909306883811950684e-02 1.502366364002227783e-01 1.658678352832794189e-01
3.251467305457219027e+03 2.221804000283579626e+03 3.524122963187994173e+03 2.270340000000000202e+01 3.748675584793090820e-01 -9.705996513366699219e-02 1.502366364002227783e-01 1.658678352832794189e-01
3.251080800599305803e+03 2.229465394808393739e+03 3.519637742237755447e+03 2.270540000000000092e+01 -1.551456451416015625e-01 3.738791495561599731e-02 1.502366364002227783e-01 1.658678352832794189e-01
3.250754506939020303e+03 2.235593860593832687e+03 3.516049968551147686e+03 2.270739999999999981e+01 1.979637593030929565e-01 -1.300751566886901855e-01 1.502366364002227783e-01 1.658678352832794189e-01
3.250325423840082294e+03 2.243253592017006667e+03 3.511565777642366811e+03 2.270940000000000225e+01 -1.609086394309997559e-01 -7.596810907125473022e-02 1.502366364002227783e-01 1.658678352832794189e-01
3.249294003883188907e+03 2.260101213667137472e+03 3.501702890818611195e+03 2.271140000000000114e+01 -4.717915877699851990e-02 -1.088246181607246399e-01 1.502366364002227783e-01 1.658678352832794189e-01
3.248890054753126151e+03 2.266226277789666256e+03 3.498117211478182526e+03 2.271340000000000003e+01 -2.640391588211059570e-01 8.624602854251861572e-02 1.502366364002227783e-01 1.658678352832794189e-01
3.248470580037077070e+03 2.272350573541682934e+03 3.494532002545729483e+03 2.271540000000000248e+01 -8.152504265308380127e-02 2.104841917753219604e-02 1.502366364002227783e-01 1.658678352832794189e-01
3.248035581736881340e+03 2.278474071699235992e+03 3.490947281129165731e+03 2.271740000000000137e+01 1.177604943513870239e-01 2.870268188416957855e-02 1.502366364002227783e-01 1.658678352832794189e-01
3.247585061935888007e+03 2.284596742935537804e+03 3.487363064396509344e+03 2.271940000000000026e+01 2.613132596015930176e-01 -1.287074759602546692e-02 1.502366364002227783e-01 1.658678352832794189e-01
3.247119022790138843e+03 2.290718557949081060e+03 3.483779369500878147e+03 2.272140000000000271e+01 7.583632320165634155e-02 1.112311054021120071e-02 1.502366364002227783e-01 1.658678352832794189e-01
3.246637466531824884e+03 2.296839487421147169e+03 3.480196213605369394e+03 2.272340000000000160e+01 1.383305042982101440e-01 -3.155533224344253540e-02 1.502366364002227783e-01 1.658678352832794189e-01
3.246182608069736034e+03 2.302449548550194777e+03 3.476912134857443107e+03 2.272540000000000049e+01 4.698353260755538940e-02 -1.282241344451904297e-01 1.502366364002227783e-01 1.658678352832794189e-01
3.249294003883188907e+03 2.260101213667137472e+03 3.501702890818611195e+03 2.272740000000000293e+01 -3.089491277933120728e-02 -1.848639175295829773e-02 1.502366364002227783e-01 1.658678352832794189e-01
3.248890054753126151e+03 2.266226277789666256e+03 3.498117211478182526e+03 2.272940000000000182e+01 -6.671871058642864227e-03 2.184580452740192413e-02 1.502366364002227783e-01 1.658678352832794189e-01
3.248470580037077070e+03 2.272350573541682934e+03 3.494532002545729483e+03 2.273140000000000072e+01 1.391030848026275635e-01 2.859590947628021240e-01 1.502366364002227783e-01 1.658678352832794189e-01
3.248035581736881340e+03 2.278474071699235992e+03 3.490947281129165731e+03 2.273340000000000316e+01 5.804866552352905273e-03 1.949428170919418335e-01 1.502366364002227783e-01 1.658678352832794189e-01
3.247585061935888007e+03 2.284596742935537804e+03 3.487363064396509344e+03 2.273540000000000205e+01 1.413433346897363663e-02 -2.987558394670486450e-02 1.502366364002227783e-01 1.658678352832794189e-01
3.247119022790138843e+03 2.290718557949081060e+03 3.483779369500878147e+03 2.273740000000000094e+01 -1.439401954412460327e-01 -2.040107548236846924e-02 1.502366364002227783e-01 1.658678352832794189e-01
3.246637466531824884e+03 2.296839487421147169e+03 3.480196213605369394e+03 2.273939999999999984e+01 -1.949057728052139282e-01 6.657955050468444824e-02 1.502366364002227783e-01 1.658678352832794189e-01
3.246182608069736034e+03 2.302449548550194777e+03 3.476912134857443107e+03 2.274140000000000228e+01 1.120078563690185547e-01 -5.153412371873855591e-02 1.502366364002227783e-01 1.658678352832794189e-01
3.244556117550993804e+03 2.321313764438799353e+03 3.465869322745324553e+03 2.274340000000000117e+01 2.251436710357666016e-01 -1.002762839198112488e-01 1.502366364002227783e-01 1.658678352832794189e-01
3.243997011777707939e+03 2.327429826980911002e+03 3.462289118966643855e+03 2.274540000000000006e+01 7.710985094308853149e-02 -2.203349210321903229e-02 1.502366364002227783e-01 1.658678352832794189e-01
3.243422403825628408e+03 2.333544828376231180e+03 3.458709556984875235e+03 2.274740000000000251e+01 -1.657404005527496338e-01 -6.760329008102416992e-02 1.502366364002227783e-01 1.658678352832794189e-01
3.242832296454701918e+03 2.339658739253472959e+03 3.455130653993197029e+03 2.274940000000000140e+01 6.616043299436569214e-02 -3.367560207843780518e-01 1.502366364002227783e-01 1.658678352832794189e-01
3.242226692476486733e+03 2.345771530480807542e+03 3.451552427044515298e+03 2.275140000000000029e+01 -9.528979659080505371e-02 1.055246666073799133e-01 1.502366364002227783e-01 1.658678352832794189e-01
3.241605594808400838e+03 2.351883172612408089e+03 3.447974893375439478e+03 2.275340000000000273e+01 5.612208624370396137e-04 9.954439103603363037e-02 1.502366364002227783e-01 1.658678352832794189e-01
3.240969006408029145e+03 2.357993636548584163e+03 3.444398070019868555e+03 2.275540000000000163e+01 -3.994491696357727051e-02 -2.889108359813690186e-01 1.502366364002227783e-01 1.658678352832794189e-01
3.240372058618991105e+03 2.363593850784549886e+03 3.441119944484218195e+03 2.275740000000000052e+01 -1.037087589502334595e-01 -6.916878279298543930e-03 1.502366364002227783e-01 1.658678352832794189e-01
3.244556117550993804e+03 2.321313764438799353e+03 3.465869322745324553e+03 2.275940000000000296e+01 3.197727352380752563e-02 1.029417067766189575e-01 1.502366364002227783e-01 1.658678352832794189e-01
3.243997011777707939e+03 2.327429826980911002e+03 3.462289118966643855e+03 2.276140000000000185e+01 -1.678725630044937134e-01 -2.567883431911468506e-01 1.502366364002227783e-01 1.658678352832794189e-01
3.243422403825628408e+03 2.333544828376231180e+03 3.458709556984875235e+03 2.276340000000000074e+01 5.023614689707756042e-02 1.754331737756729126e-01 1.502366364002227783e-01 1.658678352832794189e-01
3.242832296454701918e+03 2.339658739253472959e+03 3.455130653993197029e+03 2.276540000000000319e+01 3.347379341721534729e-02 -1.396578401327133179e-01 1.502366364002227783e-01 1.658678352832794189e-01
3.242226692476486733e+03 2.345771530480807542e+03 3.451552427044515298e+03 2.276740000000000208e+01 2.098012864589691162e-01 -1.035043597221374512e-01 1.502366364002227783e-01 1.658678352832794189e-01
3.241605594808400838e+03 2.351883172612408089e+03 3.447974893375439478e+03 2.276940000000000097e+01 -1.644343286752700806e-01 5.328318476676940918e-02 1.502366364002227783e-01 1.658678352832794189e-01
3.240969006408029145e+03 2.357993636548584163e+03 3.444398070019868555e+03 2.277139999999999986e+01 -1.010057330131530762e-01 1.775917559862136841e-01 1.502366364002227783e-01 1.658678352832794189e-01
3.240372058618991105e+03 2.363593850784549886e+03 3.441119944484218195e+03 2.277340000000000231e+01 1.435493826866149902e-01 -1.122724488377571106e-01 1.502366364002227783e-01 1.658678352832794189e-01
3.238267807570235618e+03 2.382423125139185231e+03 3.430098222283786527e+03 2.277540000000000120e+01 -6.513432413339614868e-02 1.969499979168176651e-03 1.502366364002227783e-01 1.658678352832794189e-01
3.237553812708402347e+03 2.388527259378075087e+03 3.426525207303037405e+03 2.277740000000000009e+01 1.781173199415206909e-01 -2.153554232791066170e-03 1.502366364002227783e-01 1.658678352832794189e-01
3.236824346517205413e+03 2.394630039946190209e+03 3.422953005350579133e+03 2.277940000000000254e+01 -1.256864815950393677e-01 -7.150285411626100540e-03 1.502366364002227783e-01 1.658678352832794189e-01
3.236079412469900490e+03 2.400731437786007973e+03 3.419381633434935338e+03 2.278140000000000143e+01 1.516346484422683716e-01 -1.389631070196628571e-02 1.502366364002227783e-01 1.658678352832794189e-01
3.235319014152351883e+03 2.406831423527830339e+03 3.415811108747258459e+03 2.278340000000000032e+01 -9.816857427358627319e-02 -1.677774824202060699e-02 1.502366364002227783e-01 1.658678352832794189e-01
3.234543155182472674e+03 2.412929968148690023e+03 3.412241448275649873e+03 2.278540000000000276e+01 -3.066708333790302277e-03 1.716126352548599243e-01 1.502366364002227783e-01 1.658678352832794189e-01
3.233751839294970068e+03 2.419027042292622809e+03 3.408672669203025634e+03 2.278740000000000165e+01 5.148557573556900024e-02 2.513108309358358383e-03 1.502366364002227783e-01 1.658678352832794189e-01
3.233013087830870973e+03 2.424614729846581213e+03 3.405402065512630998e+03 2.278940000000000055e+01 -1.931584253907203674e-02 1.073412671685218811e-01 1.502366364002227783e-01 1.658678352832794189e-01
3.238267807570235618e+03 2.382423125139185231e+03 3.430098222283786527e+03 2.279140000000000299e+01 -1.813008263707160950e-02 3.003021702170372009e-02 1.502366364002227783e-01 1.658678352832794189e-01
3.237553812708402347e+03 2.388527259378075087e+03 3.426525207303037405e+03 2.279340000000000188e+01 -7.225826382637023926e-02 2.098228335380554199e-01 1.502366364002227783e-01 1.658678352832794189e-01
3.236824346517205413e+03 2.394630039946190209e+03 3.422953005350579133e+03 2.279540000000000077e+01 2.369807474315166473e-02 9.581109881401062012e-02 1.502366364002227783e-01 1.658678352832794189e-01
3.236079412469900490e+03 2.400731437786007973e+03 3.419381633434935338e+03 2.279739999999999966e+01 -2.437299340963363647e-01 -4.919065907597541809e-02 1.502366364002227783e-01 1.658678352832794189e-01
3.235319014152351883e+03 2.406831423527830339e+03 3.415811108747258459e+03 2.279940000000000211e+01 -9.534773230552673340e-02 -2.766112564131617546e-03 1.502366364002227783e-01 1.658678352832794189e-01
3.234543155182472674e+03 2.412929968148690023e+03 3.412241448275649873e+03 2.280140000000000100e+01 2.755239978432655334e-02 -1.528401970863342285e-01 1.502366364002227783e-01 1.658678352832794189e-01
3.233751839294970068e+03 2.419027042292622809e+03 3.408672669203025634e+03 2.280339999999999989e+01 -2.035632431507110596e-01 -1.343388706445693970e-01 1.502366364002227783e-01 1.658678352832794189e-01
3.233013087830870973e+03 2.424614729846581213e+03 3.405402065512630998e+03 2.280540000000000234e+01 6.484179943799972534e-02 7.810151576995849609e-02 1.502366364002227783e-01 1.658678352832794189e-01
3.230575339600804000e+03 2.442385012922070928e+03 3.395000821660418296e+03 2.280740000000000123e+01 -3.496147990226745605e-01 8.414656668901443481e-02 1.502366364002227783e-01 1.658678352832794189e-01
3.229709369936160783e+03 2.448474569023384447e+03 3.391436543096522655e+03 2.280940000000000012e+01 -3.127161785960197449e-02 -5.586200952529907227e-02 1.502366364002227783e-01 1.658678352832794189e-01
3.228827966473301331e+03 2.454562484646774919e+03 3.387873245436256639e+03 2.281140000000000256e+01 -9.328830987215042114e-02 -1.643759012222290039e-01 1.502366364002227783e-01 1.658678352832794189e-01
3.227931133445953037e+03 2.460648730551075460e+03 3.384310945794667077e+03 2.281340000000000146e+01 4.992513358592987061e-01 2.198521345853805542e-01 1.502366364002227783e-01 1.658678352832794189e-01
3.227018875121317706e+03 2.466733277778707361e+03 3.380749661120709334e+03 2.281540000000000035e+01 -4.523282349109649658e-01 2.924880683422088623e-01 1.502366364002227783e-01 1.658678352832794189e-01
3.226091195887339836e+03 2.472816097062258905e+03 3.377189408544585604e+03 2.281740000000000279e+01 5.390566587448120117e-01 3.015452623367309570e-01 1.502366364002227783e-01 1.658678352832794189e-01
3.225148100171023088e+03 2.478897159375727824e+03 3.373630205055107581e+03 2.281940000000000168e+01 4.883722066879272461e-01 -4.255943596363067627e-01 1.502366364002227783e-01 1.658678352832794189e-01
3.224270252839944987e+03 2.484469921207826701e+03 3.370368524262236406e+03 2.282140000000000057e+01 -5.164994597434997559e-01 -6.183091998100280762e-01 1.502366364002227783e-01 1.658678352832794189e-01
3.230575339600804000e+03 2.442385012922070928e+03 3.395000821660418296e+03 2.282340000000000302e+01 -4.687230885028839111e-01 5.153513550758361816e-01 1.502366364002227783e-01 1.658678352832794189e-01
3.229709369936160783e+03 2.448474569023384447e+03 3.391436543096522655e+03 2.282540000000000191e+01 1.562342196702957153e-01 1.022748351097106934e-01 1.502366364002227783e-01 1.658678352832794189e-01
3.228827966473301331e+03 2.454562484646774919e+03 3.387873245436256639e+03 2.282740000000000080e+01 2.133430093526840210e-01 2.646540701389312744e-01 1.502366364002227783e-01 1.658678352832794189e-01
3.227931133445953037e+03 2.460648730551075460e+03 3.384310945794667077e+03 2.282939999999999969e+01 2.173107564449310303e-01 1.540082879364490509e-02 1.502366364002227783e-01 1.658678352832794189e-01
3.227018875121317706e+03 2.466733277778707361e+03 3.380749661120709334e+03 2.283140000000000214e+01 6.903389841318130493e-02 -1.068307161331176758e-01 1.502366364002227783e-01 1.658678352832794189e-01
3.226091195887339836e+03 2.472816097062258905e+03 3.377189408544585604e+03 2.283340000000000103e+01 2.920489311218261719e-01 2.221141606569290161e-01 1.502366364002227783e-01 1.658678352832794189e-01
3.225148100171023088e+03 2.478897159375727824e+03 3.373630205055107581e+03 2.283539999999999992e+01 -9.641506522893905640e-02 2.711586654186248779e-01 1.502366364002227783e-01 1.658678352832794189e-01
3.224270252839944987e+03 2.484469921207826701e+03 3.370368524262236406e+03 2.283740000000000236e+01 1.639906018972396851e-01 -3.424530029296875000e-01 1.502366364002227783e-01 1.658678352832794189e-01
3.221221643885524827e+03 2.503203256819627768e+03 3.359404222666418264e+03 2.283940000000000126e+01 -1.449893508106470108e-02 3.408714756369590759e-02 1.502366364002227783e-01 1.658678352832794189e-01
3.220201534960548543e+03 2.509275097750773512e+03 3.355850520107142074e+03 2.284140000000000015e+01 -3.676289618015289307e-01 -2.494882792234420776e-01 1.502366364002227783e-01 1.658678352832794189e-01
3.219166037725196020e+03 2.515345007313162569e+03 3.352297968707305699e+03 2.284340000000000259e+01 1.583886593580245972e-01 4.860036075115203857e-02 1.502366364002227783e-01 1.658678352832794189e-01
3.218115157167570942e+03 2.521412956267530717e+03 3.348746585579838666e+03 2.284540000000000148e+01 -1.461471021175384521e-01 -1.274117082357406616e-01 1.502366364002227783e-01 1.658678352832794189e-01
3.217048898291313435e+03 2.527478915722200327e+03 3.345196387634137864e+03 2.284740000000000038e+01 3.943524956703186035e-01 2.070543020963668823e-01 1.502366364002227783e-01 1.658678352832794189e-01
3.215967266206459044e+03 2.533542856604796270e+03 3.341647391885262095e+03 2.284940000000000282e+01 -1.620600000023841858e-03 -2.986674606800079346e-01 1.502366364002227783e-01 1.658678352832794189e-01
3.214870266104609527e+03 2.539604749810419435e+03 3.338099615367199931e+03 2.285140000000000171e+01 -8.684798330068588257e-02 -1.820185780525207520e-02 1.502366364002227783e-01 1.658678352832794189e-01
3.213851382301961621e+03 2.545159688486080995e+03 3.334848556479492345e+03 2.285340000000000060e+01 8.403799682855606079e-02 -7.679063081741333008e-02 1.502366364002227783e-01 1.658678352832794189e-01
3.221221643885524827e+03 2.503203256819627768e+03 3.359404222666418264e+03 2.285540000000000305e+01 2.002494931221008301e-01 -8.586329966783523560e-02 1.502366364002227783e-01 1.658678352832794189e-01
3.220201534960548543e+03 2.509275097750773512e+03 3.355850520107142074e+03 2.285740000000000194e+01 -2.258516550064086914e-01 -1.203383654356002808e-01 1.502366364002227783e-01 1.658678352832794189e-01
3.219166037725196020e+03 2.515345007313162569e+03 3.352297968707305699e+03 2.285940000000000083e+01 -9.547685086727142334e-02 -1.717627644538879395e-01 1.502366364002227783e-01 1.658678352832794189e-01
3.218115157167570942e+03 2.521412956267530717e+03 3.348746585579838666e+03 2.286139999999999972e+01 -6.594137847423553467e-02 1.150157675147056580e-01 1.502366364002227783e-01 1.658678352832794189e-01
3.217048898291313435e+03 2.527478915722200327e+03 3.345196387634137864e+03 2.286340000000000217e+01 -1.585210710763931274e-01 2.908270061016082764e-01 1.502366364002227783e-01 1.658678352832794189e-01
3.215967266206459044e+03 2.533542856604796270e+03 3.341647391885262095e+03 2.286540000000000106e+01 1.097452118992805481e-01 1.785732060670852661e-01 1.502366364002227783e-01 1.658678352832794189e-01
3.214870266104609527e+03 2.539604749810419435e+03 3.338099615367199931e+03 2.286739999999999995e+01 4.985324293375015259e-02 -8.432166650891304016e-03 1.502366364002227783e-01 1.658678352832794189e-01
3.213851382301961621e+03 2.545159688486080995e+03 3.334848556479492345e+03 2.286940000000000239e+01 6.204961612820625305e-02 -1.416324824094772339e-01 1.502366364002227783e-01 1.658678352832794189e-01
3.210328691506622363e+03 2.563831266497602428e+03 3.323921040680243095e+03 2.287140000000000128e+01 2.828986197710037231e-02 -1.273405849933624268e-01 1.502366364002227783e-01 1.658678352832794189e-01
3.209154931475855847e+03 2.569882486718820928e+03 3.320379614667348505e+03 2.287340000000000018e+01 -1.206699311733245850e-01 2.715641856193542480e-01 1.502366364002227783e-01 1.658678352832794189e-01
3.207965836031469280e+03 2.575931485351289666e+03 3.316839509667122456e+03 2.287540000000000262e+01 -1.494487673044204712e-01 -9.302226454019546509e-02 1.502366364002227783e-01 1.658678352832794189e-01
3.206761410835293191e+03 2.581978233593578352e+03 3.313300742535257086e+03 2.287740000000000151e+01 3.238330036401748657e-02 -6.587003171443939209e-02 1.502366364002227783e-01 1.658678352832794189e-01
3.205541661684924748e+03 2.588022702339048919e+03 3.309763330305955606e+03 2.287940000000000040e+01 -3.045865297317504883e-01 1.546066999435424805e-01 1.502366364002227783e-01 1.658678352832794189e-01
3.204306594383902848e+03 2.594064862828752211e+03 3.306227289809795820e+03 2.288140000000000285e+01 9.817025810480117798e-02 -2.244534939527511597e-01 1.502366364002227783e-01 1.658678352832794189e-01
3.203056214877386537e+03 2.600104685978281395e+03 3.302692638067826920e+03 2.288340000000000174e+01 2.124515324831008911e-01 -1.431251689791679382e-02 1.502366364002227783e-01 1.658678352832794189e-01
3.201896782194080060e+03 2.605639143171360047e+03 3.299453756884738596e+03 2.288540000000000063e+01 -2.433432936668395996e-01 1.899691373109817505e-01 1.502366364002227783e-01 1.658678352832794189e-01
3.210328691506622363e+03 2.563831266497602428e+03 3.323921040680243095e+03 2.288740000000000308e+01 1.798826828598976135e-02 -6.491693854331970215e-02 1.502366364002227783e-01 1.658678352832794189e-01
3.209154931475855847e+03 2.569882486718820928e+03 3.320379614667348505e+03 2.288940000000000197e+01 -1.799610704183578491e-01 5.767077207565307617e-03 1.502366364002227783e-01 1.658678352832794189e-01
3.207965836031469280e+03 2.575931485351289666e+03 3.316839509667122456e+03 2.289140000000000086e+01 6.551266647875308990e-03 1.222081929445266724e-01 1.502366364002227783e-01 1.658678352832794189e-01
3.206761410835293191e+03 2.581978233593578352e+03 3.313300742535257086e+03 2.289339999999999975e+01 -1.186813637614250183e-01 1.488671451807022095e-01 1.502366364002227783e-01 1.658678352832794189e-01
3.205541661684924748e+03 2.588022702339048919e+03 3.309763330305955606e+03 2.289540000000000219e+01 -8.000786602497100830e-02 7.404465228319168091e-02 1.502366364002227783e-01 1.658678352832794189e-01
3.204306594383902848e+03 2.594064862828752211e+03 3.306227289809795820e+03 2.289740000000000109e+01 9.864460676908493042e-03 -1.363397948443889618e-02 1.502366364002227783e-01 1.658678352832794189e-01
3.203056214877386537e+03 2.600104685978281395e+03 3.302692638067826920e+03 2.289939999999999998e+01 2.143215239048004150e-01 -1.623959690332412720e-01 1.502366364002227783e-01 1.658678352832794189e-01
3.201896782194080060e+03 2.605639143171360047e+03 3.299453756884738596e+03 2.290140000000000242e+01 -4.888480901718139648e-02 3.111715614795684814e-01 1.502366364002227783e-01 1.658678352832794189e-01
3.197901695362085320e+03 2.624240028276560679e+03 3.288568256255228789e+03 2.290340000000000131e+01 -1.489629298448562622e-01 -1.852061450481414795e-01 1.502366364002227783e-01 1.658678352832794189e-01
3.196574845957433809e+03 2.630267731841638124e+03 3.285040801616150475e+03 2.290540000000000020e+01 -2.067146599292755127e-01 -1.710608899593353271e-01 1.502366364002227783e-01 1.658678352832794189e-01
3.195232721341789784e+03 2.636292924851336920e+03 3.281514837099466149e+03 2.290740000000000265e+01 3.630745783448219299e-02 -2.401056140661239624e-01 1.502366364002227783e-01 1.658678352832794189e-01
3.193875327914662648e+03 2.642315578575559357e+03 3.277990379518125792e+03 2.290940000000000154e+01 -6.015993282198905945e-02 2.740367129445075989e-02 1.502366364002227783e-01 1.658678352832794189e-01
3.192502672181417438e+03 2.648335664149472450e+03 3.274467445763822525e+03 2.291140000000000043e+01 -4.570203274488449097e-02 1.020289584994316101e-01 1.502366364002227783e-01 1.658678352832794189e-01
3.191114760735334130e+03 2.654353152657721239e+03 3.270946052757715279e+03 2.291340000000000288e+01 9.767174720764160156e-02 2.194887697696685791e-01 1.502366364002227783e-01 1.658678352832794189e-01
3.189711600180098230e+03 2.660368015469879083e+03 3.267426217254123912e+03 2.291540000000000177e+01 -1.626067310571670532e-01 -4.211886599659919739e-02 1.502366364002227783e-01 1.658678352832794189e-01
3.188412173692701799e+03 2.665879341701036083e+03 3.264201064306043008e+03 2.291740000000000066e+01 -1.805575639009475708e-01 1.044159606099128723e-01 1.502366364002227783e-01 1.658678352832794189e-01
3.197901695362085320e+03 2.624240028276560679e+03 3.288568256255228789e+03 2.291940000000000310e+01 2.213891595602035522e-02 -2.171648293733596802e-01 1.502366364002227783e-01 1.658678352832794189e-01
3.196574845957433809e+03 2.630267731841638124e+03 3.285040801616150475e+03 2.292140000000000200e+01 9.342182427644729614e-02 9.174656867980957031e-02 1.502366364002227783e-01 1.658678352832794189e-01
3.195232721341789784e+03 2.636292924851336920e+03 3.281514837099466149e+03 2.292340000000000089e+01 -8.721005171537399292e-02 -1.471526622772216797e-01 1.502366364002227783e-01 1.658678352832794189e-01
3.193875327914662648e+03 2.642315578575559357e+03 3.277990379518125792e+03 2.292539999999999978e+01 -3.082659095525741577e-02 -4.896953999996185303e-01 1.502366364002227783e-01 1.658678352832794189e-01
3.192502672181417438e+03 2.648335664149472450e+03 3.274467445763822525e+03 2.292740000000000222e+01 3.991182893514633179e-02 -9.925648570060729980e-02 1.502366364002227783e-01 1.658678352832794189e-01
3.191114760735334130e+03 2.654353152657721239e+03 3.270946052757715279e+03 2.292940000000000111e+01 -1.216463893651962280e-01 -1.269420087337493896e-01 1.502366364002227783e-01 1.658678352832794189e-01
3.189711600180098230e+03 2.660368015469879083e+03 3.267426217254123912e+03 2.293140000000000001e+01 1.230254024267196655e-01 -3.774744272232055664e-02 1.502366364002227783e-01 1.658678352832794189e-01
3.188412173692701799e+03 2.665879341701036083e+03 3.264201064306043008e+03 2.293340000000000245e+01 -4.995590820908546448e-02 5.255592614412307739e-02 1.502366364002227783e-01 1.658678352832794189e-01
