# Baseline: 8-23
# Entries: 128
# u [m], v [m], w [m], frequency [GHz], real, imag
4.573372979680800199e+03 3.171647398816913324e+02 4.618344905885892331e+03 2.267940000000000000e+19 -1.643346063792705536e-02 -3.242562338709831238e-02
4.577868090127023606e+03 3.257913060644381744e+02 4.613288125351677081e+03 2.268140000000000000e+19 -5.131689831614494324e-02 1.227990165352821350e-01
4.582341314728845646e+03 3.344263502734700637e+02 4.608226409888436137e+03 2.268340000000000000e+19 -1.226718351244926453e-02 -4.407537635415792465e-03
4.586792632109936676e+03 3.430698312437988875e+02 4.603159783684999638e+03 2.268540000000000000e+19 6.960297375917434692e-02 1.238144859671592712e-01
4.590117416524877626e+03 3.495576924221589366e+02 4.599356758023610382e+03 2.268740000000000000e+19 -1.550353020429611206e-01 -2.863114774227142334e-01
4.595629460102361918e+03 3.603819379668766487e+02 4.593011896070868715e+03 2.268940000000000000e+19 1.537019759416580200e-01 6.000206246972084045e-02
4.600014928331324882e+03 3.690504806872571066e+02 4.587930683331502223e+03 2.269140000000000000e+19 -2.437908053398132324e-01 1.694689095020294189e-01
4.605466727271588752e+03 3.798974527389780178e+02 4.581572594712436512e+03 2.269340000000000000e+19 1.878698766231536865e-01 8.019497245550155640e-02
4.573372979680800199e+03 3.171647398816913324e+02 4.618344905885892331e+03 2.269540000000000000e+19 -4.003346338868141174e-02 -1.293679624795913696e-01
4.577868090127023606e+03 3.257913060644381744e+02 4.613288125351677081e+03 2.269740000000000000e+19 -1.086867451667785645e-01 -1.104542613029479980e-01
4.582341314728845646e+03 3.344263502734700637e+02 4.608226409888436137e+03 2.269940000000000000e+19 -1.144486740231513977e-01 -4.791726171970367432e-02
4.586792632109936676e+03 3.430698312437988875e+02 4.603159783684999638e+03 2.270140000000000000e+19 6.804225593805313110e-02 -7.360823452472686768e-02
4.590117416524877626e+03 3.495576924221589366e+02 4.599356758023610382e+03 2.270340000000000000e+19 8.689855039119720459e-02 -8.787932246923446655e-02
4.595629460102361918e+03 3.603819379668766487e+02 4.593011896070868715e+03 2.270540000000000000e+19 -1.953817531466484070e-02 5.133929476141929626e-02
4.600014928331324882e+03 3.690504806872571066e+02 4.587930683331502223e+03 2.270740000000000000e+19 -2.686570398509502411e-02 6.275960803031921387e-02
4.605466727271588752e+03 3.798974527389780178e+02 4.581572594712436512e+03 2.270940000000000000e+19 -1.518169939517974854e-01 -2.148319780826568604e-01
4.617336674960332857e+03 4.038069467754941684e+02 4.567557939755642110e+03 2.271140000000000000e+19 3.657363355159759521e-02 -1.943311393260955811e-01
4.621611976408114060e+03 4.125164291500479408e+02 4.562452902597950015e+03 2.271340000000000000e+19 -7.381023466587066650e-02 1.663831323385238647e-01
4.625865182636456666e+03 4.212339744459248436e+02 4.557343173831216518e+03 2.271540000000000000e+19 -8.622059971094131470e-02 -6.782869249582290649e-02
4.630096273350147385e+03 4.299595410645866309e+02 4.552228777838135102e+03 2.271740000000000000e+19 4.629129916429519653e-02 -4.740481823682785034e-02
4.634305228285640624e+03 4.386930872173416560e+02 4.547109739112698662e+03 2.271940000000000000e+19 7.612653821706771851e-02 -6.079884245991706848e-02
4.638492027299943402e+03 4.474345711077410783e+02 4.541986082153274765e+03 2.272140000000000000e+19 -3.215572237968444824e-02 1.821767687797546387e-01
4.642656650341875320e+03 4.561839508707707864e+02 4.536857831498263295e+03 2.272340000000000000e+19 -5.773198604583740234e-02 6.227797362953424454e-03
4.646455006326626972e+03 4.642110167877037838e+02 4.532152978421155240e+03 2.272540000000000000e+19 -3.358003869652748108e-02 4.799647629261016846e-02
4.617336674960332857e+03 4.038069467754941684e+02 4.567557939755642110e+03 2.272740000000000000e+19 4.969359934329986572e-02 -3.437197883613407612e-04
4.621611976408114060e+03 4.125164291500479408e+02 4.562452902597950015e+03 2.272940000000000000e+19 1.659610867500305176e-02 7.004542648792266846e-02
4.625865182636456666e+03 4.212339744459248436e+02 4.557343173831216518e+03 2.273140000000000000e+19 -1.889372766017913818e-01 8.801569789648056030e-02
4.630096273350147385e+03 4.299595410645866309e+02 4.552228777838135102e+03 2.273340000000000000e+19 -7.571236789226531982e-02 1.396884024143218994e-01
4.634305228285640624e+03 4.386930872173416560e+02 4.547109739112698662e+03 2.273540000000000000e+19 -7.811149209737777710e-02 -4.101356491446495056e-02
4.638492027299943402e+03 4.474345711077410783e+02 4.541986082153274765e+03 2.273740000000000000e+19 -4.068147763609886169e-02 -2.540490776300430298e-02
4.642656650341875320e+03 4.561839508707707864e+02 4.536857831498263295e+03 2.273940000000000000e+19 1.000069528818130493e-01 -9.875391423702239990e-02
4.646455006326626972e+03 4.642110167877037838e+02 4.532152978421155240e+03 2.274140000000000000e+19 1.701481491327285767e-01 6.607820093631744385e-02
4.659092985995002891e+03 4.912595911297559041e+02 4.516299382812943804e+03 2.274340000000000000e+19 1.086160168051719666e-01 -1.510951668024063110e-01
4.663146432398195429e+03 5.000478215451341271e+02 4.511148532181325209e+03 2.274540000000000000e+19 7.600471377372741699e-02 2.429245039820671082e-02
4.667177584896623557e+03 5.088436961621235923e+02 4.505993235362934684e+03 2.274740000000000000e+19 2.093654498457908630e-02 -4.156036674976348877e-02
4.671186424128084582e+03 5.176471727327862027e+02 4.500833517119455792e+03 2.274940000000000000e+19 5.553767457604408264e-02 2.563683092594146729e-01
4.675172930990799614e+03 5.264582093100633529e+02 4.495669402036067368e+03 2.275140000000000000e+19 1.061438769102096558e-02 -1.056704148650169373e-01
4.679137086281686607e+03 5.352767634503657064e+02 4.490500914988796467e+03 2.275340000000000000e+19 -3.221726417541503906e-02 1.103824153542518616e-01
4.683078871126445847e+03 5.441027931652508869e+02 4.485328080586750730e+03 2.275540000000000000e+19 -1.201237887144088745e-01 -1.971910595893859863e-01
4.686672791177047657e+03 5.521997571279830481e+02 4.480582572657819583e+03 2.275740000000000000e+19 -8.933458593674004078e-04 -9.581069648265838623e-02
4.659092985995002891e+03 4.912595911297559041e+02 4.516299382812943804e+03 2.275940000000000000e+19 -4.975365102291107178e-02 2.672673948109149933e-02
4.663146432398195429e+03 5.000478215451341271e+02 4.511148532181325209e+03 2.276140000000000000e+19 -7.638238370418548584e-02 -1.458231955766677856e-01
4.667177584896623557e+03 5.088436961621235923e+02 4.505993235362934684e+03 2.276340000000000000e+19 -1.185272168368101120e-02 3.603077679872512817e-02
4.671186424128084582e+03 5.176471727327862027e+02 4.500833517119455792e+03 2.276540000000000000e+19 -1.441780384629964828e-02 -1.081184390932321548e-02
4.675172930990799614e+03 5.264582093100633529e+02 4.495669402036067368e+03 2.276740000000000000e+19 1.009065136313438416e-01 -8.047147840261459351e-02
4.679137086281686607e+03 5.352767634503657064e+02 4.490500914988796467e+03 2.276940000000000000e+19 -6.490232795476913452e-02 -4.202430322766304016e-02
4.683078871126445847e+03 5.441027931652508869e+02 4.485328080586750730e+03 2.277140000000000000e+19 -6.863233447074890137e-02 -7.642070297151803970e-03
4.686672791177047657e+03 5.521997571279830481e+02 4.480582572657819583e+03 2.277340000000000000e+19 2.417108602821826935e-02 -2.540326490998268127e-02
4.698621930089983834e+03 5.794808218422951995e+02 4.464593765217246073e+03 2.277540000000000000e+19 -1.849538683891296387e-01 -2.184377424418926239e-02
4.702451581759259170e+03 5.883435948591699116e+02 4.459399565952802732e+03 2.277740000000000000e+19 1.046914160251617432e-01 1.163900643587112427e-01
4.706258751338281400e+03 5.972135893324717699e+02 4.454201168266874447e+03 2.277940000000000000e+19 -1.039194166660308838e-01 -1.081014424562454224e-01
4.710043420699780654e+03 6.060907630289821100e+02 4.448998596910898414e+03 2.278140000000000000e+19 3.603595122694969177e-02 -8.057644218206405640e-02
4.713805571625943230e+03 6.149750732175032226e+02 4.443791876927990415e+03 2.278340000000000000e+19 5.248549953103065491e-02 -9.488754719495773315e-02
4.717545186216982984e+03 6.238664776275884378e+02 4.438581033091079917e+03 2.278540000000000000e+19 3.793264180421829224e-02 1.044236421585083008e-01
4.721262246471937942e+03 6.327649334595482742e+02 4.433366090483101289e+03 2.278740000000000000e+19 8.954039961099624634e-02 -6.462208181619644165e-02
4.724650010847523845e+03 6.409279209446416417e+02 4.428582198501999301e+03 2.278940000000000000e+19 2.708378806710243225e-02 1.170518323779106140e-01
4.698621930089983834e+03 5.794808218422951995e+02 4.464593765217246073e+03 2.279140000000000000e+19 -9.420183487236499786e-03 -1.658278405666351318e-01
4.702451581759259170e+03 5.883435948591699116e+02 4.459399565952802732e+03 2.279340000000000000e+19 -1.537663936614990234e-01 2.280008792877197266e-02
4.706258751338281400e+03 5.972135893324717699e+02 4.454201168266874447e+03 2.279540000000000000e+19 9.878366440534591675e-02 -7.799632847309112549e-02
4.710043420699780654e+03 6.060907630289821100e+02 4.448998596910898414e+03 2.279740000000000000e+19 -1.075114831328392029e-01 -1.733146309852600098e-01
4.713805571625943230e+03 6.149750732175032226e+02 4.443791876927990415e+03 2.279940000000000000e+19 -5.117536708712577820e-02 8.511315286159515381e-02
4.717545186216982984e+03 6.238664776275884378e+02 4.438581033091079917e+03 2.280140000000000000e+19 4.608068242669105530e-02 1.110775955021381378e-02
4.721262246471937942e+03 6.327649334595482742e+02 4.433366090483101289e+03 2.280340000000000000e+19 -5.954705923795700073e-02 -9.056510031223297119e-02
4.724650010847523845e+03 6.409279209446416417e+02 4.428582198501999301e+03 2.280540000000000000e+19 -5.180003494024276733e-02 -8.887785486876964569e-03
4.735301718098805395e+03 6.669402382251751078e+02 4.413337955610128120e+03 2.280740000000000000e+19 -3.021406196057796478e-02 -1.298214644193649292e-01
4.738909517193331340e+03 6.758721756798516935e+02 4.408103554048923797e+03 2.280940000000000000e+19 1.815512478351593018e-01 1.158468648791313171e-01
4.742494659772392879e+03 6.848109158257476565e+02 4.402865199483055221e+03 2.281140000000000000e+19 -3.418014198541641235e-02 3.092145174741744995e-02
4.746057128616326736e+03 6.937564157286375348e+02 4.397622917073192184e+03 2.281340000000000000e+19 -5.590189248323440552e-02 3.389677405357360840e-02
4.749596906775629577e+03 7.027086328268766238e+02 4.392376731761506562e+03 2.281540000000000000e+19 1.978526636958122253e-02 -3.359366208314895630e-02
4.753113977223370966e+03 7.116675240592976479e+02 4.387126668782732850e+03 2.281740000000000000e+19 8.426372706890106201e-02 -5.312471091747283936e-02
4.756608323177219972e+03 7.206330466756819533e+02 4.381872753189233663e+03 2.281940000000000000e+19 -3.389638662338256836e-01 -3.360578045248985291e-02
4.759791786201438299e+03 7.288571477770955198e+02 4.377053349444210653e+03 2.282140000000000000e+19 1.647501997649669647e-02 -2.380160242319107056e-02
4.735301718098805395e+03 6.669402382251751078e+02 4.413337955610128120e+03 2.282340000000000000e+19 -4.519191011786460876e-02 -1.221834123134613037e-02
4.738909517193331340e+03 6.758721756798516935e+02 4.408103554048923797e+03 2.282540000000000000e+19 6.174829974770545959e-02 -4.387352988123893738e-02
4.742494659772392879e+03 6.848109158257476565e+02 4.402865199483055221e+03 2.282740000000000000e+19 -6.741371005773544312e-02 -9.600403159856796265e-02
4.746057128616326736e+03 6.937564157286375348e+02 4.397622917073192184e+03 2.282940000000000000e+19 1.564533263444900513e-01 9.317200630903244019e-02
4.749596906775629577e+03 7.027086328268766238e+02 4.392376731761506562e+03 2.283140000000000000e+19 8.918254077434539795e-02 5.775884911417961121e-02
4.753113977223370966e+03 7.116675240592976479e+02 4.387126668782732850e+03 2.283340000000000000e+19 7.656932622194290161e-02 -4.296391084790229797e-02
4.756608323177219972e+03 7.206330466756819533e+02 4.381872753189233663e+03 2.283540000000000000e+19 2.955637872219085693e-02 2.138207107782363892e-02
4.759791786201438299e+03 7.288571477770955198e+02 4.377053349444210653e+03 2.283740000000000000e+19 2.575911581516265869e-02 9.509707987308502197e-02
4.770358129115612428e+03 7.565605920956387536e+02 4.360819067983723471e+03 2.283940000000000000e+19 3.923432528972625732e-02 -2.421294152736663818e-02
4.773738603836443872e+03 7.655586271545678301e+02 4.355546266985642433e+03 2.284140000000000000e+19 -8.149738609790802002e-02 -2.716149017214775085e-02
4.777096255406178898e+03 7.745630358142198020e+02 4.350269764434846365e+03 2.284340000000000000e+19 1.638847030699253082e-02 2.016251832246780396e-01
4.780431067650769364e+03 7.835737746995922635e+02 4.344989585748697209e+03 2.284540000000000000e+19 1.441230028867721558e-01 6.442612502723932266e-03
4.783743024692029394e+03 7.925908009073269795e+02 4.339705756068016854e+03 2.284740000000000000e+19 -9.689384698867797852e-02 3.832755982875823975e-02
4.787032110656395162e+03 8.016140712215884605e+02 4.334418300716579324e+03 2.284940000000000000e+19 -3.198795393109321594e-02 6.625325977802276611e-02
4.790298309757539755e+03 8.106435423336112081e+02 4.329127245072451842e+03 2.285140000000000000e+19 -5.976396799087524414e-02 3.917650505900382996e-02
4.793272498573629491e+03 8.189258900466682007e+02 4.324274014764235289e+03 2.285340000000000000e+19 6.887409090995788574e-02 3.343293815851211548e-02
4.770358129115612428e+03 7.565605920956387536e+02 4.360819067983723471e+03 2.285540000000000000e+19 -6.015903502702713013e-02 -1.034441366791725159e-01
4.773738603836443872e+03 7.655586271545678301e+02 4.355546266985642433e+03 2.285740000000000000e+19 1.574233025312423706e-01 2.208601683378219604e-02
4.777096255406178898e+03 7.745630358142198020e+02 4.350269764434846365e+03 2.285940000000000000e+19 -6.914695352315902710e-02 -5.312300100922584534e-02
4.780431067650769364e+03 7.835737746995922635e+02 4.344989585748697209e+03 2.286140000000000000e+19 -5.686953291296958923e-02 1.705187722109258175e-03
4.783743024692029394e+03 7.925908009073269795e+02 4.339705756068016854e+03 2.286340000000000000e+19 -8.885791897773742676e-02 -5.511932820081710815e-02
4.787032110656395162e+03 8.016140712215884605e+02 4.334418300716579324e+03 2.286540000000000000e+19 5.524569004774093628e-02 -8.285135775804519653e-02
4.790298309757539755e+03 8.106435423336112081e+02 4.329127245072451842e+03 2.286740000000000000e+19 -2.837908826768398285e-02 4.813706129789352417e-02
4.793272498573629491e+03 8.189258900466682007e+02 4.324274014764235289e+03 2.286940000000000000e+19 -2.158564515411853790e-02 1.115674301981925964e-01
4.803133926931999667e+03 8.468225711012592001e+02 4.307927525649752170e+03 2.287140000000000000e+19 1.150718852877616882e-01 1.949655823409557343e-02
4.806285459638599605e+03 8.558823979595988476e+02 4.302618848393693042e+03 2.287340000000000000e+19 2.387569518759846687e-03 -3.012847155332565308e-02
4.809414013342528960e+03 8.649481659012027421e+02 4.297306723029078967e+03 2.287540000000000000e+19 3.942704200744628906e-02 3.148262202739715576e-02
4.812519573147819756e+03 8.740198317606661931e+02 4.291991174848866649e+03 2.287740000000000000e+19 1.396998614072799683e-01 1.366339027881622314e-01
4.815602124105515941e+03 8.830973518706222194e+02 4.286672229439970579e+03 2.287940000000000000e+19 -2.424885518848896027e-03 -4.170718416571617126e-02
4.818661651549313319e+03 8.921806830411655937e+02 4.281349912109303659e+03 2.288140000000000000e+19 -1.257592737674713135e-01 1.234601140022277832e-01
4.821698140752046129e+03 9.012697815489093500e+02 4.276024248476376670e+03 2.288340000000000000e+19 1.107059791684150696e-02 1.902865804731845856e-02
4.824461632060490047e+03 9.096064123401525876e+02 4.271139514127670736e+03 2.288540000000000000e+19 -5.598259344696998596e-02 8.111017197370529175e-02
4.803133926931999667e+03 8.468225711012592001e+02 4.307927525649752170e+03 2.288740000000000000e+19 -5.499966815114021301e-02 6.527572125196456909e-02
4.806285459638599605e+03 8.558823979595988476e+02 4.302618848393693042e+03 2.288940000000000000e+19 7.447676733136177063e-03 -1.316840387880802155e-02
4.809414013342528960e+03 8.649481659012027421e+02 4.297306723029078967e+03 2.289140000000000000e+19 -7.100229710340499878e-02 1.112367063760757446e-01
4.812519573147819756e+03 8.740198317606661931e+02 4.291991174848866649e+03 2.289340000000000000e+19 2.179927751421928406e-02 -2.435178868472576141e-02
4.815602124105515941e+03 8.830973518706222194e+02 4.286672229439970579e+03 2.289540000000000000e+19 -4.513452202081680298e-02 1.347167491912841797e-01
4.818661651549313319e+03 8.921806830411655937e+02 4.281349912109303659e+03 2.289740000000000000e+19 -3.330102562904357910e-02 7.118131965398788452e-02
4.821698140752046129e+03 9.012697815489093500e+02 4.276024248476376670e+03 2.289940000000000000e+19 -3.710369765758514404e-02 -2.124780323356389999e-03
4.824461632060490047e+03 9.096064123401525876e+02 4.271139514127670736e+03 2.290140000000000000e+19 3.081814758479595184e-02 7.757180184125900269e-02
4.833613426690701090e+03 9.376829801330136434e+02 4.254688639995531958e+03 2.290340000000000000e+19 1.262787580490112305e-01 1.833326369524002075e-02
4.836534509152006649e+03 9.468002630077780850e+02 4.249346627067799091e+03 2.290540000000000000e+19 1.656291820108890533e-02 2.032585144042968750e-01
4.839432467860287034e+03 9.559230518876894394e+02 4.244001420960254109e+03 2.290740000000000000e+19 -9.709566086530685425e-02 1.143372966907918453e-03
4.842307288996889838e+03 9.650513032724112463e+02 4.238653047160524693e+03 2.290940000000000000e+19 3.994807228446006775e-02 2.293517254292964935e-02
4.845158958783324124e+03 9.741849734130208844e+02 4.233301531301732211e+03 2.291140000000000000e+19 -7.463184744119644165e-02 5.383662879467010498e-02
4.847987463522907092e+03 9.833240184390396053e+02 4.227946899088062310e+03 2.291340000000000000e+19 2.297841198742389679e-02 3.499670699238777161e-02
4.850792789758245817e+03 9.924683948679817149e+02 4.222589175996215999e+03 2.291540000000000000e+19 1.832877844572067261e-02 -5.189685150980949402e-02
4.853344260648170348e+03 1.000855317773562888e+03 4.217675276057342671e+03 2.291740000000000000e+19 2.600472979247570038e-02 -1.116153784096240997e-02
4.833613426690701090e+03 9.376829801330136434e+02 4.254688639995531958e+03 2.291940000000000000e+19 8.607852458953857422e-02 -9.333516657352447510e-02
4.836534509152006649e+03 9.468002630077780850e+02 4.249346627067799091e+03 2.292140000000000000e+19 -4.282930120825767517e-02 -7.356943190097808838e-02
4.839432467860287034e+03 9.559230518876894394e+02 4.244001420960254109e+03 2.292340000000000000e+19 -3.777392953634262085e-02 2.584699168801307678e-02
4.842307288996889838e+03 9.650513032724112463e+02 4.238653047160524693e+03 2.292540000000000000e+19 -1.214595977216959000e-02 -3.812268003821372986e-02
4.845158958783324124e+03 9.741849734130208844e+02 4.233301531301732211e+03 2.292740000000000000e+19 -8.552481979131698608e-02 -1.993295364081859589e-02
4.847987463522907092e+03 9.833240184390396053e+02 4.227946899088062310e+03 2.292940000000000000e+19 -4.111057519912719727e-02 -8.504951745271682739e-02
4.850792789758245817e+03 9.924683948679817149e+02 4.222589175996215999e+03 2.293140000000000000e+19 -6.298537552356719971e-02 5.019585043191909790e-02
4.853344260648170348e+03 1.000855317773562888e+03 4.217675276057342671e+03 2.293340000000000000e+19 -6.169414892792701721e-02 4.566173627972602844e-02
