# Baseline: 19-22
# Entries: 128
# u [m], v [m], w [m], frequency [GHz], real, imag
1.385697436034483871e+03 2.145895936699145750e+03 1.664328741478761231e+03 2.267940000000000000e+19 1.660334644839167595e-03 4.415304865688085556e-03
1.383482636751874225e+03 2.148505683433955255e+03 1.662803667648359124e+03 2.268140000000000000e+19 1.478803344070911407e-03 -5.136064719408750534e-03
1.381261230259905460e+03 2.151111246515089533e+03 1.661281052075166599e+03 2.268340000000000000e+19 2.639002050273120403e-04 3.056403016671538353e-03
1.379033227174226568e+03 2.153712613491184584e+03 1.659760902035390473e+03 2.268540000000000000e+19 1.534154405817389488e-03 -2.157839247956871986e-03
1.376798638157348933e+03 2.156309771912692213e+03 1.658243224804114107e+03 2.268740000000000000e+19 -1.886699901660904288e-04 9.820378385484218597e-03
1.374557473903453911e+03 2.158902709350303212e+03 1.656728027644527856e+03 2.268940000000000000e+19 1.700351014733314514e-03 -6.549201905727386475e-03
1.372309745185112888e+03 2.161491413340780127e+03 1.655215317839584941e+03 2.269140000000000000e+19 1.703296788036823273e-03 1.865687198005616665e-03
1.370243652920954901e+03 2.163860716734790913e+03 1.653830826547494098e+03 2.269340000000000000e+19 -2.506578806787729263e-03 -1.520028989762067795e-02
1.385697436034483871e+03 2.145895936699145750e+03 1.664328741478761231e+03 2.269540000000000000e+19 1.424988266080617905e-02 5.233108997344970703e-03
1.383482636751874225e+03 2.148505683433955255e+03 1.662803667648359124e+03 2.269740000000000000e+19 4.557552747428417206e-03 -1.573156937956809998e-02
1.381261230259905460e+03 2.151111246515089533e+03 1.661281052075166599e+03 2.269940000000000000e+19 -7.159954402595758438e-04 -1.446862053126096725e-02
1.379033227174226568e+03 2.153712613491184584e+03 1.659760902035390473e+03 2.270140000000000000e+19 3.933104686439037323e-03 -2.645472995936870575e-03
1.376798638157348933e+03 2.156309771912692213e+03 1.658243224804114107e+03 2.270340000000000000e+19 -9.821925312280654907e-03 -1.427721977233886719e-02
1.374557473903453911e+03 2.158902709350303212e+03 1.656728027644527856e+03 2.270540000000000000e+19 -1.935396529734134674e-02 6.043855100870132446e-03
1.372309745185112888e+03 2.161491413340780127e+03 1.655215317839584941e+03 2.270740000000000000e+19 -1.280166022479534149e-02 6.408245768398046494e-03
1.370243652920954901e+03 2.163860716734790913e+03 1.653830826547494098e+03 2.270940000000000000e+19 -2.486125566065311432e-03 8.320774883031845093e-03
1.363253400794140362e+03 2.171803647919046398e+03 1.649189496448378804e+03 2.271140000000000000e+19 3.814648138359189034e-03 -3.014842222910374403e-04
1.360973011501219162e+03 2.174370999518908775e+03 1.647689331610572708e+03 2.271340000000000000e+19 6.646692287176847458e-03 1.923287846148014069e-02
1.358686122740408109e+03 2.176934043662808563e+03 1.646191697373465104e+03 2.271540000000000000e+19 1.257981359958648682e-02 1.993942260742187500e-02
1.356392745424373743e+03 2.179492768120444453e+03 1.644696600883440624e+03 2.271740000000000000e+19 7.649399805814027786e-03 -3.441130975261330605e-03
1.354092890536622463e+03 2.182047160637526304e+03 1.643204049300833731e+03 2.271940000000000000e+19 1.344426069408655167e-03 1.284816768020391464e-02
1.351786569083644054e+03 2.184597208989387127e+03 1.641714049768605037e+03 2.272140000000000000e+19 3.324740100651979446e-03 -9.849180933088064194e-04
1.349473792111012699e+03 2.187142900963339343e+03 1.640226609422649972e+03 2.272340000000000000e+19 6.355289369821548462e-03 4.582354333251714706e-03
1.347348166903534093e+03 2.189472670364592432e+03 1.638865343920991336e+03 2.272540000000000000e+19 -2.663354016840457916e-02 -3.397479653358459473e-02
1.363253400794140362e+03 2.171803647919046398e+03 1.649189496448378804e+03 2.272740000000000000e+19 -7.918604649603366852e-03 1.415606215596199036e-02
1.360973011501219162e+03 2.174370999518908775e+03 1.647689331610572708e+03 2.272940000000000000e+19 1.910455897450447083e-02 1.622118055820465088e-02
1.358686122740408109e+03 2.176934043662808563e+03 1.646191697373465104e+03 2.273140000000000000e+19 8.164020837284624577e-04 -4.716263152658939362e-03
1.356392745424373743e+03 2.179492768120444453e+03 1.644696600883440624e+03 2.273340000000000000e+19 -1.470686588436365128e-02 -6.105747539550065994e-03
1.354092890536622463e+03 2.182047160637526304e+03 1.643204049300833731e+03 2.273540000000000000e+19 6.410389207303524017e-03 1.847605220973491669e-02
1.351786569083644054e+03 2.184597208989387127e+03 1.641714049768605037e+03 2.273740000000000000e+19 1.270102569833397865e-03 -4.109759815037250519e-03
1.349473792111012699e+03 2.187142900963339343e+03 1.640226609422649972e+03 2.273940000000000000e+19 1.255141571164131165e-02 -1.103225629776716232e-03
1.347348166903534093e+03 2.189472670364592432e+03 1.638865343920991336e+03 2.274140000000000000e+19 -2.049694769084453583e-03 -5.884475074708461761e-03
1.340158350723883132e+03 2.197281861875252162e+03 1.634302582004268288e+03 2.274340000000000000e+19 9.319977834820747375e-03 -4.196411464363336563e-03
1.337813462762222343e+03 2.199805589669036635e+03 1.632828044100115903e+03 2.274540000000000000e+19 1.312282402068376541e-02 1.164020691066980362e-02
1.335462186120029628e+03 2.202324888336838740e+03 1.631356107887685766e+03 2.274740000000000000e+19 -8.542684838175773621e-03 8.214192464947700500e-03
1.333104532090849489e+03 2.204839745778082488e+03 1.629886780436904019e+03 2.274940000000000000e+19 -1.907457411289215088e-02 -2.988206595182418823e-02
1.330740511908439657e+03 2.207350150009808203e+03 1.628420068748911035e+03 2.275140000000000000e+19 3.611549967899918556e-03 1.273010764271020889e-02
1.328370136960551463e+03 2.209856088939231540e+03 1.626955979888946786e+03 2.275340000000000000e+19 -1.897768676280975342e-02 -9.145451709628105164e-03
1.325993418533515296e+03 2.212357550634767449e+03 1.625494520828002578e+03 2.275540000000000000e+19 -5.286930594593286514e-03 -7.054273039102554321e-03
1.323809277641445988e+03 2.214646671092242286e+03 1.624157132572920091e+03 2.275740000000000000e+19 -1.741516962647438049e-02 1.472642738372087479e-02
1.340158350723883132e+03 2.197281861875252162e+03 1.634302582004268288e+03 2.275940000000000000e+19 -1.055471226572990417e-02 -1.948406174778938293e-02
1.337813462762222343e+03 2.199805589669036635e+03 1.632828044100115903e+03 2.276140000000000000e+19 -1.530230743810534477e-03 -7.777372840791940689e-03
1.335462186120029628e+03 2.202324888336838740e+03 1.631356107887685766e+03 2.276340000000000000e+19 -7.101024966686964035e-03 7.479183375835418701e-03
1.333104532090849489e+03 2.204839745778082488e+03 1.629886780436904019e+03 2.276540000000000000e+19 9.650884196162223816e-03 -1.728783920407295227e-02
1.330740511908439657e+03 2.207350150009808203e+03 1.628420068748911035e+03 2.276740000000000000e+19 4.252500002621673048e-05 -2.657171338796615601e-03
1.328370136960551463e+03 2.209856088939231540e+03 1.626955979888946786e+03 2.276940000000000000e+19 -3.867974271997809410e-03 3.921877592802047729e-02
1.325993418533515296e+03 2.212357550634767449e+03 1.625494520828002578e+03 2.277140000000000000e+19 1.725461706519126892e-02 2.957107126712799072e-02
1.323809277641445988e+03 2.214646671092242286e+03 1.624157132572920091e+03 2.277340000000000000e+19 2.947613596916198730e-03 -6.724166218191385269e-03
1.316423338140480837e+03 2.222318385799374937e+03 1.619675122369906376e+03 2.277540000000000000e+19 1.332623790949583054e-02 3.491575596854090691e-03
1.314015073612550850e+03 2.224797282107329465e+03 1.618226917009370254e+03 2.277740000000000000e+19 -1.588552445173263550e-02 2.371198870241641998e-02
1.311600534346850282e+03 2.227271629633480643e+03 1.616781383248096290e+03 2.277940000000000000e+19 -1.258857082575559616e-02 9.451409801840782166e-03
1.309179731839864644e+03 2.229741416596574254e+03 1.615338527968781818e+03 2.278140000000000000e+19 1.830805675126612186e-03 1.980428211390972137e-02
1.306752677744388848e+03 2.232206631108048441e+03 1.613898358116741520e+03 2.278340000000000000e+19 3.147988393902778625e-02 -3.998636826872825623e-02
1.304319383608050657e+03 2.234667261438728474e+03 1.612460880544112115e+03 2.278540000000000000e+19 -1.509258151054382324e-02 2.052945271134376526e-02
1.301879861143768721e+03 2.237123295744124334e+03 1.611026102170326340e+03 2.278740000000000000e+19 -3.346572443842887878e-02 7.544978056102991104e-03
1.299638249713185814e+03 2.239370671878901703e+03 1.609713231121654189e+03 2.278940000000000000e+19 1.091456692665815353e-02 -1.021405588835477829e-02
1.316423338140480837e+03 2.222318385799374937e+03 1.619675122369906376e+03 2.279140000000000000e+19 2.364020794630050659e-03 -8.288654498755931854e-03
1.314015073612550850e+03 2.224797282107329465e+03 1.618226917009370254e+03 2.279340000000000000e+19 4.701410420238971710e-03 -8.167676627635955811e-03
1.311600534346850282e+03 2.227271629633480643e+03 1.616781383248096290e+03 2.279540000000000000e+19 1.511130481958389282e-02 -5.510388407856225967e-03
1.309179731839864644e+03 2.229741416596574254e+03 1.615338527968781818e+03 2.279740000000000000e+19 -1.022818125784397125e-02 2.635485958307981491e-03
1.306752677744388848e+03 2.232206631108048441e+03 1.613898358116741520e+03 2.279940000000000000e+19 -1.604898087680339813e-02 -1.667920127511024475e-02
1.304319383608050657e+03 2.234667261438728474e+03 1.612460880544112115e+03 2.280140000000000000e+19 8.096571080386638641e-03 -4.800447728484869003e-03
1.301879861143768721e+03 2.237123295744124334e+03 1.611026102170326340e+03 2.280340000000000000e+19 2.854141592979431152e-02 -2.261046506464481354e-02
1.299638249713185814e+03 2.239370671878901703e+03 1.609713231121654189e+03 2.280540000000000000e+19 -1.014122925698757172e-02 -3.886805148795247078e-03
1.292470870137742395e+03 2.246495305777023987e+03 1.605551246785357080e+03 2.280740000000000000e+19 1.695006270892918110e-03 -3.979366738349199295e-03
1.290001409018097092e+03 2.248928960851585998e+03 1.604129610991948766e+03 2.280940000000000000e+19 1.194978365674614906e-03 6.594374775886535645e-03
1.287525788050062374e+03 2.251357951690838490e+03 1.602710714243645270e+03 2.281140000000000000e+19 -1.552057568915188313e-03 -6.242150440812110901e-03
1.285044019124505667e+03 2.253782266628027628e+03 1.601294563355579839e+03 2.281340000000000000e+19 1.173725235275924206e-03 2.407846506685018539e-03
1.282556114049441021e+03 2.256201894128620097e+03 1.599881165065583673e+03 2.281540000000000000e+19 2.291278651682659984e-04 -1.005721278488636017e-02
1.280062084791932875e+03 2.258616822553875409e+03 1.598470526172284053e+03 2.281740000000000000e+19 -3.245793050155043602e-04 1.112143043428659439e-03
1.277561943253121399e+03 2.261027040380311064e+03 1.597062653406919935e+03 2.281940000000000000e+19 1.497756782919168472e-02 -7.058050017803907394e-03
1.275264865143509951e+03 2.263232318968598065e+03 1.595774503726516286e+03 2.282140000000000000e+19 -8.420906960964202881e-03 -2.830400830134749413e-03
1.292470870137742395e+03 2.246495305777023987e+03 1.605551246785357080e+03 2.282340000000000000e+19 -3.617802169173955917e-03 -6.440002005547285080e-03
1.290001409018097092e+03 2.248928960851585998e+03 1.604129610991948766e+03 2.282540000000000000e+19 1.821693265810608864e-03 -1.914595719426870346e-03
1.287525788050062374e+03 2.251357951690838490e+03 1.602710714243645270e+03 2.282740000000000000e+19 -9.099511429667472839e-03 -4.759037401527166367e-03
1.285044019124505667e+03 2.253782266628027628e+03 1.601294563355579839e+03 2.282940000000000000e+19 -2.280057407915592194e-03 1.565897092223167419e-02
1.282556114049441021e+03 2.256201894128620097e+03 1.599881165065583673e+03 2.283140000000000000e+19 -2.944614680018275976e-04 4.138933960348367691e-03
1.280062084791932875e+03 2.258616822553875409e+03 1.598470526172284053e+03 2.283340000000000000e+19 -3.901137504726648331e-03 -1.564620994031429291e-02
1.277561943253121399e+03 2.261027040380311064e+03 1.597062653406919935e+03 2.283540000000000000e+19 2.820613561198115349e-03 -4.546959884464740753e-03
1.275264865143509951e+03 2.263232318968598065e+03 1.595774503726516286e+03 2.283740000000000000e+19 -9.678726084530353546e-03 -7.302745943889021873e-04
1.267500494100824881e+03 2.270620575267869299e+03 1.591458958223913896e+03 2.283940000000000000e+19 -6.488157436251640320e-03 1.723476871848106384e-02
1.264969971283776658e+03 2.273007067465975979e+03 1.590065016936975780e+03 2.284140000000000000e+19 7.121428498066961765e-04 -2.474270761013031006e-03
1.262433408376970192e+03 2.275388780230483462e+03 1.588673881985114576e+03 2.284340000000000000e+19 3.448803676292300224e-03 3.166029695421457291e-03
1.259890817599248294e+03 2.277765702088484431e+03 1.587285560069534995e+03 2.284540000000000000e+19 -2.727760293055325747e-04 1.843980164267122746e-03
1.257342211056799670e+03 2.280137821722608351e+03 1.585900057800522745e+03 2.284740000000000000e+19 1.137727405875921249e-02 -2.102145925164222717e-02
1.254787600964247304e+03 2.282505127763912242e+03 1.584517381818415970e+03 2.284940000000000000e+19 -6.692312308587133884e-04 1.268800068646669388e-02
1.252226999582920371e+03 2.284867608850145189e+03 1.583137538759571953e+03 2.285140000000000000e+19 7.805066183209419250e-03 3.436606843024492264e-03
1.249874604886633051e+03 2.287029029996344434e+03 1.581875140663893944e+03 2.285340000000000000e+19 2.882798435166478157e-03 -8.454446680843830109e-03
1.267500494100824881e+03 2.270620575267869299e+03 1.591458958223913896e+03 2.285540000000000000e+19 -6.160158663988113403e-03 1.070646755397319794e-02
1.264969971283776658e+03 2.273007067465975979e+03 1.590065016936975780e+03 2.285740000000000000e+19 2.356762764975428581e-03 1.694723591208457947e-02
1.262433408376970192e+03 2.275388780230483462e+03 1.588673881985114576e+03 2.285940000000000000e+19 6.753557827323675156e-03 -5.162933375686407089e-03
1.259890817599248294e+03 2.277765702088484431e+03 1.587285560069534995e+03 2.286140000000000000e+19 4.837519954890012741e-03 -1.270890934392809868e-03
1.257342211056799670e+03 2.280137821722608351e+03 1.585900057800522745e+03 2.286340000000000000e+19 5.431503523141145706e-03 2.439581602811813354e-02
1.254787600964247304e+03 2.282505127763912242e+03 1.584517381818415970e+03 2.286540000000000000e+19 4.949645139276981354e-03 -2.071858756244182587e-02
1.252226999582920371e+03 2.284867608850145189e+03 1.583137538759571953e+03 2.286740000000000000e+19 4.289696458727121353e-03 -8.234592387452721596e-04
1.249874604886633051e+03 2.287029029996344434e+03 1.581875140663893944e+03 2.286940000000000000e+19 2.098491648212075233e-03 1.411863486282527447e-03
1.241924926393124224e+03 2.294269058140163907e+03 1.577646627464752783e+03 2.287140000000000000e+19 -5.179577972739934921e-03 1.284527871757745743e-02
1.239334552803799852e+03 2.296607245461852926e+03 1.576281047721384311e+03 2.287340000000000000e+19 -1.057890709489583969e-02 1.585609093308448792e-02
1.236738261880431082e+03 2.298940540339828203e+03 1.574918340317929733e+03 2.287540000000000000e+19 -5.963806062936782837e-03 -2.675394760444760323e-03
1.234136065984929928e+03 2.301268931664472802e+03 1.573558511742699011e+03 2.287740000000000000e+19 7.573590148240327835e-03 -3.047115169465541840e-03
1.231527977643215991e+03 2.303592408227828855e+03 1.572201568541361439e+03 2.287940000000000000e+19 1.090519689023494720e-02 -7.173791527748107910e-03
1.228914009264337665e+03 2.305910958975046015e+03 1.570847517170080209e+03 2.288140000000000000e+19 -2.227971889078617096e-02 2.894575707614421844e-03
1.226294173430859246e+03 2.308224572745630212e+03 1.569496364146678161e+03 2.288340000000000000e+19 2.386182313784956932e-04 -1.919448561966419220e-02
1.223887587891233352e+03 2.310341102097968360e+03 1.568260321757692509e+03 2.288540000000000000e+19 2.507311850786209106e-02 -1.010520197451114655e-02
1.241924926393124224e+03 2.294269058140163907e+03 1.577646627464752783e+03 2.288740000000000000e+19 3.418440697714686394e-03 -1.533696148544549942e-02
1.239334552803799852e+03 2.296607245461852926e+03 1.576281047721384311e+03 2.288940000000000000e+19 2.140827709808945656e-03 9.241006337106227875e-03
1.236738261880431082e+03 2.298940540339828203e+03 1.574918340317929733e+03 2.289140000000000000e+19 -7.527841720730066299e-03 -3.749253228306770325e-03
1.234136065984929928e+03 2.301268931664472802e+03 1.573558511742699011e+03 2.289340000000000000e+19 -2.721167914569377899e-02 1.161387097090482712e-02
1.231527977643215991e+03 2.303592408227828855e+03 1.572201568541361439e+03 2.289540000000000000e+19 -9.746270254254341125e-03 -5.081597715616226196e-03
1.228914009264337665e+03 2.305910958975046015e+03 1.570847517170080209e+03 2.289740000000000000e+19 1.239145454019308090e-02 -5.546507425606250763e-03
1.226294173430859246e+03 2.308224572745630212e+03 1.569496364146678161e+03 2.289940000000000000e+19 -2.637760899960994720e-02 6.574819795787334442e-03
1.223887587891233352e+03 2.310341102097968360e+03 1.568260321757692509e+03 2.290140000000000000e+19 -5.339767783880233765e-03 -8.553935214877128601e-03
1.215756406280736883e+03 2.317429437365501144e+03 1.564120864417454868e+03 2.290340000000000000e+19 -2.011189050972461700e-02 1.103955786675214767e-03
1.213107421600898988e+03 2.319718200819610956e+03 1.562784299745116186e+03 2.290540000000000000e+19 -2.102839201688766479e-02 -6.415749900043010712e-03
1.210452645094786703e+03 2.322001961235697308e+03 1.561450671999439919e+03 2.290740000000000000e+19 -1.241871621459722519e-02 -2.509369142353534698e-02
1.207792089421161791e+03 2.324280707723991782e+03 1.560119987539622116e+03 2.290940000000000000e+19 4.215303342789411545e-03 -6.120397709310054779e-03
1.205125767331192264e+03 2.326554429363063264e+03 1.558792252743273821e+03 2.291140000000000000e+19 1.223408989608287811e-02 -6.417208816856145859e-03
1.202453691631703123e+03 2.328823115231942666e+03 1.557467473987660242e+03 2.291340000000000000e+19 -6.792532280087471008e-03 9.882440790534019470e-03
1.199775875036157231e+03 2.331086754536564513e+03 1.556145657575873201e+03 2.291540000000000000e+19 2.196292020380496979e-02 -1.539440592750906944e-03
1.197316250755982765e+03 2.333157378867817897e+03 1.554936562612296711e+03 2.291740000000000000e+19 -3.177931159734725952e-02 -4.418142139911651611e-03
1.215756406280736883e+03 2.317429437365501144e+03 1.564120864417454868e+03 2.291940000000000000e+19 4.075296688824892044e-03 -9.623753838241100311e-03
1.213107421600898988e+03 2.319718200819610956e+03 1.562784299745116186e+03 2.292140000000000000e+19 1.918886415660381317e-02 8.085937588475644588e-04
1.210452645094786703e+03 2.322001961235697308e+03 1.561450671999439919e+03 2.292340000000000000e+19 -9.908859618008136749e-03 1.084751728922128677e-02
1.207792089421161791e+03 2.324280707723991782e+03 1.560119987539622116e+03 2.292540000000000000e+19 -4.421369812916964293e-04 -3.458369523286819458e-02
1.205125767331192264e+03 2.326554429363063264e+03 1.558792252743273821e+03 2.292740000000000000e+19 2.353077009320259094e-02 -3.240792825818061829e-02
1.202453691631703123e+03 2.328823115231942666e+03 1.557467473987660242e+03 2.292940000000000000e+19 -2.090187929570674896e-02 1.989245787262916565e-02
1.199775875036157231e+03 2.331086754536564513e+03 1.556145657575873201e+03 2.293140000000000000e+19 -1.249249093234539032e-02 -4.725781309389276430e-06
1.197316250755982765e+03 2.333157378867817897e+03 1.554936562612296711e+03 2.293340000000000000e+19 -9.127282537519931793e-03 -1.909573189914226532e-02
