# Baseline: 1-22
# u [m], v [m], w [m], frequency [GHz], real, imag
7.320474527632200079e+02 -2.251228112032541958e+03 4.560358368813690504e+02 2.267940000000000000e+19 7.638437673449516296e-03 4.941199906170368195e-03
7.367997459683670058e+02 -2.249842767445277786e+03 4.552184378273936431e+02 2.268140000000000000e+19 -3.318332135677337646e-03 6.166823004605248570e-05
7.415485089638162890e+02 -2.248448452532305964e+03 4.543957913334389218e+02 2.268340000000000000e+19 7.459660060703754425e-03 7.193365134298801422e-03
7.462937190563452532e+02 -2.247045173956812050e+03 4.535679013307981222e+02 2.268540000000000000e+19 -5.783460568636655807e-03 2.997677074745297432e-03
7.510353535365580910e+02 -2.245632938434342122e+03 4.527347717814418502e+02 2.268740000000000000e+19 5.879708332940936089e-04 5.389848956838250160e-04
7.557733897122531062e+02 -2.244211752723515474e+03 4.518964066725392854e+02 2.268940000000000000e+19 -8.852793835103511810e-03 4.954526084475219250e-04
7.605078048094852647e+02 -2.242781623655602289e+03 4.510528100339039952e+02 2.269140000000000000e+19 3.670878708362579346e-03 1.146449521183967590e-02
7.648445317529592558e+02 -2.241462935012938487e+03 4.502749872886274716e+02 2.269340000000000000e+19 -1.549878716468811035e-02 -5.744134541600942612e-03
7.320474527632200079e+02 -2.251228112032541958e+03 4.560358368813690504e+02 2.269540000000000000e+19 1.636710576713085175e-02 -1.349992677569389343e-02
7.367997459683670058e+02 -2.249842767445277786e+03 4.552184378273936431e+02 2.269740000000000000e+19 -1.074269297532737255e-03 -1.068488135933876038e-02
7.415485089638162890e+02 -2.248448452532305964e+03 4.543957913334389218e+02 2.269940000000000000e+19 2.532700542360544205e-03 1.135957334190607071e-02
7.462937190563452532e+02 -2.247045173956812050e+03 4.535679013307981222e+02 2.270140000000000000e+19 -9.531627409160137177e-03 -3.567000094335526228e-04
7.510353535365580910e+02 -2.245632938434342122e+03 4.527347717814418502e+02 2.270340000000000000e+19 1.541168196126818657e-03 9.275954216718673706e-04
7.557733897122531062e+02 -2.244211752723515474e+03 4.518964066725392854e+02 2.270540000000000000e+19 -1.506506837904453278e-02 5.887666717171669006e-03
7.605078048094852647e+02 -2.242781623655602289e+03 4.510528100339039952e+02 2.270740000000000000e+19 1.193201169371604919e-02 -5.206476897001266479e-03
7.648445317529592558e+02 -2.241462935012938487e+03 4.502749872886274716e+02 2.270940000000000000e+19 3.271036781370639801e-03 3.957751672714948654e-03
7.794088025457639333e+02 -2.236971811031717152e+03 4.476261891208453676e+02 2.271140000000000000e+19 2.380985394120216370e-02 -3.356267930939793587e-03
7.841247732309929006e+02 -2.235497068547640538e+03 4.467564958043878391e+02 2.271340000000000000e+19 1.496789418160915375e-02 8.862328715622425079e-03
7.888369871887852014e+02 -2.234013424403428871e+03 4.458815955510705749e+02 2.271540000000000000e+19 -8.856318891048431396e-03 -3.515746677294373512e-03
7.935454219334184245e+02 -2.232520885678845843e+03 4.450014925358194091e+02 2.271740000000000000e+19 4.306757822632789612e-03 5.553422961384057999e-03
7.982500549151759515e+02 -2.231019459522013221e+03 4.441161909736640041e+02 2.271940000000000000e+19 4.894179757684469223e-03 6.792731117457151413e-03
8.029508636189160597e+02 -2.229509153118337508e+03 4.432256951014235256e+02 2.272140000000000000e+19 -1.183741376735270023e-03 6.240810034796595573e-04
8.076478255314892749e+02 -2.227989973701136478e+03 4.423300091839632273e+02 2.272340000000000000e+19 -1.686939795035868883e-04 6.822216091677546501e-04
8.119500250280057116e+02 -2.226589716853698974e+03 4.415044740719887386e+02 2.272540000000000000e+19 -7.159992121160030365e-03 -8.108453825116157532e-03
7.794088025457639333e+02 -2.236971811031717152e+03 4.476261891208453676e+02 2.272740000000000000e+19 -2.969766035676002502e-02 2.277025394141674042e-02
7.841247732309929006e+02 -2.235497068547640538e+03 4.467564958043878391e+02 2.272940000000000000e+19 5.074588116258382797e-03 1.609818078577518463e-02
7.888369871887852014e+02 -2.234013424403428871e+03 4.458815955510705749e+02 2.273140000000000000e+19 3.806823631748557091e-03 7.984049618244171143e-03
7.935454219334184245e+02 -2.232520885678845843e+03 4.450014925358194091e+02 2.273340000000000000e+19 1.145148370414972305e-02 -5.895963869988918304e-03
7.982500549151759515e+02 -2.231019459522013221e+03 4.441161909736640041e+02 2.273540000000000000e+19 1.194586697965860367e-02 1.334967929869890213e-02
8.029508636189160597e+02 -2.229509153118337508e+03 4.432256951014235256e+02 2.273740000000000000e+19 6.298561580479145050e-03 5.903638084419071674e-04
8.076478255314892749e+02 -2.227989973701136478e+03 4.423300091839632273e+02 2.273940000000000000e+19 5.593319889158010483e-03 -2.743217349052429199e-02
8.119500250280057116e+02 -2.226589716853698974e+03 4.415044740719887386e+02 2.274140000000000000e+19 -3.262135578552260995e-05 -1.345704193226993084e-03
8.263967562415922430e+02 -2.221824671855957149e+03 4.386954511143817967e+02 2.274340000000000000e+19 -3.907411359250545502e-03 2.927730418741703033e-02
8.310741474595530462e+02 -2.220261237254258049e+03 4.377738797525007044e+02 2.274540000000000000e+19 8.357156184501945972e-04 -1.094274874776601791e-02
8.357475573609889352e+02 -2.218688973875567171e+03 4.368471444237075616e+02 2.274740000000000000e+19 -5.122454836964607239e-03 -2.487025037407875061e-02
8.404169634988085136e+02 -2.217107889271710974e+03 4.359152495792677655e+02 2.274940000000000000e+19 -1.399467233568429947e-02 -1.266620494425296783e-02
8.450823436239905959e+02 -2.215517990976180499e+03 4.349781996594473981e+02 2.275140000000000000e+19 3.878702968358993530e-02 -2.112235128879547119e-02
8.497436752630543424e+02 -2.213919286647741046e+03 4.340359991781600115e+02 2.275340000000000000e+19 -1.856777630746364594e-02 7.115249522030353546e-03
8.544009362218254182e+02 -2.212311783898571321e+03 4.330886526216709171e+02 2.275540000000000000e+19 -1.307867700234055519e-03 -1.366415340453386307e-02
8.586665493795869679e+02 -2.210830628968049950e+03 4.322158002207310119e+02 2.275740000000000000e+19 2.312293276190757751e-03 9.014658629894256592e-03
8.263967562415922430e+02 -2.221824671855957149e+03 4.386954511143817967e+02 2.275940000000000000e+19 8.330867625772953033e-03 -2.117901295423507690e-02
8.310741474595530462e+02 -2.220261237254258049e+03 4.377738797525007044e+02 2.276140000000000000e+19 -3.390935016795992851e-04 1.237987913191318512e-02
8.357475573609889352e+02 -2.218688973875567171e+03 4.368471444237075616e+02 2.276340000000000000e+19 -1.946807093918323517e-02 -1.185332704335451126e-02
8.404169634988085136e+02 -2.217107889271710974e+03 4.359152495792677655e+02 2.276540000000000000e+19 -1.781767234206199646e-03 1.676230691373348236e-03
8.450823436239905959e+02 -2.215517990976180499e+03 4.349781996594473981e+02 2.276740000000000000e+19 -2.694035507738590240e-02 -1.671125297434628010e-03
8.497436752630543424e+02 -2.213919286647741046e+03 4.340359991781600115e+02 2.276940000000000000e+19 -2.626759186387062073e-02 1.170753128826618195e-02
8.544009362218254182e+02 -2.212311783898571321e+03 4.330886526216709171e+02 2.277140000000000000e+19 1.050322875380516052e-02 1.903671305626630783e-03
8.586665493795869679e+02 -2.210830628968049950e+03 4.322158002207310119e+02 2.277340000000000000e+19 4.006022587418556213e-02 1.470435410737991333e-03
8.729888274554277814e+02 -2.205793943298785507e+03 4.292478967537027188e+02 2.277540000000000000e+19 2.204582281410694122e-02 9.799393825232982635e-03
8.776254009336527133e+02 -2.204142564733223026e+03 4.282748883489725813e+02 2.277740000000000000e+19 -3.034221008419990540e-02 1.495550852268934250e-02
8.822577702161729576e+02 -2.202482434564324649e+03 4.272967614571005583e+02 2.277940000000000000e+19 -1.268198434263467789e-02 -1.622440293431282043e-02
8.868859132466318442e+02 -2.200813560696562035e+03 4.263135207353083729e+02 2.278140000000000000e+19 2.293798886239528656e-02 1.967685855925083160e-02
8.915098077470146336e+02 -2.199135951163249501e+03 4.253251709165477337e+02 2.278340000000000000e+19 8.662232197821140289e-03 1.262383256107568741e-02
8.961294317174269963e+02 -2.197449613946257159e+03 4.243317167032810175e+02 2.278540000000000000e+19 -8.848417550325393677e-03 3.700402332469820976e-03
9.007447629208572835e+02 -2.195754557162950732e+03 4.233331628776168145e+02 2.278740000000000000e+19 -4.335685633122920990e-03 1.186844892799854279e-02
9.049717485797431209e+02 -2.194193212906071039e+03 4.224134108627184219e+02 2.278940000000000000e+19 -1.542938221246004105e-02 1.307582296431064606e-02
8.729888274554277814e+02 -2.205793943298785507e+03 4.292478967537027188e+02 2.279140000000000000e+19 -5.342545453459024429e-03 -1.732697151601314545e-02
8.776254009336527133e+02 -2.204142564733223026e+03 4.282748883489725813e+02 2.279340000000000000e+19 -2.213340066373348236e-02 -9.895020630210638046e-04
8.822577702161729576e+02 -2.202482434564324649e+03 4.272967614571005583e+02 2.279540000000000000e+19 -1.493194792419672012e-02 -5.710611585527658463e-03
8.868859132466318442e+02 -2.200813560696562035e+03 4.263135207353083729e+02 2.279740000000000000e+19 4.629187460523098707e-04 -6.469608633778989315e-04
8.915098077470146336e+02 -2.199135951163249501e+03 4.253251709165477337e+02 2.279940000000000000e+19 -4.012146499007940292e-03 1.922726631164550781e-02
8.961294317174269963e+02 -2.197449613946257159e+03 4.243317167032810175e+02 2.280140000000000000e+19 1.270804181694984436e-02 6.748233456164598465e-03
9.007447629208572835e+02 -2.195754557162950732e+03 4.233331628776168145e+02 2.280340000000000000e+19 8.282275870442390442e-03 6.748714484274387360e-03
9.049717485797431209e+02 -2.194193212906071039e+03 4.224134108627184219e+02 2.280540000000000000e+19 -3.524859494064003229e-04 4.334488417953252792e-03
9.183967012463699575e+02 -2.189176208800111908e+03 4.194582172117415553e+02 2.280740000000000000e+19 -1.323172263801097870e-02 -7.939517498016357422e-03
9.229909734326244006e+02 -2.187439122423485969e+03 4.184350829892235311e+02 2.280940000000000000e+19 8.002788759768009186e-03 7.296176161617040634e-03
9.275808243800016726e+02 -2.185693364358558028e+03 4.174068773566875166e+02 2.281140000000000000e+19 -1.026321016252040863e-02 -6.037187296897172928e-03
9.321662320428166595e+02 -2.183938942990587293e+03 4.163736052528392406e+02 2.281340000000000000e+19 1.041180826723575592e-02 5.601380253210663795e-04
9.367471746043338499e+02 -2.182175866666986167e+03 4.153352715939247446e+02 2.281540000000000000e+19 -9.110157378017902374e-03 -5.795645993202924728e-03
9.413236300296508716e+02 -2.180404143868282063e+03 4.142918813744159365e+02 2.281740000000000000e+19 9.337323717772960663e-03 7.023739628493785858e-03
9.458955764809028324e+02 -2.178623783048956739e+03 4.132434395732739176e+02 2.281940000000000000e+19 -1.662263274192810059e-02 9.246116504073143005e-03
9.500826055912269794e+02 -2.176984314431124403e+03 4.122779987352590751e+02 2.282140000000000000e+19 1.254502590745687485e-02 7.097492343746125698e-04
9.183967012463699575e+02 -2.189176208800111908e+03 4.194582172117415553e+02 2.282340000000000000e+19 -7.737589534372091293e-03 1.663374947383999825e-03
9.229909734326244006e+02 -2.187439122423485969e+03 4.184350829892235311e+02 2.282540000000000000e+19 2.936661941930651665e-03 3.397578606382012367e-03
9.275808243800016726e+02 -2.185693364358558028e+03 4.174068773566875166e+02 2.282740000000000000e+19 -1.333774067461490631e-02 -5.121745634824037552e-03
9.321662320428166595e+02 -2.183938942990587293e+03 4.163736052528392406e+02 2.282940000000000000e+19 1.626047119498252869e-02 -8.507988415658473969e-03
9.367471746043338499e+02 -2.182175866666986167e+03 4.153352715939247446e+02 2.283140000000000000e+19 7.995185442268848419e-03 -7.485641399398446083e-04
9.413236300296508716e+02 -2.180404143868282063e+03 4.142918813744159365e+02 2.283340000000000000e+19 -5.528778769075870514e-03 -5.880595184862613678e-03
9.458955764809028324e+02 -2.178623783048956739e+03 4.132434395732739176e+02 2.283540000000000000e+19 -6.272825878113508224e-03 3.400720888748764992e-03
9.500826055912269794e+02 -2.176984314431124403e+03 4.122779987352590751e+02 2.283740000000000000e+19 1.621765084564685822e-02 -9.728261269629001617e-03
9.641378351250004926e+02 -2.171416130646702641e+03 4.089992572985776746e+02 2.283940000000000000e+19 8.162695914506912231e-03 -2.668983768671751022e-03
9.686869088120765809e+02 -2.169592708404691166e+03 4.079256333650222928e+02 2.284140000000000000e+19 3.394894301891326904e-03 -5.219552200287580490e-03
9.732313426349734300e+02 -2.167760699857204600e+03 4.068469883020439397e+02 2.284340000000000000e+19 1.537064090371131897e-03 5.198666825890541077e-03
9.777711147027870311e+02 -2.165920113829190086e+03 4.057633273055815266e+02 2.284540000000000000e+19 4.424951504915952682e-03 1.176547817885875702e-02
9.823062034000560061e+02 -2.164070959084343485e+03 4.046746555353461190e+02 2.284740000000000000e+19 1.131028961390256882e-02 -3.357885289005935192e-04
9.868365869913819779e+02 -2.162213244484980805e+03 4.035809782089504552e+02 2.284940000000000000e+19 -1.543516386300325394e-02 1.270038820803165436e-02
9.913622437324685279e+02 -2.160346978947583921e+03 4.024823005757320402e+02 2.285140000000000000e+19 4.240920301526784897e-03 -1.224872749298810959e-02
9.955066522627679433e+02 -2.158628840032386506e+03 4.014708547928605071e+02 2.285340000000000000e+19 -1.149922050535678864e-02 -1.067551691085100174e-02
9.641378351250004926e+02 -2.171416130646702641e+03 4.089992572985776746e+02 2.285540000000000000e+19 2.823942108079791069e-03 9.024146944284439087e-03
9.686869088120765809e+02 -2.169592708404691166e+03 4.079256333650222928e+02 2.285740000000000000e+19 1.686802133917808533e-04 1.638591475784778595e-02
9.732313426349734300e+02 -2.167760699857204600e+03 4.068469883020439397e+02 2.285940000000000000e+19 5.271676462143659592e-03 8.530329912900924683e-03
9.777711147027870311e+02 -2.165920113829190086e+03 4.057633273055815266e+02 2.286140000000000000e+19 -7.318553514778614044e-03 3.906959609594196081e-04
9.823062034000560061e+02 -2.164070959084343485e+03 4.046746555353461190e+02 2.286340000000000000e+19 1.240866351872682571e-02 8.447731845080852509e-03
9.868365869913819779e+02 -2.162213244484980805e+03 4.035809782089504552e+02 2.286540000000000000e+19 1.029007881879806519e-02 -1.111583784222602844e-02
9.913622437324685279e+02 -2.160346978947583921e+03 4.024823005757320402e+02 2.286740000000000000e+19 -6.314863450825214386e-03 -2.590897725895047188e-03
9.955066522627679433e+02 -2.158628840032386506e+03 4.014708547928605071e+02 2.286940000000000000e+19 1.197407115250825882e-02 -2.259929291903972626e-02
1.009417169885233648e+03 -2.152796586447166646e+03 3.980376923677571881e+02 2.287140000000000000e+19 8.396874909522011876e-05 7.887350511737167835e-05
1.013918868220660102e+03 -2.150887700898729236e+03 3.969140924834628095e+02 2.287340000000000000e+19 1.616236194968223572e-02 2.289819996803998947e-03
1.018415710097614351e+03 -2.148970318614042299e+03 3.957855241987810473e+02 2.287540000000000000e+19 -8.247786201536655426e-03 -4.668627399951219559e-03
1.022907674105071692e+03 -2.147044448722509060e+03 3.946519928872753553e+02 2.287740000000000000e+19 1.168640423566102982e-02 8.636849088361486793e-05
1.027394738620510225e+03 -2.145110100494479411e+03 3.935135040053096986e+02 2.287940000000000000e+19 -1.546589378267526627e-02 -2.483832882717251778e-03
1.031876882294983034e+03 -2.143167283133396268e+03 3.923700629696912188e+02 2.288140000000000000e+19 3.324669227004051208e-02 1.924689859151840210e-02
1.036354083553364944e+03 -2.141216005991228940e+03 3.912216752845344558e+02 2.288340000000000000e+19 -2.487096935510635376e-02 4.971736110746860504e-03
1.040453888190730822e+03 -2.139420018997900115e+03 3.901647085873429432e+02 2.288540000000000000e+19 -6.664242246188223362e-04 -5.441092886030673981e-03
1.009417169885233648e+03 -2.152796586447166646e+03 3.980376923677571881e+02 2.288740000000000000e+19 -1.277569588273763657e-02 1.539743971079587936e-02
1.013918868220660102e+03 -2.150887700898729236e+03 3.969140924834628095e+02 2.288940000000000000e+19 -7.680318783968687057e-03 -9.467493742704391479e-03
1.018415710097614351e+03 -2.148970318614042299e+03 3.957855241987810473e+02 2.289140000000000000e+19 -7.227144669741392136e-03 5.699153058230876923e-03
1.022907674105071692e+03 -2.147044448722509060e+03 3.946519928872753553e+02 2.289340000000000000e+19 2.444281941279768944e-03 1.525768917053937912e-02
1.027394738620510225e+03 -2.145110100494479411e+03 3.935135040053096986e+02 2.289540000000000000e+19 2.186279557645320892e-02 2.997678145766258240e-02
1.031876882294983034e+03 -2.143167283133396268e+03 3.923700629696912188e+02 2.289740000000000000e+19 2.048069238662719727e-02 -1.464192289859056473e-02
1.036354083553364944e+03 -2.141216005991228940e+03 3.912216752845344558e+02 2.289940000000000000e+19 -3.167974948883056641e-02 -2.037098258733749390e-02
1.040453888190730822e+03 -2.139420018997900115e+03 3.901647085873429432e+02 2.290140000000000000e+19 7.149276789277791977e-03 1.983182132244110107e-02
1.054213037013662642e+03 -2.133326486651396863e+03 3.865787681252216430e+02 2.290340000000000000e+19 1.209001243114471436e-02 -1.677446998655796051e-02
1.058665205611109968e+03 -2.131333051337277993e+03 3.854057300155120629e+02 2.290540000000000000e+19 1.195239368826150894e-02 1.198490895330905914e-02
1.063112303622176796e+03 -2.129331212864579811e+03 3.842277785781243438e+02 2.290740000000000000e+19 5.581938195973634720e-03 5.984134972095489502e-03
1.067554309841615350e+03 -2.127320980778610647e+03 3.830449194298597035e+02 2.290940000000000000e+19 9.170304052531719208e-03 -1.718498766422271729e-02
1.071991202980141907e+03 -2.125302364713690167e+03 3.818571582397477755e+02 2.291140000000000000e+19 -1.490210834890604019e-02 3.251484828069806099e-03
1.076422961726761059e+03 -2.123275374365648076e+03 3.806645007128590805e+02 2.291340000000000000e+19 -4.222887568175792694e-03 -1.023712800815701485e-03
1.080849564995791070e+03 -2.121240019378739362e+03 3.794669525237698622e+02 2.291540000000000000e+19 3.065795823931694031e-02 -1.188048999756574631e-02
1.084902803070648588e+03 -2.119367044105656532e+03 3.783649709179863976e+02 2.291740000000000000e+19 -2.268121205270290375e-02 4.191839601844549179e-03
1.054213037013662642e+03 -2.133326486651396863e+03 3.865787681252216430e+02 2.291940000000000000e+19 3.240371821448206902e-03 8.095966652035713196e-03
1.058665205611109968e+03 -2.131333051337277993e+03 3.854057300155120629e+02 2.292140000000000000e+19 2.558556757867336273e-02 -1.875351741909980774e-02
1.063112303622176796e+03 -2.129331212864579811e+03 3.842277785781243438e+02 2.292340000000000000e+19 1.840423443354666233e-03 -1.736521534621715546e-02
1.067554309841615350e+03 -2.127320980778610647e+03 3.830449194298597035e+02 2.292540000000000000e+19 -5.081716459244489670e-03 2.877637976780533791e-03
1.071991202980141907e+03 -2.125302364713690167e+03 3.818571582397477755e+02 2.292740000000000000e+19 1.423279196023941040e-02 -1.007419079542160034e-02
1.076422961726761059e+03 -2.123275374365648076e+03 3.806645007128590805e+02 2.292940000000000000e+19 -9.343503974378108978e-03 -1.985871233046054840e-02
1.080849564995791070e+03 -2.121240019378739362e+03 3.794669525237698622e+02 2.293140000000000000e+19 -2.990155946463346481e-03 1.125117391347885132e-02
1.084902803070648588e+03 -2.119367044105656532e+03 3.783649709179863976e+02 2.293340000000000000e+19 -1.160949561744928360e-02 -7.710467092692852020e-03
