# Baseline: 2-5
# Entries: 128
# u [m], v [m], w [m], frequency [GHz], real, imag, std(real), std(imag)
8.197788100308454204e+02 -2.890798735333443801e+03 4.656907461738856568e+02 2.267940000000000111e+01 -6.158406287431716919e-02 -8.124626427888870239e-02 6.671126186847686768e-02 6.640662252902984619e-02
8.257489763676131815e+02 -2.889246641481948700e+03 4.647741057398170597e+02 2.268140000000000001e+01 8.410706371068954468e-02 1.245942190289497375e-01 6.671126186847686768e-02 6.640662252902984619e-02
8.317151850832576656e+02 -2.887683278297611650e+03 4.638508723668268203e+02 2.268340000000000245e+01 -3.425206616520881653e-02 -6.548280268907546997e-02 6.671126186847686768e-02 6.640662252902984619e-02
8.376774076666638393e+02 -2.886108653251476426e+03 4.629210504669038073e+02 2.268540000000000134e+01 -2.191449981182813644e-03 4.658839851617813110e-02 6.671126186847686768e-02 6.640662252902984619e-02
8.421465677309680586e+02 -2.884920649903941921e+03 4.622195686341253236e+02 2.268740000000000023e+01 -6.983677297830581665e-02 -4.133105650544166565e-02 6.671126186847686768e-02 6.640662252902984619e-02
8.495897803212438930e+02 -2.882925647770014621e+03 4.610416589169872168e+02 2.268940000000000268e+01 1.146107092499732971e-01 8.366788923740386963e-02 6.671126186847686768e-02 6.640662252902984619e-02
8.555398732585941843e+02 -2.881317282601319221e+03 4.600920982811354065e+02 2.269140000000000157e+01 -2.798508107662200928e-01 7.019445300102233887e-02 6.671126186847686768e-02 6.640662252902984619e-02
8.629718879923678969e+02 -2.879291487425705327e+03 4.588961741060013537e+02 2.269340000000000046e+01 5.972521752119064331e-02 4.746779054403305054e-02 6.671126186847686768e-02 6.640662252902984619e-02
8.197788100308454204e+02 -2.890798735333443801e+03 4.656907461738856568e+02 2.269540000000000290e+01 5.428675096482038498e-03 -5.417419597506523132e-02 6.671126186847686768e-02 6.640662252902984619e-02
8.257489763676131815e+02 -2.889246641481948700e+03 4.647741057398170597e+02 2.269740000000000180e+01 1.227128952741622925e-01 -1.053425669670104980e-01 6.671126186847686768e-02 6.640662252902984619e-02
8.317151850832576656e+02 -2.887683278297611650e+03 4.638508723668268203e+02 2.269940000000000069e+01 -7.187756896018981934e-02 -9.750530868768692017e-02 6.671126186847686768e-02 6.640662252902984619e-02
8.376774076666638393e+02 -2.886108653251476426e+03 4.629210504669038073e+02 2.270140000000000313e+01 -5.475486069917678833e-02 -2.966734580695629120e-02 6.671126186847686768e-02 6.640662252902984619e-02
8.421465677309680586e+02 -2.884920649903941921e+03 4.622195686341253236e+02 2.270340000000000202e+01 2.190877869725227356e-02 6.781540811061859131e-02 6.671126186847686768e-02 6.640662252902984619e-02
8.495897803212438930e+02 -2.882925647770014621e+03 4.610416589169872168e+02 2.270540000000000092e+01 -1.020727008581161499e-01 3.397654369473457336e-02 6.671126186847686768e-02 6.640662252902984619e-02
8.555398732585941843e+02 -2.881317282601319221e+03 4.600920982811354065e+02 2.270739999999999981e+01 4.017274826765060425e-02 -3.742878884077072144e-02 6.671126186847686768e-02 6.640662252902984619e-02
8.629718879923678969e+02 -2.879291487425705327e+03 4.588961741060013537e+02 2.270940000000000225e+01 1.821916666813194752e-03 1.591114550828933716e-01 6.671126186847686768e-02 6.640662252902984619e-02
8.792989590795597223e+02 -2.874771585735175449e+03 4.562281962624252287e+02 2.271140000000000114e+01 -1.441094428300857544e-01 3.227085247635841370e-02 6.671126186847686768e-02 6.640662252902984619e-02
8.852282669008341145e+02 -2.873107141633471656e+03 4.552458290065817437e+02 2.271340000000000003e+01 -4.562480747699737549e-02 1.065682694315910339e-01 6.671126186847686768e-02 6.640662252902984619e-02
8.911533324077170164e+02 -2.871431505450615532e+03 4.542569144190292150e+02 2.271540000000000248e+01 5.653691664338111877e-02 -6.040944717824459076e-03 6.671126186847686768e-02 6.640662252902984619e-02
8.970741273270003830e+02 -2.869744685182550256e+03 4.532614572187658837e+02 2.271740000000000137e+01 1.265983330085873604e-03 -3.389243409037590027e-02 6.671126186847686768e-02 6.640662252902984619e-02
9.029906233027096505e+02 -2.868046688907854787e+03 4.522594621732845326e+02 2.271940000000000026e+01 9.906295686960220337e-03 9.625285863876342773e-02 6.671126186847686768e-02 6.640662252902984619e-02
9.089027920200456947e+02 -2.866337524752665558e+03 4.512509340778680098e+02 2.272140000000000271e+01 -3.733890876173973083e-02 4.390909150242805481e-02 6.671126186847686768e-02 6.640662252902984619e-02
9.148106051643960654e+02 -2.864617200902706372e+03 4.502358777626849928e+02 2.272340000000000160e+01 3.109869780018925667e-03 4.961957782506942749e-02 6.671126186847686768e-02 6.640662252902984619e-02
9.202223063554458804e+02 -2.863030582781604608e+03 4.492997617463925053e+02 2.272540000000000049e+01 9.560720995068550110e-03 6.000990420579910278e-02 6.671126186847686768e-02 6.640662252902984619e-02
8.792989590795597223e+02 -2.874771585735175449e+03 4.562281962624252287e+02 2.272740000000000293e+01 6.026159599423408508e-02 -9.680844098329544067e-02 6.671126186847686768e-02 6.640662252902984619e-02
8.852282669008341145e+02 -2.873107141633471656e+03 4.552458290065817437e+02 2.272940000000000182e+01 -2.866527996957302094e-02 -1.619293726980686188e-02 6.671126186847686768e-02 6.640662252902984619e-02
8.911533324077170164e+02 -2.871431505450615532e+03 4.542569144190292150e+02 2.273140000000000072e+01 2.747195772826671600e-02 -1.608355343341827393e-02 6.671126186847686768e-02 6.640662252902984619e-02
8.970741273270003830e+02 -2.869744685182550256e+03 4.532614572187658837e+02 2.273340000000000316e+01 -1.435417532920837402e-01 -2.014683745801448822e-02 6.671126186847686768e-02 6.640662252902984619e-02
9.029906233027096505e+02 -2.868046688907854787e+03 4.522594621732845326e+02 2.273540000000000205e+01 -1.742443069815635681e-02 3.737323358654975891e-02 6.671126186847686768e-02 6.640662252902984619e-02
9.089027920200456947e+02 -2.866337524752665558e+03 4.512509340778680098e+02 2.273740000000000094e+01 -2.690253593027591705e-02 -2.778425067663192749e-02 6.671126186847686768e-02 6.640662252902984619e-02
9.148106051643960654e+02 -2.864617200902706372e+03 4.502358777626849928e+02 2.273939999999999984e+01 8.738044649362564087e-03 -6.401523202657699585e-02 6.671126186847686768e-02 6.640662252902984619e-02
9.202223063554458804e+02 -2.863030582781604608e+03 4.492997617463925053e+02 2.274140000000000228e+01 -3.149203211069107056e-02 2.566928043961524963e-02 6.671126186847686768e-02 6.640662252902984619e-02
9.383977371916744232e+02 -2.857624473919221145e+03 4.461104678715819318e+02 2.274340000000000117e+01 1.596901379525661469e-02 6.112230941653251648e-02 6.671126186847686768e-02 6.640662252902984619e-02
9.442833488766538039e+02 -2.855848476133887743e+03 4.450628439347927952e+02 2.274540000000000006e+01 -4.327103495597839355e-02 3.018565475940704346e-02 6.671126186847686768e-02 6.640662252902984619e-02
9.501644357487390380e+02 -2.854061368827146907e+03 4.440087213784565847e+02 2.274740000000000251e+01 -1.326496899127960205e-02 5.188954621553421021e-02 6.671126186847686768e-02 6.640662252902984619e-02
9.560409695601845215e+02 -2.852263160582752789e+03 4.429481052657015994e+02 2.274940000000000140e+01 2.940888702869415283e-02 1.117594540119171143e-02 6.671126186847686768e-02 6.640662252902984619e-02
9.619129223101919024e+02 -2.850453859968726192e+03 4.418810006501158796e+02 2.275140000000000029e+01 2.604817412793636322e-02 4.518435336649417877e-03 6.671126186847686768e-02 6.640662252902984619e-02
9.677802657131271644e+02 -2.848633475700732106e+03 4.408074126721127186e+02 2.275340000000000273e+01 7.649247348308563232e-02 1.285000145435333252e-01 6.671126186847686768e-02 6.640662252902984619e-02
9.736429718325741760e+02 -2.846802016446494235e+03 4.397273464435695587e+02 2.275540000000000163e+01 -6.421110033988952637e-02 -6.827319413423538208e-02 6.671126186847686768e-02 6.640662252902984619e-02
9.790130810504020928e+02 -2.845113598030040976e+03 4.387316815537332104e+02 2.275740000000000052e+01 2.237058803439140320e-02 -2.994877472519874573e-02 6.671126186847686768e-02 6.640662252902984619e-02
9.383977371916744232e+02 -2.857624473919221145e+03 4.461104678715819318e+02 2.275940000000000296e+01 -9.860268235206604004e-02 3.132898360490798950e-02 6.671126186847686768e-02 6.640662252902984619e-02
9.442833488766538039e+02 -2.855848476133887743e+03 4.450628439347927952e+02 2.276140000000000185e+01 -7.405979931354522705e-02 -6.773570924997329712e-02 6.671126186847686768e-02 6.640662252902984619e-02
9.501644357487390380e+02 -2.854061368827146907e+03 4.440087213784565847e+02 2.276340000000000074e+01 -4.926526173949241638e-02 -8.700223267078399658e-02 6.671126186847686768e-02 6.640662252902984619e-02
9.560409695601845215e+02 -2.852263160582752789e+03 4.429481052657015994e+02 2.276540000000000319e+01 2.954475581645965576e-02 -3.316731378436088562e-02 6.671126186847686768e-02 6.640662252902984619e-02
9.619129223101919024e+02 -2.850453859968726192e+03 4.418810006501158796e+02 2.276740000000000208e+01 3.164577856659889221e-02 -2.642378211021423340e-02 6.671126186847686768e-02 6.640662252902984619e-02
9.677802657131271644e+02 -2.848633475700732106e+03 4.408074126721127186e+02 2.276940000000000097e+01 -2.441428788006305695e-02 3.525154665112495422e-02 6.671126186847686768e-02 6.640662252902984619e-02
9.736429718325741760e+02 -2.846802016446494235e+03 4.397273464435695587e+02 2.277139999999999986e+01 5.858024582266807556e-03 -2.943175286054611206e-02 6.671126186847686768e-02 6.640662252902984619e-02
9.790130810504020928e+02 -2.845113598030040976e+03 4.387316815537332104e+02 2.277340000000000231e+01 -4.254482313990592957e-02 1.940026320517063141e-02 6.671126186847686768e-02 6.640662252902984619e-02
9.970468622553502200e+02 -2.839365605786058495e+03 4.353424029420543775e+02 2.277540000000000120e+01 -9.617914259433746338e-02 5.156043171882629395e-02 6.671126186847686768e-02 6.640662252902984619e-02
1.002885961361535351e+03 -2.837478904189479181e+03 4.342300236475660995e+02 2.277740000000000009e+01 -1.182176843285560608e-01 -6.705204397439956665e-02 6.671126186847686768e-02 6.640662252902984619e-02
1.008720255075852947e+03 -2.835581181022124383e+03 4.331111975995059424e+02 2.277940000000000254e+01 5.550686642527580261e-02 1.376319956034421921e-02 6.671126186847686768e-02 6.640662252902984619e-02
1.014549715619155222e+03 -2.833672445319730286e+03 4.319859301250166368e+02 2.278140000000000143e+01 2.562220767140388489e-02 1.020768135786056519e-01 6.671126186847686768e-02 6.640662252902984619e-02
1.020374314930769629e+03 -2.831752706270214730e+03 4.308542266407168881e+02 2.278340000000000032e+01 -4.831776022911071777e-03 6.401987373828887939e-02 6.671126186847686768e-02 6.640662252902984619e-02
1.026194025298000952e+03 -2.829821973007475663e+03 4.297160925311327446e+02 2.278540000000000276e+01 -1.387642510235309601e-02 -6.868705898523330688e-02 6.671126186847686768e-02 6.640662252902984619e-02
1.032008818707101909e+03 -2.827880254825305201e+03 4.285715332748076207e+02 2.278740000000000165e+01 8.421895653009414673e-02 -2.984536113217473030e-03 6.671126186847686768e-02 6.640662252902984619e-02
1.037334766273489322e+03 -2.826090844049319003e+03 4.275167959545494227e+02 2.278940000000000055e+01 -4.161276854574680328e-03 7.230245321989059448e-02 6.671126186847686768e-02 6.640662252902984619e-02
9.970468622553502200e+02 -2.839365605786058495e+03 4.353424029420543775e+02 2.279140000000000299e+01 -8.837570250034332275e-02 1.994551904499530792e-02 6.671126186847686768e-02 6.640662252902984619e-02
1.002885961361535351e+03 -2.837478904189479181e+03 4.342300236475660995e+02 2.279340000000000188e+01 -6.388244777917861938e-02 7.060323655605316162e-02 6.671126186847686768e-02 6.640662252902984619e-02
1.008720255075852947e+03 -2.835581181022124383e+03 4.331111975995059424e+02 2.279540000000000077e+01 -3.650750732049345970e-03 1.808828115463256836e-02 6.671126186847686768e-02 6.640662252902984619e-02
1.014549715619155222e+03 -2.833672445319730286e+03 4.319859301250166368e+02 2.279739999999999966e+01 7.314325869083404541e-02 2.585217915475368500e-02 6.671126186847686768e-02 6.640662252902984619e-02
1.020374314930769629e+03 -2.831752706270214730e+03 4.308542266407168881e+02 2.279940000000000211e+01 5.843099579215049744e-02 1.293043792247772217e-01 6.671126186847686768e-02 6.640662252902984619e-02
1.026194025298000952e+03 -2.829821973007475663e+03 4.297160925311327446e+02 2.280140000000000100e+01 6.202541408129036427e-04 -7.226410508155822754e-02 6.671126186847686768e-02 6.640662252902984619e-02
1.032008818707101909e+03 -2.827880254825305201e+03 4.285715332748076207e+02 2.280339999999999989e+01 7.007117569446563721e-02 1.712968945503234863e-02 6.671126186847686768e-02 6.640662252902984619e-02
1.037334766273489322e+03 -2.826090844049319003e+03 4.275167959545494227e+02 2.280540000000000234e+01 8.405326865613460541e-03 -7.493440806865692139e-02 6.671126186847686768e-02 6.640662252902984619e-02
1.054252809870026795e+03 -2.820335406485411568e+03 4.241246331673822283e+02 2.280740000000000123e+01 -6.860967725515365601e-02 -9.049886465072631836e-02 6.671126186847686768e-02 6.640662252902984619e-02
1.060043446563647194e+03 -2.818340726320410795e+03 4.229490967181522478e+02 2.280940000000000012e+01 -2.839865908026695251e-02 6.868444383144378662e-02 6.671126186847686768e-02 6.640662252902984619e-02
1.065829004405979504e+03 -2.816335116148330599e+03 4.217671674873511165e+02 2.281140000000000256e+01 6.738942861557006836e-02 -6.203189492225646973e-02 6.671126186847686768e-02 6.640662252902984619e-02
1.071609455608188227e+03 -2.814318585602563871e+03 4.205788511520622137e+02 2.281340000000000146e+01 -7.909534871578216553e-02 7.113794982433319092e-02 6.671126186847686768e-02 6.640662252902984619e-02
1.077384772667679954e+03 -2.812291144277636704e+03 4.193841533662304073e+02 2.281540000000000035e+01 1.279331445693969727e-01 -5.311148241162300110e-02 6.671126186847686768e-02 6.640662252902984619e-02
1.083154927804466752e+03 -2.810252801925680160e+03 4.181830798764486872e+02 2.281740000000000279e+01 -2.554852515459060669e-02 -5.760620813816785812e-03 6.671126186847686768e-02 6.640662252902984619e-02
1.088919893484593558e+03 -2.808203568273474957e+03 4.169756364141389327e+02 2.281940000000000168e+01 7.892589271068572998e-02 -9.076630324125289917e-02 6.671126186847686768e-02 6.640662252902984619e-02
1.094199929683905339e+03 -2.806315683206253652e+03 4.158633033014755256e+02 2.282140000000000057e+01 -2.438248321413993835e-02 4.690391197800636292e-02 6.671126186847686768e-02 6.640662252902984619e-02
1.054252809870026795e+03 -2.820335406485411568e+03 4.241246331673822283e+02 2.282340000000000302e+01 1.232058182358741760e-01 2.731989603489637375e-03 6.671126186847686768e-02 6.640662252902984619e-02
1.060043446563647194e+03 -2.818340726320410795e+03 4.229490967181522478e+02 2.282540000000000191e+01 1.761559993028640747e-01 1.987918764352798462e-01 6.671126186847686768e-02 6.640662252902984619e-02
1.065829004405979504e+03 -2.816335116148330599e+03 4.217671674873511165e+02 2.282740000000000080e+01 1.331130713224411011e-01 -1.114150416105985641e-02 6.671126186847686768e-02 6.640662252902984619e-02
1.071609455608188227e+03 -2.814318585602563871e+03 4.205788511520622137e+02 2.282939999999999969e+01 6.675918400287628174e-02 1.810431666672229767e-02 6.671126186847686768e-02 6.640662252902984619e-02
1.077384772667679954e+03 -2.812291144277636704e+03 4.193841533662304073e+02 2.283140000000000214e+01 -6.074135308153927326e-04 3.251119330525398254e-02 6.671126186847686768e-02 6.640662252902984619e-02
1.083154927804466752e+03 -2.810252801925680160e+03 4.181830798764486872e+02 2.283340000000000103e+01 1.571969501674175262e-02 -2.920325845479965210e-02 6.671126186847686768e-02 6.640662252902984619e-02
1.088919893484593558e+03 -2.808203568273474957e+03 4.169756364141389327e+02 2.283539999999999992e+01 6.791320443153381348e-02 -7.107660919427871704e-02 6.671126186847686768e-02 6.640662252902984619e-02
1.094199929683905339e+03 -2.806315683206253652e+03 4.158633033014755256e+02 2.283740000000000236e+01 1.034989580512046814e-01 -4.206233471632003784e-02 6.671126186847686768e-02 6.640662252902984619e-02
1.111927310040737211e+03 -2.799897917648434031e+03 4.120822789041504279e+02 2.283940000000000126e+01 1.397303342819213867e-01 -9.643818438053131104e-02 6.671126186847686768e-02 6.640662252902984619e-02
1.117665914934473221e+03 -2.797794375699773354e+03 4.108430728996474954e+02 2.284140000000000015e+01 8.983127027750015259e-02 -5.424484238028526306e-02 6.671126186847686768e-02 6.640662252902984619e-02
1.123399165290953079e+03 -2.795680002044135563e+03 4.095975320326699034e+02 2.284340000000000259e+01 -4.446604102849960327e-02 -2.282400056719779968e-02 6.671126186847686768e-02 6.640662252902984619e-02
1.129127033492646660e+03 -2.793554806866646231e+03 4.083456623031107142e+02 2.284540000000000148e+01 -3.152563050389289856e-02 -4.466903209686279297e-02 6.671126186847686768e-02 6.640662252902984619e-02
1.134849492267145479e+03 -2.791418800286129681e+03 4.070874696715868595e+02 2.284740000000000038e+01 1.778638921678066254e-02 -2.647301182150840759e-02 6.671126186847686768e-02 6.640662252902984619e-02
1.140566514188329393e+03 -2.789271992539662278e+03 4.058229601681575218e+02 2.284940000000000282e+01 1.474572531878948212e-02 4.688594955950975418e-03 6.671126186847686768e-02 6.640662252902984619e-02
1.146278071816438114e+03 -2.787114393931294671e+03 4.045521398621103231e+02 2.285140000000000171e+01 -3.355385735630989075e-02 -3.294823691248893738e-02 6.671126186847686768e-02 6.640662252902984619e-02
1.151508913029264932e+03 -2.785127261661132252e+03 4.033817627610921477e+02 2.285340000000000060e+01 -7.379215955734252930e-02 -4.280609637498855591e-02 6.671126186847686768e-02 6.640662252902984619e-02
1.111927310040737211e+03 -2.799897917648434031e+03 4.120822789041504279e+02 2.285540000000000305e+01 1.730931550264358521e-02 -3.266048431396484375e-02 6.671126186847686768e-02 6.640662252902984619e-02
1.117665914934473221e+03 -2.797794375699773354e+03 4.108430728996474954e+02 2.285740000000000194e+01 1.738300919532775879e-02 5.948189646005630493e-03 6.671126186847686768e-02 6.640662252902984619e-02
1.123399165290953079e+03 -2.795680002044135563e+03 4.095975320326699034e+02 2.285940000000000083e+01 -1.134053841233253479e-01 -1.293327361345291138e-01 6.671126186847686768e-02 6.640662252902984619e-02
1.129127033492646660e+03 -2.793554806866646231e+03 4.083456623031107142e+02 2.286139999999999972e+01 -9.774107486009597778e-03 -6.691102683544158936e-02 6.671126186847686768e-02 6.640662252902984619e-02
1.134849492267145479e+03 -2.791418800286129681e+03 4.070874696715868595e+02 2.286340000000000217e+01 -2.466983161866664886e-02 6.019466556608676910e-03 6.671126186847686768e-02 6.640662252902984619e-02
1.140566514188329393e+03 -2.789271992539662278e+03 4.058229601681575218e+02 2.286540000000000106e+01 4.854700062423944473e-03 -5.627930909395217896e-02 6.671126186847686768e-02 6.640662252902984619e-02
1.146278071816438114e+03 -2.787114393931294671e+03 4.045521398621103231e+02 2.286739999999999995e+01 -1.947810500860214233e-01 -4.870832338929176331e-02 6.671126186847686768e-02 6.640662252902984619e-02
1.151508913029264932e+03 -2.785127261661132252e+03 4.033817627610921477e+02 2.286940000000000239e+01 9.497708524577319622e-04 5.179068818688392639e-02 6.671126186847686768e-02 6.640662252902984619e-02
1.169069113770753120e+03 -2.778376297920880461e+03 3.994058725560187781e+02 2.287140000000000128e+01 3.234125673770904541e-02 6.682351976633071899e-02 6.671126186847686768e-02 6.640662252902984619e-02
1.174752940789724562e+03 -2.776164900792919980e+03 3.981035899926336015e+02 2.287340000000000018e+01 3.466485999524593353e-03 -2.622287720441818237e-02 6.671126186847686768e-02 6.640662252902984619e-02
1.180431139908888326e+03 -2.773942775531049392e+03 3.967950335701053746e+02 2.287540000000000262e+01 4.346783831715583801e-02 -8.209446817636489868e-02 6.671126186847686768e-02 6.640662252902984619e-02
1.186103684092365029e+03 -2.771709932715680225e+03 3.954802095189955367e+02 2.287740000000000151e+01 2.486667409539222717e-02 6.552691012620925903e-02 6.671126186847686768e-02 6.640662252902984619e-02
1.191770546034792233e+03 -2.769466383094799767e+03 3.941591241683399858e+02 2.287940000000000040e+01 3.276754543185234070e-02 1.122938245534896851e-01 6.671126186847686768e-02 6.640662252902984619e-02
1.197431698773875496e+03 -2.767212137343005452e+03 3.928317838037210095e+02 2.288140000000000285e+01 4.543183743953704834e-02 1.954506710171699524e-02 6.671126186847686768e-02 6.640662252902984619e-02
1.203087115059242251e+03 -2.764947206311367154e+03 3.914981948144841795e+02 2.288340000000000174e+01 -2.851704321801662445e-02 -3.892745822668075562e-02 6.671126186847686768e-02 6.640662252902984619e-02
1.208266258058610219e+03 -2.762861777784939477e+03 3.902703338128763448e+02 2.288540000000000063e+01 -3.488970175385475159e-02 -7.338660955429077148e-02 6.671126186847686768e-02 6.640662252902984619e-02
1.169069113770753120e+03 -2.778376297920880461e+03 3.994058725560187781e+02 2.288740000000000308e+01 6.701391935348510742e-02 6.723140180110931396e-02 6.671126186847686768e-02 6.640662252902984619e-02
1.174752940789724562e+03 -2.776164900792919980e+03 3.981035899926336015e+02 2.288940000000000197e+01 -6.633860617876052856e-02 5.449542775750160217e-02 6.671126186847686768e-02 6.640662252902984619e-02
1.180431139908888326e+03 -2.773942775531049392e+03 3.967950335701053746e+02 2.289140000000000086e+01 6.840149313211441040e-02 -1.405607070773839951e-02 6.671126186847686768e-02 6.640662252902984619e-02
1.186103684092365029e+03 -2.771709932715680225e+03 3.954802095189955367e+02 2.289339999999999975e+01 1.687591336667537689e-02 5.423355847597122192e-02 6.671126186847686768e-02 6.640662252902984619e-02
1.191770546034792233e+03 -2.769466383094799767e+03 3.941591241683399858e+02 2.289540000000000219e+01 -1.037245849147439003e-03 -8.209065347909927368e-02 6.671126186847686768e-02 6.640662252902984619e-02
1.197431698773875496e+03 -2.767212137343005452e+03 3.928317838037210095e+02 2.289740000000000109e+01 -6.240307167172431946e-02 -5.227919295430183411e-02 6.671126186847686768e-02 6.640662252902984619e-02
1.203087115059242251e+03 -2.764947206311367154e+03 3.914981948144841795e+02 2.289939999999999998e+01 -2.160228788852691650e-02 5.367635935544967651e-02 6.671126186847686768e-02 6.640662252902984619e-02
1.208266258058610219e+03 -2.762861777784939477e+03 3.902703338128763448e+02 2.290140000000000242e+01 2.099173841997981071e-03 3.564861789345741272e-02 6.671126186847686768e-02 6.640662252902984619e-02
1.225650875737495880e+03 -2.755780846553543142e+03 3.861014804764548103e+02 2.290340000000000131e+01 -8.710692822933197021e-02 -5.482052266597747803e-02 6.671126186847686768e-02 6.640662252902984619e-02
1.231277204761699977e+03 -2.753462652560949664e+03 3.847367445925148104e+02 2.290540000000000020e+01 6.025307625532150269e-02 -2.849963307380676270e-02 6.671126186847686768e-02 6.640662252902984619e-02
1.236897635396351689e+03 -2.751133839074877869e+03 3.833657988158933563e+02 2.290740000000000265e+01 1.271267049014568329e-02 6.680595129728317261e-02 6.671126186847686768e-02 6.640662252902984619e-02
1.242512140841366545e+03 -2.748794417199735108e+03 3.819886496836393803e+02 2.290940000000000154e+01 3.231701627373695374e-02 -1.808015257120132446e-02 6.671126186847686768e-02 6.640662252902984619e-02
1.248120694188009338e+03 -2.746444398147517404e+03 3.806053037959385961e+02 2.291140000000000043e+01 4.113262146711349487e-02 3.740523010492324829e-02 6.671126186847686768e-02 6.640662252902984619e-02
1.253723268497637946e+03 -2.744083793205857546e+03 3.792157677973041814e+02 2.291340000000000288e+01 -2.808195771649479866e-03 -8.033423870801925659e-02 6.671126186847686768e-02 6.640662252902984619e-02
1.259319837113987660e+03 -2.741712613606333889e+03 3.778200482990521891e+02 2.291540000000000177e+01 -8.758343756198883057e-03 2.893302775919437408e-02 6.671126186847686768e-02 6.640662252902984619e-02
1.264444802525635168e+03 -2.739529887188721204e+03 3.765352912164302097e+02 2.291740000000000066e+01 -4.186305403709411621e-02 -7.930368185043334961e-02 6.671126186847686768e-02 6.640662252902984619e-02
1.225650875737495880e+03 -2.755780846553543142e+03 3.861014804764548103e+02 2.291940000000000310e+01 5.934645887464284897e-04 3.885037079453468323e-02 6.671126186847686768e-02 6.640662252902984619e-02
1.231277204761699977e+03 -2.753462652560949664e+03 3.847367445925148104e+02 2.292140000000000200e+01 2.754682488739490509e-02 -1.084927283227443695e-02 6.671126186847686768e-02 6.640662252902984619e-02
1.236897635396351689e+03 -2.751133839074877869e+03 3.833657988158933563e+02 2.292340000000000089e+01 -3.846037387847900391e-02 -4.306103289127349854e-02 6.671126186847686768e-02 6.640662252902984619e-02
1.242512140841366545e+03 -2.748794417199735108e+03 3.819886496836393803e+02 2.292539999999999978e+01 -4.534743726253509521e-02 2.747791260480880737e-02 6.671126186847686768e-02 6.640662252902984619e-02
1.248120694188009338e+03 -2.746444398147517404e+03 3.806053037959385961e+02 2.292740000000000222e+01 -1.325502712279558182e-02 7.086038589477539062e-02 6.671126186847686768e-02 6.640662252902984619e-02
1.253723268497637946e+03 -2.744083793205857546e+03 3.792157677973041814e+02 2.292940000000000111e+01 -4.523020703345537186e-03 -6.501509994268417358e-02 6.671126186847686768e-02 6.640662252902984619e-02
1.259319837113987660e+03 -2.741712613606333889e+03 3.778200482990521891e+02 2.293140000000000001e+01 -3.959254547953605652e-02 -5.056589841842651367e-02 6.671126186847686768e-02 6.640662252902984619e-02
1.264444802525635168e+03 -2.739529887188721204e+03 3.765352912164302097e+02 2.293340000000000245e+01 2.933162450790405273e-02 3.218747675418853760e-02 6.671126186847686768e-02 6.640662252902984619e-02
