# Baseline: 1-10
# Entries: 128
# u [m], v [m], w [m], frequency [GHz], real, imag
4.961651382184027170e+02 -1.756864302839274387e+03 2.849318160218905405e+02 2.267940000000000000e+19 -1.295728143304586411e-03 -1.370539423078298569e-03
4.997955858297414125e+02 -1.755924900954446684e+03 2.843769986286038716e+02 2.268140000000000000e+19 2.249039011076092720e-03 8.779733441770076752e-03
5.034236380326782978e+02 -1.754978646204068127e+03 2.838181720635440684e+02 2.268340000000000000e+19 -1.134376507252454758e-03 -4.193676635622978210e-03
5.070492774896021615e+02 -1.754025543110127956e+03 2.832553389972563878e+02 2.268540000000000000e+19 5.999272689223289490e-03 1.869801082648336887e-03
5.106724868491093616e+02 -1.753065596233792121e+03 2.826885021232403119e+02 2.268740000000000000e+19 1.960489433258771896e-03 -2.517109969630837440e-03
5.142932487714823537e+02 -1.752098810169138233e+03 2.821176641542515426e+02 2.268940000000000000e+19 1.158152054995298386e-02 3.199589904397726059e-03
5.179115458530850447e+02 -1.751125189563268350e+03 2.815428278341750570e+02 2.269140000000000000e+19 9.527135262032970786e-05 -5.680162925273180008e-03
5.212261700136695026e+02 -1.750226790900907417e+03 2.810124352688648628e+02 2.269340000000000000e+19 6.646334193646907806e-03 1.069051213562488556e-02
4.961651382184027170e+02 -1.756864302839274387e+03 2.849318160218905405e+02 2.269540000000000000e+19 -2.628801157698035240e-03 1.277088839560747147e-02
4.997955858297414125e+02 -1.755924900954446684e+03 2.843769986286038716e+02 2.269740000000000000e+19 -7.409714162349700928e-04 -3.216339973732829094e-04
5.034236380326782978e+02 -1.754978646204068127e+03 2.838181720635440684e+02 2.269940000000000000e+19 -6.240981165319681168e-03 -1.169474516063928604e-02
5.070492774896021615e+02 -1.754025543110127956e+03 2.832553389972563878e+02 2.270140000000000000e+19 6.447724997997283936e-03 1.061822101473808289e-02
5.106724868491093616e+02 -1.753065596233792121e+03 2.826885021232403119e+02 2.270340000000000000e+19 -1.235630828887224197e-02 3.923713695257902145e-03
5.142932487714823537e+02 -1.752098810169138233e+03 2.821176641542515426e+02 2.270540000000000000e+19 1.084495801478624344e-02 6.121243815869092941e-03
5.179115458530850447e+02 -1.751125189563268350e+03 2.815428278341750570e+02 2.270740000000000000e+19 8.855646476149559021e-03 -5.383772775530815125e-03
5.212261700136695026e+02 -1.750226790900907417e+03 2.810124352688648628e+02 2.270940000000000000e+19 1.548445690423250198e-02 -1.262314058840274811e-02
5.323597404079322359e+02 -1.747162455198676753e+03 2.792035542268349673e+02 2.271140000000000000e+19 -1.019840221852064133e-02 1.852190936915576458e-03
5.359654541594476314e+02 -1.746154732331148580e+03 2.786087677390747217e+02 2.271340000000000000e+19 -8.461098186671733856e-03 -1.387538295239210129e-02
5.395685993781348770e+02 -1.745140203362969032e+03 2.780099996892507193e+02 2.271540000000000000e+19 5.112735554575920105e-03 5.489317700266838074e-03
5.431691588705174354e+02 -1.744118873135352942e+03 2.774072529346227043e+02 2.271740000000000000e+19 -3.632744774222373962e-03 -8.449022425338625908e-04
5.467671153927329897e+02 -1.743090746539692418e+03 2.768005303618945732e+02 2.271940000000000000e+19 -7.324919104576110840e-03 6.873790174722671509e-03
5.503624517259039521e+02 -1.742055828496313325e+03 2.761898348746800593e+02 2.272140000000000000e+19 7.674105931073427200e-03 3.704071510583162308e-03
5.539551506512135575e+02 -1.741014123961763062e+03 2.755751693977992431e+02 2.272340000000000000e+19 5.310649052262306213e-03 1.183101534843444824e-02
5.572461604612881274e+02 -1.740053356920445822e+03 2.750082914955542606e+02 2.272540000000000000e+19 4.197160713374614716e-03 6.861395668238401413e-03
5.323597404079322359e+02 -1.747162455198676753e+03 2.792035542268349673e+02 2.272740000000000000e+19 1.356966095045208931e-04 -7.370889186859130859e-03
5.359654541594476314e+02 -1.746154732331148580e+03 2.786087677390747217e+02 2.272940000000000000e+19 -8.574056439101696014e-03 -1.535994373261928558e-02
5.395685993781348770e+02 -1.745140203362969032e+03 2.780099996892507193e+02 2.273140000000000000e+19 -9.666199795901775360e-03 9.632495231926441193e-03
5.431691588705174354e+02 -1.744118873135352942e+03 2.774072529346227043e+02 2.273340000000000000e+19 8.176100440323352814e-03 -5.437031359178945422e-05
5.467671153927329897e+02 -1.743090746539692418e+03 2.768005303618945732e+02 2.273540000000000000e+19 -1.296047773212194443e-02 2.337969094514846802e-02
5.503624517259039521e+02 -1.742055828496313325e+03 2.761898348746800593e+02 2.273740000000000000e+19 1.755179953761398792e-03 6.182229146361351013e-03
5.539551506512135575e+02 -1.741014123961763062e+03 2.755751693977992431e+02 2.273940000000000000e+19 -5.779787432402372360e-03 7.354849018156528473e-03
5.572461604612881274e+02 -1.740053356920445822e+03 2.750082914955542606e+02 2.274140000000000000e+19 1.239181868731975555e-02 -2.055713557638227940e-04
5.682992287907335367e+02 -1.736779541046531449e+03 2.730768666765094963e+02 2.274340000000000000e+19 4.002575587946921587e-04 -1.427641790360212326e-02
5.718784830765563356e+02 -1.735703979470460581e+03 2.724423957469054471e+02 2.274540000000000000e+19 -5.500914528965950012e-03 -3.839136566966772079e-03
5.754549970343970244e+02 -1.734621661786681216e+03 2.718039727532010374e+02 2.274740000000000000e+19 -5.962279159575700760e-03 -8.845546282827854156e-03
5.790287534857202445e+02 -1.733532593193736147e+03 2.711616007618500248e+02 2.274940000000000000e+19 -9.290608577430248260e-03 -3.769848495721817017e-03
5.825997354021158117e+02 -1.732436778880766042e+03 2.705152828336035213e+02 2.275140000000000000e+19 6.705170962959527969e-03 7.664242759346961975e-03
5.861679255818961565e+02 -1.731334224126471781e+03 2.698650220818794310e+02 2.275340000000000000e+19 1.938918419182300568e-02 3.653572406619787216e-03
5.897333070356961571e+02 -1.730224934180644823e+03 2.692108216028871652e+02 2.275540000000000000e+19 2.285856194794178009e-02 2.031397446990013123e-02
5.929991275255839582e+02 -1.729202258555475510e+03 2.686077296556783267e+02 2.275740000000000000e+19 2.029078081250190735e-02 -9.824637323617935181e-03
5.682992287907335367e+02 -1.736779541046531449e+03 2.730768666765094963e+02 2.275940000000000000e+19 -1.548898220062255859e-02 -1.661216653883457184e-02
5.718784830765563356e+02 -1.735703979470460581e+03 2.724423957469054471e+02 2.276140000000000000e+19 1.418286655098199844e-02 -1.532682217657566071e-02
5.754549970343970244e+02 -1.734621661786681216e+03 2.718039727532010374e+02 2.276340000000000000e+19 9.960679337382316589e-03 1.090878155082464218e-02
5.790287534857202445e+02 -1.733532593193736147e+03 2.711616007618500248e+02 2.276540000000000000e+19 7.132761646062135696e-03 -1.300465594977140427e-02
5.825997354021158117e+02 -1.732436778880766042e+03 2.705152828336035213e+02 2.276740000000000000e+19 6.210776977241039276e-03 1.257466617971658707e-03
5.861679255818961565e+02 -1.731334224126471781e+03 2.698650220818794310e+02 2.276940000000000000e+19 1.958099566400051117e-02 -1.011730451136827469e-02
5.897333070356961571e+02 -1.730224934180644823e+03 2.692108216028871652e+02 2.277140000000000000e+19 8.872603939380496740e-05 -9.657281334511935711e-04
5.929991275255839582e+02 -1.729202258555475510e+03 2.686077296556783267e+02 2.277340000000000000e+19 6.712380796670913696e-03 -9.634765796363353729e-03
6.039664042864716293e+02 -1.725720529217393050e+03 2.665546853589594889e+02 2.277540000000000000e+19 -1.271077711135149002e-02 2.264838898554444313e-03
6.075174863255954278e+02 -1.724577643623789982e+03 2.658808336031745512e+02 2.277740000000000000e+19 -1.257232669740915298e-02 1.292489748448133469e-02
6.110656574034737787e+02 -1.723428055193631963e+03 2.652030611990993521e+02 2.277940000000000000e+19 -1.493750791996717453e-02 -1.054332824423909187e-03
6.146109006260027172e+02 -1.722271769400520270e+03 2.645213713738583010e+02 2.278140000000000000e+19 4.155712667852640152e-03 -1.398047059774398804e-02
6.181531989278099672e+02 -1.721108791810370349e+03 2.638357674088524050e+02 2.278340000000000000e+19 1.093266252428293228e-02 3.147859126329421997e-02
6.216925354550958218e+02 -1.719939127956492712e+03 2.631462525661128780e+02 2.278540000000000000e+19 1.808591187000274658e-03 -1.726910471916198730e-02
6.252288931709171038e+02 -1.718762783469192982e+03 2.624528301647017088e+02 2.278740000000000000e+19 1.313989632762968540e-03 9.671103907749056816e-04
6.284679615962770640e+02 -1.717678688627183192e+03 2.618138127626149867e+02 2.278940000000000000e+19 1.402301155030727386e-02 2.736357413232326508e-02
6.039664042864716293e+02 -1.725720529217393050e+03 2.665546853589594889e+02 2.279140000000000000e+19 5.702613387256860733e-03 -1.591660641133785248e-02
6.075174863255954278e+02 -1.724577643623789982e+03 2.658808336031745512e+02 2.279340000000000000e+19 1.975878328084945679e-02 -7.120261434465646744e-03
6.110656574034737787e+02 -1.723428055193631963e+03 2.652030611990993521e+02 2.279540000000000000e+19 2.098628133535385132e-02 -1.043572928756475449e-02
6.146109006260027172e+02 -1.722271769400520270e+03 2.645213713738583010e+02 2.279740000000000000e+19 -1.260763965547084808e-02 9.344806894659996033e-03
6.181531989278099672e+02 -1.721108791810370349e+03 2.638357674088524050e+02 2.279940000000000000e+19 -6.575072184205055237e-03 2.842211164534091949e-02
6.216925354550958218e+02 -1.719939127956492712e+03 2.631462525661128780e+02 2.280140000000000000e+19 -1.745515689253807068e-02 -6.436350289732217789e-03
6.252288931709171038e+02 -1.718762783469192982e+03 2.624528301647017088e+02 2.280340000000000000e+19 7.901438511908054352e-03 -3.237819671630859375e-02
6.284679615962770640e+02 -1.717678688627183192e+03 2.618138127626149867e+02 2.280540000000000000e+19 -3.588822856545448303e-02 1.731335930526256561e-02
6.387570315679932946e+02 -1.714191675926767630e+03 2.597585716809655310e+02 2.280740000000000000e+19 -1.060298364609479904e-02 4.688472021371126175e-03
6.422787536471729481e+02 -1.712983121558035464e+03 2.590463098109147495e+02 2.280940000000000000e+19 7.464863359928131104e-03 -9.129642508924007416e-03
6.457973984562506757e+02 -1.711767919824973433e+03 2.583301599913880295e+02 2.281140000000000000e+19 -9.895276278257369995e-03 8.407231420278549194e-03
6.493129490946872693e+02 -1.710546076564470923e+03 2.576101256622217193e+02 2.281340000000000000e+19 6.276986561715602875e-03 -6.512690801173448563e-03
6.528253888359754455e+02 -1.709317597589976913e+03 2.568862102492999497e+02 2.281540000000000000e+19 -7.725552190095186234e-03 -2.016996964812278748e-03
6.563347007848460635e+02 -1.708082488810561927e+03 2.561584172347144772e+02 2.281740000000000000e+19 2.337460638955235481e-03 -1.493919920176267624e-02
6.598408681956085502e+02 -1.706840756120051083e+03 2.554267500914330355e+02 2.281940000000000000e+19 -1.578343845903873444e-02 1.864320039749145508e-02
6.630521186761528725e+02 -1.705696771506362438e+03 2.547527041312173424e+02 2.282140000000000000e+19 -4.979099612683057785e-03 -4.561027977615594864e-03
6.387570315679932946e+02 -1.714191675926767630e+03 2.597585716809655310e+02 2.282340000000000000e+19 1.353844301775097847e-03 6.720405071973800659e-03
6.422787536471729481e+02 -1.712983121558035464e+03 2.590463098109147495e+02 2.282540000000000000e+19 3.097096923738718033e-03 -4.029958974570035934e-03
6.457973984562506757e+02 -1.711767919824973433e+03 2.583301599913880295e+02 2.282740000000000000e+19 -7.600663695484399796e-03 1.431540027260780334e-02
6.493129490946872693e+02 -1.710546076564470923e+03 2.576101256622217193e+02 2.282940000000000000e+19 -2.885611029341816902e-03 -1.039406470954418182e-02
6.528253888359754455e+02 -1.709317597589976913e+03 2.568862102492999497e+02 2.283140000000000000e+19 3.010886022821068764e-03 1.499073230661451817e-03
6.563347007848460635e+02 -1.708082488810561927e+03 2.561584172347144772e+02 2.283340000000000000e+19 2.697905292734503746e-03 -1.531971385702490807e-03
6.598408681956085502e+02 -1.706840756120051083e+03 2.554267500914330355e+02 2.283540000000000000e+19 9.908380452543497086e-04 8.292752318084239960e-03
6.630521186761528725e+02 -1.705696771506362438e+03 2.547527041312173424e+02 2.283740000000000000e+19 -1.159833464771509171e-02 -8.062129840254783630e-03
6.738337569830832763e+02 -1.701807705612570544e+03 2.524614105632758765e+02 2.283940000000000000e+19 -7.609052408952265978e-05 9.627367369830608368e-03
6.773239502156862955e+02 -1.700532943173565400e+03 2.517104256909073285e+02 2.284140000000000000e+19 -1.228858600370585918e-03 -3.300711512565612793e-03
6.808108985097550203e+02 -1.699251592935737790e+03 2.509555879662821951e+02 2.284340000000000000e+19 -3.097374923527240753e-03 -1.538296113722026348e-03
6.842945850683777280e+02 -1.697963661071466049e+03 2.501969010255288310e+02 2.284540000000000000e+19 8.092926815152168274e-03 -1.417982485145330429e-02
6.877749933044896125e+02 -1.696669153713060723e+03 2.494343684810374100e+02 2.284740000000000000e+19 -1.474313554354012012e-03 -3.809185000136494637e-03
6.912521065374822911e+02 -1.695368077064607860e+03 2.486679939873482965e+02 2.284940000000000000e+19 -5.697154905647039413e-03 6.738320458680391312e-03
6.947259080783951504e+02 -1.694060437370896352e+03 2.478977812228426103e+02 2.285140000000000000e+19 -3.646349068731069565e-03 -6.143289152532815933e-03
6.979073453341299000e+02 -1.692856090933555606e+03 2.471884329576016626e+02 2.285340000000000000e+19 8.047576062381267548e-03 -1.901282346807420254e-03
6.738337569830832763e+02 -1.701807705612570544e+03 2.524614105632758765e+02 2.285540000000000000e+19 1.072495337575674057e-02 -1.104654651135206223e-02
6.773239502156862955e+02 -1.700532943173565400e+03 2.517104256909073285e+02 2.285740000000000000e+19 -2.475414797663688660e-02 -5.994475446641445160e-03
6.808108985097550203e+02 -1.699251592935737790e+03 2.509555879662821951e+02 2.285940000000000000e+19 1.021459139883518219e-02 1.596995047293603420e-03
6.842945850683777280e+02 -1.697963661071466049e+03 2.501969010255288310e+02 2.286140000000000000e+19 -1.284563727676868439e-02 2.404164290055632591e-03
6.877749933044896125e+02 -1.696669153713060723e+03 2.494343684810374100e+02 2.286340000000000000e+19 -4.506484401645138860e-05 -6.961924489587545395e-03
6.912521065374822911e+02 -1.695368077064607860e+03 2.486679939873482965e+02 2.286540000000000000e+19 2.905197441577911377e-03 -1.387499738484621048e-03
6.947259080783951504e+02 -1.694060437370896352e+03 2.478977812228426103e+02 2.286740000000000000e+19 -2.664423175156116486e-02 1.739964238367974758e-03
6.979073453341299000e+02 -1.692856090933555606e+03 2.471884329576016626e+02 2.286940000000000000e+19 -7.663585711270570755e-04 4.021103028208017349e-03
7.085876654667605408e+02 -1.688764373625560665e+03 2.447786213650316256e+02 2.287140000000000000e+19 7.906291633844375610e-03 -9.842411614954471588e-03
7.120446597026081008e+02 -1.687424013126196087e+03 2.439892728586232522e+02 2.287340000000000000e+19 4.496888723224401474e-03 -1.164730917662382126e-02
7.154982427389963959e+02 -1.686077127600319045e+03 2.431961084728912681e+02 2.287540000000000000e+19 1.618669339222833514e-04 -8.766649290919303894e-03
7.189483981322165391e+02 -1.684723723460979500e+03 2.423991319844102179e+02 2.287740000000000000e+19 9.378926828503608704e-03 -1.220878027379512787e-02
7.223951092745975302e+02 -1.683363807222910282e+03 2.415983472295042702e+02 2.287940000000000000e+19 1.023976597934961319e-03 -1.181569788604974747e-02
7.258383597670740528e+02 -1.681997385356463383e+03 2.407937580182220927e+02 2.288140000000000000e+19 -3.026363905519247055e-03 1.788221066817641258e-03
7.292781330353080875e+02 -1.680624464439067197e+03 2.399853682235703900e+02 2.288340000000000000e+19 -1.797877252101898193e-02 -4.996802192181348801e-03
7.324282345846207818e+02 -1.679360332520809607e+03 2.392410571142262654e+02 2.288540000000000000e+19 -1.073049753904342651e-02 -1.547052245587110519e-02
7.085876654667605408e+02 -1.688764373625560665e+03 2.447786213650316256e+02 2.288740000000000000e+19 -2.240210957825183868e-02 -5.240638740360736847e-03
7.120446597026081008e+02 -1.687424013126196087e+03 2.439892728586232522e+02 2.288940000000000000e+19 5.292064975947141647e-03 7.365061901509761810e-03
7.154982427389963959e+02 -1.686077127600319045e+03 2.431961084728912681e+02 2.289140000000000000e+19 4.917432088404893875e-03 1.300513744354248047e-02
7.189483981322165391e+02 -1.684723723460979500e+03 2.423991319844102179e+02 2.289340000000000000e+19 2.135922946035861969e-02 -2.105814637616276741e-03
7.223951092745975302e+02 -1.683363807222910282e+03 2.415983472295042702e+02 2.289540000000000000e+19 -2.806025743484497070e-02 -5.123852286487817764e-03
7.258383597670740528e+02 -1.681997385356463383e+03 2.407937580182220927e+02 2.289740000000000000e+19 2.512965537607669830e-02 1.602294854819774628e-02
7.292781330353080875e+02 -1.680624464439067197e+03 2.399853682235703900e+02 2.289940000000000000e+19 1.917429082095623016e-02 -1.362746488302946091e-02
7.324282345846207818e+02 -1.679360332520809607e+03 2.392410571142262654e+02 2.290140000000000000e+19 2.348187612369656563e-03 -4.377840552479028702e-03
7.430021254677141087e+02 -1.675067921900612191e+03 2.367138807209589970e+02 2.290340000000000000e+19 1.950187794864177704e-02 -9.594573639333248138e-03
7.464242662864388649e+02 -1.673662604801061434e+03 2.358865463420376898e+02 2.290540000000000000e+19 -1.330440305173397064e-02 2.886585891246795654e-03
7.498428313864255870e+02 -1.672250828529507089e+03 2.350554348590434017e+02 2.290740000000000000e+19 -3.687545889988541603e-03 1.271830312907695770e-02
7.532578044668190387e+02 -1.670832599817676055e+03 2.342205502349442838e+02 2.290940000000000000e+19 -2.387491613626480103e-02 -2.257466083392500877e-03
7.566691691606205268e+02 -1.669407925462619460e+03 2.333818964710459625e+02 2.291140000000000000e+19 1.055833308782894164e-05 2.017643116414546967e-02
7.600769090825809826e+02 -1.667976812307349974e+03 2.325394775955869591e+02 2.291340000000000000e+19 -4.521790426224470139e-03 1.266853325068950653e-02
7.634810080191518864e+02 -1.666539267160992722e+03 2.316932976167371123e+02 2.291540000000000000e+19 1.754190772771835327e-03 -1.367726642638444901e-02
7.665982658363293467e+02 -1.665215954944507303e+03 2.309143799908138703e+02 2.291740000000000000e+19 -2.529118768870830536e-02 2.518029883503913879e-02
7.430021254677141087e+02 -1.675067921900612191e+03 2.367138807209589970e+02 2.291940000000000000e+19 -1.463288255035877228e-02 -2.172997966408729553e-02
7.464242662864388649e+02 -1.673662604801061434e+03 2.358865463420376898e+02 2.292140000000000000e+19 2.509437687695026398e-02 -1.044328790158033371e-02
7.498428313864255870e+02 -1.672250828529507089e+03 2.350554348590434017e+02 2.292340000000000000e+19 1.703638001345098019e-03 7.445409428328275681e-03
7.532578044668190387e+02 -1.670832599817676055e+03 2.342205502349442838e+02 2.292540000000000000e+19 -1.972201652824878693e-02 9.088629856705665588e-03
7.566691691606205268e+02 -1.669407925462619460e+03 2.333818964710459625e+02 2.292740000000000000e+19 4.674270749092102051e-03 2.139230817556381226e-02
7.600769090825809826e+02 -1.667976812307349974e+03 2.325394775955869591e+02 2.292940000000000000e+19 -1.205745339393615723e-02 8.005336858332157135e-03
7.634810080191518864e+02 -1.666539267160992722e+03 2.316932976167371123e+02 2.293140000000000000e+19 9.767142124474048615e-03 1.722401008009910583e-02
7.665982658363293467e+02 -1.665215954944507303e+03 2.309143799908138703e+02 2.293340000000000000e+19 1.203724998049438000e-03 1.794648414943367243e-04
