# Baseline: 10-19
# Entries: 128
# u [m], v [m], w [m], frequency [GHz], real, imag
-1.149815121489666581e+03 -2.640259745892413321e+03 -1.493224720619282380e+03 2.267940000000000000e+19 1.669229706749320030e-03 -1.843631034716963768e-03
-1.146478476613248631e+03 -2.642423549924786130e+03 -1.491962228449569693e+03 2.268140000000000000e+19 1.775031094439327717e-03 -1.503899460658431053e-03
-1.143136359328767412e+03 -2.644581052843327143e+03 -1.490703432805272087e+03 2.268340000000000000e+19 -3.333152970299124718e-03 7.205755537142977118e-05
-1.139788785607483305e+03 -2.646732244337868906e+03 -1.489448339701848681e+03 2.268540000000000000e+19 6.758441450074315071e-04 -4.015542217530310154e-04
-1.136435771469900146e+03 -2.648877114113241987e+03 -1.488196955145912625e+03 2.268740000000000000e+19 2.744581783190369606e-03 1.625448232516646385e-03
-1.133077332962682931e+03 -2.651015651904679999e+03 -1.486949285126240284e+03 2.268940000000000000e+19 4.702249076217412949e-03 8.143073879182338715e-03
-1.129713486228712554e+03 -2.653147847433114293e+03 -1.485705335639856457e+03 2.269140000000000000e+19 -7.665975950658321381e-03 -3.192183095961809158e-03
-1.126625291181665489e+03 -2.655096860846821983e+03 -1.484568274527731319e+03 2.269340000000000000e+19 6.720917299389839172e-03 -4.798392299562692642e-03
-1.149815121489666581e+03 -2.640259745892413321e+03 -1.493224720619282380e+03 2.269540000000000000e+19 -4.355451092123985291e-03 -3.461261978372931480e-03
-1.146478476613248631e+03 -2.642423549924786130e+03 -1.491962228449569693e+03 2.269740000000000000e+19 7.647350896149873734e-03 7.430952508002519608e-03
-1.143136359328767412e+03 -2.644581052843327143e+03 -1.490703432805272087e+03 2.269940000000000000e+19 1.553874928504228592e-02 8.696502074599266052e-03
-1.139788785607483305e+03 -2.646732244337868906e+03 -1.489448339701848681e+03 2.270140000000000000e+19 6.704990519210696220e-04 2.223324030637741089e-03
-1.136435771469900146e+03 -2.648877114113241987e+03 -1.488196955145912625e+03 2.270340000000000000e+19 -7.921539247035980225e-03 9.245757944881916046e-03
-1.133077332962682931e+03 -2.651015651904679999e+03 -1.486949285126240284e+03 2.270540000000000000e+19 8.487527258694171906e-03 6.159339565783739090e-03
-1.129713486228712554e+03 -2.653147847433114293e+03 -1.485705335639856457e+03 2.270740000000000000e+19 2.551186829805374146e-03 -5.363984964787960052e-03
-1.126625291181665489e+03 -2.655096860846821983e+03 -1.484568274527731319e+03 2.270940000000000000e+19 -4.746601916849613190e-03 -5.910906940698623657e-03
-1.116204338656308437e+03 -2.661613003752087025e+03 -1.480766861554368234e+03 2.271140000000000000e+19 4.142062738537788391e-03 -8.723245002329349518e-03
-1.112813692429673893e+03 -2.663713335735400960e+03 -1.479541603545259704e+03 2.271340000000000000e+19 1.444736681878566742e-02 8.351068943738937378e-03
-1.109417734929757898e+03 -2.665807264703268174e+03 -1.478320101511645362e+03 2.271540000000000000e+19 -1.097598951309919357e-02 -7.497674669139087200e-04
-1.106016482361472526e+03 -2.667894780663937581e+03 -1.477102361282243464e+03 2.271740000000000000e+19 -4.073715535923838615e-04 -4.308135539758950472e-04
-1.102609951014179615e+03 -2.669975873619847334e+03 -1.475888388689064186e+03 2.271940000000000000e+19 -2.340033417567610741e-03 1.009271852672100067e-02
-1.099198157190631946e+03 -2.672050533611411538e+03 -1.474678189541861684e+03 2.272140000000000000e+19 -1.402350491844117641e-03 -5.456672981381416321e-03
-1.095781117230736754e+03 -2.674118750702712077e+03 -1.473471769636486215e+03 2.272340000000000000e+19 -1.337253022938966751e-02 -1.252469606697559357e-02
-1.092644302336816736e+03 -2.676009030297845129e+03 -1.472369161344557142e+03 2.272540000000000000e+19 1.197987981140613556e-02 -7.031943649053573608e-03
-1.116204338656308437e+03 -2.661613003752087025e+03 -1.480766861554368234e+03 2.272740000000000000e+19 -1.332227699458599091e-02 -3.314543748274445534e-03
-1.112813692429673893e+03 -2.663713335735400960e+03 -1.479541603545259704e+03 2.272940000000000000e+19 4.898363724350929260e-03 2.022309927269816399e-04
-1.109417734929757898e+03 -2.665807264703268174e+03 -1.478320101511645362e+03 2.273140000000000000e+19 1.005144231021404266e-02 1.660413853824138641e-02
-1.106016482361472526e+03 -2.667894780663937581e+03 -1.477102361282243464e+03 2.273340000000000000e+19 -4.537484492175281048e-04 1.785951317287981510e-03
-1.102609951014179615e+03 -2.669975873619847334e+03 -1.475888388689064186e+03 2.273540000000000000e+19 -9.484984329901635647e-04 8.724621497094631195e-03
-1.099198157190631946e+03 -2.672050533611411538e+03 -1.474678189541861684e+03 2.273740000000000000e+19 1.356915920041501522e-03 -1.374791609123349190e-04
-1.095781117230736754e+03 -2.674118750702712077e+03 -1.473471769636486215e+03 2.273940000000000000e+19 9.998070308938622475e-04 -4.716943949460983276e-03
-1.092644302336816736e+03 -2.676009030297845129e+03 -1.472369161344557142e+03 2.274140000000000000e+19 5.974003113806247711e-03 -1.442056731320917606e-03
-1.082060823273024425e+03 -2.682326992684677862e+03 -1.468683997566396101e+03 2.274340000000000000e+19 -6.406316533684730530e-03 4.398971796035766602e-03
-1.078617798379225633e+03 -2.684362847452834558e+03 -1.467496560094520646e+03 2.274540000000000000e+19 1.128857303410768509e-02 -2.964557847008109093e-03
-1.075169625793437490e+03 -2.686392200425724695e+03 -1.466312936217179640e+03 2.274740000000000000e+19 1.338314823806285858e-02 5.408294964581727982e-03
-1.071716322077761333e+03 -2.688415041856057996e+03 -1.465133131619486221e+03 2.274940000000000000e+19 7.871215231716632843e-03 1.457278709858655930e-02
-1.068257903686564532e+03 -2.690431362105222888e+03 -1.463957151923066931e+03 2.275140000000000000e+19 -1.218716520816087723e-02 -1.510561257600784302e-02
-1.064794387279393050e+03 -2.692441151460501260e+03 -1.462785002792666091e+03 2.275340000000000000e+19 2.335297502577304840e-02 -1.326395012438297272e-02
-1.061325789347385808e+03 -2.694444400352693719e+03 -1.461616689809218997e+03 2.275540000000000000e+19 -9.267388842999935150e-03 -1.227202732115983963e-02
-1.058141855787442864e+03 -2.696275041504816727e+03 -1.460549062007867406e+03 2.275740000000000000e+19 -1.574220368638634682e-03 6.729357410222291946e-03
-1.082060823273024425e+03 -2.682326992684677862e+03 -1.468683997566396101e+03 2.275940000000000000e+19 -5.206888308748602867e-04 1.302747521549463272e-02
-1.078617798379225633e+03 -2.684362847452834558e+03 -1.467496560094520646e+03 2.276140000000000000e+19 -1.544155180454254150e-02 -1.934956759214401245e-02
-1.075169625793437490e+03 -2.686392200425724695e+03 -1.466312936217179640e+03 2.276340000000000000e+19 3.550359979271888733e-04 -2.953294431790709496e-03
-1.071716322077761333e+03 -2.688415041856057996e+03 -1.465133131619486221e+03 2.276540000000000000e+19 4.710984358098357916e-04 1.758670317940413952e-03
-1.068257903686564532e+03 -2.690431362105222888e+03 -1.463957151923066931e+03 2.276740000000000000e+19 9.684484102763235569e-04 1.097768545150756836e-02
-1.064794387279393050e+03 -2.692441151460501260e+03 -1.462785002792666091e+03 2.276940000000000000e+19 -2.128287032246589661e-02 2.049009129405021667e-02
-1.061325789347385808e+03 -2.694444400352693719e+03 -1.461616689809218997e+03 2.277140000000000000e+19 2.617612481117248535e-03 9.447102434933185577e-03
-1.058141855787442864e+03 -2.696275041504816727e+03 -1.460549062007867406e+03 2.277340000000000000e+19 1.750992232700809836e-04 -6.441360339522361755e-03
-1.047400914971524571e+03 -2.702391799880767849e+03 -1.456981910975163373e+03 2.277540000000000000e+19 1.366966869682073593e-02 5.696014035493135452e-03
-1.043907159004493451e+03 -2.704362203216762737e+03 -1.455832862263571997e+03 2.277740000000000000e+19 -1.442690659314393997e-02 -1.731563918292522430e-02
-1.040408421534150875e+03 -2.706326009004173102e+03 -1.454687682990095027e+03 2.277940000000000000e+19 -1.833984442055225372e-02 3.776951506733894348e-02
-1.036904719219235631e+03 -2.708283207892615337e+03 -1.453546378607331690e+03 2.278140000000000000e+19 -4.650190239772200584e-04 2.914630109444260597e-03
-1.033396068925184181e+03 -2.710233790460928049e+03 -1.452408954609046305e+03 2.278340000000000000e+19 -4.405840765684843063e-03 -1.226244494318962097e-02
-1.029882487345719483e+03 -2.712177747428492239e+03 -1.451275416406943805e+03 2.278540000000000000e+19 -2.286280877888202667e-02 -5.700770765542984009e-03
-1.026363991393828655e+03 -2.714115069437882539e+03 -1.450145769457411234e+03 2.278740000000000000e+19 -6.614924408495426178e-03 -4.416232928633689880e-03
-1.023134462729719417e+03 -2.715885196157790233e+03 -1.449113633021550868e+03 2.278940000000000000e+19 1.068509183824062347e-02 -8.788227103650569916e-03
-1.047400914971524571e+03 -2.702391799880767849e+03 -1.456981910975163373e+03 2.279140000000000000e+19 1.649259217083454132e-02 -1.700763963162899017e-02
-1.043907159004493451e+03 -2.704362203216762737e+03 -1.455832862263571997e+03 2.279340000000000000e+19 1.527695916593074799e-03 -2.772036939859390259e-02
-1.040408421534150875e+03 -2.706326009004173102e+03 -1.454687682990095027e+03 2.279540000000000000e+19 1.191884372383356094e-02 -1.801215484738349915e-02
-1.036904719219235631e+03 -2.708283207892615337e+03 -1.453546378607331690e+03 2.279740000000000000e+19 -1.035501901060342789e-02 7.635102607309818268e-03
-1.033396068925184181e+03 -2.710233790460928049e+03 -1.452408954609046305e+03 2.279940000000000000e+19 1.487985625863075256e-02 2.016621641814708710e-02
-1.029882487345719483e+03 -2.712177747428492239e+03 -1.451275416406943805e+03 2.280140000000000000e+19 -1.132547971792519093e-03 2.132166700903326273e-04
-1.026363991393828655e+03 -2.714115069437882539e+03 -1.450145769457411234e+03 2.280340000000000000e+19 3.962298389524221420e-03 -8.858911460265517235e-04
-1.023134462729719417e+03 -2.715885196157790233e+03 -1.449113633021550868e+03 2.280540000000000000e+19 -1.761299557983875275e-02 -4.483452066779136658e-03
-1.012831200459365846e+03 -2.721479838650368492e+03 -1.445851601254581283e+03 2.280740000000000000e+19 -1.421680487692356110e-02 2.097371965646743774e-03
-1.009289189232645640e+03 -2.723384961717036276e+03 -1.444740837813639928e+03 2.280940000000000000e+19 9.420216083526611328e-03 2.392457681708037853e-04
-1.005742362126311150e+03 -2.725283396224422631e+03 -1.443633996878345897e+03 2.281140000000000000e+19 -6.787545513361692429e-03 -2.461433177813887596e-03
-1.002190736176376049e+03 -2.727175133054144681e+03 -1.442531083764962432e+03 2.281340000000000000e+19 7.030517794191837311e-03 -4.200882744044065475e-03
-9.986343282810825031e+02 -2.729060163205628669e+03 -1.441432103720959049e+03 2.281540000000000000e+19 -1.082229334861040115e-02 2.357832388952374458e-03
-9.950731555471282945e+02 -2.730938477611595317e+03 -1.440337062032582935e+03 2.281740000000000000e+19 1.474073994904756546e-02 2.550455508753657341e-03
-9.915072349678274577e+02 -2.732810067309216265e+03 -1.439245963925079423e+03 2.281940000000000000e+19 -8.371733129024505615e-03 1.050148718059062958e-02
-9.882343782284357303e+02 -2.734519861893360030e+03 -1.438249209122474440e+03 2.282140000000000000e+19 1.642981916666030884e-02 -4.761981312185525894e-03
-1.012831200459365846e+03 -2.721479838650368492e+03 -1.445851601254581283e+03 2.282340000000000000e+19 -8.649094030261039734e-03 6.602992769330739975e-03
-1.009289189232645640e+03 -2.723384961717036276e+03 -1.444740837813639928e+03 2.282540000000000000e+19 -5.836209282279014587e-03 -3.069708123803138733e-03
-1.005742362126311150e+03 -2.725283396224422631e+03 -1.443633996878345897e+03 2.282740000000000000e+19 2.250698395073413849e-03 -1.529095601290464401e-02
-1.002190736176376049e+03 -2.727175133054144681e+03 -1.442531083764962432e+03 2.282940000000000000e+19 3.279168158769607544e-03 1.392292324453592300e-02
-9.986343282810825031e+02 -2.729060163205628669e+03 -1.441432103720959049e+03 2.283140000000000000e+19 1.284244819544255733e-03 -1.159692692453972995e-04
-9.950731555471282945e+02 -2.730938477611595317e+03 -1.440337062032582935e+03 2.283340000000000000e+19 1.637358590960502625e-02 6.210135761648416519e-03
-9.915072349678274577e+02 -2.732810067309216265e+03 -1.439245963925079423e+03 2.283540000000000000e+19 -1.016308832913637161e-02 -1.393782068043947220e-02
-9.882343782284357303e+02 -2.734519861893360030e+03 -1.438249209122474440e+03 2.283740000000000000e+19 3.420708235353231430e-04 -4.825884010642766953e-03
-9.771964159589074370e+02 -2.740229000302001168e+03 -1.434921111488612041e+03 2.283940000000000000e+19 -4.419260192662477493e-03 -4.494913388043642044e-03
-9.736070126873866002e+02 -2.742066832697102200e+03 -1.433849809262860845e+03 2.284140000000000000e+19 6.984348408877849579e-03 -7.258320227265357971e-03
-9.700129642517514412e+02 -2.743897887151950272e+03 -1.432782481649353031e+03 2.284340000000000000e+19 -8.189703337848186493e-03 9.345706552267074585e-03
-9.664142879648388771e+02 -2.745722154846208923e+03 -1.431719133789482612e+03 2.284540000000000000e+19 2.267544530332088470e-02 3.015679074451327324e-03
-9.628110009612329350e+02 -2.747539627093890886e+03 -1.430659770746214235e+03 2.284740000000000000e+19 6.159541197121143341e-03 -8.805649355053901672e-03
-9.592031205103472757e+02 -2.749350295184285642e+03 -1.429604397596814124e+03 2.284940000000000000e+19 1.225605607032775879e-02 -6.810881663113832474e-03
-9.555906639288472206e+02 -2.751154150426832985e+03 -1.428553019406682552e+03 2.285140000000000000e+19 2.345041837543249130e-03 8.426442509517073631e-04
-9.522752979579948942e+02 -2.752801779095175334e+03 -1.427592718828635498e+03 2.285340000000000000e+19 6.188634317368268967e-03 -2.459747483953833580e-03
-9.771964159589074370e+02 -2.740229000302001168e+03 -1.434921111488612041e+03 2.285540000000000000e+19 -1.196664199233055115e-02 1.006758189760148525e-03
-9.736070126873866002e+02 -2.742066832697102200e+03 -1.433849809262860845e+03 2.285740000000000000e+19 5.067335441708564758e-03 -4.428974352777004242e-03
-9.700129642517514412e+02 -2.743897887151950272e+03 -1.432782481649353031e+03 2.285940000000000000e+19 5.141578149050474167e-03 1.849952526390552521e-02
-9.664142879648388771e+02 -2.745722154846208923e+03 -1.431719133789482612e+03 2.286140000000000000e+19 -1.514702942222356796e-02 4.385401029139757156e-03
-9.628110009612329350e+02 -2.747539627093890886e+03 -1.430659770746214235e+03 2.286340000000000000e+19 4.328177237766794860e-05 1.316680666059255600e-02
-9.592031205103472757e+02 -2.749350295184285642e+03 -1.429604397596814124e+03 2.286540000000000000e+19 4.090670961886644363e-03 5.688070785254240036e-03
-9.555906639288472206e+02 -2.751154150426832985e+03 -1.428553019406682552e+03 2.286740000000000000e+19 4.807554651051759720e-03 -1.433121878653764725e-02
-9.522752979579948942e+02 -2.752801779095175334e+03 -1.427592718828635498e+03 2.286940000000000000e+19 2.262305933982133865e-03 9.478738531470298767e-03
-9.410954219746510034e+02 -2.758301270961770115e+03 -1.424387556462027533e+03 2.287140000000000000e+19 -2.315244171768426895e-03 -1.624998636543750763e-02
-9.374603442857478512e+02 -2.760070933234386757e+03 -1.423356228096545010e+03 2.287340000000000000e+19 2.470526087563484907e-04 -2.066576294600963593e-02
-9.338207945218131272e+02 -2.761833731353551684e+03 -1.422328924592039812e+03 2.287540000000000000e+19 -1.631625182926654816e-02 -3.532990580424666405e-03
-9.301767900120747754e+02 -2.763589656926001680e+03 -1.421305650839834016e+03 2.287740000000000000e+19 6.444834172725677490e-03 5.897677969187498093e-03
-9.265283482973031823e+02 -2.765338701499397303e+03 -1.420286411765556295e+03 2.287940000000000000e+19 8.891574107110500336e-03 2.916921861469745636e-03
-9.228754867364286838e+02 -2.767080856751979354e+03 -1.419271212218611026e+03 2.288140000000000000e+19 1.492817420512437820e-03 1.076019182801246643e-02
-9.192182229128021618e+02 -2.768816114297791955e+03 -1.418260057085713925e+03 2.288340000000000000e+19 -2.871003188192844391e-02 4.624364897608757019e-03
-9.158619342851231977e+02 -2.770400788575058868e+03 -1.417336670284576257e+03 2.288540000000000000e+19 1.449897233396768570e-02 6.978730671107769012e-03
-9.410954219746510034e+02 -2.758301270961770115e+03 -1.424387556462027533e+03 2.288740000000000000e+19 2.055561868473887444e-03 -3.605954349040985107e-03
-9.374603442857478512e+02 -2.760070933234386757e+03 -1.423356228096545010e+03 2.288940000000000000e+19 1.038976665586233139e-02 -6.295247294474393129e-05
-9.338207945218131272e+02 -2.761833731353551684e+03 -1.422328924592039812e+03 2.289140000000000000e+19 4.052612930536270142e-03 1.296133361756801605e-02
-9.301767900120747754e+02 -2.763589656926001680e+03 -1.421305650839834016e+03 2.289340000000000000e+19 6.731963367201387882e-04 -7.268134504556655884e-03
-9.265283482973031823e+02 -2.765338701499397303e+03 -1.420286411765556295e+03 2.289540000000000000e+19 -5.455653183162212372e-03 5.500746890902519226e-03
-9.228754867364286838e+02 -2.767080856751979354e+03 -1.419271212218611026e+03 2.289740000000000000e+19 1.077880524098873138e-02 -1.503665093332529068e-02
-9.192182229128021618e+02 -2.768816114297791955e+03 -1.418260057085713925e+03 2.289940000000000000e+19 7.625798229128122330e-03 -2.204271964728832245e-02
-9.158619342851231977e+02 -2.770400788575058868e+03 -1.417336670284576257e+03 2.290140000000000000e+19 1.303630787879228592e-02 6.487301085144281387e-03
-9.045454947347885764e+02 -2.775688002116285134e+03 -1.414255977013192251e+03 2.290340000000000000e+19 -9.525856585241854191e-04 5.887618754059076309e-03
-9.008664822762274298e+02 -2.777388647355828198e+03 -1.413265116071641614e+03 2.290540000000000000e+19 8.598210290074348450e-03 -8.012484759092330933e-03
-8.971831728590353805e+02 -2.779082345570769121e+03 -1.412278328280358664e+03 2.290740000000000000e+19 2.279503457248210907e-02 -1.109400391578674316e-02
-8.934955840463653658e+02 -2.780769088684926828e+03 -1.411295618344706554e+03 2.290940000000000000e+19 -1.635514385998249054e-02 -3.056761994957923889e-02
-8.898037335116705435e+02 -2.782448868614133971e+03 -1.410316990974572036e+03 2.291140000000000000e+19 -2.509140595793724060e-02 5.814857315272092819e-03
-8.861076389875228188e+02 -2.784121677290241223e+03 -1.409342450870388348e+03 2.291340000000000000e+19 -3.455577418208122253e-02 -1.477910438552498817e-03
-8.824073180595178201e+02 -2.785787506754311380e+03 -1.408372002668840423e+03 2.291540000000000000e+19 -4.293142352253198624e-03 1.571806706488132477e-02
-8.790117135216635234e+02 -2.787308468028967582e+03 -1.407485971685124241e+03 2.291740000000000000e+19 -2.225600555539131165e-02 2.927924878895282745e-02
-9.045454947347885764e+02 -2.775688002116285134e+03 -1.414255977013192251e+03 2.291940000000000000e+19 -3.097692877054214478e-02 -3.157592192292213440e-02
-9.008664822762274298e+02 -2.777388647355828198e+03 -1.413265116071641614e+03 2.292140000000000000e+19 1.351164747029542923e-02 3.712223097681999207e-02
-8.971831728590353805e+02 -2.779082345570769121e+03 -1.412278328280358664e+03 2.292340000000000000e+19 -7.075197994709014893e-03 2.228033542633056641e-02
-8.934955840463653658e+02 -2.780769088684926828e+03 -1.411295618344706554e+03 2.292540000000000000e+19 -2.740140631794929504e-02 -2.933866577222943306e-03
-8.898037335116705435e+02 -2.782448868614133971e+03 -1.410316990974572036e+03 2.292740000000000000e+19 1.067941542714834213e-02 3.394164610654115677e-03
-8.861076389875228188e+02 -2.784121677290241223e+03 -1.409342450870388348e+03 2.292940000000000000e+19 1.497610285878181458e-02 -7.491190452128648758e-03
-8.824073180595178201e+02 -2.785787506754311380e+03 -1.408372002668840423e+03 2.293140000000000000e+19 4.387815948575735092e-03 -2.992495149374008179e-02
-8.790117135216635234e+02 -2.787308468028967582e+03 -1.407485971685124241e+03 2.293340000000000000e+19 -6.380313076078891754e-03 -4.696764517575502396e-03
