# Baseline: 13-19
# Entries: 128
# u [m], v [m], w [m], frequency [GHz], real, imag, std(real), std(imag)
-5.763662750190514998e+03 -6.815231600617560161e+02 -5.870971337403553662e+03 2.267940000000000111e+01 8.259899914264678955e-02 2.287892438471317291e-02 6.312679499387741089e-02 6.288962066173553467e-02
-5.768851729871076714e+03 -6.923943453785799420e+02 -5.864599419355098689e+03 2.268140000000000001e+01 -6.262452155351638794e-02 3.642025962471961975e-02 6.312679499387741089e-02 6.288962066173553467e-02
-5.774013130880102835e+03 -7.032753165429101045e+02 -5.858221808178210267e+03 2.268340000000000245e+01 2.334171161055564880e-02 1.076699513942003250e-02 6.312679499387741089e-02 6.288962066173553467e-02
-5.779146928552679128e+03 -7.141660215569729644e+02 -5.851838534350093141e+03 2.268540000000000134e+01 -9.435895085334777832e-02 -1.460944768041372299e-03 6.312679499387741089e-02 6.288962066173553467e-02
-5.782980011333488619e+03 -7.223401055918011480e+02 -5.847047556457180690e+03 2.268740000000000023e+01 -2.702796831727027893e-02 -1.241714805364608765e-01 6.312679499387741089e-02 6.288962066173553467e-02
-5.789331615743188195e+03 -7.359764246082273758e+02 -5.839055120961554167e+03 2.268940000000000268e+01 6.535489857196807861e-02 -5.270111188292503357e-02 6.312679499387741089e-02 6.288962066173553467e-02
-5.794382456414354237e+03 -7.468960180383368197e+02 -5.832655042712959585e+03 2.269140000000000157e+01 9.870310872793197632e-02 -8.072147518396377563e-02 6.312679499387741089e-02 6.288962066173553467e-02
-5.800658173682033521e+03 -7.605585155198298253e+02 -5.824647380119662557e+03 2.269340000000000046e+01 -1.632699929177761078e-02 5.776855349540710449e-02 6.312679499387741089e-02 6.288962066173553467e-02
-5.763662750190514998e+03 -6.815231600617560161e+02 -5.870971337403553662e+03 2.269540000000000290e+01 -9.495005011558532715e-02 -8.685588091611862183e-02 6.312679499387741089e-02 6.288962066173553467e-02
-5.768851729871076714e+03 -6.923943453785799420e+02 -5.864599419355098689e+03 2.269740000000000180e+01 -1.599735170602798462e-01 -1.205008998513221741e-01 6.312679499387741089e-02 6.288962066173553467e-02
-5.774013130880102835e+03 -7.032753165429101045e+02 -5.858221808178210267e+03 2.269940000000000069e+01 1.758471690118312836e-02 -1.247214972972869873e-01 6.312679499387741089e-02 6.288962066173553467e-02
-5.779146928552679128e+03 -7.141660215569729644e+02 -5.851838534350093141e+03 2.270140000000000313e+01 1.471425443887710571e-01 8.187206834554672241e-02 6.312679499387741089e-02 6.288962066173553467e-02
-5.782980011333488619e+03 -7.223401055918011480e+02 -5.847047556457180690e+03 2.270340000000000202e+01 4.354990273714065552e-02 1.452510361559689045e-03 6.312679499387741089e-02 6.288962066173553467e-02
-5.789331615743188195e+03 -7.359764246082273758e+02 -5.839055120961554167e+03 2.270540000000000092e+01 -2.045912295579910278e-02 1.685406826436519623e-02 6.312679499387741089e-02 6.288962066173553467e-02
-5.794382456414354237e+03 -7.468960180383368197e+02 -5.832655042712959585e+03 2.270739999999999981e+01 -1.594675779342651367e-01 1.344663742929697037e-02 6.312679499387741089e-02 6.288962066173553467e-02
-5.800658173682033521e+03 -7.605585155198298253e+02 -5.824647380119662557e+03 2.270940000000000225e+01 -8.271404355764389038e-02 -4.334831610321998596e-02 6.312679499387741089e-02 6.288962066173553467e-02
-5.814308571216908604e+03 -7.906691194940248124e+02 -5.806999633408230693e+03 2.271140000000000114e+01 -1.462937518954277039e-02 1.329915523529052734e-01 6.312679499387741089e-02 6.288962066173553467e-02
-5.819220668726957229e+03 -8.016358148956767309e+02 -5.800572160501737017e+03 2.271340000000000003e+01 -1.091858297586441040e-01 -5.671546235680580139e-02 6.312679499387741089e-02 6.288962066173553467e-02
-5.824104946480619219e+03 -8.126117732667170230e+02 -5.794139300929687124e+03 2.271540000000000248e+01 -7.421652972698211670e-02 4.850916564464569092e-02 6.312679499387741089e-02 6.288962066173553467e-02
-5.828961381171407993e+03 -8.235969422318823945e+02 -5.787701085388508545e+03 2.271740000000000137e+01 4.451081156730651855e-02 1.825136505067348480e-02 6.312679499387741089e-02 6.288962066173553467e-02
-5.833789949540878297e+03 -8.345912691807418469e+02 -5.781257544712259005e+03 2.271940000000000026e+01 2.188316173851490021e-02 7.892413437366485596e-02 6.312679499387741089e-02 6.288962066173553467e-02
-5.838590628480718806e+03 -8.455947014973452269e+02 -5.774808709738025755e+03 2.272140000000000271e+01 4.630165919661521912e-02 3.865290805697441101e-02 6.312679499387741089e-02 6.288962066173553467e-02
-5.843363394999833872e+03 -8.566071864836853820e+02 -5.768354611350787309e+03 2.272340000000000160e+01 5.437654256820678711e-02 1.164941638708114624e-01 6.312679499387741089e-02 6.288962066173553467e-02
-5.847714247152655844e+03 -8.667097580471419178e+02 -5.762433823300790209e+03 2.272540000000000049e+01 -1.365108322352170944e-02 3.323581814765930176e-02 6.312679499387741089e-02 6.288962066173553467e-02
-5.814308571216908604e+03 -7.906691194940248124e+02 -5.806999633408230693e+03 2.272740000000000293e+01 5.775389075279235840e-02 -3.766335174441337585e-02 6.312679499387741089e-02 6.288962066173553467e-02
-5.819220668726957229e+03 -8.016358148956767309e+02 -5.800572160501737017e+03 2.272940000000000182e+01 -4.343648627400398254e-02 -1.834258623421192169e-02 6.312679499387741089e-02 6.288962066173553467e-02
-5.824104946480619219e+03 -8.126117732667170230e+02 -5.794139300929687124e+03 2.273140000000000072e+01 2.001822553575038910e-02 -1.046006828546524048e-01 6.312679499387741089e-02 6.288962066173553467e-02
-5.828961381171407993e+03 -8.235969422318823945e+02 -5.787701085388508545e+03 2.273340000000000316e+01 4.704196751117706299e-02 -1.547699701040983200e-02 6.312679499387741089e-02 6.288962066173553467e-02
-5.833789949540878297e+03 -8.345912691807418469e+02 -5.781257544712259005e+03 2.273540000000000205e+01 -6.449404358863830566e-02 -1.352608352899551392e-01 6.312679499387741089e-02 6.288962066173553467e-02
-5.838590628480718806e+03 -8.455947014973452269e+02 -5.774808709738025755e+03 2.273740000000000094e+01 -1.095548346638679504e-01 -1.627722196280956268e-02 6.312679499387741089e-02 6.288962066173553467e-02
-5.843363394999833872e+03 -8.566071864836853820e+02 -5.768354611350787309e+03 2.273939999999999984e+01 -7.973279803991317749e-02 2.474329620599746704e-02 6.312679499387741089e-02 6.288962066173553467e-02
-5.847714247152655844e+03 -8.667097580471419178e+02 -5.762433823300790209e+03 2.274140000000000228e+01 -5.272223055362701416e-02 5.189405009150505066e-02 6.312679499387741089e-02 6.288962066173553467e-02
-5.862174882315506693e+03 -9.007465990386303929e+02 -5.742486201439117394e+03 2.274340000000000117e+01 -1.089836284518241882e-01 1.521656662225723267e-02 6.312679499387741089e-02 6.288962066173553467e-02
-5.866807746856157792e+03 -9.118035561259882797e+02 -5.736006249710187149e+03 2.274540000000000006e+01 -8.664859831333160400e-02 4.884776100516319275e-02 6.312679499387741089e-02 6.288962066173553467e-02
-5.871412564001716419e+03 -9.228692491786372329e+02 -5.729521220176540737e+03 2.274740000000000251e+01 -3.031843528151512146e-02 2.519144304096698761e-02 6.312679499387741089e-02 6.288962066173553467e-02
-5.875989311634581099e+03 -9.339436250463518263e+02 -5.723031143986772804e+03 2.274940000000000140e+01 -4.129601642489433289e-02 5.120978504419326782e-02 6.312679499387741089e-02 6.288962066173553467e-02
-5.880537967946911522e+03 -9.450266309616140461e+02 -5.716536052064998330e+03 2.275140000000000029e+01 -9.411481209099292755e-03 6.989053636789321899e-02 6.312679499387741089e-02 6.288962066173553467e-02
-5.885058511027762506e+03 -9.561182135365583008e+02 -5.710035975698677248e+03 2.275340000000000273e+01 -7.844476401805877686e-02 -7.993800193071365356e-02 6.312679499387741089e-02 6.288962066173553467e-02
-5.889550919353796417e+03 -9.672183199600118542e+02 -5.703530945837101171e+03 2.275540000000000163e+01 3.338913246989250183e-02 6.826163083314895630e-02 6.312679499387741089e-02 6.288962066173553467e-02
-5.893644585002865824e+03 -9.774007527065627983e+02 -5.697563739287349563e+03 2.275740000000000052e+01 -1.231863722205162048e-02 -6.961967051029205322e-02 6.312679499387741089e-02 6.288962066173553467e-02
-5.862174882315506693e+03 -9.007465990386303929e+02 -5.742486201439117394e+03 2.275940000000000296e+01 -1.516613066196441650e-01 1.612550318241119385e-01 6.312679499387741089e-02 6.288962066173553467e-02
-5.866807746856157792e+03 -9.118035561259882797e+02 -5.736006249710187149e+03 2.276140000000000185e+01 -2.960025705397129059e-02 -7.320044934749603271e-02 6.312679499387741089e-02 6.288962066173553467e-02
-5.871412564001716419e+03 -9.228692491786372329e+02 -5.729521220176540737e+03 2.276340000000000074e+01 8.140935748815536499e-02 9.759280085563659668e-02 6.312679499387741089e-02 6.288962066173553467e-02
-5.875989311634581099e+03 -9.339436250463518263e+02 -5.723031143986772804e+03 2.276540000000000319e+01 -8.904511108994483948e-03 1.963258255273103714e-03 6.312679499387741089e-02 6.288962066173553467e-02
-5.880537967946911522e+03 -9.450266309616140461e+02 -5.716536052064998330e+03 2.276740000000000208e+01 -7.923981547355651855e-02 -9.404408186674118042e-02 6.312679499387741089e-02 6.288962066173553467e-02
-5.885058511027762506e+03 -9.561182135365583008e+02 -5.710035975698677248e+03 2.276940000000000097e+01 -1.231692172586917877e-02 1.526212785392999649e-02 6.312679499387741089e-02 6.288962066173553467e-02
-5.889550919353796417e+03 -9.672183199600118542e+02 -5.703530945837101171e+03 2.277139999999999986e+01 -1.551424264907836914e-01 -6.817372143268585205e-02 6.312679499387741089e-02 6.288962066173553467e-02
-5.893644585002865824e+03 -9.774007527065627983e+02 -5.697563739287349563e+03 2.277340000000000231e+01 1.570351570844650269e-01 3.149012848734855652e-02 6.312679499387741089e-02 6.288962066173553467e-02
-5.907238776828306072e+03 -1.011702920315382130e+03 -5.677461914871101726e+03 2.277540000000000120e+01 2.620902145281434059e-03 2.770226821303367615e-02 6.312679499387741089e-02 6.288962066173553467e-02
-5.911590191443104231e+03 -1.022844847993667713e+03 -5.670932585176499742e+03 2.277740000000000009e+01 9.775560349225997925e-03 3.991351276636123657e-02 6.312679499387741089e-02 6.288962066173553467e-02
-5.915913344253171090e+03 -1.033994979990396814e+03 -5.664398489238844377e+03 2.277940000000000254e+01 6.044175103306770325e-02 -7.808174937963485718e-02 6.312679499387741089e-02 6.288962066173553467e-02
-5.920208214674457849e+03 -1.045153263215799370e+03 -5.657859658169311842e+03 2.278140000000000143e+01 -3.995203599333763123e-02 -3.722770884633064270e-02 6.312679499387741089e-02 6.288962066173553467e-02
-5.924474782033271367e+03 -1.056319643958324150e+03 -5.651316123443236393e+03 2.278340000000000032e+01 6.079587340354919434e-02 6.775894016027450562e-02 6.312679499387741089e-02 6.288962066173553467e-02
-5.928713026029880893e+03 -1.067494069089713776e+03 -5.644767916193948622e+03 2.278540000000000276e+01 2.139785736799240112e-01 -1.012586802244186401e-01 6.312679499387741089e-02 6.288962066173553467e-02
-5.932922926263138834e+03 -1.078676484820726955e+03 -5.638215067941919187e+03 2.278740000000000165e+01 5.803405866026878357e-02 7.307673990726470947e-02 6.312679499387741089e-02 6.288962066173553467e-02
-5.936757446532908034e+03 -1.088933906297735348e+03 -5.632204298293758256e+03 2.278940000000000055e+01 -7.800227031111717224e-03 1.002972647547721863e-01 6.312679499387741089e-02 6.288962066173553467e-02
-5.907238776828306072e+03 -1.011702920315382130e+03 -5.677461914871101726e+03 2.279140000000000299e+01 -5.140849202871322632e-02 -6.969641894102096558e-02 6.312679499387741089e-02 6.288962066173553467e-02
-5.911590191443104231e+03 -1.022844847993667713e+03 -5.670932585176499742e+03 2.279340000000000188e+01 -3.050508350133895874e-02 -5.960498936474323273e-03 6.312679499387741089e-02 6.288962066173553467e-02
-5.915913344253171090e+03 -1.033994979990396814e+03 -5.664398489238844377e+03 2.279540000000000077e+01 7.011229172348976135e-03 9.866842068731784821e-03 6.312679499387741089e-02 6.288962066173553467e-02
-5.920208214674457849e+03 -1.045153263215799370e+03 -5.657859658169311842e+03 2.279739999999999966e+01 -7.075860351324081421e-02 -1.792668737471103668e-02 6.312679499387741089e-02 6.288962066173553467e-02
-5.924474782033271367e+03 -1.056319643958324150e+03 -5.651316123443236393e+03 2.279940000000000211e+01 -1.135314777493476868e-01 -7.281781174242496490e-03 6.312679499387741089e-02 6.288962066173553467e-02
-5.928713026029880893e+03 -1.067494069089713776e+03 -5.644767916193948622e+03 2.280140000000000100e+01 -4.160635918378829956e-02 4.422560334205627441e-02 6.312679499387741089e-02 6.288962066173553467e-02
-5.932922926263138834e+03 -1.078676484820726955e+03 -5.638215067941919187e+03 2.280339999999999989e+01 -8.764076046645641327e-03 2.378401719033718109e-02 6.312679499387741089e-02 6.288962066173553467e-02
-5.936757446532908034e+03 -1.088933906297735348e+03 -5.632204298293758256e+03 2.280540000000000234e+01 5.433848872780799866e-02 1.018311530351638794e-01 6.312679499387741089e-02 6.288962066173553467e-02
-5.948797943139473318e+03 -1.121615473036409185e+03 -5.613053386758004308e+03 2.280740000000000123e+01 4.728206619620323181e-02 -1.539764553308486938e-02 6.312679499387741089e-02 6.288962066173553467e-02
-5.952870567268939340e+03 -1.132835755758736468e+03 -5.606478548970698284e+03 2.280940000000000012e+01 -5.849909037351608276e-02 -2.600663714110851288e-02 6.312679499387741089e-02 6.288962066173553467e-02
-5.956914732096674925e+03 -1.144063716567258552e+03 -5.599899253309398773e+03 2.281140000000000256e+01 3.306267037987709045e-02 -2.855304814875125885e-02 6.312679499387741089e-02 6.288962066173553467e-02
-5.960930418198345251e+03 -1.155299301532261552e+03 -5.593315531375524188e+03 2.281340000000000146e+01 8.923227339982986450e-02 4.096198827028274536e-02 6.312679499387741089e-02 6.288962066173553467e-02
-5.964917606468159647e+03 -1.166542457196153464e+03 -5.586727414493652759e+03 2.281540000000000035e+01 -4.993098601698875427e-02 -6.016998365521430969e-02 6.312679499387741089e-02 6.288962066173553467e-02
-5.968876277727054912e+03 -1.177793129478087849e+03 -5.580134934353364770e+03 2.281740000000000279e+01 -2.082977592945098877e-01 -1.214364841580390930e-01 6.312679499387741089e-02 6.288962066173553467e-02
-5.972806413085575514e+03 -1.189051264691893266e+03 -5.573538122412786834e+03 2.281940000000000168e+01 3.911218047142028809e-02 3.980750218033790588e-03 6.312679499387741089e-02 6.288962066173553467e-02
-5.976384316823852714e+03 -1.199377638119409539e+03 -5.567487320844943497e+03 2.282140000000000057e+01 -1.199395731091499329e-01 -4.888255521655082703e-02 6.312679499387741089e-02 6.288962066173553467e-02
-5.948797943139473318e+03 -1.121615473036409185e+03 -5.613053386758004308e+03 2.282340000000000302e+01 4.763632640242576599e-02 5.210982635617256165e-02 6.312679499387741089e-02 6.288962066173553467e-02
-5.952870567268939340e+03 -1.132835755758736468e+03 -5.606478548970698284e+03 2.282540000000000191e+01 3.283908963203430176e-02 -5.412708269432187080e-04 6.312679499387741089e-02 6.288962066173553467e-02
-5.956914732096674925e+03 -1.144063716567258552e+03 -5.599899253309398773e+03 2.282740000000000080e+01 1.606953702867031097e-02 6.560230255126953125e-02 6.312679499387741089e-02 6.288962066173553467e-02
-5.960930418198345251e+03 -1.155299301532261552e+03 -5.593315531375524188e+03 2.282939999999999969e+01 -9.332109987735748291e-02 1.204869803041219711e-02 6.312679499387741089e-02 6.288962066173553467e-02
-5.964917606468159647e+03 -1.166542457196153464e+03 -5.586727414493652759e+03 2.283140000000000214e+01 5.530384182929992676e-02 3.216131357476115227e-03 6.312679499387741089e-02 6.288962066173553467e-02
-5.968876277727054912e+03 -1.177793129478087849e+03 -5.580134934353364770e+03 2.283340000000000103e+01 -1.902034282684326172e-01 -7.108393311500549316e-02 6.312679499387741089e-02 6.288962066173553467e-02
-5.972806413085575514e+03 -1.189051264691893266e+03 -5.573538122412786834e+03 2.283539999999999992e+01 -7.288429886102676392e-02 -1.089458465576171875e-01 6.312679499387741089e-02 6.288962066173553467e-02
-5.976384316823852714e+03 -1.199377638119409539e+03 -5.567487320844943497e+03 2.283740000000000236e+01 -2.305767126381397247e-02 5.026841536164283752e-02 6.312679499387741089e-02 6.288962066173553467e-02
-5.988241221269808193e+03 -1.234157356413344587e+03 -5.547108188574107771e+03 2.283940000000000126e+01 1.125603020191192627e-01 8.517266809940338135e-02 6.312679499387741089e-02 6.288962066173553467e-02
-5.992028397624060744e+03 -1.245451997089916176e+03 -5.540490191784583658e+03 2.284140000000000015e+01 6.876909732818603516e-02 -3.492357954382896423e-02 6.312679499387741089e-02 6.288962066173553467e-02
-5.995786927330413164e+03 -1.256753777058212108e+03 -5.533868052831850036e+03 2.284340000000000259e+01 -2.827208675444126129e-02 -1.294317748397588730e-02 6.312679499387741089e-02 6.288962066173553467e-02
-5.999516792283764516e+03 -1.268062641876597809e+03 -5.527241803615307617e+03 2.284540000000000148e+01 1.534853782504796982e-02 9.801596403121948242e-02 6.312679499387741089e-02 6.288962066173553467e-02
-6.003217974724955639e+03 -1.279378537699514482e+03 -5.520611475684904690e+03 2.284740000000000038e+01 9.103278070688247681e-02 -4.566553980112075806e-03 6.312679499387741089e-02 6.288962066173553467e-02
-6.006890456914890819e+03 -1.290701410293336494e+03 -5.513977100817771316e+03 2.284940000000000282e+01 -6.090520764701068401e-04 2.365071699023246765e-02 6.312679499387741089e-02 6.288962066173553467e-02
-6.010534221227117996e+03 -1.302031205311962140e+03 -5.507338710856749458e+03 2.285140000000000171e+01 -2.514199540019035339e-02 -4.167934507131576538e-02 6.312679499387741089e-02 6.288962066173553467e-02
-6.013849461844099096e+03 -1.312422798905417039e+03 -5.501250070316506026e+03 2.285340000000000060e+01 -3.748700022697448730e-02 5.211244896054267883e-02 6.312679499387741089e-02 6.288962066173553467e-02
-5.988241221269808193e+03 -1.234157356413344587e+03 -5.547108188574107771e+03 2.285540000000000305e+01 -6.612604111433029175e-02 -5.284656956791877747e-02 6.312679499387741089e-02 6.288962066173553467e-02
-5.992028397624060744e+03 -1.245451997089916176e+03 -5.540490191784583658e+03 2.285740000000000194e+01 -1.901463419198989868e-02 -7.853899896144866943e-02 6.312679499387741089e-02 6.288962066173553467e-02
-5.995786927330413164e+03 -1.256753777058212108e+03 -5.533868052831850036e+03 2.285940000000000083e+01 -2.892674133181571960e-02 5.450882483273744583e-03 6.312679499387741089e-02 6.288962066173553467e-02
-5.999516792283764516e+03 -1.268062641876597809e+03 -5.527241803615307617e+03 2.286139999999999972e+01 -9.421667456626892090e-02 -3.189640492200851440e-02 6.312679499387741089e-02 6.288962066173553467e-02
-6.003217974724955639e+03 -1.279378537699514482e+03 -5.520611475684904690e+03 2.286340000000000217e+01 8.296508342027664185e-02 6.405305117368698120e-03 6.312679499387741089e-02 6.288962066173553467e-02
-6.006890456914890819e+03 -1.290701410293336494e+03 -5.513977100817771316e+03 2.286540000000000106e+01 2.414010465145111084e-02 6.315909326076507568e-02 6.312679499387741089e-02 6.288962066173553467e-02
-6.010534221227117996e+03 -1.302031205311962140e+03 -5.507338710856749458e+03 2.286739999999999995e+01 -1.401832848787307739e-01 1.427732687443494797e-02 6.312679499387741089e-02 6.288962066173553467e-02
-6.013849461844099096e+03 -1.312422798905417039e+03 -5.501250070316506026e+03 2.286940000000000239e+01 -4.047555848956108093e-02 -7.535607367753982544e-02 6.312679499387741089e-02 6.288962066173553467e-02
-6.024821753426071155e+03 -1.347418526015014322e+03 -5.480745634988591519e+03 2.287140000000000128e+01 1.216291077435016632e-02 6.546480953693389893e-02 6.312679499387741089e-02 6.288962066173553467e-02
-6.028321669748810564e+03 -1.358782119852854066e+03 -5.474087646088340080e+03 2.287340000000000018e+01 1.536563336849212646e-01 6.251038610935211182e-02 6.312679499387741089e-02 6.288962066173553467e-02
-6.031792765632219016e+03 -1.370152310298497468e+03 -5.467425832994993470e+03 2.287540000000000262e+01 -1.376155018806457520e-01 6.623670924454927444e-03 6.312679499387741089e-02 6.288962066173553467e-02
-6.035235024549415357e+03 -1.381529043214353351e+03 -5.460760227427853351e+03 2.287740000000000151e+01 -1.035398989915847778e-01 5.270952358841896057e-02 6.312679499387741089e-02 6.288962066173553467e-02
-6.038648429930694874e+03 -1.392912263837385808e+03 -5.454090861472471261e+03 2.287940000000000040e+01 2.583193406462669373e-02 -4.467068985104560852e-02 6.312679499387741089e-02 6.288962066173553467e-02
-6.042032965535628136e+03 -1.404301918007402946e+03 -5.447417766860895426e+03 2.288140000000000285e+01 -1.024799197912216187e-01 -1.094565838575363159e-01 6.312679499387741089e-02 6.288962066173553467e-02
-6.045388615072611174e+03 -1.415697950899343823e+03 -5.440740975714737033e+03 2.288340000000000174e+01 7.667239010334014893e-02 7.885784655809402466e-02 6.312679499387741089e-02 6.288962066173553467e-02
-6.048439606058768732e+03 -1.426149791741660238e+03 -5.434617409932599003e+03 2.288540000000000063e+01 1.221802160143852234e-01 -1.136544346809387207e-01 6.312679499387741089e-02 6.288962066173553467e-02
-6.024821753426071155e+03 -1.347418526015014322e+03 -5.480745634988591519e+03 2.288740000000000308e+01 1.998694613575935364e-02 -8.892354555428028107e-03 6.312679499387741089e-02 6.288962066173553467e-02
-6.028321669748810564e+03 -1.358782119852854066e+03 -5.474087646088340080e+03 2.288940000000000197e+01 6.394210271537303925e-03 4.910648986697196960e-02 6.312679499387741089e-02 6.288962066173553467e-02
-6.031792765632219016e+03 -1.370152310298497468e+03 -5.467425832994993470e+03 2.289140000000000086e+01 -2.493300475180149078e-02 -3.880078205838799477e-03 6.312679499387741089e-02 6.288962066173553467e-02
-6.035235024549415357e+03 -1.381529043214353351e+03 -5.460760227427853351e+03 2.289339999999999975e+01 3.233629837632179260e-02 1.157056167721748352e-01 6.312679499387741089e-02 6.288962066173553467e-02
-6.038648429930694874e+03 -1.392912263837385808e+03 -5.454090861472471261e+03 2.289540000000000219e+01 2.893633767962455750e-02 -1.276053190231323242e-01 6.312679499387741089e-02 6.288962066173553467e-02
-6.042032965535628136e+03 -1.404301918007402946e+03 -5.447417766860895426e+03 2.289740000000000109e+01 -5.095038935542106628e-02 -5.551017448306083679e-02 6.312679499387741089e-02 6.288962066173553467e-02
-6.045388615072611174e+03 -1.415697950899343823e+03 -5.440740975714737033e+03 2.289939999999999998e+01 -7.235173881053924561e-02 1.382193714380264282e-02 6.312679499387741089e-02 6.288962066173553467e-02
-6.048439606058768732e+03 -1.426149791741660238e+03 -5.434617409932599003e+03 2.290140000000000242e+01 -2.088478580117225647e-02 -3.060575108975172043e-03 6.312679499387741089e-02 6.288962066173553467e-02
-6.058522034005943169e+03 -1.461344780410894600e+03 -5.413997483974444549e+03 2.290340000000000131e+01 4.829496145248413086e-02 2.955270372331142426e-02 6.312679499387741089e-02 6.288962066173553467e-02
-6.061733015340594648e+03 -1.472771889107842981e+03 -5.407302689292890136e+03 2.290540000000000020e+01 -4.566249623894691467e-02 4.189003258943557739e-03 6.312679499387741089e-02 6.288962066173553467e-02
-6.064915016353529609e+03 -1.484205048926351765e+03 -5.400604390010714269e+03 2.290740000000000265e+01 -1.568135060369968414e-02 -8.013134449720382690e-02 6.312679499387741089e-02 6.288962066173553467e-02
-6.068068021871626115e+03 -1.495644205349495678e+03 -5.393902618067524600e+03 2.290940000000000154e+01 5.449252203106880188e-02 1.098380424082279205e-02 6.312679499387741089e-02 6.288962066173553467e-02
-6.071192016783052168e+03 -1.507089303552877254e+03 -5.387197405582873216e+03 2.291140000000000043e+01 8.543332666158676147e-02 -4.994239285588264465e-02 6.312679499387741089e-02 6.288962066173553467e-02
-6.074286986083190641e+03 -1.518540288563869581e+03 -5.380488784762959767e+03 2.291340000000000288e+01 -2.421710081398487091e-02 -6.378857791423797607e-02 6.312679499387741089e-02 6.288962066173553467e-02
-6.077352915046911221e+03 -1.529997105900061570e+03 -5.373776787526591761e+03 2.291540000000000177e+01 2.947575412690639496e-02 -1.502664685249328613e-01 6.312679499387741089e-02 6.288962066173553467e-02
-6.080138195868554249e+03 -1.540504190422299416e+03 -5.367621228012997562e+03 2.291740000000000066e+01 -1.141670867800712585e-01 -5.278276279568672180e-02 6.312679499387741089e-02 6.288962066173553467e-02
-6.058522034005943169e+03 -1.461344780410894600e+03 -5.413997483974444549e+03 2.291940000000000310e+01 -8.599356561899185181e-02 -1.376240104436874390e-01 6.312679499387741089e-02 6.288962066173553467e-02
-6.061733015340594648e+03 -1.472771889107842981e+03 -5.407302689292890136e+03 2.292140000000000200e+01 2.673651091754436493e-02 -7.094719260931015015e-02 6.312679499387741089e-02 6.288962066173553467e-02
-6.064915016353529609e+03 -1.484205048926351765e+03 -5.400604390010714269e+03 2.292340000000000089e+01 -1.419434603303670883e-02 -3.515949938446283340e-03 6.312679499387741089e-02 6.288962066173553467e-02
-6.068068021871626115e+03 -1.495644205349495678e+03 -5.393902618067524600e+03 2.292539999999999978e+01 -4.899514839053153992e-02 -8.665306493639945984e-03 6.312679499387741089e-02 6.288962066173553467e-02
-6.071192016783052168e+03 -1.507089303552877254e+03 -5.387197405582873216e+03 2.292740000000000222e+01 -6.350893527269363403e-02 2.423705905675888062e-02 6.312679499387741089e-02 6.288962066173553467e-02
-6.074286986083190641e+03 -1.518540288563869581e+03 -5.380488784762959767e+03 2.292940000000000111e+01 1.425536442548036575e-02 -3.781039640307426453e-02 6.312679499387741089e-02 6.288962066173553467e-02
-6.077352915046911221e+03 -1.529997105900061570e+03 -5.373776787526591761e+03 2.293140000000000001e+01 5.486761778593063354e-02 -9.500203304924070835e-04 6.312679499387741089e-02 6.288962066173553467e-02
-6.080138195868554249e+03 -1.540504190422299416e+03 -5.367621228012997562e+03 2.293340000000000245e+01 7.233876734972000122e-02 1.183809805661439896e-02 6.312679499387741089e-02 6.288962066173553467e-02
