# Baseline: 9-18
# u [m], v [m], w [m], frequency [GHz], real, imag
-2.234718485611499091e+03 4.321383980623627394e+03 -1.706485906039861902e+03 2.267940000000000000e+19 -1.074156686663627625e-01 6.561148166656494141e-02
-2.244757484243532417e+03 4.317159946725865666e+03 -1.703999470878994543e+03 2.268140000000000000e+19 1.746717989444732666e-01 -3.196362406015396118e-03
-2.254785736139173878e+03 4.312916964646068664e+03 -1.701501955805213129e+03 2.268340000000000000e+19 -7.750789821147918701e-02 4.394500702619552612e-02
-2.264803193375792489e+03 4.308655054660634960e+03 -1.698993372753684753e+03 2.268540000000000000e+19 1.970171779394149780e-01 7.654679007828235626e-03
-2.272309513529556625e+03 4.305446803332906711e+03 -1.697105024513894250e+03 2.268740000000000000e+19 1.450075507164001465e-01 1.319905519485473633e-01
-2.284805532159608902e+03 4.300074532647819979e+03 -1.693943050791447831e+03 2.268940000000000000e+19 2.881785631179809570e-01 -9.979603439569473267e-02
-2.294790317772219623e+03 4.295755961774804746e+03 -1.691401336103410586e+03 2.269140000000000000e+19 4.926858469843864441e-03 2.011597603559494019e-01
-2.307256292766124716e+03 4.290332010970877491e+03 -1.688209143499792845e+03 2.269340000000000000e+19 2.047694660723209381e-02 1.585801318287849426e-02
-2.234718485611499091e+03 4.321383980623627394e+03 -1.706485906039861902e+03 2.269540000000000000e+19 1.482331901788711548e-01 3.247765451669692993e-02
-2.244757484243532417e+03 4.317159946725865666e+03 -1.703999470878994543e+03 2.269740000000000000e+19 -1.870145462453365326e-02 3.387888893485069275e-02
-2.254785736139173878e+03 4.312916964646068664e+03 -1.701501955805213129e+03 2.269940000000000000e+19 -9.439968317747116089e-02 5.293800681829452515e-02
-2.264803193375792489e+03 4.308655054660634960e+03 -1.698993372753684753e+03 2.270140000000000000e+19 1.465654522180557251e-01 8.313266560435295105e-03
-2.272309513529556625e+03 4.305446803332906711e+03 -1.697105024513894250e+03 2.270340000000000000e+19 -1.232575438916683197e-02 3.321998193860054016e-02
-2.284805532159608902e+03 4.300074532647819979e+03 -1.693943050791447831e+03 2.270540000000000000e+19 -2.193948626518249512e-02 -1.272713541984558105e-01
-2.294790317772219623e+03 4.295755961774804746e+03 -1.691401336103410586e+03 2.270740000000000000e+19 6.913027260452508926e-03 2.198893204331398010e-02
-2.307256292766124716e+03 4.290332010970877491e+03 -1.688209143499792845e+03 2.270940000000000000e+19 1.536991596221923828e-01 -9.039596468210220337e-02
-2.334619122132511620e+03 4.278293428504355688e+03 -1.681124403376660666e+03 2.271140000000000000e+19 2.996172988787293434e-03 -9.300985932350158691e-02
-2.344548500402036552e+03 4.273880837220397552e+03 -1.678527713188274220e+03 2.271340000000000000e+19 -2.481562830507755280e-02 5.714081227779388428e-03
-2.354466654293185002e+03 4.269449504908780000e+03 -1.675920065007108406e+03 2.271540000000000000e+19 1.907603815197944641e-02 1.697987765073776245e-01
-2.364373536478593451e+03 4.264999452715177540e+03 -1.673301471276506390e+03 2.271740000000000000e+19 2.555722557008266449e-02 -4.277532454580068588e-03
-2.374269099512060620e+03 4.260530701951920491e+03 -1.670671944537537456e+03 2.271940000000000000e+19 -7.805193960666656494e-02 4.696947988122701645e-03
-2.384153296036005486e+03 4.256043274005229250e+03 -1.668031497374421633e+03 2.272140000000000000e+19 -4.004696011543273926e-02 -2.435638941824436188e-02
-2.394026078713008246e+03 4.251537190366653704e+03 -1.665380142433019955e+03 2.272340000000000000e+19 1.665223538875579834e-01 2.640245854854583740e-02
-2.403066208972209552e+03 4.247390480545782339e+03 -1.662940300925863312e+03 2.272540000000000000e+19 -6.794289499521255493e-02 1.158528402447700500e-01
-2.334619122132511620e+03 4.278293428504355688e+03 -1.681124403376660666e+03 2.272740000000000000e+19 5.470704287290573120e-02 1.906182616949081421e-02
-2.344548500402036552e+03 4.273880837220397552e+03 -1.678527713188274220e+03 2.272940000000000000e+19 3.538608923554420471e-02 3.787257894873619080e-02
-2.354466654293185002e+03 4.269449504908780000e+03 -1.675920065007108406e+03 2.273140000000000000e+19 5.294163152575492859e-02 -4.810304380953311920e-03
-2.364373536478593451e+03 4.264999452715177540e+03 -1.673301471276506390e+03 2.273340000000000000e+19 1.287707127630710602e-02 -4.304913803935050964e-02
-2.374269099512060620e+03 4.260530701951920491e+03 -1.670671944537537456e+03 2.273540000000000000e+19 6.804013997316360474e-02 2.745672129094600677e-02
-2.384153296036005486e+03 4.256043274005229250e+03 -1.668031497374421633e+03 2.273740000000000000e+19 9.812413156032562256e-02 -4.091775044798851013e-02
-2.394026078713008246e+03 4.251537190366653704e+03 -1.665380142433019955e+03 2.273940000000000000e+19 8.290430158376693726e-02 -6.258724629878997803e-02
-2.403066208972209552e+03 4.247390480545782339e+03 -1.662940300925863312e+03 2.274140000000000000e+19 -1.585777699947357178e-01 -2.212410047650337219e-02
-2.433402127354482218e+03 4.233326731276967621e+03 -1.654665899292063386e+03 2.274340000000000000e+19 -6.041189655661582947e-02 1.272045448422431946e-02
-2.443217133307137374e+03 4.228727694372916631e+03 -1.651960196795257843e+03 2.274540000000000000e+19 9.750244021415710449e-02 -8.982846885919570923e-02
-2.453020442885936518e+03 4.224110132438570872e+03 -1.649243663395894600e+03 2.274740000000000000e+19 2.761983498930931091e-02 1.963410340249538422e-02
-2.462812009004117954e+03 4.219474067652797203e+03 -1.646516312141925255e+03 2.274940000000000000e+19 1.078594326972961426e-01 -3.077310509979724884e-03
-2.472591785006285136e+03 4.214819522105441138e+03 -1.643778156028609828e+03 2.275140000000000000e+19 -3.202683851122856140e-02 -1.389061510562896729e-01
-2.482359723782574747e+03 4.210146518218035453e+03 -1.641029208246012331e+03 2.275340000000000000e+19 8.987995795905590057e-03 8.087831735610961914e-02
-2.492115778824598237e+03 4.205455078240788680e+03 -1.638269481883089611e+03 2.275540000000000000e+19 1.672288961708545685e-02 4.870077595114707947e-02
-2.501048502151518278e+03 4.201138649421827722e+03 -1.635730412261752008e+03 2.275740000000000000e+19 2.218522317707538605e-02 -4.997335746884346008e-02
-2.433402127354482218e+03 4.233326731276967621e+03 -1.654665899292063386e+03 2.275940000000000000e+19 -3.076741844415664673e-02 1.238701492547988892e-02
-2.443217133307137374e+03 4.228727694372916631e+03 -1.651960196795257843e+03 2.276140000000000000e+19 -1.331512033939361572e-01 -3.666683658957481384e-02
-2.453020442885936518e+03 4.224110132438570872e+03 -1.649243663395894600e+03 2.276340000000000000e+19 3.650577738881111145e-02 -7.227478921413421631e-02
-2.462812009004117954e+03 4.219474067652797203e+03 -1.646516312141925255e+03 2.276540000000000000e+19 4.357031732797622681e-02 2.654279395937919617e-02
-2.472591785006285136e+03 4.214819522105441138e+03 -1.643778156028609828e+03 2.276740000000000000e+19 -8.300447463989257812e-02 -1.352334767580032349e-01
-2.482359723782574747e+03 4.210146518218035453e+03 -1.641029208246012331e+03 2.276940000000000000e+19 8.759579062461853027e-02 6.746158469468355179e-03
-2.492115778824598237e+03 4.205455078240788680e+03 -1.638269481883089611e+03 2.277140000000000000e+19 7.970741391181945801e-02 -4.994239285588264465e-02
-2.501048502151518278e+03 4.201138649421827722e+03 -1.635730412261752008e+03 2.277340000000000000e+19 8.207636326551437378e-02 -4.947627335786819458e-02
-2.531020228029708051e+03 4.186505408120743596e+03 -1.627123055739355777e+03 2.277540000000000000e+19 -1.316809505224227905e-01 -7.168079260736703873e-03
-2.540716164890950949e+03 4.181722126381657290e+03 -1.624309635700648641e+03 2.277740000000000000e+19 -1.138873845338821411e-01 -8.852089196443557739e-02
-2.550399938570309587e+03 4.176920544667323156e+03 -1.621485517145991935e+03 2.277940000000000000e+19 -3.270435705780982971e-02 -2.860834822058677673e-02
-2.560071502959895952e+03 4.172100685839785001e+03 -1.618650713522043816e+03 2.278140000000000000e+19 -5.601759254932403564e-02 -6.425592303276062012e-02
-2.569730811504710800e+03 4.167262573099967085e+03 -1.615805238474464886e+03 2.278340000000000000e+19 3.292785584926605225e-02 -2.274611592292785645e-02
-2.579377818247014147e+03 4.162406229467032972e+03 -1.612949105541704967e+03 2.278540000000000000e+19 1.328098177909851074e-01 -8.208746463060379028e-02
-2.589012476750004225e+03 4.157531678317505794e+03 -1.610082328472082736e+03 2.278740000000000000e+19 -1.859503425657749176e-02 -4.056615754961967468e-02
-2.597833518702744641e+03 4.153047595980875485e+03 -1.607445245723951075e+03 2.278940000000000000e+19 9.226475656032562256e-02 -3.888869285583496094e-02
-2.531020228029708051e+03 4.186505408120743596e+03 -1.627123055739355777e+03 2.279140000000000000e+19 3.599751973524689674e-03 -1.299463305622339249e-02
-2.540716164890950949e+03 4.181722126381657290e+03 -1.624309635700648641e+03 2.279340000000000000e+19 5.200199037790298462e-02 -4.199039191007614136e-02
-2.550399938570309587e+03 4.176920544667323156e+03 -1.621485517145991935e+03 2.279540000000000000e+19 -4.324404057115316391e-03 9.740187786519527435e-03
-2.560071502959895952e+03 4.172100685839785001e+03 -1.618650713522043816e+03 2.279740000000000000e+19 -4.357034340500831604e-02 -7.611624896526336670e-04
-2.569730811504710800e+03 4.167262573099967085e+03 -1.615805238474464886e+03 2.279940000000000000e+19 -3.453527018427848816e-02 5.365877971053123474e-02
-2.579377818247014147e+03 4.162406229467032972e+03 -1.612949105541704967e+03 2.280140000000000000e+19 3.826982900500297546e-02 1.194577813148498535e-01
-2.589012476750004225e+03 4.157531678317505794e+03 -1.610082328472082736e+03 2.280340000000000000e+19 7.491005957126617432e-02 -2.176929637789726257e-02
-2.597833518702744641e+03 4.153047595980875485e+03 -1.607445245723951075e+03 2.280540000000000000e+19 -2.184236608445644379e-02 5.096189305186271667e-02
-2.625830113283454921e+03 4.138677647089105449e+03 -1.598994657619975442e+03 2.280740000000000000e+19 -1.201711501926183701e-02 5.319868400692939758e-02
-2.635404440443408021e+03 4.133715422995388508e+03 -1.596076627991220448e+03 2.280940000000000000e+19 -7.001158595085144043e-02 -1.417558640241622925e-01
-2.644966151403153162e+03 4.128735128606758735e+03 -1.593148034922982561e+03 2.281140000000000000e+19 1.140623465180397034e-01 3.545942530035972595e-02
-2.654515200236528017e+03 4.123736787844567516e+03 -1.590208892481901785e+03 2.281340000000000000e+19 -1.713728308677673340e-01 -8.186433464288711548e-02
-2.664051541510518291e+03 4.118720424490496043e+03 -1.587259214652186074e+03 2.281540000000000000e+19 1.733590960502624512e-01 1.147169768810272217e-01
-2.673575129354110231e+03 4.113686062673685228e+03 -1.584299015622061916e+03 2.281740000000000000e+19 -4.255769029259681702e-02 -1.714407354593276978e-01
-2.683085918322850375e+03 4.108633726417471735e+03 -1.581328309517240086e+03 2.281940000000000000e+19 2.879864163696765900e-02 1.355448216199874878e-01
-2.691793023174219798e+03 4.103986877088434994e+03 -1.578596077676472987e+03 2.282140000000000000e+19 -5.383960157632827759e-02 -2.123007625341415405e-01
-2.625830113283454921e+03 4.138677647089105449e+03 -1.598994657619975442e+03 2.282340000000000000e+19 -1.197496708482503891e-02 7.262688130140304565e-02
-2.635404440443408021e+03 4.133715422995388508e+03 -1.596076627991220448e+03 2.282540000000000000e+19 -3.719026595354080200e-02 5.480895563960075378e-02
-2.644966151403153162e+03 4.128735128606758735e+03 -1.593148034922982561e+03 2.282740000000000000e+19 -2.096378616988658905e-02 -9.328115731477737427e-03
-2.654515200236528017e+03 4.123736787844567516e+03 -1.590208892481901785e+03 2.282940000000000000e+19 -6.473397463560104370e-02 7.664396613836288452e-02
-2.664051541510518291e+03 4.118720424490496043e+03 -1.587259214652186074e+03 2.283140000000000000e+19 4.255390912294387817e-02 -5.626546591520309448e-02
-2.673575129354110231e+03 4.113686062673685228e+03 -1.584299015622061916e+03 2.283340000000000000e+19 1.447810381650924683e-01 -4.188621789216995239e-02
-2.683085918322850375e+03 4.108633726417471735e+03 -1.581328309517240086e+03 2.283540000000000000e+19 7.808149792253971100e-03 -1.073194071650505066e-01
-2.691793023174219798e+03 4.103986877088434994e+03 -1.578596077676472987e+03 2.283740000000000000e+19 -5.746962502598762512e-02 4.453375563025474548e-02
-2.721000175751316874e+03 4.088245122026793979e+03 -1.569340699537046703e+03 2.283940000000000000e+19 1.019406765699386597e-01 -1.796714961528778076e-02
-2.730446288572241883e+03 4.083103278118811431e+03 -1.566317672400853326e+03 2.284140000000000000e+19 -1.939162239432334900e-02 -4.302026331424713135e-02
-2.739879330479390319e+03 4.077943606060679940e+03 -1.563284224201781171e+03 2.284340000000000000e+19 2.718860469758510590e-02 1.283383816480636597e-01
-2.749299256033045367e+03 4.072766130706992499e+03 -1.560240369552236189e+03 2.284540000000000000e+19 4.623333225026726723e-04 -6.662064790725708008e-02
-2.758706020381612234e+03 4.067570876709575259e+03 -1.557186122945126272e+03 2.284740000000000000e+19 -4.609374329447746277e-02 7.417966611683368683e-03
-2.768099578441077028e+03 4.062357868967465038e+03 -1.554121499018406894e+03 2.284940000000000000e+19 -2.222546935081481934e-01 -7.752984017133712769e-02
-2.777479885125594137e+03 4.057127132501508186e+03 -1.551046512481357240e+03 2.285140000000000000e+19 1.392466574907302856e-01 -3.789663314819335938e-02
-2.786066990183599955e+03 4.052316962974412036e+03 -1.548218815664340809e+03 2.285340000000000000e+19 7.122921943664550781e-02 -4.682495817542076111e-02
-2.721000175751316874e+03 4.088245122026793979e+03 -1.569340699537046703e+03 2.285540000000000000e+19 6.507707387208938599e-02 8.510768413543701172e-02
-2.730446288572241883e+03 4.083103278118811431e+03 -1.566317672400853326e+03 2.285740000000000000e+19 3.329402208328247070e-02 -6.390258669853210449e-02
-2.739879330479390319e+03 4.077943606060679940e+03 -1.563284224201781171e+03 2.285940000000000000e+19 1.470722910016775131e-02 8.416147530078887939e-02
-2.749299256033045367e+03 4.072766130706992499e+03 -1.560240369552236189e+03 2.286140000000000000e+19 -3.152197599411010742e-02 2.837871201336383820e-02
-2.758706020381612234e+03 4.067570876709575259e+03 -1.557186122945126272e+03 2.286340000000000000e+19 -8.320609107613563538e-03 1.316922903060913086e-01
-2.768099578441077028e+03 4.062357868967465038e+03 -1.554121499018406894e+03 2.286540000000000000e+19 -2.998569235205650330e-02 -4.364750161767005920e-02
-2.777479885125594137e+03 4.057127132501508186e+03 -1.551046512481357240e+03 2.286740000000000000e+19 8.069337159395217896e-02 -2.570096403360366821e-02
-2.786066990183599955e+03 4.052316962974412036e+03 -1.548218815664340809e+03 2.286940000000000000e+19 1.185085624456405640e-02 -8.686444908380508423e-02
-2.814867702317822477e+03 4.036027400730861245e+03 -1.538643234943151811e+03 2.287140000000000000e+19 -3.273959830403327942e-02 3.720500692725181580e-02
-2.824181080585199197e+03 4.030708397524375414e+03 -1.535516656904238744e+03 2.287340000000000000e+19 4.489090293645858765e-02 2.840666566044092178e-04
-2.833480939087523439e+03 4.025371817061571619e+03 -1.532379805293856862e+03 2.287540000000000000e+19 3.377895802259445190e-02 6.958343554288148880e-03
-2.842767233544973351e+03 4.020017684751948764e+03 -1.529232695047770221e+03 2.287740000000000000e+19 7.537148147821426392e-02 -2.840973250567913055e-02
-2.852039919257030306e+03 4.014646026368118328e+03 -1.526075341314906154e+03 2.287940000000000000e+19 2.678114362061023712e-02 3.430066630244255066e-03
-2.861298952105320041e+03 4.009256867467907796e+03 -1.522907759117600563e+03 2.288140000000000000e+19 4.210936278104782104e-02 -1.152180507779121399e-01
-2.870544287520829585e+03 4.003850233992592166e+03 -1.519729963703418434e+03 2.288340000000000000e+19 4.342592880129814148e-02 -2.714077942073345184e-02
-2.879007283414021458e+03 3.998879046184391427e+03 -1.516808155112259783e+03 2.288540000000000000e+19 -6.349778920412063599e-02 8.863980323076248169e-02
-2.814867702317822477e+03 4.036027400730861245e+03 -1.538643234943151811e+03 2.288740000000000000e+19 -2.337271161377429962e-02 4.118212684988975525e-02
-2.824181080585199197e+03 4.030708397524375414e+03 -1.535516656904238744e+03 2.288940000000000000e+19 -7.937377318739891052e-03 5.959650129079818726e-02
-2.833480939087523439e+03 4.025371817061571619e+03 -1.532379805293856862e+03 2.289140000000000000e+19 1.489786896854639053e-02 -8.827956020832061768e-02
-2.842767233544973351e+03 4.020017684751948764e+03 -1.529232695047770221e+03 2.289340000000000000e+19 -2.107005752623081207e-02 1.268190592527389526e-01
-2.852039919257030306e+03 4.014646026368118328e+03 -1.526075341314906154e+03 2.289540000000000000e+19 1.083189249038696289e-01 -9.830974042415618896e-03
-2.861298952105320041e+03 4.009256867467907796e+03 -1.522907759117600563e+03 2.289740000000000000e+19 3.246713057160377502e-02 3.171424195170402527e-02
-2.870544287520829585e+03 4.003850233992592166e+03 -1.519729963703418434e+03 2.289940000000000000e+19 -1.296531222760677338e-02 3.543882444500923157e-02
-2.879007283414021458e+03 3.998879046184391427e+03 -1.516808155112259783e+03 2.290140000000000000e+19 6.079497188329696655e-02 1.102816662751138210e-03
-2.907387772507609043e+03 3.982049472164540930e+03 -1.506916954230127658e+03 2.290340000000000000e+19 8.770513534545898438e-02 1.414032131433486938e-01
-2.916563959100991724e+03 3.976555855189232261e+03 -1.503688321585216045e+03 2.290540000000000000e+19 -4.671043157577514648e-02 4.827345162630081177e-02
-2.925726183843271428e+03 3.971044920100793661e+03 -1.500449567681273493e+03 2.290740000000000000e+19 -3.595264256000518799e-02 -4.203753918409347534e-02
-2.934874403045863346e+03 3.965516693176934496e+03 -1.497200707961618718e+03 2.290940000000000000e+19 -3.115460649132728577e-02 2.269327826797962189e-02
-2.944008572863880545e+03 3.959971200912543281e+03 -1.493941757996939259e+03 2.291140000000000000e+19 1.444739662110805511e-02 3.098597936332225800e-02
-2.953128649424724699e+03 3.954408469943691216e+03 -1.490672733440617776e+03 2.291340000000000000e+19 4.958073049783706665e-02 -3.481935709714889526e-02
-2.962234589336400404e+03 3.948828526737336233e+03 -1.487393649846387007e+03 2.291540000000000000e+19 1.576758734881877899e-02 1.117591466754674911e-02
-2.970569424642706963e+03 3.943698700509944047e+03 -1.484379128243120022e+03 2.291740000000000000e+19 2.237674593925476074e-02 -5.414295569062232971e-02
-2.907387772507609043e+03 3.982049472164540930e+03 -1.506916954230127658e+03 2.291940000000000000e+19 -4.619219526648521423e-02 -1.203722953796386719e-01
-2.916563959100991724e+03 3.976555855189232261e+03 -1.503688321585216045e+03 2.292140000000000000e+19 -6.173214316368103027e-02 8.471935987472534180e-02
-2.925726183843271428e+03 3.971044920100793661e+03 -1.500449567681273493e+03 2.292340000000000000e+19 5.285554006695747375e-02 3.468620032072067261e-02
-2.934874403045863346e+03 3.965516693176934496e+03 -1.497200707961618718e+03 2.292540000000000000e+19 -5.340687464922666550e-03 -7.308979402296245098e-04
-2.944008572863880545e+03 3.959971200912543281e+03 -1.493941757996939259e+03 2.292740000000000000e+19 1.242630556225776672e-02 -4.598600044846534729e-02
-2.953128649424724699e+03 3.954408469943691216e+03 -1.490672733440617776e+03 2.292940000000000000e+19 1.431889645755290985e-02 1.929657906293869019e-02
-2.962234589336400404e+03 3.948828526737336233e+03 -1.487393649846387007e+03 2.293140000000000000e+19 -2.639013342559337616e-02 -6.089510023593902588e-02
-2.970569424642706963e+03 3.943698700509944047e+03 -1.484379128243120022e+03 2.293340000000000000e+19 1.780753768980503082e-02 7.905746996402740479e-02
