# Baseline: 10-25
# Entries: 128
# u [m], v [m], w [m], frequency [GHz], real, imag, std(real), std(imag)
-4.867820628212711540e+02 -1.510813092826085267e+03 -6.809875352394294623e+02 2.267940000000000111e+01 5.346867721527814865e-03 7.872884161770343781e-04 1.337839383631944656e-02 1.334176678210496902e-02
-4.846814332751382040e+02 -1.511728382700458496e+03 -6.804544117477342979e+02 2.268140000000000001e+01 -2.775994595140218735e-03 4.499742062762379646e-04 1.337839383631944656e-02 1.334176678210496902e-02
-4.825784915577651759e+02 -1.512639706042369653e+03 -6.799236137101244140e+02 2.268340000000000245e+01 6.195840425789356232e-03 2.544281305745244026e-03 1.337839383631944656e-02 1.334176678210496902e-02
-4.804732477186494748e+02 -1.513547058496841828e+03 -6.793951436631381284e+02 2.268540000000000134e+01 -4.692266229540109634e-03 -3.285488346591591835e-04 1.337839383631944656e-02 1.334176678210496902e-02
-4.783657118328903834e+02 -1.514450435721442545e+03 -6.788690041359363931e+02 2.268740000000000023e+01 3.054521512240171432e-03 -2.878127561416476965e-04 1.337839383631944656e-02 1.334176678210496902e-02
-4.762558939866094079e+02 -1.515349833392858272e+03 -6.783451976464713198e+02 2.268940000000000268e+01 -1.950030564330518246e-03 -2.006639493629336357e-03 1.337839383631944656e-02 1.334176678210496902e-02
-4.741438043209695365e+02 -1.516245247188075837e+03 -6.778237267124458185e+02 2.269140000000000157e+01 3.903289325535297394e-04 -3.818043274804949760e-03 1.337839383631944656e-02 1.334176678210496902e-02
-4.722057636391734263e+02 -1.517062590635963261e+03 -6.773477357292122178e+02 2.269340000000000046e+01 -1.098442543298006058e-02 -1.991142518818378448e-03 1.337839383631944656e-02 1.334176678210496902e-02
-4.867820628212711540e+02 -1.510813092826085267e+03 -6.809875352394294623e+02 2.269540000000000290e+01 1.828473643399775028e-03 7.002527127042412758e-04 1.337839383631944656e-02 1.334176678210496902e-02
-4.846814332751382040e+02 -1.511728382700458496e+03 -6.804544117477342979e+02 2.269740000000000180e+01 -7.081707473844289780e-03 6.804465781897306442e-03 1.337839383631944656e-02 1.334176678210496902e-02
-4.825784915577651759e+02 -1.512639706042369653e+03 -6.799236137101244140e+02 2.269940000000000069e+01 -1.270690932869911194e-03 2.204411895945668221e-03 1.337839383631944656e-02 1.334176678210496902e-02
-4.804732477186494748e+02 -1.513547058496841828e+03 -6.793951436631381284e+02 2.270140000000000313e+01 1.064686570316553116e-03 4.573708400130271912e-03 1.337839383631944656e-02 1.334176678210496902e-02
-4.783657118328903834e+02 -1.514450435721442545e+03 -6.788690041359363931e+02 2.270340000000000202e+01 9.530806913971900940e-03 -6.475843256339430809e-04 1.337839383631944656e-02 1.334176678210496902e-02
-4.762558939866094079e+02 -1.515349833392858272e+03 -6.783451976464713198e+02 2.270540000000000092e+01 -2.483110409229993820e-03 1.707375049591064453e-02 1.337839383631944656e-02 1.334176678210496902e-02
-4.741438043209695365e+02 -1.516245247188075837e+03 -6.778237267124458185e+02 2.270739999999999981e+01 1.560903154313564301e-03 7.914305664598941803e-03 1.337839383631944656e-02 1.334176678210496902e-02
-4.722057636391734263e+02 -1.517062590635963261e+03 -6.773477357292122178e+02 2.270940000000000225e+01 1.652492955327033997e-02 -2.261718502268195152e-03 1.337839383631944656e-02 1.334176678210496902e-02
-4.656729293293662408e+02 -1.519786978383138148e+03 -6.757612481621471261e+02 2.271140000000000114e+01 5.033853463828563690e-03 1.585033372975885868e-03 1.337839383631944656e-02 1.334176678210496902e-02
-4.635496321807293043e+02 -1.520662408994913903e+03 -6.752514921610122656e+02 2.271340000000000003e+01 -1.417868887074291706e-03 -1.468743570148944855e-02 1.337839383631944656e-02 1.334176678210496902e-02
-4.614241240070359140e+02 -1.521533830312446071e+03 -6.747440865171284941e+02 2.271540000000000248e+01 5.494990851730108261e-03 -4.050975665450096130e-03 1.337839383631944656e-02 1.334176678210496902e-02
-4.592964149508238165e+02 -1.522401238177526466e+03 -6.742390336517042897e+02 2.271740000000000137e+01 -6.896351929754018784e-03 3.877446055412292480e-03 1.337839383631944656e-02 1.334176678210496902e-02
-4.571665152021661811e+02 -1.523264628435955274e+03 -6.737363359835389929e+02 2.271940000000000026e+01 -8.947872556746006012e-03 7.743681315332651138e-03 1.337839383631944656e-02 1.334176678210496902e-02
-4.550344349541980478e+02 -1.524123996955761868e+03 -6.732359959184119589e+02 2.272140000000000271e+01 6.305841263383626938e-03 -7.667417638003826141e-03 1.337839383631944656e-02 1.334176678210496902e-02
-4.529001844179525165e+02 -1.524979339621294685e+03 -6.727380158525245406e+02 2.272340000000000160e+01 3.722612978890538216e-03 -8.684273809194564819e-03 1.337839383631944656e-02 1.334176678210496902e-02
-4.509419176369220850e+02 -1.525759914997737269e+03 -6.722835792451882071e+02 2.272540000000000049e+01 3.552976064383983612e-03 -1.670423336327075958e-02 1.337839383631944656e-02 1.334176678210496902e-02
-4.656729293293662408e+02 -1.519786978383138148e+03 -6.757612481621471261e+02 2.272740000000000293e+01 5.141040310263633728e-03 8.749770000576972961e-03 1.337839383631944656e-02 1.334176678210496902e-02
-4.635496321807293043e+02 -1.520662408994913903e+03 -6.752514921610122656e+02 2.272940000000000182e+01 5.725616589188575745e-03 4.565189126878976822e-03 1.337839383631944656e-02 1.334176678210496902e-02
-4.614241240070359140e+02 -1.521533830312446071e+03 -6.747440865171284941e+02 2.273140000000000072e+01 -4.410606343299150467e-03 -1.106939837336540222e-02 1.337839383631944656e-02 1.334176678210496902e-02
-4.592964149508238165e+02 -1.522401238177526466e+03 -6.742390336517042897e+02 2.273340000000000316e+01 -6.934393313713371754e-04 -1.555454730987548828e-02 1.337839383631944656e-02 1.334176678210496902e-02
-4.571665152021661811e+02 -1.523264628435955274e+03 -6.737363359835389929e+02 2.273540000000000205e+01 7.402915507555007935e-04 -1.333333831280469894e-02 1.337839383631944656e-02 1.334176678210496902e-02
-4.550344349541980478e+02 -1.524123996955761868e+03 -6.732359959184119589e+02 2.273740000000000094e+01 -1.005231030285358429e-02 1.191662065684795380e-02 1.337839383631944656e-02 1.334176678210496902e-02
-4.529001844179525165e+02 -1.524979339621294685e+03 -6.727380158525245406e+02 2.273939999999999984e+01 -5.198274273425340652e-03 -1.601742696948349476e-03 1.337839383631944656e-02 1.334176678210496902e-02
-4.509419176369220850e+02 -1.525759914997737269e+03 -6.722835792451882071e+02 2.274140000000000228e+01 -1.160660013556480408e-02 1.129739612224511802e-04 1.337839383631944656e-02 1.334176678210496902e-02
-4.443416837051452148e+02 -1.528360370208569066e+03 -6.707697430480452567e+02 2.274340000000000117e+01 -4.165106918662786484e-03 -3.490085946395993233e-04 1.337839383631944656e-02 1.334176678210496902e-02
-4.421967351133135367e+02 -1.529195522599109381e+03 -6.702835984929946562e+02 2.274540000000000006e+01 -1.612652558833360672e-03 -1.326979231089353561e-02 1.337839383631944656e-02 1.334176678210496902e-02
-4.400496776412333020e+02 -1.530026624876109054e+03 -6.697998280597209941e+02 2.274740000000000251e+01 2.467900281772017479e-03 -6.245019845664501190e-03 1.337839383631944656e-02 1.334176678210496902e-02
-4.379005216015495989e+02 -1.530853673047658276e+03 -6.693184340718398744e+02 2.274940000000000140e+01 -3.888879669830203056e-03 8.885832503437995911e-03 1.337839383631944656e-02 1.334176678210496902e-02
-4.357492772346162724e+02 -1.531676663172946064e+03 -6.688394188231455928e+02 2.275140000000000029e+01 3.965063020586967468e-03 5.962304770946502686e-03 1.337839383631944656e-02 1.334176678210496902e-02
-4.335959549031799156e+02 -1.532495591287599609e+03 -6.683627846210641792e+02 2.275340000000000273e+01 -1.964714564383029938e-02 -4.694453091360628605e-04 1.337839383631944656e-02 1.334176678210496902e-02
-4.314405648600172754e+02 -1.533310453492490751e+03 -6.678885337349695419e+02 2.275540000000000163e+01 -7.217479287646710873e-04 -8.821704541333019733e-04 1.337839383631944656e-02 1.334176678210496902e-02
-4.294630091440367323e+02 -1.534053887240856056e+03 -6.674558689807473684e+02 2.275740000000000052e+01 6.706745829433202744e-03 1.166726183146238327e-02 1.337839383631944656e-02 1.334176678210496902e-02
-4.443416837051452148e+02 -1.528360370208569066e+03 -6.707697430480452567e+02 2.275940000000000296e+01 -1.488714292645454407e-02 -3.824476152658462524e-03 1.337839383631944656e-02 1.334176678210496902e-02
-4.421967351133135367e+02 -1.529195522599109381e+03 -6.702835984929946562e+02 2.276140000000000185e+01 -2.757859416306018829e-02 -1.350396964699029922e-02 1.337839383631944656e-02 1.334176678210496902e-02
-4.400496776412333020e+02 -1.530026624876109054e+03 -6.697998280597209941e+02 2.276340000000000074e+01 -6.987793371081352234e-03 -2.167164534330368042e-02 1.337839383631944656e-02 1.334176678210496902e-02
-4.379005216015495989e+02 -1.530853673047658276e+03 -6.693184340718398744e+02 2.276540000000000319e+01 8.873954648151993752e-04 -1.813630689866840839e-03 1.337839383631944656e-02 1.334176678210496902e-02
-4.357492772346162724e+02 -1.531676663172946064e+03 -6.688394188231455928e+02 2.276740000000000208e+01 -7.899203337728977203e-03 4.146837629377841949e-03 1.337839383631944656e-02 1.334176678210496902e-02
-4.335959549031799156e+02 -1.532495591287599609e+03 -6.683627846210641792e+02 2.276940000000000097e+01 7.264418527483940125e-03 2.064501494169235229e-02 1.337839383631944656e-02 1.334176678210496902e-02
-4.314405648600172754e+02 -1.533310453492490751e+03 -6.678885337349695419e+02 2.277139999999999986e+01 5.300278309732675552e-03 -9.218554943799972534e-03 1.337839383631944656e-02 1.334176678210496902e-02
-4.294630091440367323e+02 -1.534053887240856056e+03 -6.674558689807473684e+02 2.277340000000000231e+01 -1.186894439160823822e-02 -1.697869412600994110e-02 1.337839383631944656e-02 1.334176678210496902e-02
-4.227985341701675566e+02 -1.536529165455410521e+03 -6.660154086049584521e+02 2.277540000000000120e+01 9.051967412233352661e-03 5.439167842268943787e-03 1.337839383631944656e-02 1.334176678210496902e-02
-4.206329605590087226e+02 -1.537323639979864083e+03 -6.655531081297596074e+02 2.277740000000000009e+01 2.105890028178691864e-02 -2.763079537544399500e-04 1.337839383631944656e-02 1.334176678210496902e-02
-4.184653813112755074e+02 -1.538114025474847949e+03 -6.650932044249919954e+02 2.277940000000000254e+01 -1.583544909954071045e-02 6.790716433897614479e-04 1.337839383631944656e-02 1.334176678210496902e-02
-4.162958067475862549e+02 -1.538900318177053350e+03 -6.646356996804156552e+02 2.278140000000000143e+01 -5.638613365590572357e-03 1.250470243394374847e-02 1.337839383631944656e-02 1.334176678210496902e-02
-4.141242473114105564e+02 -1.539682514301588753e+03 -6.641805960982645729e+02 2.278340000000000032e+01 -1.175859104841947556e-02 -4.193764179944992065e-03 1.337839383631944656e-02 1.334176678210496902e-02
-4.119507133347570402e+02 -1.540460610126870051e+03 -6.637278958438545260e+02 2.278540000000000276e+01 -1.514331623911857605e-02 -3.249845281243324280e-02 1.337839383631944656e-02 1.334176678210496902e-02
-4.097752152801530769e+02 -1.541234601907456863e+03 -6.632776010962961664e+02 2.278740000000000165e+01 -2.804159745573997498e-02 1.789160259068012238e-02 1.337839383631944656e-02 1.334176678210496902e-02
-4.077793169202404897e+02 -1.541940538283754449e+03 -6.628669152310700383e+02 2.278940000000000055e+01 1.314255595207214355e-02 -3.008971177041530609e-02 1.337839383631944656e-02 1.334176678210496902e-02
-4.227985341701675566e+02 -1.536529165455410521e+03 -6.660154086049584521e+02 2.279140000000000299e+01 -4.927137866616249084e-03 9.547898545861244202e-03 1.337839383631944656e-02 1.334176678210496902e-02
-4.206329605590087226e+02 -1.537323639979864083e+03 -6.655531081297596074e+02 2.279340000000000188e+01 -1.216517481952905655e-02 -2.063773758709430695e-02 1.337839383631944656e-02 1.334176678210496902e-02
-4.184653813112755074e+02 -1.538114025474847949e+03 -6.650932044249919954e+02 2.279540000000000077e+01 2.965264488011598587e-03 -4.510258790105581284e-03 1.337839383631944656e-02 1.334176678210496902e-02
-4.162958067475862549e+02 -1.538900318177053350e+03 -6.646356996804156552e+02 2.279739999999999966e+01 1.660880516283214092e-03 -1.586714945733547211e-02 1.337839383631944656e-02 1.334176678210496902e-02
-4.141242473114105564e+02 -1.539682514301588753e+03 -6.641805960982645729e+02 2.279940000000000211e+01 3.359917085617780685e-03 6.872527301311492920e-03 1.337839383631944656e-02 1.334176678210496902e-02
-4.119507133347570402e+02 -1.540460610126870051e+03 -6.637278958438545260e+02 2.280140000000000100e+01 -6.725298240780830383e-03 2.303405478596687317e-02 1.337839383631944656e-02 1.334176678210496902e-02
-4.097752152801530769e+02 -1.541234601907456863e+03 -6.632776010962961664e+02 2.280339999999999989e+01 -1.837228424847126007e-02 5.765679758042097092e-03 1.337839383631944656e-02 1.334176678210496902e-02
-4.077793169202404897e+02 -1.541940538283754449e+03 -6.628669152310700383e+02 2.280540000000000234e+01 7.815703283995389938e-04 7.388616446405649185e-03 1.337839383631944656e-02 1.334176678210496902e-02
-4.014177984013219316e+02 -1.544163484631771780e+03 -6.615737941811703422e+02 2.280740000000000123e+01 2.894648350775241852e-03 4.888741765171289444e-03 1.337839383631944656e-02 1.334176678210496902e-02
-3.992329540732478677e+02 -1.544917588393287815e+03 -6.611351561865334361e+02 2.280940000000000012e+01 -3.538170596584677696e-03 -3.825171850621700287e-03 1.337839383631944656e-02 1.334176678210496902e-02
-3.970462064931772943e+02 -1.545667566793627202e+03 -6.606989360990609157e+02 2.281140000000000256e+01 2.332732314243912697e-03 1.475408556871116161e-03 1.337839383631944656e-02 1.334176678210496902e-02
-3.948575661644150046e+02 -1.546413416230583380e+03 -6.602651360139469716e+02 2.281340000000000146e+01 -2.046176698058843613e-03 -2.151501365005970001e-03 1.337839383631944656e-02 1.334176678210496902e-02
-3.926670435002567388e+02 -1.547155133155543808e+03 -6.598337579951247562e+02 2.281540000000000035e+01 -2.694082446396350861e-03 5.295909941196441650e-03 1.337839383631944656e-02 1.334176678210496902e-02
-3.904746490373560732e+02 -1.547892714000724254e+03 -6.594048041175891512e+02 2.281740000000000279e+01 -5.834916140884160995e-03 -9.177055326290428638e-04 1.337839383631944656e-02 1.334176678210496902e-02
-3.882803932374281999e+02 -1.548626155246609187e+03 -6.589782764281742402e+02 2.281940000000000168e+01 7.755118887871503830e-03 2.148495288565754890e-03 1.337839383631944656e-02 1.334176678210496902e-02
-3.862673893869562676e+02 -1.549294889648670505e+03 -6.585893948610197413e+02 2.282140000000000057e+01 -3.890812397003173828e-03 -9.191367280436679721e-05 1.337839383631944656e-02 1.334176678210496902e-02
-4.014177984013219316e+02 -1.544163484631771780e+03 -6.615737941811703422e+02 2.282340000000000302e+01 1.348737720400094986e-02 -2.246934920549392700e-03 1.337839383631944656e-02 1.334176678210496902e-02
-3.992329540732478677e+02 -1.544917588393287815e+03 -6.611351561865334361e+02 2.282540000000000191e+01 -3.315509296953678131e-03 -1.561479992233216763e-03 1.337839383631944656e-02 1.334176678210496902e-02
-3.970462064931772943e+02 -1.545667566793627202e+03 -6.606989360990609157e+02 2.282740000000000080e+01 1.396772637963294983e-02 -5.844214465469121933e-03 1.337839383631944656e-02 1.334176678210496902e-02
-3.948575661644150046e+02 -1.546413416230583380e+03 -6.602651360139469716e+02 2.282939999999999969e+01 2.390379318967461586e-03 -5.919241812080144882e-03 1.337839383631944656e-02 1.334176678210496902e-02
-3.926670435002567388e+02 -1.547155133155543808e+03 -6.598337579951247562e+02 2.283140000000000214e+01 -1.029310002923011780e-02 -6.159569602459669113e-03 1.337839383631944656e-02 1.334176678210496902e-02
-3.904746490373560732e+02 -1.547892714000724254e+03 -6.594048041175891512e+02 2.283340000000000103e+01 -2.168209990486502647e-03 -1.892422325909137726e-02 1.337839383631944656e-02 1.334176678210496902e-02
-3.882803932374281999e+02 -1.548626155246609187e+03 -6.589782764281742402e+02 2.283539999999999992e+01 3.001619363203644753e-03 4.196146968752145767e-03 1.337839383631944656e-02 1.334176678210496902e-02
-3.862673893869562676e+02 -1.549294889648670505e+03 -6.585893948610197413e+02 2.283740000000000236e+01 8.587862248532474041e-04 -7.398548070341348648e-03 1.337839383631944656e-02 1.334176678210496902e-02
-3.794849668912798393e+02 -1.551518454310281641e+03 -6.572964682157540892e+02 2.283940000000000126e+01 1.080481987446546555e-02 -1.330442912876605988e-02 1.337839383631944656e-02 1.334176678210496902e-02
-3.772815621607901448e+02 -1.552231145285361890e+03 -6.568821018648178551e+02 2.284140000000000015e+01 5.307217594236135483e-03 7.037853356450796127e-03 1.337839383631944656e-02 1.334176678210496902e-02
-3.750763592011869605e+02 -1.552939675908406571e+03 -6.564701737692263350e+02 2.284340000000000259e+01 2.619727049022912979e-03 -1.664522290229797363e-02 1.337839383631944656e-02 1.334176678210496902e-02
-3.728693686351181782e+02 -1.553644042766369012e+03 -6.560606859132640238e+02 2.284540000000000148e+01 -4.819552123080939054e-04 -7.824368774890899658e-03 1.337839383631944656e-02 1.334176678210496902e-02
-3.706606009708530109e+02 -1.554344242505507964e+03 -6.556536402466404070e+02 2.284740000000000038e+01 6.808041129261255264e-03 6.329177413135766983e-03 1.337839383631944656e-02 1.334176678210496902e-02
-3.684500667943314056e+02 -1.555040271769909623e+03 -6.552490387202374222e+02 2.284940000000000282e+01 9.085233323276042938e-03 1.244641025550663471e-03 1.337839383631944656e-02 1.334176678210496902e-02
-3.662377767153968193e+02 -1.555732127218894448e+03 -6.548468832759836005e+02 2.285140000000000171e+01 -1.698753098025918007e-03 -8.103062398731708527e-03 1.337839383631944656e-02 1.334176678210496902e-02
-3.642083327473038707e+02 -1.556362711864858966e+03 -6.544803600511974082e+02 2.285340000000000060e+01 4.151973873376846313e-03 2.008674293756484985e-02 1.337839383631944656e-02 1.334176678210496902e-02
-3.794849668912798393e+02 -1.551518454310281641e+03 -6.572964682157540892e+02 2.285540000000000305e+01 5.561069585382938385e-03 -2.093752846121788025e-03 1.337839383631944656e-02 1.334176678210496902e-02
-3.772815621607901448e+02 -1.552231145285361890e+03 -6.568821018648178551e+02 2.285740000000000194e+01 -2.749873138964176178e-02 5.072472617030143738e-03 1.337839383631944656e-02 1.334176678210496902e-02
-3.750763592011869605e+02 -1.552939675908406571e+03 -6.564701737692263350e+02 2.285940000000000083e+01 7.718290202319622040e-03 1.536584109999239445e-03 1.337839383631944656e-02 1.334176678210496902e-02
-3.728693686351181782e+02 -1.553644042766369012e+03 -6.560606859132640238e+02 2.286139999999999972e+01 -8.291948586702346802e-03 1.124136964790523052e-03 1.337839383631944656e-02 1.334176678210496902e-02
-3.706606009708530109e+02 -1.554344242505507964e+03 -6.556536402466404070e+02 2.286340000000000217e+01 -7.411197875626385212e-04 4.196445923298597336e-03 1.337839383631944656e-02 1.334176678210496902e-02
-3.684500667943314056e+02 -1.555040271769909623e+03 -6.552490387202374222e+02 2.286540000000000106e+01 6.657347083091735840e-03 -3.699041204527020454e-03 1.337839383631944656e-02 1.334176678210496902e-02
-3.662377767153968193e+02 -1.555732127218894448e+03 -6.548468832759836005e+02 2.286739999999999995e+01 1.954712206497788429e-03 1.464907778427004814e-03 1.337839383631944656e-02 1.334176678210496902e-02
-3.642083327473038707e+02 -1.556362711864858966e+03 -6.544803600511974082e+02 2.286940000000000239e+01 -5.244504194706678391e-03 1.654138602316379547e-02 1.337839383631944656e-02 1.334176678210496902e-02
-3.573712689954022608e+02 -1.558457745020288712e+03 -6.532627605899956507e+02 2.287140000000000128e+01 1.155873015522956848e-02 -1.507924776524305344e-02 1.337839383631944656e-02 1.334176678210496902e-02
-3.551503582514466757e+02 -1.559128682168010755e+03 -6.528728641670655861e+02 2.287340000000000018e+01 1.073252875357866287e-02 1.412736484780907631e-03 1.337839383631944656e-02 1.334176678210496902e-02
-3.529277552541237242e+02 -1.559795425934597006e+03 -6.524854251977953936e+02 2.287540000000000262e+01 -6.016395636834204197e-04 -6.718437187373638153e-03 1.337839383631944656e-02 1.334176678210496902e-02
-3.507034705860511963e+02 -1.560457973145473261e+03 -6.521004455268970332e+02 2.287740000000000151e+01 9.665801189839839935e-03 -8.312420919537544250e-03 1.337839383631944656e-02 1.334176678210496902e-02
-3.484775149540409416e+02 -1.561116320611390847e+03 -6.517179270075083650e+02 2.287940000000000040e+01 -5.175922065973281860e-03 -1.143894810229539871e-02 1.337839383631944656e-02 1.334176678210496902e-02
-3.462498989489661767e+02 -1.561770465200009312e+03 -6.513378714595991141e+02 2.288140000000000285e+01 -1.487114373594522476e-02 -1.706760376691818237e-02 1.337839383631944656e-02 1.334176678210496902e-02
-3.440206332936365925e+02 -1.562420403762582282e+03 -6.509602807125764912e+02 2.288340000000000174e+01 5.967742297798395157e-03 -5.658393725752830505e-03 1.337839383631944656e-02 1.334176678210496902e-02
-3.419757204019982737e+02 -1.563012536885299369e+03 -6.506162912297797902e+02 2.288540000000000063e+01 -1.441266271285712719e-03 -7.345482707023620605e-03 1.337839383631944656e-02 1.334176678210496902e-02
-3.573712689954022608e+02 -1.558457745020288712e+03 -6.532627605899956507e+02 2.288740000000000308e+01 -2.882581204175949097e-03 -4.788153339177370071e-03 1.337839383631944656e-02 1.334176678210496902e-02
-3.551503582514466757e+02 -1.559128682168010755e+03 -6.528728641670655861e+02 2.288940000000000197e+01 -1.403179299086332321e-02 -8.248114027082920074e-03 1.337839383631944656e-02 1.334176678210496902e-02
-3.529277552541237242e+02 -1.559795425934597006e+03 -6.524854251977953936e+02 2.289140000000000086e+01 -2.309682033956050873e-02 5.687494995072484016e-04 1.337839383631944656e-02 1.334176678210496902e-02
-3.507034705860511963e+02 -1.560457973145473261e+03 -6.521004455268970332e+02 2.289339999999999975e+01 1.288760639727115631e-02 6.711585447192192078e-03 1.337839383631944656e-02 1.334176678210496902e-02
-3.484775149540409416e+02 -1.561116320611390847e+03 -6.517179270075083650e+02 2.289540000000000219e+01 -2.034496702253818512e-02 1.067256648093461990e-02 1.337839383631944656e-02 1.334176678210496902e-02
-3.462498989489661767e+02 -1.561770465200009312e+03 -6.513378714595991141e+02 2.289740000000000109e+01 4.421096295118331909e-02 2.596774324774742126e-02 1.337839383631944656e-02 1.334176678210496902e-02
-3.440206332936365925e+02 -1.562420403762582282e+03 -6.509602807125764912e+02 2.289939999999999998e+01 -1.142711471766233444e-02 2.118951082229614258e-02 1.337839383631944656e-02 1.334176678210496902e-02
-3.419757204019982737e+02 -1.563012536885299369e+03 -6.506162912297797902e+02 2.290140000000000242e+01 -1.477932650595903397e-02 1.519770268350839615e-02 1.337839383631944656e-02 1.334176678210496902e-02
-3.350872872800962909e+02 -1.564978035957163911e+03 -6.494746016325020719e+02 2.290340000000000131e+01 -1.338707841932773590e-02 -2.341457828879356384e-02 1.337839383631944656e-02 1.334176678210496902e-02
-3.328499333889720901e+02 -1.565606898186060562e+03 -6.491093617303089331e+02 2.290540000000000020e+01 4.216223896946758032e-04 1.009114366024732590e-02 1.337839383631944656e-02 1.334176678210496902e-02
-3.306109939608770105e+02 -1.566231536033558996e+03 -6.487465972912318648e+02 2.290740000000000265e+01 -1.957790693268179893e-03 -3.516569966450333595e-03 1.337839383631944656e-02 1.334176678210496902e-02
-3.283704796717753993e+02 -1.566851946521132732e+03 -6.483863100450727188e+02 2.290940000000000154e+01 -1.044743228703737259e-02 1.476201415061950684e-02 1.337839383631944656e-02 1.334176678210496902e-02
-3.261284012597612332e+02 -1.567468126675273425e+03 -6.480285017186123468e+02 2.291140000000000043e+01 3.883199766278266907e-03 -3.430754644796252251e-03 1.337839383631944656e-02 1.334176678210496902e-02
-3.238847694938963855e+02 -1.568080073536429381e+03 -6.476731740304211371e+02 2.291340000000000288e+01 6.146314553916454315e-03 2.281849645078182220e-02 1.337839383631944656e-02 1.334176678210496902e-02
-3.216395950491121312e+02 -1.568687784193079324e+03 -6.473203286710700013e+02 2.291540000000000177e+01 -2.413930837064981461e-03 -2.312392927706241608e-02 1.337839383631944656e-02 1.334176678210496902e-02
-3.195801921875053608e+02 -1.569241182330749325e+03 -6.469990376018778306e+02 2.291740000000000066e+01 -2.971505559980869293e-02 5.596626549959182739e-03 1.337839383631944656e-02 1.334176678210496902e-02
-3.350872872800962909e+02 -1.564978035957163911e+03 -6.494746016325020719e+02 2.291940000000000310e+01 -2.191914431750774384e-02 -2.861787751317024231e-02 1.337839383631944656e-02 1.334176678210496902e-02
-3.328499333889720901e+02 -1.565606898186060562e+03 -6.491093617303089331e+02 2.292140000000000200e+01 5.354375025490298867e-05 6.603655405342578888e-03 1.337839383631944656e-02 1.334176678210496902e-02
-3.306109939608770105e+02 -1.566231536033558996e+03 -6.487465972912318648e+02 2.292340000000000089e+01 8.883778005838394165e-03 -1.167071517556905746e-02 1.337839383631944656e-02 1.334176678210496902e-02
-3.283704796717753993e+02 -1.566851946521132732e+03 -6.483863100450727188e+02 2.292539999999999978e+01 1.146773062646389008e-02 -1.464156061410903931e-02 1.337839383631944656e-02 1.334176678210496902e-02
-3.261284012597612332e+02 -1.567468126675273425e+03 -6.480285017186123468e+02 2.292740000000000222e+01 -2.772964909672737122e-02 8.092947304248809814e-03 1.337839383631944656e-02 1.334176678210496902e-02
-3.238847694938963855e+02 -1.568080073536429381e+03 -6.476731740304211371e+02 2.292940000000000111e+01 3.809533547610044479e-03 1.129032485187053680e-02 1.337839383631944656e-02 1.334176678210496902e-02
-3.216395950491121312e+02 -1.568687784193079324e+03 -6.473203286710700013e+02 2.293140000000000001e+01 3.124936670064926147e-02 -5.028339801356196404e-04 1.337839383631944656e-02 1.334176678210496902e-02
-3.195801921875053608e+02 -1.569241182330749325e+03 -6.469990376018778306e+02 2.293340000000000245e+01 -1.107645803131163120e-04 -4.917599260807037354e-03 1.337839383631944656e-02 1.334176678210496902e-02
