# Baseline: 2-5
# Entries: 128
# u [m], v [m], w [m], frequency [GHz], real, imag
8.197788100308454204e+02 -2.890798735333443801e+03 4.656907461738856568e+02 2.267940000000000000e+19 1.535725146532058716e-01 -8.537057787179946899e-02
8.257489763676131815e+02 -2.889246641481948700e+03 4.647741057398170597e+02 2.268140000000000000e+19 -1.277388930320739746e-01 7.608453929424285889e-02
8.317151850832576656e+02 -2.887683278297611650e+03 4.638508723668268203e+02 2.268340000000000000e+19 -7.895753718912601471e-03 1.042869836091995239e-01
8.376774076666638393e+02 -2.886108653251476426e+03 4.629210504669038073e+02 2.268540000000000000e+19 -5.699874833226203918e-02 -2.639294974505901337e-02
8.421465677309680586e+02 -2.884920649903941921e+03 4.622195686341253236e+02 2.268740000000000000e+19 9.398926794528961182e-02 -8.628518134355545044e-02
8.495897803212438930e+02 -2.882925647770014621e+03 4.610416589169872168e+02 2.268940000000000000e+19 -2.394395768642425537e-01 7.789906114339828491e-02
8.555398732585941843e+02 -2.881317282601319221e+03 4.600920982811354065e+02 2.269140000000000000e+19 -1.840896606445312500e-01 -1.282065659761428833e-01
8.629718879923678969e+02 -2.879291487425705327e+03 4.588961741060013537e+02 2.269340000000000000e+19 -6.619529426097869873e-02 -5.980940535664558411e-02
8.197788100308454204e+02 -2.890798735333443801e+03 4.656907461738856568e+02 2.269540000000000000e+19 -2.951804921030998230e-02 3.705347329378128052e-02
8.257489763676131815e+02 -2.889246641481948700e+03 4.647741057398170597e+02 2.269740000000000000e+19 -3.597209230065345764e-02 1.408475451171398163e-02
8.317151850832576656e+02 -2.887683278297611650e+03 4.638508723668268203e+02 2.269940000000000000e+19 8.287358283996582031e-02 -1.283730268478393555e-01
8.376774076666638393e+02 -2.886108653251476426e+03 4.629210504669038073e+02 2.270140000000000000e+19 5.822013318538665771e-02 4.274970851838588715e-03
8.421465677309680586e+02 -2.884920649903941921e+03 4.622195686341253236e+02 2.270340000000000000e+19 9.516085684299468994e-02 4.443434625864028931e-02
8.495897803212438930e+02 -2.882925647770014621e+03 4.610416589169872168e+02 2.270540000000000000e+19 1.567373722791671753e-01 2.027454087510704994e-03
8.555398732585941843e+02 -2.881317282601319221e+03 4.600920982811354065e+02 2.270740000000000000e+19 7.044436782598495483e-02 -9.382110089063644409e-02
8.629718879923678969e+02 -2.879291487425705327e+03 4.588961741060013537e+02 2.270940000000000000e+19 -1.559514366090297699e-02 -3.042925894260406494e-02
8.792989590795597223e+02 -2.874771585735175449e+03 4.562281962624252287e+02 2.271140000000000000e+19 1.631070971488952637e-01 6.155934929847717285e-02
8.852282669008341145e+02 -2.873107141633471656e+03 4.552458290065817437e+02 2.271340000000000000e+19 1.544497720897197723e-02 -6.454556435346603394e-02
8.911533324077170164e+02 -2.871431505450615532e+03 4.542569144190292150e+02 2.271540000000000000e+19 7.979469001293182373e-02 -9.815702587366104126e-02
8.970741273270003830e+02 -2.869744685182550256e+03 4.532614572187658837e+02 2.271740000000000000e+19 1.905649155378341675e-02 6.796400249004364014e-02
9.029906233027096505e+02 -2.868046688907854787e+03 4.522594621732845326e+02 2.271940000000000000e+19 5.545074865221977234e-02 -4.495189338922500610e-02
9.089027920200456947e+02 -2.866337524752665558e+03 4.512509340778680098e+02 2.272140000000000000e+19 4.024048149585723877e-02 -1.171261537820100784e-02
9.148106051643960654e+02 -2.864617200902706372e+03 4.502358777626849928e+02 2.272340000000000000e+19 4.238289780914783478e-03 7.528967410326004028e-02
9.202223063554458804e+02 -2.863030582781604608e+03 4.492997617463925053e+02 2.272540000000000000e+19 -6.200880277901887894e-03 2.336976677179336548e-02
8.792989590795597223e+02 -2.874771585735175449e+03 4.562281962624252287e+02 2.272740000000000000e+19 -1.564448624849319458e-01 8.300843089818954468e-02
8.852282669008341145e+02 -2.873107141633471656e+03 4.552458290065817437e+02 2.272940000000000000e+19 -1.612953282892704010e-02 1.104741264134645462e-02
8.911533324077170164e+02 -2.871431505450615532e+03 4.542569144190292150e+02 2.273140000000000000e+19 -4.758770763874053955e-02 -1.702553406357765198e-02
8.970741273270003830e+02 -2.869744685182550256e+03 4.532614572187658837e+02 2.273340000000000000e+19 3.215252608060836792e-02 6.224612891674041748e-02
9.029906233027096505e+02 -2.868046688907854787e+03 4.522594621732845326e+02 2.273540000000000000e+19 4.361244291067123413e-02 -3.298873081803321838e-02
9.089027920200456947e+02 -2.866337524752665558e+03 4.512509340778680098e+02 2.273740000000000000e+19 -7.264564745128154755e-03 4.569398611783981323e-02
9.148106051643960654e+02 -2.864617200902706372e+03 4.502358777626849928e+02 2.273940000000000000e+19 -6.096842885017395020e-02 -3.139583393931388855e-02
9.202223063554458804e+02 -2.863030582781604608e+03 4.492997617463925053e+02 2.274140000000000000e+19 9.643112868070602417e-02 -6.037008389830589294e-02
9.383977371916744232e+02 -2.857624473919221145e+03 4.461104678715819318e+02 2.274340000000000000e+19 6.060708686709403992e-02 1.150189712643623352e-02
9.442833488766538039e+02 -2.855848476133887743e+03 4.450628439347927952e+02 2.274540000000000000e+19 4.624122381210327148e-02 1.150601264089345932e-02
9.501644357487390380e+02 -2.854061368827146907e+03 4.440087213784565847e+02 2.274740000000000000e+19 2.374655380845069885e-02 -3.661035746335983276e-02
9.560409695601845215e+02 -2.852263160582752789e+03 4.429481052657015994e+02 2.274940000000000000e+19 -1.146044209599494934e-02 3.447295725345611572e-02
9.619129223101919024e+02 -2.850453859968726192e+03 4.418810006501158796e+02 2.275140000000000000e+19 -1.178241595625877380e-01 -9.247042238712310791e-02
9.677802657131271644e+02 -2.848633475700732106e+03 4.408074126721127186e+02 2.275340000000000000e+19 -7.135555148124694824e-02 3.175947815179824829e-02
9.736429718325741760e+02 -2.846802016446494235e+03 4.397273464435695587e+02 2.275540000000000000e+19 5.001828074455261230e-03 3.080727905035018921e-02
9.790130810504020928e+02 -2.845113598030040976e+03 4.387316815537332104e+02 2.275740000000000000e+19 -4.964831098914146423e-02 -2.158501371741294861e-02
9.383977371916744232e+02 -2.857624473919221145e+03 4.461104678715819318e+02 2.275940000000000000e+19 1.796837546862661839e-03 7.459136098623275757e-02
9.442833488766538039e+02 -2.855848476133887743e+03 4.450628439347927952e+02 2.276140000000000000e+19 5.306300893425941467e-02 -4.684570059180259705e-02
9.501644357487390380e+02 -2.854061368827146907e+03 4.440087213784565847e+02 2.276340000000000000e+19 9.181129932403564453e-02 3.354708431288599968e-03
9.560409695601845215e+02 -2.852263160582752789e+03 4.429481052657015994e+02 2.276540000000000000e+19 -3.455224260687828064e-02 8.742216974496841431e-02
9.619129223101919024e+02 -2.850453859968726192e+03 4.418810006501158796e+02 2.276740000000000000e+19 3.750206530094146729e-02 5.769849568605422974e-02
9.677802657131271644e+02 -2.848633475700732106e+03 4.408074126721127186e+02 2.276940000000000000e+19 -8.444850146770477295e-02 -2.061734907329082489e-02
9.736429718325741760e+02 -2.846802016446494235e+03 4.397273464435695587e+02 2.277140000000000000e+19 -7.917861640453338623e-02 2.919705398380756378e-02
9.790130810504020928e+02 -2.845113598030040976e+03 4.387316815537332104e+02 2.277340000000000000e+19 6.841826438903808594e-02 2.616971172392368317e-02
9.970468622553502200e+02 -2.839365605786058495e+03 4.353424029420543775e+02 2.277540000000000000e+19 -3.309824690222740173e-02 4.008491709828376770e-02
1.002885961361535351e+03 -2.837478904189479181e+03 4.342300236475660995e+02 2.277740000000000000e+19 -8.334201574325561523e-02 4.398199170827865601e-02
1.008720255075852947e+03 -2.835581181022124383e+03 4.331111975995059424e+02 2.277940000000000000e+19 3.619913756847381592e-02 -6.909328699111938477e-02
1.014549715619155222e+03 -2.833672445319730286e+03 4.319859301250166368e+02 2.278140000000000000e+19 7.121557835489511490e-03 1.622251421213150024e-02
1.020374314930769629e+03 -2.831752706270214730e+03 4.308542266407168881e+02 2.278340000000000000e+19 -1.740170121192932129e-01 3.373759612441062927e-02
1.026194025298000952e+03 -2.829821973007475663e+03 4.297160925311327446e+02 2.278540000000000000e+19 -6.164636835455894470e-02 -8.242510259151458740e-02
1.032008818707101909e+03 -2.827880254825305201e+03 4.285715332748076207e+02 2.278740000000000000e+19 4.357087612152099609e-02 -3.546779602766036987e-02
1.037334766273489322e+03 -2.826090844049319003e+03 4.275167959545494227e+02 2.278940000000000000e+19 -6.659688800573348999e-02 -1.177309155464172363e-01
9.970468622553502200e+02 -2.839365605786058495e+03 4.353424029420543775e+02 2.279140000000000000e+19 6.209231913089752197e-02 -7.298233360052108765e-02
1.002885961361535351e+03 -2.837478904189479181e+03 4.342300236475660995e+02 2.279340000000000000e+19 3.724502027034759521e-02 5.205973237752914429e-02
1.008720255075852947e+03 -2.835581181022124383e+03 4.331111975995059424e+02 2.279540000000000000e+19 9.545080363750457764e-02 6.690371781587600708e-03
1.014549715619155222e+03 -2.833672445319730286e+03 4.319859301250166368e+02 2.279740000000000000e+19 6.093174964189529419e-02 3.654111549258232117e-02
1.020374314930769629e+03 -2.831752706270214730e+03 4.308542266407168881e+02 2.279940000000000000e+19 3.769395872950553894e-03 9.458804503083229065e-03
1.026194025298000952e+03 -2.829821973007475663e+03 4.297160925311327446e+02 2.280140000000000000e+19 2.120476216077804565e-02 -3.920669108629226685e-02
1.032008818707101909e+03 -2.827880254825305201e+03 4.285715332748076207e+02 2.280340000000000000e+19 1.111597344279289246e-01 -2.045122720301151276e-02
1.037334766273489322e+03 -2.826090844049319003e+03 4.275167959545494227e+02 2.280540000000000000e+19 -1.322411894798278809e-01 -6.362856179475784302e-02
1.054252809870026795e+03 -2.820335406485411568e+03 4.241246331673822283e+02 2.280740000000000000e+19 -2.909839712083339691e-02 1.105274856090545654e-01
1.060043446563647194e+03 -2.818340726320410795e+03 4.229490967181522478e+02 2.280940000000000000e+19 2.847288921475410461e-02 -1.860164105892181396e-01
1.065829004405979504e+03 -2.816335116148330599e+03 4.217671674873511165e+02 2.281140000000000000e+19 -1.839099228382110596e-01 1.284008771181106567e-01
1.071609455608188227e+03 -2.814318585602563871e+03 4.205788511520622137e+02 2.281340000000000000e+19 1.523438394069671631e-01 -5.411813035607337952e-02
1.077384772667679954e+03 -2.812291144277636704e+03 4.193841533662304073e+02 2.281540000000000000e+19 3.022263199090957642e-02 2.320121973752975464e-01
1.083154927804466752e+03 -2.810252801925680160e+03 4.181830798764486872e+02 2.281740000000000000e+19 1.044071316719055176e-01 -1.800287961959838867e-01
1.088919893484593558e+03 -2.808203568273474957e+03 4.169756364141389327e+02 2.281940000000000000e+19 -8.131285756826400757e-02 4.397167265415191650e-01
1.094199929683905339e+03 -2.806315683206253652e+03 4.158633033014755256e+02 2.282140000000000000e+19 7.981800287961959839e-02 -1.134406849741935730e-01
1.054252809870026795e+03 -2.820335406485411568e+03 4.241246331673822283e+02 2.282340000000000000e+19 -1.393514275550842285e-01 4.890551790595054626e-02
1.060043446563647194e+03 -2.818340726320410795e+03 4.229490967181522478e+02 2.282540000000000000e+19 3.232368826866149902e-02 -1.777778863906860352e-01
1.065829004405979504e+03 -2.816335116148330599e+03 4.217671674873511165e+02 2.282740000000000000e+19 -6.767912209033966064e-02 8.954412490129470825e-02
1.071609455608188227e+03 -2.814318585602563871e+03 4.205788511520622137e+02 2.282940000000000000e+19 1.603725701570510864e-01 5.954200401902198792e-02
1.077384772667679954e+03 -2.812291144277636704e+03 4.193841533662304073e+02 2.283140000000000000e+19 -4.649382084608078003e-02 5.736472085118293762e-02
1.083154927804466752e+03 -2.810252801925680160e+03 4.181830798764486872e+02 2.283340000000000000e+19 4.495997354388237000e-02 -2.964282780885696411e-02
1.088919893484593558e+03 -2.808203568273474957e+03 4.169756364141389327e+02 2.283540000000000000e+19 -4.340942203998565674e-02 -9.755364619195461273e-03
1.094199929683905339e+03 -2.806315683206253652e+03 4.158633033014755256e+02 2.283740000000000000e+19 1.277299523353576660e-01 -4.580273479223251343e-02
1.111927310040737211e+03 -2.799897917648434031e+03 4.120822789041504279e+02 2.283940000000000000e+19 -8.725509978830814362e-03 -1.317919977009296417e-02
1.117665914934473221e+03 -2.797794375699773354e+03 4.108430728996474954e+02 2.284140000000000000e+19 -1.332681626081466675e-01 -1.954921707510948181e-02
1.123399165290953079e+03 -2.795680002044135563e+03 4.095975320326699034e+02 2.284340000000000000e+19 -1.400216072797775269e-01 -1.370491683483123779e-01
1.129127033492646660e+03 -2.793554806866646231e+03 4.083456623031107142e+02 2.284540000000000000e+19 8.834668248891830444e-02 -1.255174819380044937e-02
1.134849492267145479e+03 -2.791418800286129681e+03 4.070874696715868595e+02 2.284740000000000000e+19 -1.650752499699592590e-02 2.266542427241802216e-02
1.140566514188329393e+03 -2.789271992539662278e+03 4.058229601681575218e+02 2.284940000000000000e+19 -5.113362520933151245e-02 9.923096746206283569e-02
1.146278071816438114e+03 -2.787114393931294671e+03 4.045521398621103231e+02 2.285140000000000000e+19 1.180788129568099976e-01 -3.853049874305725098e-02
1.151508913029264932e+03 -2.785127261661132252e+03 4.033817627610921477e+02 2.285340000000000000e+19 5.460324883460998535e-02 -2.019189298152923584e-02
1.111927310040737211e+03 -2.799897917648434031e+03 4.120822789041504279e+02 2.285540000000000000e+19 -8.076138049364089966e-02 3.969826549291610718e-02
1.117665914934473221e+03 -2.797794375699773354e+03 4.108430728996474954e+02 2.285740000000000000e+19 1.190003287047147751e-02 1.694393716752529144e-02
1.123399165290953079e+03 -2.795680002044135563e+03 4.095975320326699034e+02 2.285940000000000000e+19 -3.062138706445693970e-02 -9.163214266300201416e-02
1.129127033492646660e+03 -2.793554806866646231e+03 4.083456623031107142e+02 2.286140000000000000e+19 -8.257137238979339600e-02 -1.542729791253805161e-02
1.134849492267145479e+03 -2.791418800286129681e+03 4.070874696715868595e+02 2.286340000000000000e+19 -3.589908406138420105e-02 7.389998435974121094e-02
1.140566514188329393e+03 -2.789271992539662278e+03 4.058229601681575218e+02 2.286540000000000000e+19 1.158742234110832214e-01 1.086029130965471268e-02
1.146278071816438114e+03 -2.787114393931294671e+03 4.045521398621103231e+02 2.286740000000000000e+19 2.905339188873767853e-02 -5.931853875517845154e-02
1.151508913029264932e+03 -2.785127261661132252e+03 4.033817627610921477e+02 2.286940000000000000e+19 -6.354667991399765015e-02 1.118378713726997375e-01
1.169069113770753120e+03 -2.778376297920880461e+03 3.994058725560187781e+02 2.287140000000000000e+19 2.555956318974494934e-02 -9.405959397554397583e-02
1.174752940789724562e+03 -2.776164900792919980e+03 3.981035899926336015e+02 2.287340000000000000e+19 8.101286739110946655e-02 -8.919423073530197144e-02
1.180431139908888326e+03 -2.773942775531049392e+03 3.967950335701053746e+02 2.287540000000000000e+19 4.768956825137138367e-02 3.457901626825332642e-02
1.186103684092365029e+03 -2.771709932715680225e+03 3.954802095189955367e+02 2.287740000000000000e+19 2.273545041680335999e-02 5.519510060548782349e-02
1.191770546034792233e+03 -2.769466383094799767e+03 3.941591241683399858e+02 2.287940000000000000e+19 1.376077998429536819e-02 7.216913253068923950e-02
1.197431698773875496e+03 -2.767212137343005452e+03 3.928317838037210095e+02 2.288140000000000000e+19 -4.643038660287857056e-02 8.025724440813064575e-02
1.203087115059242251e+03 -2.764947206311367154e+03 3.914981948144841795e+02 2.288340000000000000e+19 3.814807534217834473e-02 3.504553809762001038e-02
1.208266258058610219e+03 -2.762861777784939477e+03 3.902703338128763448e+02 2.288540000000000000e+19 9.777593612670898438e-02 9.135369956493377686e-02
1.169069113770753120e+03 -2.778376297920880461e+03 3.994058725560187781e+02 2.288740000000000000e+19 1.132100471295416355e-03 3.426101803779602051e-02
1.174752940789724562e+03 -2.776164900792919980e+03 3.981035899926336015e+02 2.288940000000000000e+19 5.414918437600135803e-02 1.192291919142007828e-02
1.180431139908888326e+03 -2.773942775531049392e+03 3.967950335701053746e+02 2.289140000000000000e+19 2.399457991123199463e-02 -3.782564029097557068e-02
1.186103684092365029e+03 -2.771709932715680225e+03 3.954802095189955367e+02 2.289340000000000000e+19 1.145875528454780579e-01 -3.921663388609886169e-02
1.191770546034792233e+03 -2.769466383094799767e+03 3.941591241683399858e+02 2.289540000000000000e+19 -1.397853791713714600e-01 -7.750561833381652832e-02
1.197431698773875496e+03 -2.767212137343005452e+03 3.928317838037210095e+02 2.289740000000000000e+19 -1.302663888782262802e-02 -8.911514654755592346e-03
1.203087115059242251e+03 -2.764947206311367154e+03 3.914981948144841795e+02 2.289940000000000000e+19 8.642820268869400024e-02 -4.436738044023513794e-02
1.208266258058610219e+03 -2.762861777784939477e+03 3.902703338128763448e+02 2.290140000000000000e+19 -2.726326324045658112e-02 -1.110405195504426956e-02
1.225650875737495880e+03 -2.755780846553543142e+03 3.861014804764548103e+02 2.290340000000000000e+19 -8.699407428503036499e-02 2.518158406019210815e-03
1.231277204761699977e+03 -2.753462652560949664e+03 3.847367445925148104e+02 2.290540000000000000e+19 -1.831234246492385864e-02 -1.192763447761535645e-01
1.236897635396351689e+03 -2.751133839074877869e+03 3.833657988158933563e+02 2.290740000000000000e+19 -8.089211583137512207e-02 7.793350145220756531e-03
1.242512140841366545e+03 -2.748794417199735108e+03 3.819886496836393803e+02 2.290940000000000000e+19 1.247980967164039612e-01 1.011791527271270752e-01
1.248120694188009338e+03 -2.746444398147517404e+03 3.806053037959385961e+02 2.291140000000000000e+19 -1.105602458119392395e-02 1.763486303389072418e-02
1.253723268497637946e+03 -2.744083793205857546e+03 3.792157677973041814e+02 2.291340000000000000e+19 -7.396784424781799316e-02 6.595805287361145020e-02
1.259319837113987660e+03 -2.741712613606333889e+03 3.778200482990521891e+02 2.291540000000000000e+19 2.219005720689892769e-03 -6.295953691005706787e-02
1.264444802525635168e+03 -2.739529887188721204e+03 3.765352912164302097e+02 2.291740000000000000e+19 9.930782765150070190e-02 -1.873259246349334717e-02
1.225650875737495880e+03 -2.755780846553543142e+03 3.861014804764548103e+02 2.291940000000000000e+19 2.183670364320278168e-02 7.652945071458816528e-02
1.231277204761699977e+03 -2.753462652560949664e+03 3.847367445925148104e+02 2.292140000000000000e+19 -2.287611179053783417e-02 -8.267363905906677246e-02
1.236897635396351689e+03 -2.751133839074877869e+03 3.833657988158933563e+02 2.292340000000000000e+19 -2.693703398108482361e-02 3.407251089811325073e-02
1.242512140841366545e+03 -2.748794417199735108e+03 3.819886496836393803e+02 2.292540000000000000e+19 4.684212617576122284e-03 -7.970353215932846069e-02
1.248120694188009338e+03 -2.746444398147517404e+03 3.806053037959385961e+02 2.292740000000000000e+19 3.802080079913139343e-02 3.368729725480079651e-02
1.253723268497637946e+03 -2.744083793205857546e+03 3.792157677973041814e+02 2.292940000000000000e+19 1.638176292181015015e-02 2.039782889187335968e-02
1.259319837113987660e+03 -2.741712613606333889e+03 3.778200482990521891e+02 2.293140000000000000e+19 4.949130862951278687e-02 5.009076371788978577e-02
1.264444802525635168e+03 -2.739529887188721204e+03 3.765352912164302097e+02 2.293340000000000000e+19 3.226260421797633171e-03 -2.210020786151289940e-03
