# Baseline: 12-22
# Entries: 128
# u [m], v [m], w [m], frequency [GHz], real, imag, std(real), std(imag)
-5.786425996474671365e+02 1.928426449832429341e+02 -5.530311650466038600e+02 2.267940000000000111e+01 -7.598408963531255722e-03 -3.387557226233184338e-04 1.575071364641189575e-02 1.563639752566814423e-02
-5.796165563296962091e+02 1.917507145277994596e+02 -5.523905542913515774e+02 2.268140000000000001e+01 4.951884970068931580e-03 -5.823784507811069489e-03 1.575071364641189575e-02 1.563639752566814423e-02
-5.805877411906657244e+02 1.906569464089952817e+02 -5.517488712528966062e+02 2.268340000000000245e+01 -3.927341196686029434e-03 2.915291115641593933e-03 1.575071364641189575e-02 1.563639752566814423e-02
-5.815561495893293795e+02 1.895613458537146698e+02 -5.511061189977073127e+02 2.268540000000000134e+01 3.184141125530004501e-03 -1.839349744841456413e-03 1.575071364641189575e-02 1.563639752566814423e-02
-5.825217768910861196e+02 1.884639181051790331e+02 -5.504623006018076694e+02 2.268740000000000023e+01 -2.581280888989567757e-03 6.636540405452251434e-03 1.575071364641189575e-02 1.563639752566814423e-02
-5.834846184747087818e+02 1.873646684153974036e+02 -5.498174191463496072e+02 2.268940000000000268e+01 1.610256033018231392e-03 -5.419719964265823364e-03 1.575071364641189575e-02 1.563639752566814423e-02
-5.844446697122174328e+02 1.862636020680934337e+02 -5.491714777310631916e+02 2.269140000000000157e+01 -7.423586677759885788e-03 -1.243740087375044823e-03 1.575071364641189575e-02 1.563639752566814423e-02
-5.853222971820666771e+02 1.852527228316786250e+02 -5.485784496605836011e+02 2.269340000000000046e+01 3.636406036093831062e-03 1.822452060878276825e-03 1.575071364641189575e-02 1.563639752566814423e-02
-5.786425996474671365e+02 1.928426449832429341e+02 -5.530311650466038600e+02 2.269540000000000290e+01 -6.745418533682823181e-03 5.434270016849040985e-03 1.575071364641189575e-02 1.563639752566814423e-02
-5.796165563296962091e+02 1.917507145277994596e+02 -5.523905542913515774e+02 2.269740000000000180e+01 3.926945850253105164e-03 3.650132333859801292e-03 1.575071364641189575e-02 1.563639752566814423e-02
-5.805877411906657244e+02 1.906569464089952817e+02 -5.517488712528966062e+02 2.269940000000000069e+01 3.286967403255403042e-04 -1.049462053924798965e-02 1.575071364641189575e-02 1.563639752566814423e-02
-5.815561495893293795e+02 1.895613458537146698e+02 -5.511061189977073127e+02 2.270140000000000313e+01 1.489089988172054291e-02 -1.916710170917212963e-03 1.575071364641189575e-02 1.563639752566814423e-02
-5.825217768910861196e+02 1.884639181051790331e+02 -5.504623006018076694e+02 2.270340000000000202e+01 -2.459450624883174896e-02 6.895090453326702118e-03 1.575071364641189575e-02 1.563639752566814423e-02
-5.834846184747087818e+02 1.873646684153974036e+02 -5.498174191463496072e+02 2.270540000000000092e+01 -6.062100641429424286e-03 -7.280080113559961319e-03 1.575071364641189575e-02 1.563639752566814423e-02
-5.844446697122174328e+02 1.862636020680934337e+02 -5.491714777310631916e+02 2.270739999999999981e+01 6.656416808255016804e-04 -4.293879028409719467e-03 1.575071364641189575e-02 1.563639752566814423e-02
-5.853222971820666771e+02 1.852527228316786250e+02 -5.485784496605836011e+02 2.270940000000000225e+01 -7.017672527581453323e-03 2.509132260456681252e-03 1.575071364641189575e-02 1.563639752566814423e-02
-5.882568797187001337e+02 1.818412753844272629e+02 -5.465771742342878952e+02 2.271140000000000114e+01 -1.462120935320854187e-02 5.936220288276672363e-03 1.575071364641189575e-02 1.563639752566814423e-02
-5.892029106756855299e+02 1.807312048488006440e+02 -5.459259794229834597e+02 2.271340000000000003e+01 -3.460600273683667183e-03 -9.486289694905281067e-03 1.575071364641189575e-02 1.563639752566814423e-02
-5.901461239272388184e+02 1.796193493941500492e+02 -5.452737432708571532e+02 2.271540000000000248e+01 7.133021950721740723e-03 -6.564727518707513809e-03 1.575071364641189575e-02 1.563639752566814423e-02
-5.910865149725639185e+02 1.785057143260556813e+02 -5.446204688902676025e+02 2.271740000000000137e+01 -1.158973318524658680e-04 -5.901591852307319641e-03 1.575071364641189575e-02 1.563639752566814423e-02
-5.920240793079306059e+02 1.773903049779667924e+02 -5.439661594098944306e+02 2.271940000000000026e+01 2.433786401525139809e-03 1.823691278696060181e-02 1.575071364641189575e-02 1.563639752566814423e-02
-5.929588124463970189e+02 1.762731266879362408e+02 -5.433108179610899242e+02 2.272140000000000271e+01 -6.615900900214910507e-03 8.298163302242755890e-03 1.575071364641189575e-02 1.563639752566814423e-02
-5.938907099113625918e+02 1.751541848064032649e+02 -5.426544476824461753e+02 2.272340000000000160e+01 -1.075239037163555622e-03 -3.510461538098752499e-04 1.575071364641189575e-02 1.563639752566814423e-02
-5.947424906056414784e+02 1.741269656991549368e+02 -5.420518868260461431e+02 2.272540000000000049e+01 3.292916808277368546e-04 1.037333346903324127e-02 1.575071364641189575e-02 1.563639752566814423e-02
-5.882568797187001337e+02 1.818412753844272629e+02 -5.465771742342878952e+02 2.272740000000000293e+01 2.951890463009476662e-03 -1.384296920150518417e-02 1.575071364641189575e-02 1.563639752566814423e-02
-5.892029106756855299e+02 1.807312048488006440e+02 -5.459259794229834597e+02 2.272940000000000182e+01 -4.786736331880092621e-03 3.502032719552516937e-03 1.575071364641189575e-02 1.563639752566814423e-02
-5.901461239272388184e+02 1.796193493941500492e+02 -5.452737432708571532e+02 2.273140000000000072e+01 -1.164340041577816010e-02 1.599744718987494707e-04 1.575071364641189575e-02 1.563639752566814423e-02
-5.910865149725639185e+02 1.785057143260556813e+02 -5.446204688902676025e+02 2.273340000000000316e+01 2.017092518508434296e-02 -3.165156158502213657e-05 1.575071364641189575e-02 1.563639752566814423e-02
-5.920240793079306059e+02 1.773903049779667924e+02 -5.439661594098944306e+02 2.273540000000000205e+01 -1.131834927946329117e-02 1.374248974025249481e-02 1.575071364641189575e-02 1.563639752566814423e-02
-5.929588124463970189e+02 1.762731266879362408e+02 -5.433108179610899242e+02 2.273740000000000094e+01 1.556614693254232407e-02 -1.298585208132863045e-03 1.575071364641189575e-02 1.563639752566814423e-02
-5.938907099113625918e+02 1.751541848064032649e+02 -5.426544476824461753e+02 2.273939999999999984e+01 -3.209676966071128845e-02 9.672581218183040619e-03 1.575071364641189575e-02 1.563639752566814423e-02
-5.947424906056414784e+02 1.741269656991549368e+02 -5.420518868260461431e+02 2.274140000000000228e+01 -1.868570782244205475e-02 -2.511018188670277596e-03 1.575071364641189575e-02 1.563639752566814423e-02
-5.975898540956919760e+02 1.706608885281085861e+02 -5.400187411307256298e+02 2.274340000000000117e+01 -9.065957739949226379e-03 -7.310981396585702896e-03 1.575071364641189575e-02 1.563639752566814423e-02
-5.985075065811898867e+02 1.695332091658921456e+02 -5.393572739099910223e+02 2.274540000000000006e+01 1.942179724574089050e-02 1.447229925543069839e-02 1.575071364641189575e-02 1.563639752566814423e-02
-5.994222968514619652e+02 1.684037984519878535e+02 -5.386947967708616716e+02 2.274740000000000251e+01 -7.737419568002223969e-03 -7.334574125707149506e-03 1.575071364641189575e-02 1.563639752566814423e-02
-6.003342205126358522e+02 1.672726618111297512e+02 -5.380313128953184787e+02 2.274940000000000140e+01 -3.626893740147352219e-03 1.233483664691448212e-02 1.575071364641189575e-02 1.563639752566814423e-02
-6.012432732195037488e+02 1.661398046329792066e+02 -5.373668254447439949e+02 2.275140000000000029e+01 1.635941304266452789e-02 4.331330710556358099e-04 1.575071364641189575e-02 1.563639752566814423e-02
-6.021494505931153753e+02 1.650052323746234322e+02 -5.367013376200419543e+02 2.275340000000000273e+01 -1.955710351467132568e-02 -1.663043908774852753e-02 1.575071364641189575e-02 1.563639752566814423e-02
-6.030527483188961924e+02 1.638689504382010398e+02 -5.360348525898593834e+02 2.275540000000000163e+01 -3.988204989582300186e-03 -4.104171413928270340e-03 1.575071364641189575e-02 1.563639752566814423e-02
-6.038782746042780900e+02 1.628258830549438869e+02 -5.354230473143711606e+02 2.275740000000000052e+01 -2.051328308880329132e-03 2.797685330733656883e-03 1.575071364641189575e-02 1.563639752566814423e-02
-5.975898540956919760e+02 1.706608885281085861e+02 -5.400187411307256298e+02 2.275940000000000296e+01 -2.449807245284318924e-03 1.786426641047000885e-02 1.575071364641189575e-02 1.563639752566814423e-02
-5.985075065811898867e+02 1.695332091658921456e+02 -5.393572739099910223e+02 2.276140000000000185e+01 7.238414138555526733e-03 -3.480333602055907249e-03 1.575071364641189575e-02 1.563639752566814423e-02
-5.994222968514619652e+02 1.684037984519878535e+02 -5.386947967708616716e+02 2.276340000000000074e+01 1.181413140147924423e-02 -2.350220829248428345e-02 1.575071364641189575e-02 1.563639752566814423e-02
-6.003342205126358522e+02 1.672726618111297512e+02 -5.380313128953184787e+02 2.276540000000000319e+01 -1.632349938154220581e-02 -3.781781764701008797e-03 1.575071364641189575e-02 1.563639752566814423e-02
-6.012432732195037488e+02 1.661398046329792066e+02 -5.373668254447439949e+02 2.276740000000000208e+01 -4.694656655192375183e-02 -2.886402187868952751e-03 1.575071364641189575e-02 1.563639752566814423e-02
-6.021494505931153753e+02 1.650052323746234322e+02 -5.367013376200419543e+02 2.276940000000000097e+01 -1.358318794518709183e-02 -1.658676750957965851e-02 1.575071364641189575e-02 1.563639752566814423e-02
-6.030527483188961924e+02 1.638689504382010398e+02 -5.360348525898593834e+02 2.277139999999999986e+01 -2.767001837491989136e-02 -1.179692335426807404e-02 1.575071364641189575e-02 1.563639752566814423e-02
-6.038782746042780900e+02 1.628258830549438869e+02 -5.354230473143711606e+02 2.277340000000000231e+01 -2.000661566853523254e-03 -9.275895543396472931e-03 1.575071364641189575e-02 1.563639752566814423e-02
-6.066370564289715048e+02 1.593068348720767915e+02 -5.333590043244606704e+02 2.277540000000000120e+01 1.148106809705495834e-02 1.300566550344228745e-02 1.575071364641189575e-02 1.563639752566814423e-02
-6.075258913193971466e+02 1.581620863128367489e+02 -5.326875812270114920e+02 2.277740000000000009e+01 -9.987694211304187775e-03 5.286955274641513824e-03 1.575071364641189575e-02 1.563639752566814423e-02
-6.084118208162327619e+02 1.570156608449347004e+02 -5.320151801445479123e+02 2.277940000000000254e+01 -1.640935800969600677e-02 5.392967723309993744e-03 1.575071364641189575e-02 1.563639752566814423e-02
-6.092948407012553389e+02 1.558675639269126805e+02 -5.313418042786128126e+02 2.278140000000000143e+01 2.926373295485973358e-02 -1.282442640513181686e-02 1.575071364641189575e-02 1.563639752566814423e-02
-6.101749467239695832e+02 1.547178010852561272e+02 -5.306674568705739148e+02 2.278340000000000032e+01 1.401477213948965073e-02 -1.936849951744079590e-02 1.575071364641189575e-02 1.563639752566814423e-02
-6.110521346969486558e+02 1.535663777903951939e+02 -5.299921411288931949e+02 2.278540000000000276e+01 -2.425027079880237579e-02 -1.968336850404739380e-02 1.575071364641189575e-02 1.563639752566814423e-02
-6.119264003977669972e+02 1.524132995848250687e+02 -5.293158603042749064e+02 2.278740000000000165e+01 1.843480952084064484e-02 -3.700693836435675621e-03 1.575071364641189575e-02 1.563639752566814423e-02
-6.127252772479362193e+02 1.513548830496588096e+02 -5.286951033682269099e+02 2.278940000000000055e+01 1.575956121087074280e-02 -4.011821933090686798e-03 1.575071364641189575e-02 1.563639752566814423e-02
-6.066370564289715048e+02 1.593068348720767915e+02 -5.333590043244606704e+02 2.279140000000000299e+01 8.944706991314888000e-03 -1.739506493322551250e-03 1.575071364641189575e-02 1.563639752566814423e-02
-6.075258913193971466e+02 1.581620863128367489e+02 -5.326875812270114920e+02 2.279340000000000188e+01 1.176273729652166367e-02 -1.963154226541519165e-02 1.575071364641189575e-02 1.563639752566814423e-02
-6.084118208162327619e+02 1.570156608449347004e+02 -5.320151801445479123e+02 2.279540000000000077e+01 -1.062729582190513611e-02 -3.698958782479166985e-03 1.575071364641189575e-02 1.563639752566814423e-02
-6.092948407012553389e+02 1.558675639269126805e+02 -5.313418042786128126e+02 2.279739999999999966e+01 1.203915383666753769e-02 -8.190631866455078125e-03 1.575071364641189575e-02 1.563639752566814423e-02
-6.101749467239695832e+02 1.547178010852561272e+02 -5.306674568705739148e+02 2.279940000000000211e+01 -5.155334249138832092e-02 -7.125198841094970703e-03 1.575071364641189575e-02 1.563639752566814423e-02
-6.110521346969486558e+02 1.535663777903951939e+02 -5.299921411288931949e+02 2.280140000000000100e+01 4.467977210879325867e-03 3.231621906161308289e-02 1.575071364641189575e-02 1.563639752566814423e-02
-6.119264003977669972e+02 1.524132995848250687e+02 -5.293158603042749064e+02 2.280339999999999989e+01 -1.323770917952060699e-02 -6.085937842726707458e-03 1.575071364641189575e-02 1.563639752566814423e-02
-6.127252772479362193e+02 1.513548830496588096e+02 -5.286951033682269099e+02 2.280540000000000234e+01 2.567329211160540581e-03 -5.562379490584135056e-03 1.575071364641189575e-02 1.563639752566814423e-02
-6.152506055911886733e+02 1.479779348827778733e+02 -5.267145683111988319e+02 2.280740000000000123e+01 3.798326943069696426e-04 3.205659566447138786e-03 1.575071364641189575e-02 1.563639752566814423e-02
-6.161106883144547055e+02 1.468169357875036098e+02 -5.260336685749392700e+02 2.280940000000000012e+01 -1.477922662161290646e-03 -9.040427394211292267e-03 1.575071364641189575e-02 1.563639752566814423e-02
-6.169678245718738481e+02 1.456543140624920909e+02 -5.253518226881784585e+02 2.281140000000000256e+01 8.457152172923088074e-03 1.192085351794958115e-02 1.575071364641189575e-02 1.563639752566814423e-02
-6.178220102465326136e+02 1.444900752920145237e+02 -5.246690339259404254e+02 2.281340000000000146e+01 -8.022305555641651154e-03 -3.923324868083000183e-03 1.575071364641189575e-02 1.563639752566814423e-02
-6.186732412743587020e+02 1.433242250153914767e+02 -5.239853055368600963e+02 2.281540000000000035e+01 9.612250141799449921e-03 7.005618419498205185e-03 1.575071364641189575e-02 1.563639752566814423e-02
-6.195215135608085575e+02 1.421567688404866772e+02 -5.233006408097444364e+02 2.281740000000000279e+01 -2.141720382496714592e-03 -1.980205997824668884e-02 1.575071364641189575e-02 1.563639752566814423e-02
-6.203668230581492935e+02 1.409877123382045454e+02 -5.226150430117003225e+02 2.281940000000000168e+01 4.027853254228830338e-03 6.713782437145709991e-03 1.575071364641189575e-02 1.563639752566814423e-02
-6.211391217247235090e+02 1.399146963961374581e+02 -5.219857732951188609e+02 2.282140000000000057e+01 -4.309696145355701447e-03 -7.345040328800678253e-03 1.575071364641189575e-02 1.563639752566814423e-02
-6.152506055911886733e+02 1.479779348827778733e+02 -5.267145683111988319e+02 2.282340000000000302e+01 2.198871597647666931e-02 8.173429407179355621e-03 1.575071364641189575e-02 1.563639752566814423e-02
-6.161106883144547055e+02 1.468169357875036098e+02 -5.260336685749392700e+02 2.282540000000000191e+01 3.517138073220849037e-03 -1.944971643388271332e-02 1.575071364641189575e-02 1.563639752566814423e-02
-6.169678245718738481e+02 1.456543140624920909e+02 -5.253518226881784585e+02 2.282740000000000080e+01 1.934781321324408054e-04 -7.654437329620122910e-03 1.575071364641189575e-02 1.563639752566814423e-02
-6.178220102465326136e+02 1.444900752920145237e+02 -5.246690339259404254e+02 2.282939999999999969e+01 -1.319070626050233841e-02 7.661315030418336391e-04 1.575071364641189575e-02 1.563639752566814423e-02
-6.186732412743587020e+02 1.433242250153914767e+02 -5.239853055368600963e+02 2.283140000000000214e+01 1.701421290636062622e-02 -5.364832468330860138e-03 1.575071364641189575e-02 1.563639752566814423e-02
-6.195215135608085575e+02 1.421567688404866772e+02 -5.233006408097444364e+02 2.283340000000000103e+01 -1.283424906432628632e-03 -8.996918797492980957e-03 1.575071364641189575e-02 1.563639752566814423e-02
-6.203668230581492935e+02 1.409877123382045454e+02 -5.226150430117003225e+02 2.283539999999999992e+01 4.437760449945926666e-03 3.783835330978035927e-03 1.575071364641189575e-02 1.563639752566814423e-02
-6.211391217247235090e+02 1.399146963961374581e+02 -5.219857732951188609e+02 2.283740000000000236e+01 5.874187685549259186e-03 6.810515187680721283e-03 1.575071364641189575e-02 1.563639752566814423e-02
-6.237183524343039380e+02 1.362955951021323244e+02 -5.198633868201654877e+02 2.283940000000000126e+01 4.588527604937553406e-03 6.987006403505802155e-03 1.575071364641189575e-02 1.563639752566814423e-02
-6.245487875655421703e+02 1.351186210698168679e+02 -5.191731729917651137e+02 2.284140000000000015e+01 1.143618207424879074e-02 3.723030211403965950e-03 1.575071364641189575e-02 1.563639752566814423e-02
-6.253762358599974505e+02 1.339400803764325190e+02 -5.184820458357903590e+02 2.284340000000000259e+01 -1.201762468554079533e-03 -1.539206504821777344e-02 1.575071364641189575e-02 1.563639752566814423e-02
-6.262006933317879884e+02 1.327599786991103485e+02 -5.177900086814611313e+02 2.284540000000000148e+01 -2.001189254224300385e-02 -5.435739643871784210e-03 1.575071364641189575e-02 1.563639752566814423e-02
-6.270221560553836753e+02 1.315783216567384102e+02 -5.170970648238152307e+02 2.284740000000000038e+01 -8.791422471404075623e-03 7.972501218318939209e-03 1.575071364641189575e-02 1.563639752566814423e-02
-6.278406200937143922e+02 1.303951149126238818e+02 -5.164032175839147385e+02 2.284940000000000282e+01 -6.621553096920251846e-03 -1.414843648672103882e-02 1.575071364641189575e-02 1.563639752566814423e-02
-6.286560815184492412e+02 1.292103641457806305e+02 -5.157084702920046766e+02 2.285140000000000171e+01 1.013303734362125397e-02 -1.404430903494358063e-02 1.575071364641189575e-02 1.563639752566814423e-02
-6.294009851099682464e+02 1.281230105775943571e+02 -5.150708421471757674e+02 2.285340000000000060e+01 2.615137957036495209e-03 -5.702744703739881516e-03 1.575071364641189575e-02 1.563639752566814423e-02
-6.237183524343039380e+02 1.362955951021323244e+02 -5.198633868201654877e+02 2.285540000000000305e+01 -1.453762315213680267e-02 -6.463254976551979780e-05 1.575071364641189575e-02 1.563639752566814423e-02
-6.245487875655421703e+02 1.351186210698168679e+02 -5.191731729917651137e+02 2.285740000000000194e+01 1.850158558227121830e-03 5.497563630342483521e-03 1.575071364641189575e-02 1.563639752566814423e-02
-6.253762358599974505e+02 1.339400803764325190e+02 -5.184820458357903590e+02 2.285940000000000083e+01 3.149481024593114853e-03 -1.971256220713257790e-03 1.575071364641189575e-02 1.563639752566814423e-02
-6.262006933317879884e+02 1.327599786991103485e+02 -5.177900086814611313e+02 2.286139999999999972e+01 -4.288298077881336212e-03 -1.769015192985534668e-02 1.575071364641189575e-02 1.563639752566814423e-02
-6.270221560553836753e+02 1.315783216567384102e+02 -5.170970648238152307e+02 2.286340000000000217e+01 3.000514407176524401e-04 1.483768410980701447e-02 1.575071364641189575e-02 1.563639752566814423e-02
-6.278406200937143922e+02 1.303951149126238818e+02 -5.164032175839147385e+02 2.286540000000000106e+01 -1.833898574113845825e-02 1.921191439032554626e-02 1.575071364641189575e-02 1.563639752566814423e-02
-6.286560815184492412e+02 1.292103641457806305e+02 -5.157084702920046766e+02 2.286739999999999995e+01 -7.720008958131074905e-03 5.026765633374452591e-03 1.575071364641189575e-02 1.563639752566814423e-02
-6.294009851099682464e+02 1.281230105775943571e+02 -5.150708421471757674e+02 2.286940000000000239e+01 -1.478319521993398666e-02 -9.204754605889320374e-03 1.575071364641189575e-02 1.563639752566814423e-02
-6.318878233401572970e+02 1.244560342237015220e+02 -5.129205470864873178e+02 2.287140000000000128e+01 1.952871680259704590e-02 1.126789208501577377e-02 1.575071364641189575e-02 1.563639752566814423e-02
-6.326882134948191378e+02 1.232636484686506293e+02 -5.122213494522633255e+02 2.287340000000000018e+01 1.290733343921601772e-03 2.271216217195615172e-04 1.575071364641189575e-02 1.563639752566814423e-02
-6.334855778368455503e+02 1.220697528203267410e+02 -5.115212717794340165e+02 2.287540000000000262e+01 -5.521878134459257126e-03 2.260685898363590240e-03 1.575071364641189575e-02 1.563639752566814423e-02
-6.342799125697260934e+02 1.208743529633047018e+02 -5.108203174013270313e+02 2.287740000000000151e+01 3.236988559365272522e-03 -2.893241588026285172e-03 1.575071364641189575e-02 1.563639752566814423e-02
-6.350712138698471563e+02 1.196774546517587936e+02 -5.101184896920554479e+02 2.287940000000000040e+01 2.004099637269973755e-02 6.577168591320514679e-03 1.575071364641189575e-02 1.563639752566814423e-02
-6.358594779722998283e+02 1.184790635804096155e+02 -5.094157919908332701e+02 2.288140000000000285e+01 9.202911518514156342e-03 2.112326584756374359e-02 1.575071364641189575e-02 1.563639752566814423e-02
-6.366447010827278064e+02 1.172791855178194993e+02 -5.087122276801712815e+02 2.288340000000000174e+01 1.036819349974393845e-02 1.583372359164059162e-03 1.575071364641189575e-02 1.563639752566814423e-02
-6.373618531247933561e+02 1.161780146787137227e+02 -5.080665462453924306e+02 2.288540000000000063e+01 2.239844948053359985e-02 1.634870469570159912e-02 1.575071364641189575e-02 1.563639752566814423e-02
-6.318878233401572970e+02 1.244560342237015220e+02 -5.129205470864873178e+02 2.288740000000000308e+01 6.848765769973397255e-04 2.321028150618076324e-03 1.575071364641189575e-02 1.563639752566814423e-02
-6.326882134948191378e+02 1.232636484686506293e+02 -5.122213494522633255e+02 2.288940000000000197e+01 -1.381267700344324112e-02 1.406694063916802406e-04 1.575071364641189575e-02 1.563639752566814423e-02
-6.334855778368455503e+02 1.220697528203267410e+02 -5.115212717794340165e+02 2.289140000000000086e+01 7.425785530358552933e-03 8.732183836400508881e-03 1.575071364641189575e-02 1.563639752566814423e-02
-6.342799125697260934e+02 1.208743529633047018e+02 -5.108203174013270313e+02 2.289339999999999975e+01 -1.113903522491455078e-02 -1.625325903296470642e-02 1.575071364641189575e-02 1.563639752566814423e-02
-6.350712138698471563e+02 1.196774546517587936e+02 -5.101184896920554479e+02 2.289540000000000219e+01 5.974333616904914379e-04 -1.946489699184894562e-02 1.575071364641189575e-02 1.563639752566814423e-02
-6.358594779722998283e+02 1.184790635804096155e+02 -5.094157919908332701e+02 2.289740000000000109e+01 2.807503193616867065e-02 2.674121642485260963e-03 1.575071364641189575e-02 1.563639752566814423e-02
-6.366447010827278064e+02 1.172791855178194993e+02 -5.087122276801712815e+02 2.289939999999999998e+01 -6.667093373835086823e-03 -2.661908604204654694e-02 1.575071364641189575e-02 1.563639752566814423e-02
-6.373618531247933561e+02 1.161780146787137227e+02 -5.080665462453924306e+02 2.290140000000000242e+01 -1.760151237249374390e-02 -5.522232502698898315e-03 1.575071364641189575e-02 1.563639752566814423e-02
-6.397551087997159129e+02 1.124649181024629598e+02 -5.058893716264738032e+02 2.290340000000000131e+01 9.583940729498863220e-03 1.429466437548398972e-02 1.575071364641189575e-02 1.563639752566814423e-02
-6.405250709339993591e+02 1.112576912676588137e+02 -5.051815248032481236e+02 2.290540000000000020e+01 -1.173823606222867966e-02 -1.656899228692054749e-02 1.575071364641189575e-02 1.563639752566814423e-02
-6.412919697536518697e+02 1.100490119929483654e+02 -5.044728316298370032e+02 2.290740000000000265e+01 -5.994762293994426727e-03 -1.169151440262794495e-02 1.575071364641189575e-02 1.563639752566814423e-02
-6.420558016018206899e+02 1.088388860416875872e+02 -5.037632954855086496e+02 2.290940000000000154e+01 1.539038214832544327e-02 8.270828053355216980e-03 1.575071364641189575e-02 1.563639752566814423e-02
-6.428165628176433302e+02 1.076273192136295762e+02 -5.030529197708476659e+02 2.291140000000000043e+01 1.875420100986957550e-03 -4.840954206883907318e-03 1.575071364641189575e-02 1.563639752566814423e-02
-6.435742497471114802e+02 1.064143173281326682e+02 -5.023417078979089183e+02 2.291340000000000288e+01 -7.370433304458856583e-03 1.532450970262289047e-02 1.575071364641189575e-02 1.563639752566814423e-02
-6.443288587852836145e+02 1.051998861565233909e+02 -5.016296632505583943e+02 2.291540000000000177e+01 1.249398454092442989e-03 4.914453718811273575e-03 1.575071364641189575e-02 1.563639752566814423e-02
-6.450179159648124596e+02 1.040854252070995045e+02 -5.009762376312608581e+02 2.291740000000000066e+01 1.390228164382278919e-03 -7.570927496999502182e-03 1.575071364641189575e-02 1.563639752566814423e-02
-6.397551087997159129e+02 1.124649181024629598e+02 -5.058893716264738032e+02 2.291940000000000310e+01 -2.614448778331279755e-03 -2.348062023520469666e-02 1.575071364641189575e-02 1.563639752566814423e-02
-6.405250709339993591e+02 1.112576912676588137e+02 -5.051815248032481236e+02 2.292140000000000200e+01 2.419000864028930664e-02 1.540633477270603180e-02 1.575071364641189575e-02 1.563639752566814423e-02
-6.412919697536518697e+02 1.100490119929483654e+02 -5.044728316298370032e+02 2.292340000000000089e+01 5.256682168692350388e-03 3.594869282096624374e-03 1.575071364641189575e-02 1.563639752566814423e-02
-6.420558016018206899e+02 1.088388860416875872e+02 -5.037632954855086496e+02 2.292539999999999978e+01 1.664128713309764862e-02 -1.092723105102777481e-02 1.575071364641189575e-02 1.563639752566814423e-02
-6.428165628176433302e+02 1.076273192136295762e+02 -5.030529197708476659e+02 2.292740000000000222e+01 2.522261254489421844e-02 1.681807264685630798e-02 1.575071364641189575e-02 1.563639752566814423e-02
-6.435742497471114802e+02 1.064143173281326682e+02 -5.023417078979089183e+02 2.292940000000000111e+01 2.860123477876186371e-02 -1.721064373850822449e-02 1.575071364641189575e-02 1.563639752566814423e-02
-6.443288587852836145e+02 1.051998861565233909e+02 -5.016296632505583943e+02 2.293140000000000001e+01 -2.926973067224025726e-02 -2.224028110504150391e-03 1.575071364641189575e-02 1.563639752566814423e-02
-6.450179159648124596e+02 1.040854252070995045e+02 -5.009762376312608581e+02 2.293340000000000245e+01 -3.042189171537756920e-03 -8.466840721666812897e-03 1.575071364641189575e-02 1.563639752566814423e-02
