# Baseline: 20-22
# Entries: 128
# u [m], v [m], w [m], frequency [GHz], real, imag, std(real), std(imag)
1.718449307210192046e+03 2.710603470007577926e+03 2.068990922662779667e+03 2.267940000000000111e+01 -4.816033411771059036e-03 7.725452072918415070e-03 1.533090136945247650e-02 1.521412469446659088e-02
1.715614917300897787e+03 2.713839808103926316e+03 2.067099799868023638e+03 2.268140000000000001e+01 -3.644323674961924553e-03 -8.880706503987312317e-03 1.533090136945247650e-02 1.521412469446659088e-02
1.712772334152495432e+03 2.717070792265334148e+03 2.065211822624939032e+03 2.268340000000000245e+01 -6.136925891041755676e-03 5.960897076874971390e-03 1.533090136945247650e-02 1.521412469446659088e-02
1.709921571349110081e+03 2.720296407051699589e+03 2.063326999955702831e+03 2.268540000000000134e+01 4.711834713816642761e-03 -1.145320013165473938e-02 1.533090136945247650e-02 1.521412469446659088e-02
1.707062642533585631e+03 2.723516637025964883e+03 2.061445340880642561e+03 2.268740000000000023e+01 -3.658015048131346703e-03 4.787771496921777725e-03 1.533090136945247650e-02 1.521412469446659088e-02
1.704195561388036140e+03 2.726731466776966499e+03 2.059566854404861715e+03 2.268940000000000268e+01 4.586253780871629715e-03 -1.078392472118139267e-02 1.533090136945247650e-02 1.521412469446659088e-02
1.701320341693614637e+03 2.729940880852276678e+03 2.057691549557502640e+03 2.269140000000000157e+01 -5.136521533131599426e-03 1.556766498833894730e-02 1.533090136945247650e-02 1.521412469446659088e-02
1.698677689090237891e+03 2.732878142542442674e+03 2.055975281965806971e+03 2.269340000000000046e+01 1.480199582874774933e-02 -1.084062457084655762e-02 1.533090136945247650e-02 1.521412469446659088e-02
1.718449307210192046e+03 2.710603470007577926e+03 2.068990922662779667e+03 2.269540000000000290e+01 6.445523467846214771e-04 2.700629178434610367e-03 1.533090136945247650e-02 1.521412469446659088e-02
1.715614917300897787e+03 2.713839808103926316e+03 2.067099799868023638e+03 2.269740000000000180e+01 1.259975694119930267e-02 -8.717370219528675079e-03 1.533090136945247650e-02 1.521412469446659088e-02
1.712772334152495432e+03 2.717070792265334148e+03 2.065211822624939032e+03 2.269940000000000069e+01 2.765083219856023788e-03 1.363587193191051483e-02 1.533090136945247650e-02 1.521412469446659088e-02
1.709921571349110081e+03 2.720296407051699589e+03 2.063326999955702831e+03 2.270140000000000313e+01 5.008743144571781158e-03 -5.741930566728115082e-03 1.533090136945247650e-02 1.521412469446659088e-02
1.707062642533585631e+03 2.723516637025964883e+03 2.061445340880642561e+03 2.270340000000000202e+01 4.816961009055376053e-03 8.872963488101959229e-03 1.533090136945247650e-02 1.521412469446659088e-02
1.704195561388036140e+03 2.726731466776966499e+03 2.059566854404861715e+03 2.270540000000000092e+01 1.323762116953730583e-03 2.959453733637928963e-03 1.533090136945247650e-02 1.521412469446659088e-02
1.701320341693614637e+03 2.729940880852276678e+03 2.057691549557502640e+03 2.270739999999999981e+01 4.435330629348754883e-03 3.668927587568759918e-03 1.533090136945247650e-02 1.521412469446659088e-02
1.698677689090237891e+03 2.732878142542442674e+03 2.055975281965806971e+03 2.270940000000000225e+01 -6.260818801820278168e-03 -1.628932193852961063e-03 1.533090136945247650e-02 1.521412469446659088e-02
1.689738352591696867e+03 2.742724074292581008e+03 2.050222325311624445e+03 2.271140000000000114e+01 -1.748592592775821686e-02 7.228987291455268860e-03 1.533090136945247650e-02 1.521412469446659088e-02
1.686822647030360486e+03 2.745906180454708647e+03 2.048363062724869906e+03 2.271340000000000003e+01 3.700693137943744659e-03 -9.215305559337139130e-03 1.533090136945247650e-02 1.521412469446659088e-02
1.683898886043002449e+03 2.749082779198759908e+03 2.046507035371579377e+03 2.271540000000000248e+01 -1.788609847426414490e-02 -1.143245771527290344e-02 1.533090136945247650e-02 1.521412469446659088e-02
1.680967083581338557e+03 2.752253855366680455e+03 2.044654252108309493e+03 2.271740000000000137e+01 -1.185208745300769806e-02 -9.298887103796005249e-03 1.533090136945247650e-02 1.521412469446659088e-02
1.678027253686439508e+03 2.755419393771495379e+03 2.042804721808434579e+03 2.271940000000000026e+01 1.026706583797931671e-02 8.025119081139564514e-03 1.533090136945247650e-02 1.521412469446659088e-02
1.675079410427542825e+03 2.758579379263750525e+03 2.040958453323319873e+03 2.272140000000000271e+01 2.193360775709152222e-02 7.108433637768030167e-03 1.533090136945247650e-02 1.521412469446659088e-02
1.672123567922634038e+03 2.761733796709651415e+03 2.039115455495098786e+03 2.272340000000000160e+01 -7.344273850321769714e-03 3.818496363237500191e-03 1.533090136945247650e-02 1.521412469446659088e-02
1.669407132056603587e+03 2.764620513058851429e+03 2.037428879658501046e+03 2.272540000000000049e+01 7.782801054418087006e-03 4.210602492094039917e-03 1.533090136945247650e-02 1.521412469446659088e-02
1.689738352591696867e+03 2.742724074292581008e+03 2.050222325311624445e+03 2.272740000000000293e+01 -3.251970745623111725e-03 -1.633750647306442261e-02 1.533090136945247650e-02 1.521412469446659088e-02
1.686822647030360486e+03 2.745906180454708647e+03 2.048363062724869906e+03 2.272940000000000182e+01 3.648508107289671898e-03 -1.008645813271868974e-05 1.533090136945247650e-02 1.521412469446659088e-02
1.683898886043002449e+03 2.749082779198759908e+03 2.046507035371579377e+03 2.273140000000000072e+01 -1.979185501113533974e-03 -3.630832070484757423e-04 1.533090136945247650e-02 1.521412469446659088e-02
1.680967083581338557e+03 2.752253855366680455e+03 2.044654252108309493e+03 2.273340000000000316e+01 -2.304161433130502701e-03 -1.307786069810390472e-02 1.533090136945247650e-02 1.521412469446659088e-02
1.678027253686439508e+03 2.755419393771495379e+03 2.042804721808434579e+03 2.273540000000000205e+01 -1.327861100435256958e-02 -1.333647686988115311e-02 1.533090136945247650e-02 1.521412469446659088e-02
1.675079410427542825e+03 2.758579379263750525e+03 2.040958453323319873e+03 2.273740000000000094e+01 -9.026221232488751411e-04 1.428037998266518116e-03 1.533090136945247650e-02 1.521412469446659088e-02
1.672123567922634038e+03 2.761733796709651415e+03 2.039115455495098786e+03 2.273939999999999984e+01 1.508987857960164547e-03 7.712489459663629532e-04 1.533090136945247650e-02 1.521412469446659088e-02
1.669407132056603587e+03 2.764620513058851429e+03 2.037428879658501046e+03 2.274140000000000228e+01 6.504528224468231201e-03 7.738147862255573273e-03 1.533090136945247650e-02 1.521412469446659088e-02
1.660220488768252608e+03 2.774295484681984817e+03 2.031776346814920771e+03 2.274340000000000117e+01 1.138922665268182755e-02 -8.450953289866447449e-03 1.533090136945247650e-02 1.521412469446659088e-02
1.657224862944010738e+03 2.777421836032453939e+03 2.029949834232295188e+03 2.274540000000000006e+01 3.049731021746993065e-03 -1.676243147812783718e-03 1.533090136945247650e-02 1.521412469446659088e-02
1.654221323279410399e+03 2.780542529205178198e+03 2.028126644965352853e+03 2.274740000000000251e+01 -2.218642737716436386e-03 1.126377098262310028e-02 1.533090136945247650e-02 1.521412469446659088e-02
1.651209884200918395e+03 2.783657549210993693e+03 2.026306787771139852e+03 2.274940000000000140e+01 -1.398875005543231964e-02 -2.555060386657714844e-02 1.533090136945247650e-02 1.521412469446659088e-02
1.648190560057450057e+03 2.786766881207244296e+03 2.024490271321023101e+03 2.275140000000000029e+01 2.484811469912528992e-02 -1.566288247704505920e-02 1.533090136945247650e-02 1.521412469446659088e-02
1.645163365393429331e+03 2.789870510216071125e+03 2.022677104365271362e+03 2.275340000000000273e+01 -1.536053977906703949e-02 -1.396217942237854004e-02 1.533090136945247650e-02 1.521412469446659088e-02
1.642128314622568496e+03 2.792968421460098398e+03 2.020867295536947722e+03 2.275540000000000163e+01 -9.052414447069168091e-03 1.355008967220783234e-02 1.533090136945247650e-02 1.521412469446659088e-02
1.639339395496267116e+03 2.795803210980889617e+03 2.019211218594173715e+03 2.275740000000000052e+01 -5.936392582952976227e-03 7.895523682236671448e-03 1.533090136945247650e-02 1.521412469446659088e-02
1.660220488768252608e+03 2.774295484681984817e+03 2.031776346814920771e+03 2.275940000000000296e+01 2.375740371644496918e-02 3.927361685782670975e-03 1.533090136945247650e-02 1.521412469446659088e-02
1.657224862944010738e+03 2.777421836032453939e+03 2.029949834232295188e+03 2.276140000000000185e+01 1.299491524696350098e-02 8.166715502738952637e-03 1.533090136945247650e-02 1.521412469446659088e-02
1.654221323279410399e+03 2.780542529205178198e+03 2.028126644965352853e+03 2.276340000000000074e+01 2.512584626674652100e-02 -5.869007203727960587e-03 1.533090136945247650e-02 1.521412469446659088e-02
1.651209884200918395e+03 2.783657549210993693e+03 2.026306787771139852e+03 2.276540000000000319e+01 5.176824983209371567e-03 -5.357646732591092587e-04 1.533090136945247650e-02 1.521412469446659088e-02
1.648190560057450057e+03 2.786766881207244296e+03 2.024490271321023101e+03 2.276740000000000208e+01 1.335937486146576703e-05 -2.398502780124545097e-03 1.533090136945247650e-02 1.521412469446659088e-02
1.645163365393429331e+03 2.789870510216071125e+03 2.022677104365271362e+03 2.276940000000000097e+01 -8.255451917648315430e-03 -6.465803831815719604e-03 1.533090136945247650e-02 1.521412469446659088e-02
1.642128314622568496e+03 2.792968421460098398e+03 2.020867295536947722e+03 2.277139999999999986e+01 2.837786916643381119e-03 1.460829190909862518e-02 1.533090136945247650e-02 1.521412469446659088e-02
1.639339395496267116e+03 2.795803210980889617e+03 2.019211218594173715e+03 2.277340000000000231e+01 -1.691835373640060425e-02 -2.961237449198961258e-03 1.533090136945247650e-02 1.521412469446659088e-02
1.629909841743512743e+03 2.805302592468250168e+03 2.013661814607414044e+03 2.277540000000000120e+01 1.793157123029232025e-02 -5.671727005392313004e-03 1.533090136945247650e-02 1.521412469446659088e-02
1.626835729157234482e+03 2.808371692953833644e+03 2.011868926069112831e+03 2.277740000000000009e+01 -8.921756409108638763e-03 3.946417570114135742e-02 1.533090136945247650e-02 1.521412469446659088e-02
1.623753848228750712e+03 2.811434987079215716e+03 2.010079447414590277e+03 2.277940000000000254e+01 -4.145074170082807541e-03 1.948812569025903940e-04 1.533090136945247650e-02 1.521412469446659088e-02
1.620664213631998109e+03 2.814492460258956271e+03 2.008293387164184196e+03 2.278140000000000143e+01 -3.081357805058360100e-03 -1.414555218070745468e-02 1.533090136945247650e-02 1.521412469446659088e-02
1.617566840239266412e+03 2.817544097775607952e+03 2.006510753915258420e+03 2.278340000000000032e+01 1.833087205886840820e-02 -5.957260145805776119e-04 1.533090136945247650e-02 1.521412469446659088e-02
1.614461742787481853e+03 2.820589885109871375e+03 2.004731556149343987e+03 2.278540000000000276e+01 -5.779099185019731522e-03 3.503722138702869415e-03 1.533090136945247650e-02 1.521412469446659088e-02
1.611348936223357668e+03 2.823629807600543700e+03 2.002955802430775066e+03 2.278740000000000165e+01 -6.970467511564493179e-03 2.406610362231731415e-02 1.533090136945247650e-02 1.521412469446659088e-02
1.608488868378793768e+03 2.826411313803092526e+03 2.001331016838822052e+03 2.278940000000000055e+01 6.794088520109653473e-03 -8.302560076117515564e-03 1.533090136945247650e-02 1.521412469446659088e-02
1.629909841743512743e+03 2.805302592468250168e+03 2.013661814607414044e+03 2.279140000000000299e+01 -6.211479194462299347e-03 -1.683636009693145752e-02 1.533090136945247650e-02 1.521412469446659088e-02
1.626835729157234482e+03 2.808371692953833644e+03 2.011868926069112831e+03 2.279340000000000188e+01 -2.845306321978569031e-02 1.142337825149297714e-02 1.533090136945247650e-02 1.521412469446659088e-02
1.623753848228750712e+03 2.811434987079215716e+03 2.010079447414590277e+03 2.279540000000000077e+01 -1.314387097954750061e-02 1.732948608696460724e-02 1.533090136945247650e-02 1.521412469446659088e-02
1.620664213631998109e+03 2.814492460258956271e+03 2.008293387164184196e+03 2.279739999999999966e+01 1.296642050147056580e-02 4.402877297252416611e-03 1.533090136945247650e-02 1.521412469446659088e-02
1.617566840239266412e+03 2.817544097775607952e+03 2.006510753915258420e+03 2.279940000000000211e+01 -1.568134315311908722e-02 2.784478291869163513e-02 1.533090136945247650e-02 1.521412469446659088e-02
1.614461742787481853e+03 2.820589885109871375e+03 2.004731556149343987e+03 2.280140000000000100e+01 9.284594096243381500e-03 -1.494283089414238930e-03 1.533090136945247650e-02 1.521412469446659088e-02
1.611348936223357668e+03 2.823629807600543700e+03 2.002955802430775066e+03 2.280339999999999989e+01 -5.052917171269655228e-03 7.604085374623537064e-03 1.533090136945247650e-02 1.521412469446659088e-02
1.608488868378793768e+03 2.826411313803092526e+03 2.001331016838822052e+03 2.280540000000000234e+01 -1.562660373747348785e-02 2.523659169673919678e-02 1.533090136945247650e-02 1.521412469446659088e-02
1.599345363041882592e+03 2.835228251316954356e+03 1.996180804381228882e+03 2.280740000000000123e+01 3.171040909364819527e-03 3.786133835092186928e-03 1.533090136945247650e-02 1.521412469446659088e-02
1.596195506196235101e+03 2.838239622717887414e+03 1.994421816257197634e+03 2.280940000000000012e+01 2.732196357101202011e-03 -3.174395067617297173e-03 1.533090136945247650e-02 1.521412469446659088e-02
1.593038027601415706e+03 2.841245044861097540e+03 1.992666321489268512e+03 2.281140000000000256e+01 -1.625077566131949425e-03 6.078120786696672440e-03 1.533090136945247650e-02 1.521412469446659088e-02
1.589872942423377253e+03 2.844244503311163953e+03 1.990914328509296865e+03 2.281340000000000146e+01 -3.217436373233795166e-03 -9.065520949661731720e-03 1.533090136945247650e-02 1.521412469446659088e-02
1.586700265721283358e+03 2.847237983797103425e+03 1.989165845652995131e+03 2.281540000000000035e+01 1.239109900780022144e-03 4.531111568212509155e-03 1.533090136945247650e-02 1.521412469446659088e-02
1.583520012756017422e+03 2.850225471919864503e+03 1.987420881330794373e+03 2.281740000000000279e+01 -4.918500315397977829e-03 -8.453799528069794178e-04 1.533090136945247650e-02 1.521412469446659088e-02
1.580332198703273889e+03 2.853206953423843970e+03 1.985679443869250463e+03 2.281940000000000168e+01 -1.025640033185482025e-02 1.399846002459526062e-02 1.533090136945247650e-02 1.521412469446659088e-02
1.577403502569363354e+03 2.855934766091655092e+03 1.984086186475957902e+03 2.282140000000000057e+01 -4.160704556852579117e-03 -5.519294645637273788e-03 1.533090136945247650e-02 1.521412469446659088e-02
1.599345363041882592e+03 2.835228251316954356e+03 1.996180804381228882e+03 2.282340000000000302e+01 -9.051992557942867279e-03 8.679352700710296631e-03 1.533090136945247650e-02 1.521412469446659088e-02
1.596195506196235101e+03 2.838239622717887414e+03 1.994421816257197634e+03 2.282540000000000191e+01 1.055835932493209839e-02 5.068606697022914886e-03 1.533090136945247650e-02 1.521412469446659088e-02
1.593038027601415706e+03 2.841245044861097540e+03 1.992666321489268512e+03 2.282740000000000080e+01 8.491167798638343811e-03 -1.687438809312880039e-03 1.533090136945247650e-02 1.521412469446659088e-02
1.589872942423377253e+03 2.844244503311163953e+03 1.990914328509296865e+03 2.282939999999999969e+01 1.551219262182712555e-02 3.045508172363042831e-03 1.533090136945247650e-02 1.521412469446659088e-02
1.586700265721283358e+03 2.847237983797103425e+03 1.989165845652995131e+03 2.283140000000000214e+01 -1.116874068975448608e-02 -4.782980773597955704e-03 1.533090136945247650e-02 1.521412469446659088e-02
1.583520012756017422e+03 2.850225471919864503e+03 1.987420881330794373e+03 2.283340000000000103e+01 -7.540296763181686401e-03 -2.181886695325374603e-03 1.533090136945247650e-02 1.521412469446659088e-02
1.580332198703273889e+03 2.853206953423843970e+03 1.985679443869250463e+03 2.283539999999999992e+01 4.854630213230848312e-03 -2.385698957368731499e-03 1.533090136945247650e-02 1.521412469446659088e-02
1.577403502569363354e+03 2.855934766091655092e+03 1.984086186475957902e+03 2.283740000000000236e+01 -4.528394900262355804e-03 -2.913275733590126038e-03 1.533090136945247650e-02 1.521412469446659088e-02
1.567505637379042355e+03 2.865072528218910520e+03 1.978749129111516595e+03 2.283940000000000126e+01 4.138699732720851898e-03 -4.313644953072071075e-03 1.533090136945247650e-02 1.521412469446659088e-02
1.564280247539835955e+03 2.868023763094618062e+03 1.977025450673461819e+03 2.284140000000000015e+01 -2.959133125841617584e-03 -3.965395502746105194e-03 1.533090136945247650e-02 1.521412469446659088e-02
1.561047388644565444e+03 2.870968906214593517e+03 1.975305348821856342e+03 2.284340000000000259e+01 1.655527949333190918e-02 1.473988522775471210e-03 1.533090136945247650e-02 1.521412469446659088e-02
1.557807076266191189e+03 2.873907943391839581e+03 1.973588831842562286e+03 2.284540000000000148e+01 1.525209168903529644e-03 8.399967104196548462e-03 1.533090136945247650e-02 1.521412469446659088e-02
1.554559325833004777e+03 2.876840860632551994e+03 1.971875907908516410e+03 2.284740000000000038e+01 -2.285549184307456017e-03 4.086858127266168594e-03 1.533090136945247650e-02 1.521412469446659088e-02
1.551304152910397534e+03 2.879767643880032210e+03 1.970166585229302655e+03 2.284940000000000282e+01 1.637030765414237976e-02 -2.526206709444522858e-02 1.533090136945247650e-02 1.521412469446659088e-02
1.548041573122178306e+03 2.882688279086733019e+03 1.968460872009065497e+03 2.285140000000000171e+01 5.250188987702131271e-03 -1.468249975005164742e-04 1.533090136945247650e-02 1.521412469446659088e-02
1.545044475476726575e+03 2.885360193850380256e+03 1.966900433167918209e+03 2.285340000000000060e+01 -2.222707262262701988e-03 -1.104607246816158295e-02 1.533090136945247650e-02 1.521412469446659088e-02
1.567505637379042355e+03 2.865072528218910520e+03 1.978749129111516595e+03 2.285540000000000305e+01 9.809098206460475922e-03 1.178187597543001175e-02 1.533090136945247650e-02 1.521412469446659088e-02
1.564280247539835955e+03 2.868023763094618062e+03 1.977025450673461819e+03 2.285740000000000194e+01 -5.127482116222381592e-03 -4.223935306072235107e-03 1.533090136945247650e-02 1.521412469446659088e-02
1.561047388644565444e+03 2.870968906214593517e+03 1.975305348821856342e+03 2.285940000000000083e+01 5.331419873982667923e-03 1.147445663809776306e-02 1.533090136945247650e-02 1.521412469446659088e-02
1.557807076266191189e+03 2.873907943391839581e+03 1.973588831842562286e+03 2.286139999999999972e+01 3.853805828839540482e-03 -1.031181681901216507e-02 1.533090136945247650e-02 1.521412469446659088e-02
1.554559325833004777e+03 2.876840860632551994e+03 1.971875907908516410e+03 2.286340000000000217e+01 1.642310991883277893e-02 1.131250616163015366e-02 1.533090136945247650e-02 1.521412469446659088e-02
1.551304152910397534e+03 2.879767643880032210e+03 1.970166585229302655e+03 2.286540000000000106e+01 -1.561227999627590179e-02 1.373122632503509521e-02 1.533090136945247650e-02 1.521412469446659088e-02
1.548041573122178306e+03 2.882688279086733019e+03 1.968460872009065497e+03 2.286739999999999995e+01 1.901552081108093262e-03 -2.058397419750690460e-02 1.533090136945247650e-02 1.521412469446659088e-02
1.545044475476726575e+03 2.885360193850380256e+03 1.966900433167918209e+03 2.286940000000000239e+01 -7.512508891522884369e-03 6.935524288564920425e-03 1.533090136945247650e-02 1.521412469446659088e-02
1.534917497747048628e+03 2.894309060737643904e+03 1.961674276522830041e+03 2.287140000000000128e+01 1.760397572070360184e-03 1.343804597854614258e-02 1.533090136945247650e-02 1.521412469446659088e-02
1.531618118352414967e+03 2.897198746843826029e+03 1.959986732595590183e+03 2.287340000000000018e+01 -1.671677827835083008e-02 -1.578201353549957275e-02 1.533090136945247650e-02 1.521412469446659088e-02
1.528311426304977431e+03 2.900082201489041381e+03 1.958302846845071826e+03 2.287540000000000262e+01 -2.002285048365592957e-02 2.729972638189792633e-02 1.533090136945247650e-02 1.521412469446659088e-02
1.524997437349132952e+03 2.902959410944178671e+03 1.956622627288821604e+03 2.287740000000000151e+01 -1.075387932360172272e-02 7.395779248327016830e-03 1.533090136945247650e-02 1.521412469446659088e-02
1.521676167437085269e+03 2.905830361359483959e+03 1.954946082014741705e+03 2.287940000000000040e+01 -7.526380359195172787e-04 6.355898920446634293e-03 1.533090136945247650e-02 1.521412469446659088e-02
1.518347632371134068e+03 2.908695039075286331e+03 1.953273218999622486e+03 2.288140000000000285e+01 1.802158169448375702e-02 1.560547621920704842e-03 1.533090136945247650e-02 1.521412469446659088e-02
1.515011848173472345e+03 2.911553430302275501e+03 1.951604046295908120e+03 2.288340000000000174e+01 -1.695857755839824677e-02 -1.129730232059955597e-02 1.533090136945247650e-02 1.521412469446659088e-02
1.511947783283709214e+03 2.914168168512406737e+03 1.950077172756561140e+03 2.288540000000000063e+01 -1.070483867079019547e-02 -4.762595519423484802e-03 1.533090136945247650e-02 1.521412469446659088e-02
1.534917497747048628e+03 2.894309060737643904e+03 1.961674276522830041e+03 2.288740000000000308e+01 -4.810918588191270828e-03 -1.988769136369228363e-02 1.533090136945247650e-02 1.521412469446659088e-02
1.531618118352414967e+03 2.897198746843826029e+03 1.959986732595590183e+03 2.288940000000000197e+01 2.378397062420845032e-02 -1.936772838234901428e-02 1.533090136945247650e-02 1.521412469446659088e-02
1.528311426304977431e+03 2.900082201489041381e+03 1.958302846845071826e+03 2.289140000000000086e+01 7.078492548316717148e-03 1.471073925495147705e-02 1.533090136945247650e-02 1.521412469446659088e-02
1.524997437349132952e+03 2.902959410944178671e+03 1.956622627288821604e+03 2.289339999999999975e+01 -8.543583564460277557e-03 -9.459501132369041443e-03 1.533090136945247650e-02 1.521412469446659088e-02
1.521676167437085269e+03 2.905830361359483959e+03 1.954946082014741705e+03 2.289540000000000219e+01 3.105855314061045647e-03 1.000988669693470001e-02 1.533090136945247650e-02 1.521412469446659088e-02
1.518347632371134068e+03 2.908695039075286331e+03 1.953273218999622486e+03 2.289740000000000109e+01 -3.932554274797439575e-03 1.432718709111213684e-02 1.533090136945247650e-02 1.521412469446659088e-02
1.515011848173472345e+03 2.911553430302275501e+03 1.951604046295908120e+03 2.289939999999999998e+01 1.593823730945587158e-02 1.128792017698287964e-02 1.533090136945247650e-02 1.521412469446659088e-02
1.511947783283709214e+03 2.914168168512406737e+03 1.950077172756561140e+03 2.290140000000000242e+01 -1.126437727361917496e-02 -6.081955507397651672e-03 1.533090136945247650e-02 1.521412469446659088e-02
1.501596539298975813e+03 2.922923857672951726e+03 1.944964417808479311e+03 2.290340000000000131e+01 1.422450691461563110e-02 7.486472371965646744e-03 1.533090136945247650e-02 1.521412469446659088e-02
1.498224749341367669e+03 2.925750612086547335e+03 1.943313816002339763e+03 2.290540000000000020e+01 -3.394095227122306824e-03 2.454703114926815033e-02 1.533090136945247650e-02 1.521412469446659088e-02
1.494845806532134702e+03 2.928570998408162723e+03 1.941666952158752110e+03 2.290740000000000265e+01 4.859908949583768845e-03 -1.634745299816131592e-02 1.533090136945247650e-02 1.521412469446659088e-02
1.491459726983082874e+03 2.931385003189209328e+03 1.940023834130530531e+03 2.290940000000000154e+01 1.466129999607801437e-02 -8.605122566223144531e-03 1.533090136945247650e-02 1.521412469446659088e-02
1.488066526922579897e+03 2.934192612942897995e+03 1.938384469792697246e+03 2.291140000000000043e+01 1.744105713441967964e-03 1.097641419619321823e-02 1.533090136945247650e-02 1.521412469446659088e-02
1.484666222648773555e+03 2.936993814183933864e+03 1.936748867019309728e+03 2.291340000000000288e+01 -5.961043760180473328e-03 -3.291441500186920166e-02 1.533090136945247650e-02 1.521412469446659088e-02
1.481258830339960468e+03 2.939788593584622959e+03 1.935117033592309099e+03 2.291540000000000177e+01 -9.826839901506900787e-03 2.364087849855422974e-03 1.533090136945247650e-02 1.521412469446659088e-02
1.478129265062849981e+03 2.942344903511252141e+03 1.933624456300075735e+03 2.291740000000000066e+01 1.407053600996732712e-02 7.512708543799817562e-04 1.533090136945247650e-02 1.521412469446659088e-02
1.501596539298975813e+03 2.922923857672951726e+03 1.944964417808479311e+03 2.291940000000000310e+01 1.188092399388551712e-02 2.014349959790706635e-02 1.533090136945247650e-02 1.521412469446659088e-02
1.498224749341367669e+03 2.925750612086547335e+03 1.943313816002339763e+03 2.292140000000000200e+01 9.387504309415817261e-03 2.183271199464797974e-02 1.533090136945247650e-02 1.521412469446659088e-02
1.494845806532134702e+03 2.928570998408162723e+03 1.941666952158752110e+03 2.292340000000000089e+01 5.892763845622539520e-03 4.253603052347898483e-03 1.533090136945247650e-02 1.521412469446659088e-02
1.491459726983082874e+03 2.931385003189209328e+03 1.940023834130530531e+03 2.292539999999999978e+01 1.142852567136287689e-02 -9.353504516184329987e-03 1.533090136945247650e-02 1.521412469446659088e-02
1.488066526922579897e+03 2.934192612942897995e+03 1.938384469792697246e+03 2.292740000000000222e+01 -5.605619866400957108e-03 2.065442316234111786e-02 1.533090136945247650e-02 1.521412469446659088e-02
1.484666222648773555e+03 2.936993814183933864e+03 1.936748867019309728e+03 2.292940000000000111e+01 5.663608666509389877e-03 1.582285016775131226e-02 1.533090136945247650e-02 1.521412469446659088e-02
1.481258830339960468e+03 2.939788593584622959e+03 1.935117033592309099e+03 2.293140000000000001e+01 1.853339606896042824e-03 -1.024210732430219650e-02 1.533090136945247650e-02 1.521412469446659088e-02
1.478129265062849981e+03 2.942344903511252141e+03 1.933624456300075735e+03 2.293340000000000245e+01 -3.545406216289848089e-04 6.671442650258541107e-03 1.533090136945247650e-02 1.521412469446659088e-02
