# Baseline: 16-24
# Entries: 128
# u [m], v [m], w [m], frequency [GHz], real, imag
1.290515099788597126e+03 -4.566727752728852465e+03 7.399614051268434878e+02 2.267940000000000000e+19 -2.832713350653648376e-02 2.688574604690074921e-02
1.299951197052783755e+03 -4.564284391567497551e+03 7.385183474892245385e+02 2.268140000000000000e+19 3.864819929003715515e-02 -1.399045139551162720e-01
1.309381063944222205e+03 -4.561823218745711529e+03 7.370648693980838289e+02 2.268340000000000000e+19 -6.798081845045089722e-02 4.640166833996772766e-02
1.318804655399788089e+03 -4.559344246025018037e+03 7.356009777993685930e+02 2.268540000000000000e+19 1.832237467169761658e-02 -6.535947322845458984e-02
1.325868402281350200e+03 -4.557473898003480826e+03 7.344965544704396052e+02 2.268740000000000000e+19 -5.070741102099418640e-02 8.591619133949279785e-02
1.337632831637891513e+03 -4.554332948425893846e+03 7.326419821517238233e+02 2.268940000000000000e+19 -1.321600005030632019e-02 -1.490789353847503662e-01
1.347037326117199882e+03 -4.551800647583125283e+03 7.311468922950501792e+02 2.269140000000000000e+19 -1.396396290510892868e-02 2.246964490041136742e-03
1.358784124795051639e+03 -4.548611027715245655e+03 7.292638469308091089e+02 2.269340000000000000e+19 -4.250347614288330078e-02 -7.118196040391921997e-02
1.290515099788597126e+03 -4.566727752728852465e+03 7.399614051268434878e+02 2.269540000000000000e+19 -1.474012248218059540e-02 5.489647760987281799e-02
1.299951197052783755e+03 -4.564284391567497551e+03 7.385183474892245385e+02 2.269740000000000000e+19 1.061382740736007690e-01 -8.351212367415428162e-03
1.309381063944222205e+03 -4.561823218745711529e+03 7.370648693980838289e+02 2.269940000000000000e+19 5.023513361811637878e-02 3.375123813748359680e-02
1.318804655399788089e+03 -4.559344246025018037e+03 7.356009777993685930e+02 2.270140000000000000e+19 1.119368523359298706e-02 -4.132826253771781921e-02
1.325868402281350200e+03 -4.557473898003480826e+03 7.344965544704396052e+02 2.270340000000000000e+19 -1.292345393449068069e-02 -1.392356604337692261e-01
1.337632831637891513e+03 -4.554332948425893846e+03 7.326419821517238233e+02 2.270540000000000000e+19 -1.857372559607028961e-02 -6.259593646973371506e-04
1.347037326117199882e+03 -4.551800647583125283e+03 7.311468922950501792e+02 2.270740000000000000e+19 6.983004510402679443e-02 -2.031557075679302216e-02
1.358784124795051639e+03 -4.548611027715245655e+03 7.292638469308091089e+02 2.270940000000000000e+19 5.963673442602157593e-02 -5.965663865208625793e-02
1.384590298001986184e+03 -4.541494047322235019e+03 7.250627532983093033e+02 2.271140000000000000e+19 8.672247640788555145e-03 2.124199084937572479e-02
1.393962064783669348e+03 -4.538873109698578446e+03 7.235158100579109259e+02 2.271340000000000000e+19 -9.326203167438507080e-02 -1.888747327029705048e-02
1.403327151216471066e+03 -4.536234482045558252e+03 7.219585181738236770e+02 2.271540000000000000e+19 -4.605140909552574158e-02 7.124273106455802917e-03
1.412685512612100183e+03 -4.533578176954399169e+03 7.203908850772850201e+02 2.271740000000000000e+19 -1.133967265486717224e-01 -2.733093872666358948e-02
1.422037104151331732e+03 -4.530904207146774752e+03 7.188129182760812910e+02 2.271940000000000000e+19 2.846573106944561005e-02 1.478960067033767700e-01
1.431381881079895720e+03 -4.528212585419558309e+03 7.172246253219429946e+02 2.272140000000000000e+19 9.577545523643493652e-02 -1.367163509130477905e-01
1.440719798643702688e+03 -4.525503324663767671e+03 7.156260138217206759e+02 2.272340000000000000e+19 2.308253198862075806e-02 -8.014857023954391479e-02
1.449273581001882349e+03 -4.523004575537420351e+03 7.141516930894241568e+02 2.272540000000000000e+19 -4.654097836464643478e-03 1.192836239933967590e-01
1.384590298001986184e+03 -4.541494047322235019e+03 7.250627532983093033e+02 2.272740000000000000e+19 -2.885623276233673096e-02 -1.556322723627090454e-01
1.393962064783669348e+03 -4.538873109698578446e+03 7.235158100579109259e+02 2.272940000000000000e+19 -2.757769636809825897e-02 -7.542545907199382782e-03
1.403327151216471066e+03 -4.536234482045558252e+03 7.219585181738236770e+02 2.273140000000000000e+19 6.822851300239562988e-02 -4.073208197951316833e-02
1.412685512612100183e+03 -4.533578176954399169e+03 7.203908850772850201e+02 2.273340000000000000e+19 -2.374653890728950500e-02 -9.692766703665256500e-03
1.422037104151331732e+03 -4.530904207146774752e+03 7.188129182760812910e+02 2.273540000000000000e+19 5.962328612804412842e-02 -4.411169793456792831e-03
1.431381881079895720e+03 -4.528212585419558309e+03 7.172246253219429946e+02 2.273740000000000000e+19 1.109433174133300781e-01 1.058053225278854370e-01
1.440719798643702688e+03 -4.525503324663767671e+03 7.156260138217206759e+02 2.273940000000000000e+19 -6.365963723510503769e-03 -2.808124199509620667e-02
1.449273581001882349e+03 -4.523004575537420351e+03 7.141516930894241568e+02 2.274140000000000000e+19 -2.194254845380783081e-02 -2.939518773928284645e-03
1.478001982491965691e+03 -4.514490151783918918e+03 7.091285360213433933e+02 2.274340000000000000e+19 8.991923183202743530e-03 -5.519711226224899292e-02
1.487304933694194688e+03 -4.511692892021466832e+03 7.074784475135107868e+02 2.274540000000000000e+19 4.008471034467220306e-03 1.377852051518857479e-03
1.496600758028464043e+03 -4.508878072250819059e+03 7.058180870796317095e+02 2.274740000000000000e+19 3.045910503715276718e-03 -4.906930029392242432e-02
1.505889410845529028e+03 -4.506045705991993600e+03 7.041474626947009483e+02 2.274940000000000000e+19 -4.730071499943733215e-02 -1.303695980459451675e-02
1.515170847886359070e+03 -4.503195806740516673e+03 7.024665823188514651e+02 2.275140000000000000e+19 1.830396242439746857e-02 -1.959433592855930328e-02
1.524445024441578198e+03 -4.500328388224773335e+03 7.007754540491530406e+02 2.275340000000000000e+19 9.428638964891433716e-02 -3.801661729812622070e-02
1.533711896353682505e+03 -4.497443464097916149e+03 6.990740859378953473e+02 2.275540000000000000e+19 7.624044269323348999e-02 3.379772603511810303e-02
1.542200168068020275e+03 -4.494783806493319389e+03 6.975056402361119581e+02 2.275740000000000000e+19 5.456345900893211365e-02 -8.483749628067016602e-02
1.478001982491965691e+03 -4.514490151783918918e+03 7.091285360213433933e+02 2.275940000000000000e+19 2.989314310252666473e-02 1.411750633269548416e-02
1.487304933694194688e+03 -4.511692892021466832e+03 7.074784475135107868e+02 2.276140000000000000e+19 -4.394324123859405518e-02 4.941815137863159180e-02
1.496600758028464043e+03 -4.508878072250819059e+03 7.058180870796317095e+02 2.276340000000000000e+19 -1.561954990029335022e-02 3.631666675209999084e-02
1.505889410845529028e+03 -4.506045705991993600e+03 7.041474626947009483e+02 2.276540000000000000e+19 -9.078127332031726837e-03 -1.168419346213340759e-01
1.515170847886359070e+03 -4.503195806740516673e+03 7.024665823188514651e+02 2.276740000000000000e+19 -2.005345886573195457e-03 -5.248501524329185486e-02
1.524445024441578198e+03 -4.500328388224773335e+03 7.007754540491530406e+02 2.276940000000000000e+19 5.325829610228538513e-02 -1.235289201140403748e-01
1.533711896353682505e+03 -4.497443464097916149e+03 6.990740859378953473e+02 2.277140000000000000e+19 -3.471579030156135559e-02 4.435111582279205322e-02
1.542200168068020275e+03 -4.494783806493319389e+03 6.975056402361119581e+02 2.277340000000000000e+19 1.111572328954935074e-02 3.774197399616241455e-02
1.570705450477905742e+03 -4.485728989064719826e+03 6.921663787761079902e+02 2.277540000000000000e+19 -1.636356115341186523e-02 -2.637320011854171753e-02
1.579935134358265259e+03 -4.482756745742764906e+03 6.904139346236403298e+02 2.277740000000000000e+19 -2.751197852194309235e-02 -1.456296350806951523e-02
1.589157247873596361e+03 -4.479767080954346056e+03 6.886513002475476242e+02 2.277940000000000000e+19 4.115204885601997375e-02 4.577937070280313492e-03
1.598371747114140589e+03 -4.476760008934325924e+03 6.868784840403820908e+02 2.278140000000000000e+19 -7.952375710010528564e-02 -7.587976753711700439e-02
1.607578587725011630e+03 -4.473735544157595541e+03 6.850954945358197392e+02 2.278340000000000000e+19 -4.567945003509521484e-02 5.976812541484832764e-02
1.616777725901243912e+03 -4.470693701014204635e+03 6.833023402171363614e+02 2.278540000000000000e+19 -3.180581703782081604e-02 1.924886484630405903e-03
1.625969117361883718e+03 -4.467634494146393990e+03 6.814990297158961994e+02 2.278740000000000000e+19 1.092132478952407837e-01 -1.559177190065383911e-01
1.634387816666394428e+03 -4.464815200753208046e+03 6.798372095734306413e+02 2.278940000000000000e+19 5.402445420622825623e-02 -5.224813893437385559e-02
1.570705450477905742e+03 -4.485728989064719826e+03 6.921663787761079902e+02 2.279140000000000000e+19 -4.838797077536582947e-02 3.061932511627674103e-02
1.579935134358265259e+03 -4.482756745742764906e+03 6.904139346236403298e+02 2.279340000000000000e+19 2.022700011730194092e-01 6.462734937667846680e-02
1.589157247873596361e+03 -4.479767080954346056e+03 6.886513002475476242e+02 2.279540000000000000e+19 -2.387046627700328827e-02 -4.546639323234558105e-02
1.598371747114140589e+03 -4.476760008934325924e+03 6.868784840403820908e+02 2.279740000000000000e+19 7.043957710266113281e-02 -3.076915442943572998e-02
1.607578587725011630e+03 -4.473735544157595541e+03 6.850954945358197392e+02 2.279940000000000000e+19 -3.809750825166702271e-02 -9.030283428728580475e-03
1.616777725901243912e+03 -4.470693701014204635e+03 6.833023402171363614e+02 2.280140000000000000e+19 -5.318535864353179932e-02 -4.579000174999237061e-02
1.625969117361883718e+03 -4.467634494146393990e+03 6.814990297158961994e+02 2.280340000000000000e+19 7.198908179998397827e-02 7.196704298257827759e-02
1.634387816666394428e+03 -4.464815200753208046e+03 6.798372095734306413e+02 2.280540000000000000e+19 5.756304040551185608e-02 4.269065707921981812e-02
1.661130229434015973e+03 -4.455746943192273648e+03 6.744924095183353074e+02 2.280740000000000000e+19 -5.147440731525421143e-02 -2.586249902378767729e-04
1.670283559723096459e+03 -4.452604019305476868e+03 6.726401331977206155e+02 2.280940000000000000e+19 -6.186929345130920410e-02 7.264374941587448120e-02
1.679428887391811713e+03 -4.449443818213346276e+03 6.707777516897251644e+02 2.281140000000000000e+19 1.125720739364624023e-01 -7.208158075809478760e-02
1.688566168513887078e+03 -4.446266355095036488e+03 6.689052739398028962e+02 2.281340000000000000e+19 -3.401613235473632812e-02 1.424585375934839249e-02
1.697695359615391226e+03 -4.443071645068717771e+03 6.670227088571040213e+02 2.281540000000000000e+19 -1.581273041665554047e-02 -8.649389445781707764e-02
1.706816416783790373e+03 -4.439859703501160766e+03 6.651300654969166999e+02 2.281740000000000000e+19 3.975509107112884521e-02 1.303398907184600830e-01
1.715929296495333801e+03 -4.436630545719459406e+03 6.632273528907799118e+02 2.281940000000000000e+19 -1.514021889306604862e-03 -1.033923402428627014e-01
1.724275653728709813e+03 -4.433655592494185839e+03 6.614744898851917014e+02 2.282140000000000000e+19 -7.820057868957519531e-02 1.346714049577713013e-01
1.661130229434015973e+03 -4.455746943192273648e+03 6.744924095183353074e+02 2.282340000000000000e+19 -6.358987092971801758e-02 2.063946612179279327e-02
1.670283559723096459e+03 -4.452604019305476868e+03 6.726401331977206155e+02 2.282540000000000000e+19 1.763101667165756226e-02 -9.716467000544071198e-03
1.679428887391811713e+03 -4.449443818213346276e+03 6.707777516897251644e+02 2.282740000000000000e+19 -2.754601463675498962e-02 -3.570542484521865845e-02
1.688566168513887078e+03 -4.446266355095036488e+03 6.689052739398028962e+02 2.282940000000000000e+19 -4.754120856523513794e-02 3.606562316417694092e-02
1.697695359615391226e+03 -4.443071645068717771e+03 6.670227088571040213e+02 2.283140000000000000e+19 -9.691177867352962494e-03 -1.415833737701177597e-02
1.706816416783790373e+03 -4.439859703501160766e+03 6.651300654969166999e+02 2.283340000000000000e+19 2.589788287878036499e-02 5.296615883708000183e-02
1.715929296495333801e+03 -4.436630545719459406e+03 6.632273528907799118e+02 2.283540000000000000e+19 3.896558284759521484e-02 -7.242422550916671753e-02
1.724275653728709813e+03 -4.433655592494185839e+03 6.614744898851917014e+02 2.283740000000000000e+19 -2.286687120795249939e-02 1.340837180614471436e-01
1.752298168841551160e+03 -4.423542062863622050e+03 6.555159929056785586e+02 2.283940000000000000e+19 1.856327056884765625e-03 5.745599977672100067e-03
1.761369507627791563e+03 -4.420227057555658575e+03 6.535630716740211028e+02 2.284140000000000000e+19 8.246135711669921875e-02 -4.339766502380371094e-02
1.770432408006753803e+03 -4.416894929943769057e+03 6.516001365257550333e+02 2.284340000000000000e+19 -7.227187603712081909e-02 -5.380133166909217834e-02
1.779486826321714034e+03 -4.413545696079107984e+03 6.496271969165330802e+02 2.284540000000000000e+19 5.247213318943977356e-02 -3.545498475432395935e-02
1.788532719461381930e+03 -4.410179371908591747e+03 6.476442622402540792e+02 2.284740000000000000e+19 -1.148930862545967102e-01 5.414100736379623413e-02
1.797570044071359234e+03 -4.406795973565745953e+03 6.456513420004002910e+02 2.284940000000000000e+19 -5.251863226294517517e-02 -5.272819846868515015e-02
1.806598756775563061e+03 -4.403395517289893178e+03 6.436484457624250126e+02 2.285140000000000000e+19 1.014813333749771118e-01 2.285556867718696594e-02
1.814867585321921069e+03 -4.400263678086808795e+03 6.418038288467089387e+02 2.285340000000000000e+19 -3.387087956070899963e-02 6.318043172359466553e-02
1.752298168841551160e+03 -4.423542062863622050e+03 6.555159929056785586e+02 2.285540000000000000e+19 -1.028145402669906616e-01 5.155505239963531494e-02
1.761369507627791563e+03 -4.420227057555658575e+03 6.535630716740211028e+02 2.285740000000000000e+19 1.089975312352180481e-01 3.117983788251876831e-02
1.770432408006753803e+03 -4.416894929943769057e+03 6.516001365257550333e+02 2.285940000000000000e+19 -3.249670937657356262e-02 -7.920049875974655151e-02
1.779486826321714034e+03 -4.413545696079107984e+03 6.496271969165330802e+02 2.286140000000000000e+19 1.046075001358985901e-01 1.720833359286189079e-03
1.788532719461381930e+03 -4.410179371908591747e+03 6.476442622402540792e+02 2.286340000000000000e+19 3.475147485733032227e-02 -1.403904259204864502e-01
1.797570044071359234e+03 -4.406795973565745953e+03 6.456513420004002910e+02 2.286540000000000000e+19 -9.077097475528717041e-02 1.175693348050117493e-01
1.806598756775563061e+03 -4.403395517289893178e+03 6.436484457624250126e+02 2.286740000000000000e+19 -5.107549484819173813e-03 1.020867154002189636e-01
1.814867585321921069e+03 -4.400263678086808795e+03 6.418038288467089387e+02 2.286940000000000000e+19 1.113045513629913330e-01 -2.278897911310195923e-02
1.842626626016261298e+03 -4.389623439166157368e+03 6.355372930236438833e+02 2.287140000000000000e+19 9.490248560905456543e-02 -2.824003249406814575e-02
1.851611632423075207e+03 -4.386137938760911311e+03 6.334846614110053906e+02 2.287340000000000000e+19 -7.033357024192810059e-02 -8.920104801654815674e-02
1.860587768296097920e+03 -4.382635479287998351e+03 6.314221120277248929e+02 2.287540000000000000e+19 -3.515235334634780884e-02 4.002887383103370667e-02
1.869554990896824165e+03 -4.379116077424004288e+03 6.293496546944296597e+02 2.287740000000000000e+19 -9.534764289855957031e-02 2.061165496706962585e-02
1.878513257060627666e+03 -4.375579750109883207e+03 6.272672993870977507e+02 2.287940000000000000e+19 4.147984832525253296e-02 -8.201663196086883545e-02
1.887462524165080822e+03 -4.372026514171146118e+03 6.251750560133513090e+02 2.288140000000000000e+19 -8.948094397783279419e-02 3.775412589311599731e-02
1.896402749132231065e+03 -4.368456386711702180e+03 6.230729346445092460e+02 2.288340000000000000e+19 9.558196179568767548e-03 1.033459380269050598e-01
1.904590091931160259e+03 -4.365169160279598145e+03 6.211374465660928763e+02 2.288540000000000000e+19 -8.751036971807479858e-02 4.104295745491981506e-03
1.842626626016261298e+03 -4.389623439166157368e+03 6.355372930236438833e+02 2.288740000000000000e+19 1.237816736102104187e-01 4.820389673113822937e-02
1.851611632423075207e+03 -4.386137938760911311e+03 6.334846614110053906e+02 2.288940000000000000e+19 -1.404218934476375580e-02 -1.133188679814338684e-01
1.860587768296097920e+03 -4.382635479287998351e+03 6.314221120277248929e+02 2.289140000000000000e+19 -1.700506955385208130e-01 7.711191475391387939e-02
1.869554990896824165e+03 -4.379116077424004288e+03 6.293496546944296597e+02 2.289340000000000000e+19 -2.567042224109172821e-02 4.450514540076255798e-02
1.878513257060627666e+03 -4.375579750109883207e+03 6.272672993870977507e+02 2.289540000000000000e+19 -4.325382038950920105e-02 -1.923908293247222900e-02
1.887462524165080822e+03 -4.372026514171146118e+03 6.251750560133513090e+02 2.289740000000000000e+19 6.969175487756729126e-02 -6.061202660202980042e-02
1.896402749132231065e+03 -4.368456386711702180e+03 6.230729346445092460e+02 2.289940000000000000e+19 1.844331622123718262e-02 2.684280835092067719e-02
1.904590091931160259e+03 -4.365169160279598145e+03 6.211374465660928763e+02 2.290140000000000000e+19 -7.968828082084655762e-02 -2.418422698974609375e-02
1.932072374097185502e+03 -4.354007303982964913e+03 6.145658707725348222e+02 2.290340000000000000e+19 -3.558944910764694214e-02 6.279398500919342041e-02
1.940966748152811988e+03 -4.350352976546370883e+03 6.124145111146540330e+02 2.290540000000000000e+19 2.323817089200019836e-02 3.914768248796463013e-02
1.949851824076990852e+03 -4.346681861289198423e+03 6.102533345164329148e+02 2.290740000000000000e+19 5.755129083991050720e-02 -6.062704324722290039e-02
1.958727559502724034e+03 -4.342993975716308341e+03 6.080823512829583706e+02 2.290940000000000000e+19 -6.110983714461326599e-02 -5.302420817315578461e-03
1.967593911891125344e+03 -4.339289337502384114e+03 6.059015718189791642e+02 2.291140000000000000e+19 1.225057058036327362e-02 -1.227236445993185043e-02
1.976450838655901862e+03 -4.335567964441590448e+03 6.037110065992592354e+02 2.291340000000000000e+19 -3.718957677483558655e-02 8.496619760990142822e-02
1.985298297657033118e+03 -4.331829874239931996e+03 6.015106660463549133e+02 2.291540000000000000e+19 2.991821430623531342e-02 -6.819376349449157715e-02
1.993400235240145321e+03 -4.328388834285227858e+03 5.994852333904515262e+02 2.291740000000000000e+19 2.056620083749294281e-02 -9.133942425251007080e-02
1.932072374097185502e+03 -4.354007303982964913e+03 6.145658707725348222e+02 2.291940000000000000e+19 -9.771534800529479980e-02 -3.550316765904426575e-02
1.940966748152811988e+03 -4.350352976546370883e+03 6.124145111146540330e+02 2.292140000000000000e+19 -7.636331766843795776e-02 -1.535414159297943115e-01
1.949851824076990852e+03 -4.346681861289198423e+03 6.102533345164329148e+02 2.292340000000000000e+19 4.432042315602302551e-02 1.502180937677621841e-02
1.958727559502724034e+03 -4.342993975716308341e+03 6.080823512829583706e+02 2.292540000000000000e+19 4.126219078898429871e-02 -3.630260471254587173e-03
1.967593911891125344e+03 -4.339289337502384114e+03 6.059015718189791642e+02 2.292740000000000000e+19 -2.437350340187549591e-02 5.052958428859710693e-02
1.976450838655901862e+03 -4.335567964441590448e+03 6.037110065992592354e+02 2.292940000000000000e+19 -5.989820882678031921e-02 6.008609198033809662e-03
1.985298297657033118e+03 -4.331829874239931996e+03 6.015106660463549133e+02 2.293140000000000000e+19 2.376137673854827881e-02 -6.243341788649559021e-02
1.993400235240145321e+03 -4.328388834285227858e+03 5.994852333904515262e+02 2.293340000000000000e+19 -7.139004021883010864e-02 -3.840954974293708801e-02
