# Baseline: 4-25
# u [m], v [m], w [m], frequency [GHz], real, imag
1.410805546231113112e+03 2.400892424604001917e+03 1.725221077843238390e+03 2.267940000000000000e+19 -1.064821034669876099e-01 5.935466662049293518e-02
1.408176598991700075e+03 2.403549028828161227e+03 1.723669116536974798e+03 2.268140000000000000e+19 6.159565970301628113e-02 -7.929571717977523804e-02
1.405540927356291149e+03 2.406200667505099773e+03 1.722120071439976527e+03 2.268340000000000000e+19 -5.333415791392326355e-02 9.472315758466720581e-02
1.402898543920216980e+03 2.408847327963276257e+03 1.720573949954748969e+03 2.268540000000000000e+19 1.120841354131698608e-01 -2.721671387553215027e-02
1.400912568352679045e+03 2.410829205020691006e+03 1.719416190128717517e+03 2.268740000000000000e+19 -7.729630917310714722e-02 9.436984360218048096e-02
1.397593692260778880e+03 2.414125663582036850e+03 1.717490507403042784e+03 2.268940000000000000e+19 1.109340265393257141e-01 1.980569213628768921e-02
1.394931249480682709e+03 2.416757313426882774e+03 1.715953201125224950e+03 2.269140000000000000e+19 1.922447979450225830e-02 7.023939490318298340e-02
1.391594099531336724e+03 2.420040007028631408e+03 1.714035601918326392e+03 2.269340000000000000e+19 -9.209778904914855957e-02 4.719711840152740479e-02
1.410805546231113112e+03 2.400892424604001917e+03 1.725221077843238390e+03 2.269540000000000000e+19 1.114023756235837936e-02 1.329932454973459244e-02
1.408176598991700075e+03 2.403549028828161227e+03 1.723669116536974798e+03 2.269740000000000000e+19 -8.244718611240386963e-02 -6.543468683958053589e-03
1.405540927356291149e+03 2.406200667505099773e+03 1.722120071439976527e+03 2.269940000000000000e+19 -6.381112616509199142e-03 -2.008480392396450043e-02
1.402898543920216980e+03 2.408847327963276257e+03 1.720573949954748969e+03 2.270140000000000000e+19 -5.065329372882843018e-03 -3.119308268651366234e-03
1.400912568352679045e+03 2.410829205020691006e+03 1.719416190128717517e+03 2.270340000000000000e+19 -7.827562279999256134e-03 -5.568380653858184814e-02
1.397593692260778880e+03 2.414125663582036850e+03 1.717490507403042784e+03 2.270540000000000000e+19 7.821641862392425537e-03 -2.298159152269363403e-02
1.394931249480682709e+03 2.416757313426882774e+03 1.715953201125224950e+03 2.270740000000000000e+19 -7.804040610790252686e-02 -1.492779999971389771e-01
1.391594099531336724e+03 2.420040007028631408e+03 1.714035601918326392e+03 2.270940000000000000e+19 -9.191051870584487915e-02 6.603286415338516235e-02
1.384214995981745460e+03 2.427233499840773675e+03 1.709833580610152922e+03 2.271140000000000000e+19 1.107165031135082245e-02 -8.172392845153808594e-02
1.381519376127903797e+03 2.429839880523108604e+03 1.708311113244509215e+03 2.271340000000000000e+19 3.558544814586639404e-02 1.400606241077184677e-02
1.378817159471746891e+03 2.432441169819210700e+03 1.706791635597867071e+03 2.271540000000000000e+19 1.035904511809349060e-02 3.657946735620498657e-02
1.376108358907804813e+03 2.435037355316285357e+03 1.705275154920836030e+03 2.271740000000000000e+19 -5.481092259287834167e-02 5.763699114322662354e-02
1.373392987409141142e+03 2.437628424580635510e+03 1.703761678476164207e+03 2.271940000000000000e+19 -1.345329433679580688e-01 8.894198387861251831e-02
1.370671057970794891e+03 2.440214365212067605e+03 1.702251213506951444e+03 2.272140000000000000e+19 3.560797497630119324e-02 -4.347546771168708801e-02
1.367942583628782131e+03 2.442795164826010023e+03 1.700743767247098958e+03 2.272340000000000000e+19 2.829307503998279572e-02 4.447921738028526306e-02
1.365435826762044371e+03 2.445156436796997241e+03 1.699364560898179889e+03 2.272540000000000000e+19 2.981738373637199402e-02 -1.324423104524612427e-01
1.384214995981745460e+03 2.427233499840773675e+03 1.709833580610152922e+03 2.272740000000000000e+19 -1.748110400512814522e-03 3.308944776654243469e-02
1.381519376127903797e+03 2.429839880523108604e+03 1.708311113244509215e+03 2.272940000000000000e+19 5.075480043888092041e-02 3.363377973437309265e-02
1.378817159471746891e+03 2.432441169819210700e+03 1.706791635597867071e+03 2.273140000000000000e+19 -6.293237209320068359e-02 4.415092617273330688e-02
1.376108358907804813e+03 2.435037355316285357e+03 1.705275154920836030e+03 2.273340000000000000e+19 -2.084635570645332336e-02 -4.212865978479385376e-02
1.373392987409141142e+03 2.437628424580635510e+03 1.703761678476164207e+03 2.273540000000000000e+19 7.165001332759857178e-02 -7.673366460949182510e-03
1.370671057970794891e+03 2.440214365212067605e+03 1.702251213506951444e+03 2.273740000000000000e+19 1.430253498256206512e-02 9.697891771793365479e-03
1.367942583628782131e+03 2.442795164826010023e+03 1.700743767247098958e+03 2.273940000000000000e+19 -1.090764328837394714e-01 -5.040992423892021179e-02
1.365435826762044371e+03 2.445156436796997241e+03 1.699364560898179889e+03 2.274140000000000000e+19 3.146030753850936890e-02 -8.156729489564895630e-02
1.356963498695389490e+03 2.453066706599982354e+03 1.694744313284764303e+03 2.274340000000000000e+19 -8.614518493413925171e-02 -8.867907524108886719e-02
1.354202496287981376e+03 2.455621616391250427e+03 1.693252068473989539e+03 2.274540000000000000e+19 -1.665584929287433624e-02 -7.010983675718307495e-02
1.351435027752823544e+03 2.458171311465662711e+03 1.691762885419216445e+03 2.274740000000000000e+19 -1.024238243699073792e-01 5.568348243832588196e-02
1.348661106382495291e+03 2.460715779576647037e+03 1.690276771273206805e+03 2.274940000000000000e+19 -2.971283905208110809e-02 -6.590301543474197388e-02
1.345880745394197447e+03 2.463255008600141537e+03 1.688793733117095371e+03 2.275140000000000000e+19 1.187273766845464706e-02 7.837761938571929932e-02
1.343093958181233120e+03 2.465788986304519312e+03 1.687313778094761119e+03 2.275340000000000000e+19 6.188570708036422729e-02 -2.894376590847969055e-02
1.340300758012619326e+03 2.468317700624706504e+03 1.685836913252730255e+03 2.275540000000000000e+19 1.313943974673748016e-02 5.463248491287231445e-02
1.337734783702490404e+03 2.470631121943692960e+03 1.684485801663956408e+03 2.275740000000000000e+19 -4.385527595877647400e-02 -1.011714413762092590e-01
1.356963498695389490e+03 2.453066706599982354e+03 1.694744313284764303e+03 2.275940000000000000e+19 -7.054807990789413452e-02 6.787721067667007446e-02
1.354202496287981376e+03 2.455621616391250427e+03 1.693252068473989539e+03 2.276140000000000000e+19 9.197547286748886108e-02 2.635430358350276947e-02
1.351435027752823544e+03 2.458171311465662711e+03 1.691762885419216445e+03 2.276340000000000000e+19 5.726422369480133057e-02 -8.638120256364345551e-03
1.348661106382495291e+03 2.460715779576647037e+03 1.690276771273206805e+03 2.276540000000000000e+19 1.062338706105947495e-02 -2.761004492640495300e-02
1.345880745394197447e+03 2.463255008600141537e+03 1.688793733117095371e+03 2.276740000000000000e+19 7.972687482833862305e-02 -6.584896892309188843e-02
1.343093958181233120e+03 2.465788986304519312e+03 1.687313778094761119e+03 2.276940000000000000e+19 -2.612849883735179901e-02 -3.966554999351501465e-02
1.340300758012619326e+03 2.468317700624706504e+03 1.685836913252730255e+03 2.277140000000000000e+19 8.848425000905990601e-02 8.625875227153301239e-03
1.337734783702490404e+03 2.470631121943692960e+03 1.684485801663956408e+03 2.277340000000000000e+19 -1.417583823204040527e-01 3.274673596024513245e-02
1.329064095785501195e+03 2.478379682230937760e+03 1.679960496925691587e+03 2.277540000000000000e+19 2.778617106378078461e-02 1.523563452064990997e-02
1.326239032050437118e+03 2.480881898530060425e+03 1.678499188752807868e+03 2.277740000000000000e+19 -1.390333287417888641e-02 1.841978356242179871e-02
1.323407636072043715e+03 2.483378779170567213e+03 1.677041012970009433e+03 2.277940000000000000e+19 1.658935658633708954e-02 1.031395643949508667e-01
1.320569921331609748e+03 2.485870312263913092e+03 1.675585976520185568e+03 2.278140000000000000e+19 -4.336366429924964905e-02 -1.006998494267463684e-01
1.317725901488778163e+03 2.488356485816862460e+03 1.674134086407282666e+03 2.278340000000000000e+19 -2.820619940757751465e-02 2.668897993862628937e-02
1.314875590075048422e+03 2.490837288000520857e+03 1.672685349539200388e+03 2.278540000000000000e+19 -5.048040673136711121e-02 5.865316092967987061e-02
1.312019000810691750e+03 2.493312706873300158e+03 1.671239772889568940e+03 2.278740000000000000e+19 8.540722541511058807e-03 -5.268538370728492737e-02
1.309395036916379922e+03 2.495577170533133994e+03 1.669917402587439938e+03 2.278940000000000000e+19 -3.137650713324546814e-02 -4.041631147265434265e-02
1.329064095785501195e+03 2.478379682230937760e+03 1.679960496925691587e+03 2.279140000000000000e+19 2.832466177642345428e-02 3.289939090609550476e-02
1.326239032050437118e+03 2.480881898530060425e+03 1.678499188752807868e+03 2.279340000000000000e+19 -6.850793957710266113e-02 8.806083351373672485e-02
1.323407636072043715e+03 2.483378779170567213e+03 1.677041012970009433e+03 2.279540000000000000e+19 -5.782931670546531677e-02 -6.355573982000350952e-02
1.320569921331609748e+03 2.485870312263913092e+03 1.675585976520185568e+03 2.279740000000000000e+19 1.770047098398208618e-02 -5.101112648844718933e-02
1.317725901488778163e+03 2.488356485816862460e+03 1.674134086407282666e+03 2.279940000000000000e+19 -9.321810305118560791e-02 3.552966192364692688e-02
1.314875590075048422e+03 2.490837288000520857e+03 1.672685349539200388e+03 2.280140000000000000e+19 -2.734616398811340332e-02 -7.648371905088424683e-02
1.312019000810691750e+03 2.493312706873300158e+03 1.671239772889568940e+03 2.280340000000000000e+19 -5.661676824092864990e-02 -5.426802486181259155e-02
1.309395036916379922e+03 2.495577170533133994e+03 1.669917402587439938e+03 2.280540000000000000e+19 -3.261059522628784180e-02 -4.548452794551849365e-02
1.301010830858358077e+03 2.502751729468282974e+03 1.665727795849257518e+03 2.280740000000000000e+19 6.557320058345794678e-02 1.094853156246244907e-03
1.298124091688202270e+03 2.505200962658161643e+03 1.664297590729310059e+03 2.280940000000000000e+19 3.195201046764850616e-03 -5.356405675411224365e-02
1.295231154785915351e+03 2.507644743839438433e+03 1.662870585944225468e+03 2.281140000000000000e+19 2.076291106641292572e-02 3.946862369775772095e-02
1.292332034046796480e+03 2.510083061274333886e+03 1.661446788348073596e+03 2.281340000000000000e+19 -2.555122226476669312e-02 -5.335568636655807495e-02
1.289426743264567222e+03 2.512515903361697383e+03 1.660026204715060885e+03 2.281540000000000000e+19 2.862947061657905579e-02 5.870844423770904541e-02
1.286515296413965416e+03 2.514943258399219758e+03 1.658608841878381554e+03 2.281740000000000000e+19 1.620660163462162018e-02 3.170213103294372559e-02
1.283597707387967830e+03 2.517365114804135828e+03 1.657194706601348344e+03 2.281940000000000000e+19 1.052818149328231812e-01 1.264502406120300293e-01
1.280917944863023422e+03 2.519580379809976421e+03 1.655901215790467631e+03 2.282140000000000000e+19 -8.928995579481124878e-02 -6.584737449884414673e-02
1.301010830858358077e+03 2.502751729468282974e+03 1.665727795849257518e+03 2.282340000000000000e+19 1.342654973268508911e-01 8.346533030271530151e-02
1.298124091688202270e+03 2.505200962658161643e+03 1.664297590729310059e+03 2.282540000000000000e+19 7.351765781641006470e-02 -1.244354695081710815e-01
1.295231154785915351e+03 2.507644743839438433e+03 1.662870585944225468e+03 2.282740000000000000e+19 7.291651517152786255e-02 8.913407474756240845e-02
1.292332034046796480e+03 2.510083061274333886e+03 1.661446788348073596e+03 2.282940000000000000e+19 -4.657684266567230225e-02 -9.055715985596179962e-03
1.289426743264567222e+03 2.512515903361697383e+03 1.660026204715060885e+03 2.283140000000000000e+19 -2.997410856187343597e-02 -4.581681638956069946e-02
1.286515296413965416e+03 2.514943258399219758e+03 1.658608841878381554e+03 2.283340000000000000e+19 1.228752080351114273e-02 -6.664029508829116821e-02
1.283597707387967830e+03 2.517365114804135828e+03 1.657194706601348344e+03 2.283540000000000000e+19 -9.961542487144470215e-02 1.445895247161388397e-02
1.280917944863023422e+03 2.519580379809976421e+03 1.655901215790467631e+03 2.283740000000000000e+19 7.750135380774736404e-03 -1.036958694458007812e-01
1.271866209316892537e+03 2.526997322609914136e+03 1.651570576255278866e+03 2.283940000000000000e+19 -1.466682106256484985e-01 -2.005833433941006660e-03
1.268918119523254973e+03 2.529391512457219505e+03 1.650172680020760936e+03 2.284140000000000000e+19 7.339528203010559082e-02 1.420749002136290073e-03
1.265963971728520164e+03 2.531780134559615362e+03 1.648778051699672915e+03 2.284340000000000000e+19 3.879408352077007294e-03 1.014691661112010479e-03
1.263003780163072179e+03 2.534163177410913249e+03 1.647386698010047667e+03 2.284540000000000000e+19 -1.729098707437515259e-02 -1.193571612238883972e-01
1.260037558921446589e+03 2.536540629664596963e+03 1.645998625576602080e+03 2.284740000000000000e+19 3.892995882779359818e-03 -4.342944920063018799e-02
1.257065322219767722e+03 2.538912479926154447e+03 1.644613841052001135e+03 2.284940000000000000e+19 -8.049543946981430054e-02 2.939861640334129333e-02
1.254087084323835143e+03 2.541278716811530558e+03 1.643232351082716832e+03 2.285140000000000000e+19 3.624210506677627563e-02 -6.605859845876693726e-02
1.251351849234095425e+03 2.543442898190375217e+03 1.641968842979383908e+03 2.285340000000000000e+19 -1.046010106801986694e-02 1.394784078001976013e-02
1.271866209316892537e+03 2.526997322609914136e+03 1.651570576255278866e+03 2.285540000000000000e+19 1.340686460025608540e-03 1.915293745696544647e-02
1.268918119523254973e+03 2.529391512457219505e+03 1.650172680020760936e+03 2.285740000000000000e+19 -1.564826369285583496e-01 -7.071647793054580688e-02
1.265963971728520164e+03 2.531780134559615362e+03 1.648778051699672915e+03 2.285940000000000000e+19 -2.922058664262294769e-02 -2.522670477628707886e-02
1.263003780163072179e+03 2.534163177410913249e+03 1.647386698010047667e+03 2.286140000000000000e+19 -8.272762596607208252e-02 7.226871699094772339e-02
1.260037558921446589e+03 2.536540629664596963e+03 1.645998625576602080e+03 2.286340000000000000e+19 -8.414608240127563477e-02 -5.049322172999382019e-02
1.257065322219767722e+03 2.538912479926154447e+03 1.644613841052001135e+03 2.286540000000000000e+19 4.276210069656372070e-02 -5.231615155935287476e-02
1.254087084323835143e+03 2.541278716811530558e+03 1.643232351082716832e+03 2.286740000000000000e+19 1.265582628548145294e-02 -1.553590148687362671e-01
1.251351849234095425e+03 2.543442898190375217e+03 1.641968842979383908e+03 2.286940000000000000e+19 1.879279152490198612e-03 -5.101486667990684509e-02
1.242114405947290152e+03 2.550687304784732987e+03 1.637739468590856859e+03 2.287140000000000000e+19 -1.194182317703962326e-02 -8.157583326101303101e-02
1.239106376272318812e+03 2.553025305606158781e+03 1.636374550171199644e+03 2.287340000000000000e+19 -5.080504342913627625e-03 4.224165529012680054e-02
1.236092431350388779e+03 2.555357625511579954e+03 1.635012965737617606e+03 2.287540000000000000e+19 2.872115001082420349e-02 8.666564524173736572e-02
1.233072585532012454e+03 2.557684253396024360e+03 1.633654721773067422e+03 2.287740000000000000e+19 -7.397250831127166748e-02 2.436551265418529510e-02
1.230046853353507004e+03 2.560005178060025173e+03 1.632299824815592046e+03 2.287940000000000000e+19 -1.204688027501106262e-01 6.175621226429939270e-02
1.227015249211027594e+03 2.562320388460871072e+03 1.630948281311616938e+03 2.288140000000000000e+19 -2.113832160830497742e-02 -7.661233842372894287e-02
1.223977787697459917e+03 2.564629873454155586e+03 1.629600097766888666e+03 2.288340000000000000e+19 -2.974291332066059113e-02 -4.065814614295959473e-02
1.221188388995173227e+03 2.566741935533371816e+03 1.628367177024134207e+03 2.288540000000000000e+19 2.851452119648456573e-02 -1.423229370266199112e-02
1.242114405947290152e+03 2.550687304784732987e+03 1.637739468590856859e+03 2.288740000000000000e+19 -1.488595828413963318e-02 -3.624055162072181702e-02
1.239106376272318812e+03 2.553025305606158781e+03 1.636374550171199644e+03 2.288940000000000000e+19 -1.457518618553876877e-02 -3.868923336267471313e-02
1.236092431350388779e+03 2.555357625511579954e+03 1.635012965737617606e+03 2.289140000000000000e+19 9.901033714413642883e-03 -2.984676044434309006e-03
1.233072585532012454e+03 2.557684253396024360e+03 1.633654721773067422e+03 2.289340000000000000e+19 1.051682233810424805e-01 -1.775656826794147491e-02
1.230046853353507004e+03 2.560005178060025173e+03 1.632299824815592046e+03 2.289540000000000000e+19 -7.626081816852092743e-03 4.728905111551284790e-02
1.227015249211027594e+03 2.562320388460871072e+03 1.630948281311616938e+03 2.289740000000000000e+19 -8.844148367643356323e-02 3.471828252077102661e-02
1.223977787697459917e+03 2.564629873454155586e+03 1.629600097766888666e+03 2.289940000000000000e+19 1.720671169459819794e-02 2.914696745574474335e-02
1.221188388995173227e+03 2.566741935533371816e+03 1.628367177024134207e+03 2.290140000000000000e+19 1.236514188349246979e-02 -3.439437597990036011e-02
1.211769658562784798e+03 2.573810339106650190e+03 1.624241091749131328e+03 2.290340000000000000e+19 -7.146503031253814697e-02 1.467907521873712540e-02
1.208703128566799933e+03 2.576091032000377709e+03 1.622909804355147116e+03 2.290540000000000000e+19 5.399050936102867126e-02 3.058254346251487732e-02
1.205630828815960967e+03 2.578365933600326571e+03 1.621581915380774944e+03 2.290740000000000000e+19 3.561618179082870483e-02 -1.933226287364959717e-01
1.202552773959915612e+03 2.580635033058960289e+03 1.620257431157850306e+03 2.290940000000000000e+19 3.381789103150367737e-02 2.264934778213500977e-02
1.199468978750779797e+03 2.582898319501070091e+03 1.618936358034275599e+03 2.291140000000000000e+19 -1.193745434284210205e-02 -1.830046437680721283e-02
1.196379458000566501e+03 2.585155782055820055e+03 1.617618702355311598e+03 2.291340000000000000e+19 -1.219935938715934753e-01 1.024617478251457214e-01
1.193284226408886752e+03 2.587407409982551599e+03 1.616304470390153028e+03 2.291540000000000000e+19 -1.788469962775707245e-02 1.361070573329925537e-01
1.190441999459002318e+03 2.589466341674855812e+03 1.615102727231401559e+03 2.291740000000000000e+19 8.154840022325515747e-02 1.004588678479194641e-01
1.211769658562784798e+03 2.573810339106650190e+03 1.624241091749131328e+03 2.291940000000000000e+19 7.298439741134643555e-02 3.955822810530662537e-02
1.208703128566799933e+03 2.576091032000377709e+03 1.622909804355147116e+03 2.292140000000000000e+19 1.711039841175079346e-01 -6.228822749108076096e-03
1.205630828815960967e+03 2.578365933600326571e+03 1.621581915380774944e+03 2.292340000000000000e+19 2.805682364851236343e-03 -4.888584092259407043e-02
1.202552773959915612e+03 2.580635033058960289e+03 1.620257431157850306e+03 2.292540000000000000e+19 -8.044606447219848633e-02 1.110619530081748962e-01
1.199468978750779797e+03 2.582898319501070091e+03 1.618936358034275599e+03 2.292740000000000000e+19 -1.188494190573692322e-01 4.292226210236549377e-02
1.196379458000566501e+03 2.585155782055820055e+03 1.617618702355311598e+03 2.292940000000000000e+19 -4.536139219999313354e-02 -1.042475830763578415e-02
1.193284226408886752e+03 2.587407409982551599e+03 1.616304470390153028e+03 2.293140000000000000e+19 -1.420821901410818100e-02 2.752402983605861664e-02
1.190441999459002318e+03 2.589466341674855812e+03 1.615102727231401559e+03 2.293340000000000000e+19 5.951758101582527161e-02 -1.684216782450675964e-02
