# Baseline: 4-6
# u [m], v [m], w [m], frequency [GHz], real, imag
1.651773063032416076e+03 2.810267853257972547e+03 2.018934995291084761e+03 2.267940000000000000e+19 -7.168486714363098145e-02 9.035442024469375610e-02
1.648695353109704683e+03 2.813378211753585219e+03 2.017117954976953115e+03 2.268140000000000000e+19 1.122303772717714310e-02 -2.918681828305125237e-03
1.645609770247259348e+03 2.816482757080189003e+03 2.015304328671604935e+03 2.268340000000000000e+19 -3.528742119669914246e-02 -2.505556307733058929e-02
1.642516329190441866e+03 2.819581474401908963e+03 2.013494125041914913e+03 2.268540000000000000e+19 -5.074708606116473675e-04 1.962082646787166595e-02
1.640191345086546335e+03 2.821901861812204970e+03 2.012138616210891541e+03 2.268740000000000000e+19 -2.380237448960542679e-03 -2.893436700105667114e-02
1.636305931748389185e+03 2.825761365739721441e+03 2.009884020445882697e+03 2.268940000000000000e+19 1.726386100053787231e-01 2.527249604463577271e-02
1.633189005149622972e+03 2.828842510116070116e+03 2.008084136794153892e+03 2.269140000000000000e+19 -5.035395268350839615e-03 2.301269024610519409e-01
1.629282196717441138e+03 2.832685899381478521e+03 2.005839004421070513e+03 2.269340000000000000e+19 -1.429145187139511108e-01 -1.226913556456565857e-02
1.651773063032416076e+03 2.810267853257972547e+03 2.018934995291084761e+03 2.269540000000000000e+19 3.426776826381683350e-02 -2.525267004966735840e-02
1.648695353109704683e+03 2.813378211753585219e+03 2.017117954976953115e+03 2.269740000000000000e+19 4.693940281867980957e-02 7.633994519710540771e-02
1.645609770247259348e+03 2.816482757080189003e+03 2.015304328671604935e+03 2.269940000000000000e+19 -3.954984247684478760e-02 7.595067471265792847e-02
1.642516329190441866e+03 2.819581474401908963e+03 2.013494125041914913e+03 2.270140000000000000e+19 -3.383460268378257751e-02 -1.860226392745971680e-01
1.640191345086546335e+03 2.821901861812204970e+03 2.012138616210891541e+03 2.270340000000000000e+19 -5.009106546640396118e-02 -1.104540824890136719e-01
1.636305931748389185e+03 2.825761365739721441e+03 2.009884020445882697e+03 2.270540000000000000e+19 2.483666874468326569e-02 5.236872658133506775e-02
1.633189005149622972e+03 2.828842510116070116e+03 2.008084136794153892e+03 2.270740000000000000e+19 2.079620398581027985e-02 5.076407268643379211e-02
1.629282196717441138e+03 2.832685899381478521e+03 2.005839004421070513e+03 2.270940000000000000e+19 -2.352736331522464752e-02 1.896501332521438599e-02
1.620643460941676040e+03 2.841108069055922897e+03 2.000919260359674354e+03 2.271140000000000000e+19 -6.383724510669708252e-02 -2.900023944675922394e-02
1.617487690496677942e+03 2.844159630763795576e+03 1.999136748662070204e+03 2.271340000000000000e+19 -9.849677234888076782e-02 6.626238673925399780e-02
1.614324196486114943e+03 2.847205231969912347e+03 1.997357737038716778e+03 2.271540000000000000e+19 9.835446625947952271e-02 2.864341251552104950e-02
1.611152994005657774e+03 2.850244858141317764e+03 1.995582233978662543e+03 2.271740000000000000e+19 1.041029207408428192e-02 2.957692928612232208e-02
1.607974098242916170e+03 2.853278494720582785e+03 1.993810247985168417e+03 2.271940000000000000e+19 -3.701069951057434082e-02 5.233832448720932007e-02
1.604787524411233562e+03 2.856306127189499421e+03 1.992041787538493963e+03 2.272140000000000000e+19 -1.438989490270614624e-02 -7.416320592164993286e-02
1.601593287771925816e+03 2.859327741048146436e+03 1.990276861108127605e+03 2.272340000000000000e+19 2.786929160356521606e-02 -3.897018358111381531e-02
1.598658616161817690e+03 2.862092331229966021e+03 1.988662078411430912e+03 2.272540000000000000e+19 2.100921794772148132e-02 6.619071960449218750e-02
1.620643460941676040e+03 2.841108069055922897e+03 2.000919260359674354e+03 2.272740000000000000e+19 -2.451772987842559814e-02 -2.506083343178033829e-03
1.617487690496677942e+03 2.844159630763795576e+03 1.999136748662070204e+03 2.272940000000000000e+19 1.338934991508722305e-02 5.068168044090270996e-02
1.614324196486114943e+03 2.847205231969912347e+03 1.997357737038716778e+03 2.273140000000000000e+19 -3.108851052820682526e-02 2.936895750463008881e-02
1.611152994005657774e+03 2.850244858141317764e+03 1.995582233978662543e+03 2.273340000000000000e+19 6.330107152462005615e-02 -4.695112351328134537e-03
1.607974098242916170e+03 2.853278494720582785e+03 1.993810247985168417e+03 2.273540000000000000e+19 3.470504283905029297e-02 3.575931489467620850e-02
1.604787524411233562e+03 2.856306127189499421e+03 1.992041787538493963e+03 2.273740000000000000e+19 -1.592872478067874908e-02 -2.460723742842674255e-02
1.601593287771925816e+03 2.859327741048146436e+03 1.990276861108127605e+03 2.273940000000000000e+19 4.925283789634704590e-02 2.399293519556522369e-02
1.598658616161817690e+03 2.862092331229966021e+03 1.988662078411430912e+03 2.274140000000000000e+19 -1.085824519395828247e-01 2.463532425463199615e-02
1.588740019244098221e+03 2.871353721768432024e+03 1.983252664126421450e+03 2.274340000000000000e+19 1.324974000453948975e-01 -1.008023135364055634e-02
1.585507698555028355e+03 2.874345026286707707e+03 1.981505534110212238e+03 2.274540000000000000e+19 -7.178463041782379150e-02 6.373911350965499878e-02
1.582267807281685464e+03 2.877330225907068780e+03 1.979761988509579396e+03 2.274740000000000000e+19 2.930150181055068970e-02 -5.354104191064834595e-02
1.579020360985768320e+03 2.880309306291149369e+03 1.978022035699026446e+03 2.274940000000000000e+19 -7.731057703495025635e-02 -1.315536946058273315e-01
1.575765375140732885e+03 2.883282253244017738e+03 1.976285683969194451e+03 2.275140000000000000e+19 1.989379525184631348e-02 6.167238205671310425e-02
1.572502865426202334e+03 2.886249052444797144e+03 1.974552941684187317e+03 2.275340000000000000e+19 -3.117377124726772308e-02 -1.262978613376617432e-01
1.569232847376299560e+03 2.889209689767615600e+03 1.972823817094131755e+03 2.275540000000000000e+19 8.692611008882522583e-02 5.335141438990831375e-03
1.566228843594245518e+03 2.891918260920985631e+03 1.971241925099655873e+03 2.275740000000000000e+19 -3.313634544610977173e-02 -3.041528910398483276e-02
1.588740019244098221e+03 2.871353721768432024e+03 1.983252664126421450e+03 2.275940000000000000e+19 6.502766627818346024e-03 2.415628544986248016e-02
1.585507698555028355e+03 2.874345026286707707e+03 1.981505534110212238e+03 2.276140000000000000e+19 7.890822738409042358e-02 -4.731248691678047180e-02
1.582267807281685464e+03 2.877330225907068780e+03 1.979761988509579396e+03 2.276340000000000000e+19 4.207393154501914978e-02 2.048637121915817261e-01
1.579020360985768320e+03 2.880309306291149369e+03 1.978022035699026446e+03 2.276540000000000000e+19 -6.084577366709709167e-02 8.401434123516082764e-02
1.575765375140732885e+03 2.883282253244017738e+03 1.976285683969194451e+03 2.276740000000000000e+19 2.293750084936618805e-02 1.294887363910675049e-01
1.572502865426202334e+03 2.886249052444797144e+03 1.974552941684187317e+03 2.276940000000000000e+19 -4.687429964542388916e-02 1.029515117406845093e-01
1.569232847376299560e+03 2.889209689767615600e+03 1.972823817094131755e+03 2.277140000000000000e+19 -1.411591470241546631e-01 8.054765313863754272e-02
1.566228843594245518e+03 2.891918260920985631e+03 1.971241925099655873e+03 2.277340000000000000e+19 5.090408027172088623e-02 1.580011448822915554e-03
1.556078005576890064e+03 2.900990337139831354e+03 1.965943661046022044e+03 2.277540000000000000e+19 -2.259583270642906427e-04 1.700931638479232788e-01
1.552770681410181851e+03 2.903919953039447137e+03 1.964232748764295593e+03 2.277740000000000000e+19 3.910112380981445312e-02 6.459695100784301758e-02
1.549455943398598947e+03 2.906843322441633518e+03 1.962525503597076522e+03 2.277940000000000000e+19 -1.036867275834083557e-01 -2.490383759140968323e-02
1.546133807324795725e+03 2.909760431427181175e+03 1.960821933673159720e+03 2.278140000000000000e+19 -3.856374695897102356e-02 -3.525941073894500732e-02
1.542804289180227443e+03 2.912671265954301361e+03 1.959122047192831360e+03 2.278340000000000000e+19 2.934205345809459686e-02 3.763133659958839417e-02
1.539467404806335480e+03 2.915575812173620307e+03 1.957425852243923146e+03 2.278540000000000000e+19 1.969204843044281006e-01 -7.507973164319992065e-02
1.536123170265561384e+03 2.918474056103812018e+03 1.955733356991228675e+03 2.278740000000000000e+19 3.309120610356330872e-02 1.125472337007522583e-01
1.533051271774784482e+03 2.921125312136397497e+03 1.954185112657245554e+03 2.278940000000000000e+19 -3.373489156365394592e-02 1.434234827756881714e-01
1.556078005576890064e+03 2.900990337139831354e+03 1.965943661046022044e+03 2.279140000000000000e+19 -1.148153394460678101e-01 -2.612265758216381073e-02
1.552770681410181851e+03 2.903919953039447137e+03 1.964232748764295593e+03 2.279340000000000000e+19 9.695754200220108032e-02 6.511192023754119873e-02
1.549455943398598947e+03 2.906843322441633518e+03 1.962525503597076522e+03 2.279540000000000000e+19 -1.079911831766366959e-02 4.649993404746055603e-02
1.546133807324795725e+03 2.909760431427181175e+03 1.960821933673159720e+03 2.279740000000000000e+19 -1.295762602239847183e-02 -7.721493951976299286e-03
1.542804289180227443e+03 2.912671265954301361e+03 1.959122047192831360e+03 2.279940000000000000e+19 -1.610958366654813290e-03 -1.746918819844722748e-02
1.539467404806335480e+03 2.915575812173620307e+03 1.957425852243923146e+03 2.280140000000000000e+19 -8.689989894628524780e-02 -3.454494103789329529e-02
1.536123170265561384e+03 2.918474056103812018e+03 1.955733356991228675e+03 2.280340000000000000e+19 4.780127480626106262e-02 3.011826612055301666e-02
1.533051271774784482e+03 2.921125312136397497e+03 1.954185112657245554e+03 2.280540000000000000e+19 -1.575903035700321198e-02 4.944505169987678528e-02
1.523235801631082950e+03 2.929525358443648656e+03 1.949279877516507668e+03 2.280740000000000000e+19 -8.104249835014343262e-02 -6.540997326374053955e-02
1.519856267276124072e+03 2.932392946549059616e+03 1.947605377861924808e+03 2.280940000000000000e+19 5.602028593420982361e-02 4.220980405807495117e-02
1.516469476549764067e+03 2.935254151933362209e+03 1.945934624872264067e+03 2.281140000000000000e+19 -3.959900885820388794e-02 -6.198880076408386230e-02
1.513075445719369554e+03 2.938108960853837289e+03 1.944267626572345989e+03 2.281340000000000000e+19 1.428519934415817261e-01 1.085179299116134644e-01
1.509674190933395721e+03 2.940957359727730363e+03 1.942604390893488016e+03 2.281540000000000000e+19 -7.748360931873321533e-02 -6.006795912981033325e-02
1.506265728552215023e+03 2.943799334853847085e+03 1.940944925836073025e+03 2.281740000000000000e+19 1.087599322199821472e-01 1.324795037508010864e-01
1.502850074840487196e+03 2.946634872670952063e+03 1.939289239318666660e+03 2.281940000000000000e+19 -1.705760061740875244e-01 -7.326091825962066650e-02
1.499712846706517894e+03 2.949228531340637801e+03 1.937774804505236716e+03 2.282140000000000000e+19 -5.980300903320312500e-02 1.630981713533401489e-01
1.523235801631082950e+03 2.929525358443648656e+03 1.949279877516507668e+03 2.282340000000000000e+19 -1.772076077759265900e-02 -5.635279044508934021e-02
1.519856267276124072e+03 2.932392946549059616e+03 1.947605377861924808e+03 2.282540000000000000e+19 2.241541258990764618e-02 5.131494626402854919e-02
1.516469476549764067e+03 2.935254151933362209e+03 1.945934624872264067e+03 2.282740000000000000e+19 -4.958588257431983948e-02 4.634127020835876465e-02
1.513075445719369554e+03 2.938108960853837289e+03 1.944267626572345989e+03 2.282940000000000000e+19 5.672998353838920593e-02 1.498182490468025208e-02
1.509674190933395721e+03 2.940957359727730363e+03 1.942604390893488016e+03 2.283140000000000000e+19 -1.092667281627655029e-01 -2.699458273127675056e-04
1.506265728552215023e+03 2.943799334853847085e+03 1.940944925836073025e+03 2.283340000000000000e+19 -3.446046961471438408e-03 -6.752786040306091309e-02
1.502850074840487196e+03 2.946634872670952063e+03 1.939289239318666660e+03 2.283540000000000000e+19 -4.347424954175949097e-02 -2.379013039171695709e-02
1.499712846706517894e+03 2.949228531340637801e+03 1.937774804505236716e+03 2.283740000000000000e+19 -1.027508005499839783e-01 -1.213618554174900055e-02
1.489115874237727439e+03 2.957912379820563729e+03 1.932704436902654834e+03 2.283940000000000000e+19 -6.190622225403785706e-03 -1.292867362499237061e-01
1.485664509850645118e+03 2.960715528080155309e+03 1.931067761623343813e+03 2.284140000000000000e+19 -3.607795014977455139e-02 1.439510285854339600e-01
1.482206052676841182e+03 2.963512158113202531e+03 1.929434912130758221e+03 2.284340000000000000e+19 3.198944032192230225e-02 5.901135131716728210e-02
1.478740519376001430e+03 2.966302256448108892e+03 1.927805896290459714e+03 2.284540000000000000e+19 6.632070243358612061e-02 -5.716472398489713669e-03
1.475267926448774233e+03 2.969085809800221796e+03 1.926180721858758488e+03 2.284740000000000000e+19 3.582832589745521545e-02 -4.768978804349899292e-02
1.471788290538157980e+03 2.971862804828693243e+03 1.924559396624686087e+03 2.284940000000000000e+19 1.292776223272085190e-02 4.313400015234947205e-02
1.468301628345307563e+03 2.974633228204912484e+03 1.922941928370026289e+03 2.285140000000000000e+19 8.191989362239837646e-02 9.108775109052658081e-02
1.465099452202891143e+03 2.977167082647703410e+03 1.921462594686424154e+03 2.285340000000000000e+19 -3.211384266614913940e-02 7.607904821634292603e-02
1.489115874237727439e+03 2.957912379820563729e+03 1.932704436902654834e+03 2.285540000000000000e+19 8.735086768865585327e-02 5.846594274044036865e-02
1.485664509850645118e+03 2.960715528080155309e+03 1.931067761623343813e+03 2.285740000000000000e+19 -4.002102091908454895e-02 3.025237470865249634e-03
1.482206052676841182e+03 2.963512158113202531e+03 1.929434912130758221e+03 2.285940000000000000e+19 -3.669215599074959755e-03 -1.649178713560104370e-01
1.478740519376001430e+03 2.966302256448108892e+03 1.927805896290459714e+03 2.286140000000000000e+19 3.360008075833320618e-02 -5.675232410430908203e-02
1.475267926448774233e+03 2.969085809800221796e+03 1.926180721858758488e+03 2.286340000000000000e+19 1.059224829077720642e-01 -4.959162324666976929e-02
1.471788290538157980e+03 2.971862804828693243e+03 1.924559396624686087e+03 2.286540000000000000e+19 1.536806970834732056e-01 2.943221479654312134e-02
1.468301628345307563e+03 2.974633228204912484e+03 1.922941928370026289e+03 2.286740000000000000e+19 -6.049025058746337891e-02 -3.115582838654518127e-02
1.465099452202891143e+03 2.977167082647703410e+03 1.921462594686424154e+03 2.286940000000000000e+19 -8.443897962570190430e-02 1.387916709063574672e-04
1.454285050580137067e+03 2.985648940809830037e+03 1.916510779496454916e+03 2.287140000000000000e+19 3.565118089318275452e-02 -4.765278100967407227e-02
1.450763507733831602e+03 2.988386307842856240e+03 1.914912711783782470e+03 2.287340000000000000e+19 4.731201753020286560e-02 -5.081633478403091431e-02
1.447235039224962520e+03 2.991117024147016309e+03 1.913318547216643310e+03 2.287540000000000000e+19 -1.813704147934913635e-03 -4.192338883876800537e-02
1.443699661853879434e+03 2.993841076720437741e+03 1.911728293385385086e+03 2.287740000000000000e+19 5.160368606448173523e-02 -6.401403248310089111e-02
1.440157392638461715e+03 2.996558452450606183e+03 1.910141957944853630e+03 2.287940000000000000e+19 6.623929738998413086e-02 -1.831837296485900879e-01
1.436608248432498613e+03 2.999269138408541494e+03 1.908559548442630557e+03 2.288140000000000000e+19 3.175343945622444153e-02 9.124883264303207397e-02
1.433052246320099584e+03 3.001973121546190214e+03 1.906981072495749004e+03 2.288340000000000000e+19 -3.496697917580604553e-02 8.904868364334106445e-02
1.429786654577063700e+03 3.004445959181789476e+03 1.905537547878546775e+03 2.288540000000000000e+19 1.025360301136970520e-01 1.483463943004608154e-01
1.454285050580137067e+03 2.985648940809830037e+03 1.916510779496454916e+03 2.288740000000000000e+19 1.330064795911312103e-02 -9.181369841098785400e-02
1.450763507733831602e+03 2.988386307842856240e+03 1.914912711783782470e+03 2.288940000000000000e+19 2.800825797021389008e-02 -6.991594284772872925e-02
1.447235039224962520e+03 2.991117024147016309e+03 1.913318547216643310e+03 2.289140000000000000e+19 4.619891289621591568e-03 -2.757511101663112640e-03
1.443699661853879434e+03 2.993841076720437741e+03 1.911728293385385086e+03 2.289340000000000000e+19 -9.739018976688385010e-02 -2.046614140272140503e-02
1.440157392638461715e+03 2.996558452450606183e+03 1.910141957944853630e+03 2.289540000000000000e+19 -2.872440963983535767e-02 -5.940878018736839294e-02
1.436608248432498613e+03 2.999269138408541494e+03 1.908559548442630557e+03 2.289740000000000000e+19 3.469317778944969177e-02 -1.064915508031845093e-01
1.433052246320099584e+03 3.001973121546190214e+03 1.906981072495749004e+03 2.289940000000000000e+19 -4.181919246912002563e-02 -1.715323776006698608e-01
1.429786654577063700e+03 3.004445959181789476e+03 1.905537547878546775e+03 2.290140000000000000e+19 9.487716853618621826e-02 1.811338402330875397e-02
1.418759999051685554e+03 3.012721768027362486e+03 1.900706654792054678e+03 2.290340000000000000e+19 -4.819735139608383179e-02 1.031072065234184265e-02
1.415169963059765450e+03 3.015392043806501988e+03 1.899147959435398889e+03 2.290540000000000000e+19 -1.851281709969043732e-02 -1.790174399502575397e-03
1.411573171735102505e+03 3.018055539624641369e+03 1.897593242664152058e+03 2.290740000000000000e+19 9.128339588642120361e-03 1.355205010622739792e-02
1.407969642228277735e+03 3.020712242781292844e+03 1.896042511891743288e+03 2.290940000000000000e+19 -1.361305564641952515e-01 9.797600656747817993e-02
1.404359391809835415e+03 3.023362140543559690e+03 1.894495774550415035e+03 2.291140000000000000e+19 -6.156726926565170288e-02 5.708885937929153442e-02
1.400742437820446185e+03 3.026005220183667006e+03 1.892953038069318154e+03 2.291340000000000000e+19 8.214184641838073730e-02 -3.393469005823135376e-02
1.397118797469192486e+03 3.028641469126250286e+03 1.891414309788545779e+03 2.291540000000000000e+19 -8.429098874330520630e-02 -9.347859025001525879e-02
1.393791353457716923e+03 3.031052106156738319e+03 1.890007285281388022e+03 2.291740000000000000e+19 -9.132458362728357315e-04 -9.644253551959991455e-02
1.418759999051685554e+03 3.012721768027362486e+03 1.900706654792054678e+03 2.291940000000000000e+19 -1.046065464615821838e-01 5.674646794795989990e-02
1.415169963059765450e+03 3.015392043806501988e+03 1.899147959435398889e+03 2.292140000000000000e+19 -2.524408698081970215e-02 1.252076029777526855e-01
1.411573171735102505e+03 3.018055539624641369e+03 1.897593242664152058e+03 2.292340000000000000e+19 -9.156554006040096283e-03 9.477793425321578979e-02
1.407969642228277735e+03 3.020712242781292844e+03 1.896042511891743288e+03 2.292540000000000000e+19 -1.339908540248870850e-01 -1.779039623215794563e-03
1.404359391809835415e+03 3.023362140543559690e+03 1.894495774550415035e+03 2.292740000000000000e+19 9.838932752609252930e-02 -8.797331154346466064e-02
1.400742437820446185e+03 3.026005220183667006e+03 1.892953038069318154e+03 2.292940000000000000e+19 -2.330249175429344177e-02 -1.352185606956481934e-01
1.397118797469192486e+03 3.028641469126250286e+03 1.891414309788545779e+03 2.293140000000000000e+19 1.080517936497926712e-02 -3.390895947813987732e-02
1.393791353457716923e+03 3.031052106156738319e+03 1.890007285281388022e+03 2.293340000000000000e+19 4.000351950526237488e-02 7.837504893541336060e-02
