# Baseline: 5-19
# u [m], v [m], w [m], frequency [GHz], real, imag
-1.242200216390549713e+03 -2.320504047480486861e+03 -1.543131122780848500e+03 2.267940000000000000e+19 5.852636694908142090e-02 -5.950871109962463379e-02
-1.239522163354052964e+03 -2.322842757966138834e+03 -1.541765352570656887e+03 2.268140000000000000e+19 -1.125563681125640869e-01 3.753905743360519409e-02
-1.236838191977380802e+03 -2.325176410497633697e+03 -1.540402551608006888e+03 2.268340000000000000e+19 1.006202697753906250e-01 -2.767245844006538391e-02
-1.234148315086669072e+03 -2.327504993923012080e+03 -1.539042726405382837e+03 2.268540000000000000e+19 -5.528106540441513062e-02 4.780717659741640091e-03
-1.232127223481313422e+03 -2.329248257230216950e+03 -1.538024720898430814e+03 2.268740000000000000e+19 1.733528524637222290e-01 -1.059544831514358521e-01
-1.228750896283186876e+03 -2.332146908903475833e+03 -1.536332029297148665e+03 2.268940000000000000e+19 -5.976019054651260376e-02 1.941582374274730682e-02
-1.226043380257626723e+03 -2.334460218195217749e+03 -1.534981170392442436e+03 2.269140000000000000e+19 -2.322162128984928131e-02 -2.715949900448322296e-03
-1.222650991152706411e+03 -2.337344870387118135e+03 -1.533296696697222615e+03 2.269340000000000000e+19 -9.238046407699584961e-02 3.640405088663101196e-02
-1.242200216390549713e+03 -2.320504047480486861e+03 -1.543131122780848500e+03 2.269540000000000000e+19 -3.985689580440521240e-02 -1.122766137123107910e-01
-1.239522163354052964e+03 -2.322842757966138834e+03 -1.541765352570656887e+03 2.269740000000000000e+19 -1.833125762641429901e-02 1.025314405560493469e-01
-1.236838191977380802e+03 -2.325176410497633697e+03 -1.540402551608006888e+03 2.269940000000000000e+19 4.300016537308692932e-02 -1.370011270046234131e-02
-1.234148315086669072e+03 -2.327504993923012080e+03 -1.539042726405382837e+03 2.270140000000000000e+19 -1.237792298197746277e-01 -1.370900962501764297e-02
-1.232127223481313422e+03 -2.329248257230216950e+03 -1.538024720898430814e+03 2.270340000000000000e+19 9.526026993989944458e-02 -8.949649333953857422e-02
-1.228750896283186876e+03 -2.332146908903475833e+03 -1.536332029297148665e+03 2.270540000000000000e+19 7.504495233297348022e-02 3.696333616971969604e-02
-1.226043380257626723e+03 -2.334460218195217749e+03 -1.534981170392442436e+03 2.270740000000000000e+19 -4.131144285202026367e-02 2.114294655621051788e-02
-1.222650991152706411e+03 -2.337344870387118135e+03 -1.533296696697222615e+03 2.270940000000000000e+19 1.955387294292449951e-01 4.801033437252044678e-02
-1.215154907601937566e+03 -2.343662209676649582e+03 -1.529607816250175119e+03 2.271140000000000000e+19 6.184509024024009705e-02 -6.256039440631866455e-02
-1.212418252445614598e+03 -2.345949841069425020e+03 -1.528272030232879843e+03 2.271340000000000000e+19 1.876177382655441761e-03 2.308350615203380585e-02
-1.209675808680759928e+03 -2.348232303907938785e+03 -1.526939278047682592e+03 2.271540000000000000e+19 -1.427995860576629639e-01 -1.295411288738250732e-01
-1.206927589393850894e+03 -2.350509587300778094e+03 -1.525609566054175730e+03 2.271740000000000000e+19 -6.472132354974746704e-02 5.672291666269302368e-02
-1.204173607746731477e+03 -2.352781680341540323e+03 -1.524282900620629789e+03 2.271940000000000000e+19 1.919290795922279358e-02 -1.063970923423767090e-01
-1.201413876919222503e+03 -2.355048572156566934e+03 -1.522959288096117461e+03 2.272140000000000000e+19 4.348440095782279968e-02 1.454393751919269562e-02
-1.198648410128365185e+03 -2.357310251889281062e+03 -1.521638734819661522e+03 2.272340000000000000e+19 5.713200569152832031e-02 -6.083827465772628784e-02
-1.196108443996046844e+03 -2.359378937042402413e+03 -1.520430881394806192e+03 2.272540000000000000e+19 -2.872922923415899277e-03 -6.440036743879318237e-02
-1.215154907601937566e+03 -2.343662209676649582e+03 -1.529607816250175119e+03 2.272740000000000000e+19 2.854086272418498993e-02 -2.317858673632144928e-02
-1.212418252445614598e+03 -2.345949841069425020e+03 -1.528272030232879843e+03 2.272940000000000000e+19 5.170512571930885315e-02 -3.467351198196411133e-02
-1.209675808680759928e+03 -2.348232303907938785e+03 -1.526939278047682592e+03 2.273140000000000000e+19 -3.255567327141761780e-02 6.900394801050424576e-03
-1.206927589393850894e+03 -2.350509587300778094e+03 -1.525609566054175730e+03 2.273340000000000000e+19 -8.657348901033401489e-02 2.189049962908029556e-03
-1.204173607746731477e+03 -2.352781680341540323e+03 -1.524282900620629789e+03 2.273540000000000000e+19 -9.548155218362808228e-02 3.376572951674461365e-02
-1.201413876919222503e+03 -2.355048572156566934e+03 -1.522959288096117461e+03 2.273740000000000000e+19 -2.412327937781810760e-02 6.891317665576934814e-03
-1.198648410128365185e+03 -2.357310251889281062e+03 -1.521638734819661522e+03 2.273940000000000000e+19 -6.715529412031173706e-02 -7.371926307678222656e-02
-1.196108443996046844e+03 -2.359378937042402413e+03 -1.520430881394806192e+03 2.274140000000000000e+19 5.027327314019203186e-02 3.499747812747955322e-02
-1.187529448283402871e+03 -2.366304634021784750e+03 -1.516387240297049857e+03 2.274340000000000000e+19 4.928251728415489197e-02 -6.888696551322937012e-02
-1.184735500706279026e+03 -2.368540091518189456e+03 -1.515082077745709284e+03 2.274540000000000000e+19 4.865558445453643799e-02 7.869824767112731934e-02
-1.181935896945360355e+03 -2.370770272396661312e+03 -1.513780012122387234e+03 2.274740000000000000e+19 2.740039676427841187e-02 3.820003010332584381e-03
-1.179130650447574453e+03 -2.372995165945302688e+03 -1.512481049681091918e+03 2.274940000000000000e+19 2.165762893855571747e-02 -3.683904930949211121e-02
-1.176319774579393425e+03 -2.375214761562773674e+03 -1.511185196611209676e+03 2.275140000000000000e+19 9.206811338663101196e-02 9.871638379991054535e-03
-1.173503282881103587e+03 -2.377429048557148235e+03 -1.509892459154933249e+03 2.275340000000000000e+19 6.772287189960479736e-02 -1.782654970884323120e-02
-1.170681188763138607e+03 -2.379638016385516949e+03 -1.508602843467378761e+03 2.275540000000000000e+19 -2.785480208694934845e-02 -4.139009490609169006e-02
-1.168089430162073086e+03 -2.381658289735789367e+03 -1.507423403537761487e+03 2.275740000000000000e+19 -4.074439033865928650e-02 8.574634790420532227e-02
-1.187529448283402871e+03 -2.366304634021784750e+03 -1.516387240297049857e+03 2.275940000000000000e+19 1.377532910555601120e-02 -2.712214132770895958e-03
-1.184735500706279026e+03 -2.368540091518189456e+03 -1.515082077745709284e+03 2.276140000000000000e+19 -5.054283514618873596e-02 5.005257949233055115e-02
-1.181935896945360355e+03 -2.370770272396661312e+03 -1.513780012122387234e+03 2.276340000000000000e+19 3.241870552301406860e-02 -7.590439915657043457e-02
-1.179130650447574453e+03 -2.372995165945302688e+03 -1.512481049681091918e+03 2.276540000000000000e+19 -5.095055699348449707e-02 3.403109312057495117e-02
-1.176319774579393425e+03 -2.375214761562773674e+03 -1.511185196611209676e+03 2.276740000000000000e+19 -2.953929454088211060e-02 -1.763090491294860840e-02
-1.173503282881103587e+03 -2.377429048557148235e+03 -1.509892459154933249e+03 2.276940000000000000e+19 -8.258500695228576660e-02 2.487589791417121887e-02
-1.170681188763138607e+03 -2.379638016385516949e+03 -1.508602843467378761e+03 2.277140000000000000e+19 9.401421993970870972e-02 -4.704220965504646301e-02
-1.168089430162073086e+03 -2.381658289735789367e+03 -1.507423403537761487e+03 2.277340000000000000e+19 -1.828397437930107117e-02 3.217359632253646851e-02
-1.159337058807773928e+03 -2.388420484836896776e+03 -1.503475721704701300e+03 2.277540000000000000e+19 -1.847875863313674927e-02 1.650999998673796654e-03
-1.156487155800734627e+03 -2.390602698703572514e+03 -1.502201807177764067e+03 2.277740000000000000e+19 -5.226118490099906921e-02 8.201328665018081665e-02
-1.153631731858253033e+03 -2.392779530320473441e+03 -1.500931051247199321e+03 2.277940000000000000e+19 5.148760974407196045e-02 -1.657988317310810089e-02
-1.150770800576022566e+03 -2.394950969322924266e+03 -1.499663459963521518e+03 2.278140000000000000e+19 3.844662383198738098e-02 1.322142127901315689e-02
-1.147904375725439422e+03 -2.397117005258493919e+03 -1.498399039428393735e+03 2.278340000000000000e+19 -2.993424050509929657e-02 8.031911402940750122e-02
-1.145032470944600846e+03 -2.399277627821463739e+03 -1.497137795657757124e+03 2.278540000000000000e+19 6.225128658115863800e-03 -3.107566945254802704e-02
-1.142155100057719437e+03 -2.401432826611461223e+03 -1.495879734722723697e+03 2.278740000000000000e+19 -6.873847544193267822e-02 -1.031017303466796875e-02
-1.139512789185120482e+03 -2.403403721427577693e+03 -1.494729272667319265e+03 2.278940000000000000e+19 1.673704683780670166e-01 6.785568594932556152e-02
-1.159337058807773928e+03 -2.388420484836896776e+03 -1.503475721704701300e+03 2.279140000000000000e+19 3.686402365565299988e-02 -2.061698772013187408e-02
-1.156487155800734627e+03 -2.390602698703572514e+03 -1.502201807177764067e+03 2.279340000000000000e+19 6.155251711606979370e-02 -1.619941368699073792e-02
-1.153631731858253033e+03 -2.392779530320473441e+03 -1.500931051247199321e+03 2.279540000000000000e+19 3.489746898412704468e-02 5.020219832658767700e-02
-1.150770800576022566e+03 -2.394950969322924266e+03 -1.499663459963521518e+03 2.279740000000000000e+19 1.307576429098844528e-02 -1.119323521852493286e-01
-1.147904375725439422e+03 -2.397117005258493919e+03 -1.498399039428393735e+03 2.279940000000000000e+19 2.692428417503833771e-02 -3.240991756319999695e-02
-1.145032470944600846e+03 -2.399277627821463739e+03 -1.497137795657757124e+03 2.280140000000000000e+19 1.287706941366195679e-01 -3.631270676851272583e-02
-1.142155100057719437e+03 -2.401432826611461223e+03 -1.495879734722723697e+03 2.280340000000000000e+19 4.751464724540710449e-02 -1.952223293483257294e-02
-1.139512789185120482e+03 -2.403403721427577693e+03 -1.494729272667319265e+03 2.280540000000000000e+19 -6.869135424494743347e-03 -2.945582941174507141e-02
-1.131074788869313352e+03 -2.409643991611477759e+03 -1.491086761306661174e+03 2.280740000000000000e+19 -2.275893278419971466e-02 4.133045673370361328e-02
-1.128171192839163950e+03 -2.411772830733998489e+03 -1.489844168579464622e+03 2.280940000000000000e+19 -1.867129118181765079e-03 -1.244668811559677124e-01
-1.125262211346483127e+03 -2.413896186322268022e+03 -1.488604793571323171e+03 2.281140000000000000e+19 2.798734931275248528e-03 1.025992110371589661e-01
-1.122347858363623800e+03 -2.416014048177555651e+03 -1.487368642235092693e+03 2.281340000000000000e+19 -1.076902262866497040e-02 -1.469852179288864136e-01
-1.119428147756770613e+03 -2.418126406223403137e+03 -1.486135720452182795e+03 2.281540000000000000e+19 8.691009879112243652e-02 1.363562643527984619e-01
-1.116503093570029705e+03 -2.420233250299063457e+03 -1.484906034153111477e+03 2.281740000000000000e+19 -6.533437967300415039e-02 -1.415201723575592041e-01
-1.113572709761291662e+03 -2.422334570351191360e+03 -1.483679589205636830e+03 2.281940000000000000e+19 -4.860798269510269165e-02 2.094361037015914917e-01
-1.110881922197121639e+03 -2.424255989661018248e+03 -1.482558159056604836e+03 2.282140000000000000e+19 -3.241611272096633911e-02 -6.251545250415802002e-02
-1.131074788869313352e+03 -2.409643991611477759e+03 -1.491086761306661174e+03 2.282340000000000000e+19 -6.328559666872024536e-02 2.084244340658187866e-01
-1.128171192839163950e+03 -2.411772830733998489e+03 -1.489844168579464622e+03 2.282540000000000000e+19 1.860351068899035454e-03 -4.751786589622497559e-02
-1.125262211346483127e+03 -2.413896186322268022e+03 -1.488604793571323171e+03 2.282740000000000000e+19 1.563701406121253967e-02 7.154096662998199463e-02
-1.122347858363623800e+03 -2.416014048177555651e+03 -1.487368642235092693e+03 2.282940000000000000e+19 -1.540532894432544708e-02 -5.221874266862869263e-02
-1.119428147756770613e+03 -2.418126406223403137e+03 -1.486135720452182795e+03 2.283140000000000000e+19 -6.129939481616020203e-02 -7.325666397809982300e-02
-1.116503093570029705e+03 -2.420233250299063457e+03 -1.484906034153111477e+03 2.283340000000000000e+19 -1.275772880762815475e-02 1.925577409565448761e-02
-1.113572709761291662e+03 -2.422334570351191360e+03 -1.483679589205636830e+03 2.283540000000000000e+19 -6.910700350999832153e-02 3.907456621527671814e-02
-1.110881922197121639e+03 -2.424255989661018248e+03 -1.482558159056604836e+03 2.283740000000000000e+19 4.028246551752090454e-02 -7.749164104461669922e-02
-1.101798159260014017e+03 -2.430684409528316337e+03 -1.478806340125779116e+03 2.283940000000000000e+19 -4.569547716528177261e-03 9.583168476819992065e-02
-1.098841338291653756e+03 -2.432757959089347878e+03 -1.477596189700618424e+03 2.284140000000000000e+19 6.169174984097480774e-02 9.661148488521575928e-02
-1.095879272184539332e+03 -2.434825924715658402e+03 -1.476389315593194851e+03 2.284340000000000000e+19 -4.144171625375747681e-02 1.106822863221168518e-01
-1.092911975207197656e+03 -2.436888296445689775e+03 -1.475185723617112217e+03 2.284540000000000000e+19 3.119156695902347565e-02 -3.922690078616142273e-02
-1.089939461487992503e+03 -2.438945064459755486e+03 -1.473985419503088679e+03 2.284740000000000000e+19 1.063852608203887939e-01 1.536364704370498657e-01
-1.086961745273220458e+03 -2.440996218900289023e+03 -1.472788409003870129e+03 2.284940000000000000e+19 4.318733513355255127e-02 -1.910126581788063049e-02
-1.083978840854972077e+03 -2.443041749922466352e+03 -1.471594697864676164e+03 2.285140000000000000e+19 2.680224552750587463e-02 9.074445813894271851e-02
-1.081240031977583385e+03 -2.444911943502794657e+03 -1.470503323771616124e+03 2.285340000000000000e+19 -1.247220858931541443e-02 5.575037375092506409e-02
-1.101798159260014017e+03 -2.430684409528316337e+03 -1.478806340125779116e+03 2.285540000000000000e+19 4.753581807017326355e-02 4.320739582180976868e-02
-1.098841338291653756e+03 -2.432757959089347878e+03 -1.477596189700618424e+03 2.285740000000000000e+19 -7.247456163167953491e-02 1.021450683474540710e-01
-1.095879272184539332e+03 -2.434825924715658402e+03 -1.476389315593194851e+03 2.285940000000000000e+19 3.775403276085853577e-02 -9.156028926372528076e-02
-1.092911975207197656e+03 -2.436888296445689775e+03 -1.475185723617112217e+03 2.286140000000000000e+19 3.082355856895446777e-02 -5.410256236791610718e-02
-1.089939461487992503e+03 -2.438945064459755486e+03 -1.473985419503088679e+03 2.286340000000000000e+19 8.151765912771224976e-02 -8.181966841220855713e-02
-1.086961745273220458e+03 -2.440996218900289023e+03 -1.472788409003870129e+03 2.286540000000000000e+19 -8.905427157878875732e-02 -6.664835661649703979e-02
-1.083978840854972077e+03 -2.443041749922466352e+03 -1.471594697864676164e+03 2.286740000000000000e+19 8.857481181621551514e-03 -3.524781391024589539e-02
-1.081240031977583385e+03 -2.444911943502794657e+03 -1.470503323771616124e+03 2.286940000000000000e+19 -2.191783674061298370e-02 3.037985600531101227e-02
-1.071995626684507670e+03 -2.451167444681142570e+03 -1.466852960788382916e+03 2.287140000000000000e+19 1.193508058786392212e-01 2.771270088851451874e-02
-1.068986995697921429e+03 -2.453184712432437209e+03 -1.465675831753264220e+03 2.287340000000000000e+19 -9.501507133245468140e-02 -2.852756902575492859e-02
-1.065973262530716056e+03 -2.455196298434902928e+03 -1.464502036116772615e+03 2.287540000000000000e+19 -1.821651682257652283e-02 6.570059806108474731e-02
-1.062954441532388500e+03 -2.457202193110699682e+03 -1.463331579467738038e+03 2.287740000000000000e+19 3.206654265522956848e-02 4.301884025335311890e-02
-1.059930547234325104e+03 -2.459202386804238358e+03 -1.462164467440268254e+03 2.287940000000000000e+19 2.817744947969913483e-02 2.402160502970218658e-02
-1.056901594023929874e+03 -2.461196869998816510e+03 -1.461000705587331595e+03 2.288140000000000000e+19 -1.256086975336074829e-01 -5.925733596086502075e-02
-1.053867596481325563e+03 -2.463185633093869910e+03 -1.459840299510770592e+03 2.288340000000000000e+19 5.727328360080718994e-02 -3.278188407421112061e-02
-1.051082076953084652e+03 -2.465003705960481966e+03 -1.458779503751686661e+03 2.288540000000000000e+19 3.604887425899505615e-02 4.446816816926002502e-02
-1.071995626684507670e+03 -2.451167444681142570e+03 -1.466852960788382916e+03 2.288740000000000000e+19 -9.274995326995849609e-02 -8.721000701189041138e-02
-1.068986995697921429e+03 -2.453184712432437209e+03 -1.465675831753264220e+03 2.288940000000000000e+19 -2.338421717286109924e-02 -9.514202363789081573e-03
-1.065973262530716056e+03 -2.455196298434902928e+03 -1.464502036116772615e+03 2.289140000000000000e+19 1.167281623929738998e-02 -2.166427858173847198e-02
-1.062954441532388500e+03 -2.457202193110699682e+03 -1.463331579467738038e+03 2.289340000000000000e+19 -3.584627434611320496e-02 5.810134112834930420e-02
-1.059930547234325104e+03 -2.459202386804238358e+03 -1.462164467440268254e+03 2.289540000000000000e+19 3.223065659403800964e-02 -4.768928512930870056e-02
-1.056901594023929874e+03 -2.461196869998816510e+03 -1.461000705587331595e+03 2.289740000000000000e+19 6.381962448358535767e-02 3.178421407938003540e-02
-1.053867596481325563e+03 -2.463185633093869910e+03 -1.459840299510770592e+03 2.289940000000000000e+19 2.090835478156805038e-03 -1.076034922152757645e-02
-1.051082076953084652e+03 -2.465003705960481966e+03 -1.458779503751686661e+03 2.290140000000000000e+19 6.582208722829818726e-02 -1.562147773802280426e-02
-1.041681453229923136e+03 -2.471083294876350010e+03 -1.455232343596336932e+03 2.290340000000000000e+19 -8.489569276571273804e-02 -1.028073951601982117e-02
-1.038622452073038630e+03 -2.473043315410056948e+03 -1.454088799291300120e+03 2.290540000000000000e+19 -7.681023329496383667e-02 -2.692241221666336060e-02
-1.035558494042317989e+03 -2.474997559164495669e+03 -1.452948643832842436e+03 2.290740000000000000e+19 -2.447846159338951111e-02 2.719192951917648315e-02
-1.032489593747639901e+03 -2.476946016821132616e+03 -1.451811882657625347e+03 2.290940000000000000e+19 2.182079106569290161e-02 -4.390472546219825745e-02
-1.029415765897259234e+03 -2.478888679041497653e+03 -1.450678521213850445e+03 2.291140000000000000e+19 -6.784114241600036621e-02 6.444836407899856567e-02
-1.026337025255300432e+03 -2.480825536494763128e+03 -1.449548564945170938e+03 2.291340000000000000e+19 3.147984668612480164e-02 6.925229099579155445e-04
-1.023253386470076748e+03 -2.482756579965669971e+03 -1.448422019227730971e+03 2.291540000000000000e+19 2.337655238807201385e-02 2.666716650128364563e-02
-1.020422489797424873e+03 -2.484521661771272193e+03 -1.447392309625540975e+03 2.291740000000000000e+19 3.339677304029464722e-02 -1.740650832653045654e-01
-1.041681453229923136e+03 -2.471083294876350010e+03 -1.455232343596336932e+03 2.291940000000000000e+19 -2.681885473430156708e-02 8.832181990146636963e-02
-1.038622452073038630e+03 -2.473043315410056948e+03 -1.454088799291300120e+03 2.292140000000000000e+19 -5.357304960489273071e-02 5.833407491445541382e-02
-1.035558494042317989e+03 -2.474997559164495669e+03 -1.452948643832842436e+03 2.292340000000000000e+19 1.541103329509496689e-02 8.121971972286701202e-03
-1.032489593747639901e+03 -2.476946016821132616e+03 -1.451811882657625347e+03 2.292540000000000000e+19 -2.939855121076107025e-02 4.226960986852645874e-02
-1.029415765897259234e+03 -2.478888679041497653e+03 -1.450678521213850445e+03 2.292740000000000000e+19 -7.326162885874509811e-03 -5.583113059401512146e-02
-1.026337025255300432e+03 -2.480825536494763128e+03 -1.449548564945170938e+03 2.292940000000000000e+19 5.527728423476219177e-02 9.131168574094772339e-02
-1.023253386470076748e+03 -2.482756579965669971e+03 -1.448422019227730971e+03 2.293140000000000000e+19 -5.669999495148658752e-02 -3.189141675829887390e-02
-1.020422489797424873e+03 -2.484521661771272193e+03 -1.447392309625540975e+03 2.293340000000000000e+19 2.822120673954486847e-02 4.209138080477714539e-02
