# Baseline: 10-17
# Entries: 128
# u [m], v [m], w [m], frequency [GHz], real, imag, std(real), std(imag)
-2.351809556455879374e+03 -4.684766621150901301e+03 -2.961748370448583955e+03 2.267940000000000111e+01 8.244939148426055908e-03 2.107928041368722916e-03 1.505983993411064148e-02 1.507680583745241165e-02
-2.346233528892253617e+03 -4.689193833394236208e+03 -2.959163617494159553e+03 2.268140000000000001e+01 -2.812095219269394875e-03 -2.304770285263657570e-03 1.505983993411064148e-02 1.507680583745241165e-02
-2.340646299780444224e+03 -4.693610514784372754e+03 -2.956585045144416199e+03 2.268340000000000245e+01 4.779267590492963791e-03 -2.538200002163648605e-03 1.505983993411064148e-02 1.507680583745241165e-02
-2.335047895820638587e+03 -4.698016644215073939e+03 -2.954012665721700614e+03 2.268540000000000134e+01 -3.578996984288096428e-03 -1.715530757792294025e-03 1.505983993411064148e-02 1.507680583745241165e-02
-2.329438343805112254e+03 -4.702412200599544121e+03 -2.951446491536857138e+03 2.268740000000000023e+01 1.386452559381723404e-02 8.444691775366663933e-04 1.505983993411064148e-02 1.507680583745241165e-02
-2.323817670579748210e+03 -4.706797162901828415e+03 -2.948886534870884589e+03 2.268940000000000268e+01 5.873728077858686447e-03 -1.792771043255925179e-03 1.505983993411064148e-02 1.507680583745241165e-02
-2.318185903161263468e+03 -4.711171510045184732e+03 -2.946332808028442741e+03 2.269140000000000157e+01 -3.468208946287631989e-03 -1.185324229300022125e-02 1.505983993411064148e-02 1.507680583745241165e-02
-2.313013867178945475e+03 -4.715172121054460149e+03 -2.943997295226992719e+03 2.269340000000000046e+01 -8.736256510019302368e-03 6.929145660251379013e-03 1.505983993411064148e-02 1.507680583745241165e-02
-2.351809556455879374e+03 -4.684766621150901301e+03 -2.961748370448583955e+03 2.269540000000000290e+01 -2.516078529879450798e-03 1.938057364895939827e-03 1.505983993411064148e-02 1.507680583745241165e-02
-2.346233528892253617e+03 -4.689193833394236208e+03 -2.959163617494159553e+03 2.269740000000000180e+01 4.910360556095838547e-03 -1.775540760718286037e-03 1.505983993411064148e-02 1.507680583745241165e-02
-2.340646299780444224e+03 -4.693610514784372754e+03 -2.956585045144416199e+03 2.269940000000000069e+01 7.335592061281204224e-03 1.729513704776763916e-02 1.505983993411064148e-02 1.507680583745241165e-02
-2.335047895820638587e+03 -4.698016644215073939e+03 -2.954012665721700614e+03 2.270140000000000313e+01 -1.133355312049388885e-02 4.042353946715593338e-03 1.505983993411064148e-02 1.507680583745241165e-02
-2.329438343805112254e+03 -4.702412200599544121e+03 -2.951446491536857138e+03 2.270340000000000202e+01 -3.124532755464315414e-03 -4.907013848423957825e-03 1.505983993411064148e-02 1.507680583745241165e-02
-2.323817670579748210e+03 -4.706797162901828415e+03 -2.948886534870884589e+03 2.270540000000000092e+01 7.465914357453584671e-03 1.893630251288414001e-02 1.505983993411064148e-02 1.507680583745241165e-02
-2.318185903161263468e+03 -4.711171510045184732e+03 -2.946332808028442741e+03 2.270739999999999981e+01 -1.534607727080583572e-04 -1.756943576037883759e-02 1.505983993411064148e-02 1.507680583745241165e-02
-2.313013867178945475e+03 -4.715172121054460149e+03 -2.943997295226992719e+03 2.270940000000000225e+01 1.440194714814424515e-02 -6.736483890563249588e-03 1.505983993411064148e-02 1.507680583745241165e-02
-2.295548430179029310e+03 -4.728562330050311175e+03 -2.936180442322007821e+03 2.271140000000000114e+01 -1.915982365608215332e-02 3.555465256795287132e-03 1.505983993411064148e-02 1.507680583745241165e-02
-2.289861596546923920e+03 -4.732883288858903143e+03 -2.933658047053525024e+03 2.271340000000000003e+01 -4.593803081661462784e-03 -3.531238297000527382e-03 1.505983993411064148e-02 1.507680583745241165e-02
-2.284163831188232052e+03 -4.737193507698496433e+03 -2.931141954469745542e+03 2.271540000000000248e+01 7.712246384471654892e-03 -1.150694023817777634e-02 1.505983993411064148e-02 1.507680583745241165e-02
-2.278455161291709828e+03 -4.741492966001677814e+03 -2.928632176576888014e+03 2.271740000000000137e+01 7.176162675023078918e-03 -7.577554788440465927e-03 1.505983993411064148e-02 1.507680583745241165e-02
-2.272735614197468294e+03 -4.745781643177414480e+03 -2.926128725394804405e+03 2.271940000000000026e+01 8.216942660510540009e-03 -1.164718344807624817e-02 1.505983993411064148e-02 1.507680583745241165e-02
-2.267005217277731390e+03 -4.750059518701186789e+03 -2.923631612904353005e+03 2.272140000000000271e+01 -1.628363318741321564e-02 -8.275686763226985931e-03 1.505983993411064148e-02 1.507680583745241165e-02
-2.261263997976790506e+03 -4.754326572085450607e+03 -2.921140851064656545e+03 2.272340000000000160e+01 1.556230336427688599e-02 7.076130132190883160e-04 1.505983993411064148e-02 1.507680583745241165e-02
-2.255991866973638935e+03 -4.758228651622406687e+03 -2.918863160592492022e+03 2.272540000000000049e+01 -1.421749871224164963e-02 1.427841198164969683e-04 1.505983993411064148e-02 1.507680583745241165e-02
-2.295548430179029310e+03 -4.728562330050311175e+03 -2.936180442322007821e+03 2.272740000000000293e+01 1.595970429480075836e-02 -1.262680068612098694e-02 1.505983993411064148e-02 1.507680583745241165e-02
-2.289861596546923920e+03 -4.732883288858903143e+03 -2.933658047053525024e+03 2.272940000000000182e+01 -2.233047969639301300e-03 -4.696002230048179626e-03 1.505983993411064148e-02 1.507680583745241165e-02
-2.284163831188232052e+03 -4.737193507698496433e+03 -2.931141954469745542e+03 2.273140000000000072e+01 4.660193808376789093e-03 -7.702965289354324341e-03 1.505983993411064148e-02 1.507680583745241165e-02
-2.278455161291709828e+03 -4.741492966001677814e+03 -2.928632176576888014e+03 2.273340000000000316e+01 -8.719233796000480652e-03 -7.356054149568080902e-03 1.505983993411064148e-02 1.507680583745241165e-02
-2.272735614197468294e+03 -4.745781643177414480e+03 -2.926128725394804405e+03 2.273540000000000205e+01 5.365838762372732162e-03 -9.004571475088596344e-03 1.505983993411064148e-02 1.507680583745241165e-02
-2.267005217277731390e+03 -4.750059518701186789e+03 -2.923631612904353005e+03 2.273740000000000094e+01 -2.202500030398368835e-02 -7.907410152256488800e-03 1.505983993411064148e-02 1.507680583745241165e-02
-2.261263997976790506e+03 -4.754326572085450607e+03 -2.921140851064656545e+03 2.273939999999999984e+01 -9.001456201076507568e-03 -2.812364138662815094e-03 1.505983993411064148e-02 1.507680583745241165e-02
-2.255991866973638935e+03 -4.758228651622406687e+03 -2.918863160592492022e+03 2.274140000000000228e+01 -4.554074257612228394e-03 1.346667390316724777e-02 1.505983993411064148e-02 1.507680583745241165e-02
-2.238191446933903990e+03 -4.771286156823351121e+03 -2.911241548020288519e+03 2.274340000000000117e+01 -1.004458963871002197e-02 -1.176090165972709656e-02 1.505983993411064148e-02 1.507680583745241165e-02
-2.232396528818169827e+03 -4.775498794294103391e+03 -2.908782717591353503e+03 2.274540000000000006e+01 1.262310799211263657e-02 1.864259317517280579e-02 1.505983993411064148e-02 1.507680583745241165e-02
-2.226590953868870656e+03 -4.779700487938561309e+03 -2.906330308841590067e+03 2.274740000000000251e+01 -3.979389439336955547e-04 3.896151483058929443e-02 1.505983993411064148e-02 1.507680583745241165e-02
-2.220774749971076744e+03 -4.783891217575353949e+03 -2.903884333550270185e+03 2.274940000000000140e+01 5.395472515374422073e-03 2.475770423188805580e-03 1.505983993411064148e-02 1.507680583745241165e-02
-2.214947944837919295e+03 -4.788070963236161333e+03 -2.901444803372154183e+03 2.275140000000000029e+01 -2.984329126775264740e-03 -2.819927176460623741e-03 1.505983993411064148e-02 1.507680583745241165e-02
-2.209110566537722207e+03 -4.792239704786908078e+03 -2.899011730058577541e+03 2.275340000000000273e+01 -1.812810450792312622e-02 3.048229154956061393e-05 1.505983993411064148e-02 1.507680583745241165e-02
-2.203262642864536701e+03 -4.796397422378940064e+03 -2.896585125194134434e+03 2.275540000000000163e+01 1.034833330777473748e-04 1.614335924386978149e-02 1.505983993411064148e-02 1.507680583745241165e-02
-2.197892939917451258e+03 -4.800199103038108660e+03 -2.894366347076443162e+03 2.275740000000000052e+01 2.159071527421474457e-02 2.065894939005374908e-02 1.505983993411064148e-02 1.507680583745241165e-02
-2.238191446933903990e+03 -4.771286156823351121e+03 -2.911241548020288519e+03 2.275940000000000296e+01 2.767107635736465454e-02 -2.501250128261744976e-04 1.505983993411064148e-02 1.507680583745241165e-02
-2.232396528818169827e+03 -4.775498794294103391e+03 -2.908782717591353503e+03 2.276140000000000185e+01 2.324903616681694984e-04 -8.476300165057182312e-03 1.505983993411064148e-02 1.507680583745241165e-02
-2.226590953868870656e+03 -4.779700487938561309e+03 -2.906330308841590067e+03 2.276340000000000074e+01 4.128077067434787750e-03 -6.422092206776142120e-03 1.505983993411064148e-02 1.507680583745241165e-02
-2.220774749971076744e+03 -4.783891217575353949e+03 -2.903884333550270185e+03 2.276540000000000319e+01 3.354782983660697937e-02 2.136231865733861923e-03 1.505983993411064148e-02 1.507680583745241165e-02
-2.214947944837919295e+03 -4.788070963236161333e+03 -2.901444803372154183e+03 2.276740000000000208e+01 1.508445478975772858e-02 -2.006223797798156738e-02 1.505983993411064148e-02 1.507680583745241165e-02
-2.209110566537722207e+03 -4.792239704786908078e+03 -2.899011730058577541e+03 2.276940000000000097e+01 7.080166833475232124e-04 -1.503248885273933411e-02 1.505983993411064148e-02 1.507680583745241165e-02
-2.203262642864536701e+03 -4.796397422378940064e+03 -2.896585125194134434e+03 2.277139999999999986e+01 -3.816112410277128220e-03 2.469795569777488708e-02 1.505983993411064148e-02 1.507680583745241165e-02
-2.197892939917451258e+03 -4.800199103038108660e+03 -2.894366347076443162e+03 2.277340000000000231e+01 -2.473062276840209961e-02 1.380815403535962105e-03 1.505983993411064148e-02 1.507680583745241165e-02
-2.179766055335657256e+03 -4.812917655708208258e+03 -2.886943622192990006e+03 2.277540000000000120e+01 4.486449994146823883e-03 -2.201857790350914001e-02 1.505983993411064148e-02 1.507680583745241165e-02
-2.173865825784611388e+03 -4.817019955968206887e+03 -2.884549533225569121e+03 2.277740000000000009e+01 -2.827353542670607567e-03 -1.081348955631256104e-02 1.505983993411064148e-02 1.507680583745241165e-02
-2.167955219635185586e+03 -4.821111113605996252e+03 -2.882161981961298807e+03 2.277940000000000254e+01 6.279527209699153900e-03 -2.477804757654666901e-02 1.505983993411064148e-02 1.507680583745241165e-02
-2.162034265029888502e+03 -4.825191109142108871e+03 -2.879780979768147063e+03 2.278140000000000143e+01 -6.429534405469894409e-03 -1.870808005332946777e-02 1.505983993411064148e-02 1.507680583745241165e-02
-2.156102990469857559e+03 -4.829259922937092597e+03 -2.877406538107275992e+03 2.278340000000000032e+01 3.468028455972671509e-02 -2.680641412734985352e-02 1.505983993411064148e-02 1.507680583745241165e-02
-2.150161424175366392e+03 -4.833317535632058025e+03 -2.875038668275953114e+03 2.278540000000000276e+01 2.320712618529796600e-02 -3.570597851648926735e-03 1.505983993411064148e-02 1.507680583745241165e-02
-2.144209594746762832e+03 -4.837363927695286293e+03 -2.872677381672138381e+03 2.278740000000000165e+01 -4.029704257845878601e-02 -5.009138491004705429e-03 1.505983993411064148e-02 1.507680583745241165e-02
-2.138744889342749957e+03 -4.841063390315192009e+03 -2.870518577625967282e+03 2.278940000000000055e+01 1.543103810399770737e-02 -2.212539315223693848e-02 1.505983993411064148e-02 1.507680583745241165e-02
-2.179766055335657256e+03 -4.812917655708208258e+03 -2.886943622192990006e+03 2.279140000000000299e+01 -1.515779644250869751e-02 -1.316744647920131683e-02 1.505983993411064148e-02 1.507680583745241165e-02
-2.173865825784611388e+03 -4.817019955968206887e+03 -2.884549533225569121e+03 2.279340000000000188e+01 -1.171377953141927719e-02 2.450507506728172302e-02 1.505983993411064148e-02 1.507680583745241165e-02
-2.167955219635185586e+03 -4.821111113605996252e+03 -2.882161981961298807e+03 2.279540000000000077e+01 2.191953733563423157e-02 2.494942769408226013e-02 1.505983993411064148e-02 1.507680583745241165e-02
-2.162034265029888502e+03 -4.825191109142108871e+03 -2.879780979768147063e+03 2.279739999999999966e+01 1.099797990173101425e-02 -2.160064643248915672e-03 1.505983993411064148e-02 1.507680583745241165e-02
-2.156102990469857559e+03 -4.829259922937092597e+03 -2.877406538107275992e+03 2.279940000000000211e+01 2.313446952030062675e-03 -8.328646421432495117e-03 1.505983993411064148e-02 1.507680583745241165e-02
-2.150161424175366392e+03 -4.833317535632058025e+03 -2.875038668275953114e+03 2.280140000000000100e+01 -1.556184375658631325e-03 7.191601209342479706e-03 1.505983993411064148e-02 1.507680583745241165e-02
-2.144209594746762832e+03 -4.837363927695286293e+03 -2.872677381672138381e+03 2.280339999999999989e+01 -7.038405630737543106e-03 -5.197540856897830963e-03 1.505983993411064148e-02 1.507680583745241165e-02
-2.138744889342749957e+03 -4.841063390315192009e+03 -2.870518577625967282e+03 2.280540000000000234e+01 8.715401403605937958e-03 1.403943914920091629e-02 1.505983993411064148e-02 1.507680583745241165e-02
-2.121299684876254560e+03 -4.852770803063921448e+03 -2.863686972107176643e+03 2.280740000000000123e+01 -3.015254333149641752e-04 -9.977963753044605255e-03 1.505983993411064148e-02 1.507680583745241165e-02
-2.115298652261416919e+03 -4.856762690366947936e+03 -2.861357662988468292e+03 2.280940000000000012e+01 1.568039879202842712e-03 1.782463979907333851e-03 1.505983993411064148e-02 1.507680583745241165e-02
-2.109287523252829487e+03 -4.860743244906244399e+03 -2.859035002529796202e+03 2.281140000000000256e+01 -4.176202230155467987e-03 -1.480428501963615417e-03 1.505983993411064148e-02 1.507680583745241165e-02
-2.103266326722994108e+03 -4.864712447562747002e+03 -2.856719001887146078e+03 2.281340000000000146e+01 -1.280708122067153454e-03 1.211719680577516556e-02 1.505983993411064148e-02 1.507680583745241165e-02
-2.097235091320118954e+03 -4.868670279451612259e+03 -2.854409672079668326e+03 2.281540000000000035e+01 -1.843913225457072258e-03 5.246197906672023237e-05 1.505983993411064148e-02 1.507680583745241165e-02
-2.091193846055066388e+03 -4.872616721535096076e+03 -2.852107024215553338e+03 2.281740000000000279e+01 3.859401913359761238e-03 -1.946943695656955242e-03 1.505983993411064148e-02 1.507680583745241165e-02
-2.085142619755676151e+03 -4.876551754981752310e+03 -2.849811069282448443e+03 2.281940000000000168e+01 9.389611892402172089e-03 -7.109521888196468353e-03 1.505983993411064148e-02 1.507680583745241165e-02
-2.079587045414248678e+03 -4.880148976386619324e+03 -2.847712247410825057e+03 2.282140000000000057e+01 1.440218766219913960e-03 9.108749218285083771e-03 1.505983993411064148e-02 1.507680583745241165e-02
-2.121299684876254560e+03 -4.852770803063921448e+03 -2.863686972107176643e+03 2.282340000000000302e+01 -4.963535349816083908e-03 -4.438531585037708282e-03 1.505983993411064148e-02 1.507680583745241165e-02
-2.115298652261416919e+03 -4.856762690366947936e+03 -2.861357662988468292e+03 2.282540000000000191e+01 -3.559415927156805992e-03 1.024566590785980225e-02 1.505983993411064148e-02 1.507680583745241165e-02
-2.109287523252829487e+03 -4.860743244906244399e+03 -2.859035002529796202e+03 2.282740000000000080e+01 2.161725889891386032e-03 -8.843012154102325439e-03 1.505983993411064148e-02 1.507680583745241165e-02
-2.103266326722994108e+03 -4.864712447562747002e+03 -2.856719001887146078e+03 2.282939999999999969e+01 1.313765998929738998e-02 -5.981340538710355759e-03 1.505983993411064148e-02 1.507680583745241165e-02
-2.097235091320118954e+03 -4.868670279451612259e+03 -2.854409672079668326e+03 2.283140000000000214e+01 -8.624778129160404205e-03 -1.251272484660148621e-02 1.505983993411064148e-02 1.507680583745241165e-02
-2.091193846055066388e+03 -4.872616721535096076e+03 -2.852107024215553338e+03 2.283340000000000103e+01 -1.567194610834121704e-02 -5.343403201550245285e-03 1.505983993411064148e-02 1.507680583745241165e-02
-2.085142619755676151e+03 -4.876551754981752310e+03 -2.849811069282448443e+03 2.283539999999999992e+01 -2.098508179187774658e-03 -4.598938394337892532e-03 1.505983993411064148e-02 1.507680583745241165e-02
-2.079587045414248678e+03 -4.880148976386619324e+03 -2.847712247410825057e+03 2.283740000000000236e+01 5.551385227590799332e-03 -1.688761822879314423e-02 1.505983993411064148e-02 1.507680583745241165e-02
-2.060838484308945681e+03 -4.892177426456056310e+03 -2.840694398207394897e+03 2.283940000000000126e+01 -5.049937404692173004e-03 -1.531526446342468262e-02 1.505983993411064148e-02 1.507680583745241165e-02
-2.054737788351064864e+03 -4.896055135223928119e+03 -2.838432072167890965e+03 2.284140000000000015e+01 1.560982875525951385e-02 6.738048978149890900e-03 1.505983993411064148e-02 1.507680583745241165e-02
-2.048627285742807999e+03 -4.899921323238685545e+03 -2.836176504472623492e+03 2.284340000000000259e+01 -2.018548781052231789e-03 1.512206345796585083e-02 1.505983993411064148e-02 1.507680583745241165e-02
-2.042507005918984078e+03 -4.903775971876583753e+03 -2.833927705986824094e+03 2.284540000000000148e+01 -2.385139698162674904e-03 8.258134126663208008e-03 1.505983993411064148e-02 1.507680583745241165e-02
-2.036376978020440220e+03 -4.907619062784270682e+03 -2.831685687417806093e+03 2.284740000000000038e+01 1.020678202621638775e-03 -1.408956246450543404e-03 1.505983993411064148e-02 1.507680583745241165e-02
-2.030237231426429389e+03 -4.911450577542769679e+03 -2.829450459510985183e+03 2.284940000000000282e+01 -4.125517792999744415e-03 -1.746886596083641052e-02 1.505983993411064148e-02 1.507680583745241165e-02
-2.024087795605775000e+03 -4.915270497762162449e+03 -2.827222032994648998e+03 2.285140000000000171e+01 -9.393609128892421722e-03 1.854259707033634186e-02 1.505983993411064148e-02 1.507680583745241165e-02
-2.018442448762749336e+03 -4.918762038303491863e+03 -2.825185205754190065e+03 2.285340000000000060e+01 4.474586341530084610e-03 4.450245760381221771e-03 1.505983993411064148e-02 1.507680583745241165e-02
-2.060838484308945681e+03 -4.892177426456056310e+03 -2.840694398207394897e+03 2.285540000000000305e+01 -2.291794167831540108e-03 -8.523939177393913269e-03 1.505983993411064148e-02 1.507680583745241165e-02
-2.054737788351064864e+03 -4.896055135223928119e+03 -2.838432072167890965e+03 2.285740000000000194e+01 6.489874329417943954e-03 2.099961228668689728e-02 1.505983993411064148e-02 1.507680583745241165e-02
-2.048627285742807999e+03 -4.899921323238685545e+03 -2.836176504472623492e+03 2.285940000000000083e+01 -5.344865843653678894e-03 -1.302853133529424667e-02 1.505983993411064148e-02 1.507680583745241165e-02
-2.042507005918984078e+03 -4.903775971876583753e+03 -2.833927705986824094e+03 2.286139999999999972e+01 -5.140054039657115936e-03 -9.202597662806510925e-03 1.505983993411064148e-02 1.507680583745241165e-02
-2.036376978020440220e+03 -4.907619062784270682e+03 -2.831685687417806093e+03 2.286340000000000217e+01 1.092939171940088272e-02 -5.429567769169807434e-03 1.505983993411064148e-02 1.507680583745241165e-02
-2.030237231426429389e+03 -4.911450577542769679e+03 -2.829450459510985183e+03 2.286540000000000106e+01 -1.408076845109462738e-02 4.726702463813126087e-04 1.505983993411064148e-02 1.507680583745241165e-02
-2.024087795605775000e+03 -4.915270497762162449e+03 -2.827222032994648998e+03 2.286739999999999995e+01 1.801657304167747498e-02 -1.971556618809700012e-02 1.505983993411064148e-02 1.507680583745241165e-02
-2.018442448762749336e+03 -4.918762038303491863e+03 -2.825185205754190065e+03 2.286940000000000239e+01 1.154184900224208832e-02 1.783214323222637177e-02 1.505983993411064148e-02 1.507680583745241165e-02
-1.999393748636414784e+03 -4.930433868901697679e+03 -2.818376553380112455e+03 2.287140000000000128e+01 1.649897731840610504e-02 -9.527692571282386780e-03 1.505983993411064148e-02 1.507680583745241165e-02
-1.993196308685614213e+03 -4.934195543548582464e+03 -2.816182293000531445e+03 2.287340000000000018e+01 -1.740104198688641191e-04 1.835012459196150303e-03 1.505983993411064148e-02 1.507680583745241165e-02
-1.986989356777089824e+03 -4.937945514805864150e+03 -2.813994897508728172e+03 2.287540000000000262e+01 2.712055807933211327e-03 1.280713547021150589e-02 1.505983993411064148e-02 1.507680583745241165e-02
-1.980772922464422891e+03 -4.941683764818674717e+03 -2.811814377319609775e+03 2.287740000000000151e+01 1.970953162526711822e-04 1.750672422349452972e-02 1.505983993411064148e-02 1.507680583745241165e-02
-1.974547035671023195e+03 -4.945410275592540529e+03 -2.809640742929323096e+03 2.287940000000000040e+01 1.532106380909681320e-02 2.455807407386600971e-04 1.505983993411064148e-02 1.507680583745241165e-02
-1.968311726019066327e+03 -4.949125029397136132e+03 -2.807474004679739210e+03 2.288140000000000285e+01 -8.622883819043636322e-03 6.953440606594085693e-03 1.505983993411064148e-02 1.507680583745241165e-02
-1.962067023522737145e+03 -4.952828008351280005e+03 -2.805314173000584105e+03 2.288340000000000174e+01 -2.104938402771949768e-02 -2.139514079317450523e-03 1.505983993411064148e-02 1.507680583745241165e-02
-1.956334605769777454e+03 -4.956212197146678591e+03 -2.803340315116521197e+03 2.288540000000000063e+01 2.391938585788011551e-03 4.940929939039051533e-04 1.505983993411064148e-02 1.507680583745241165e-02
-1.999393748636414784e+03 -4.930433868901697679e+03 -2.818376553380112455e+03 2.288740000000000308e+01 5.324504338204860687e-03 4.144374979659914970e-04 1.505983993411064148e-02 1.507680583745241165e-02
-1.993196308685614213e+03 -4.934195543548582464e+03 -2.816182293000531445e+03 2.288940000000000197e+01 1.266811043024063110e-02 9.659691713750362396e-03 1.505983993411064148e-02 1.507680583745241165e-02
-1.986989356777089824e+03 -4.937945514805864150e+03 -2.813994897508728172e+03 2.289140000000000086e+01 -2.238400047644972801e-03 -1.432086061686277390e-02 1.505983993411064148e-02 1.507680583745241165e-02
-1.980772922464422891e+03 -4.941683764818674717e+03 -2.811814377319609775e+03 2.289339999999999975e+01 8.621996268630027771e-03 8.375202305614948273e-03 1.505983993411064148e-02 1.507680583745241165e-02
-1.974547035671023195e+03 -4.945410275592540529e+03 -2.809640742929323096e+03 2.289540000000000219e+01 -7.669213227927684784e-03 -1.447559613734483719e-02 1.505983993411064148e-02 1.507680583745241165e-02
-1.968311726019066327e+03 -4.949125029397136132e+03 -2.807474004679739210e+03 2.289740000000000109e+01 9.261552244424819946e-03 6.083898479118943214e-04 1.505983993411064148e-02 1.507680583745241165e-02
-1.962067023522737145e+03 -4.952828008351280005e+03 -2.805314173000584105e+03 2.289939999999999998e+01 3.418710082769393921e-02 2.947713015601038933e-03 1.505983993411064148e-02 1.507680583745241165e-02
-1.956334605769777454e+03 -4.956212197146678591e+03 -2.803340315116521197e+03 2.290140000000000242e+01 -5.311758257448673248e-03 3.208494745194911957e-03 1.505983993411064148e-02 1.507680583745241165e-02
-1.936994882409177762e+03 -4.967521822713607435e+03 -2.796744117849693339e+03 2.290340000000000131e+01 -2.096439944580197334e-03 1.896071806550025940e-02 1.505983993411064148e-02 1.507680583745241165e-02
-1.930703664389328651e+03 -4.971165663007491275e+03 -2.794618973239608749e+03 2.290540000000000020e+01 -7.161619723774492741e-04 1.864849589765071869e-02 1.505983993411064148e-02 1.507680583745241165e-02
-1.924403233464531922e+03 -4.974797622996816244e+03 -2.792500796705136509e+03 2.290740000000000265e+01 1.462913118302822113e-02 -2.527472563087940216e-02 1.505983993411064148e-02 1.507680583745241165e-02
-1.918093619677160632e+03 -4.978417685363079727e+03 -2.790389598346490402e+03 2.290940000000000154e+01 1.905195042490959167e-02 4.882841836661100388e-03 1.505983993411064148e-02 1.507680583745241165e-02
-1.911774853267181243e+03 -4.982025832756217824e+03 -2.788285388282105487e+03 2.291140000000000043e+01 6.503237411379814148e-03 4.323345795273780823e-02 1.505983993411064148e-02 1.507680583745241165e-02
-1.905446964584705711e+03 -4.985622047845896304e+03 -2.786188176618713896e+03 2.291340000000000288e+01 -5.364040844142436981e-03 -1.297784782946109772e-02 1.505983993411064148e-02 1.507680583745241165e-02
-1.899109983737126640e+03 -4.989206313521909578e+03 -2.784097973334488870e+03 2.291540000000000177e+01 7.753343321382999420e-03 -4.457135125994682312e-02 1.505983993411064148e-02 1.507680583745241165e-02
-1.893293239341865728e+03 -4.992481530495459083e+03 -2.782188029728516995e+03 2.291740000000000066e+01 5.358007270842790604e-03 2.138927951455116272e-02 1.505983993411064148e-02 1.507680583745241165e-02
-1.936994882409177762e+03 -4.967521822713607435e+03 -2.796744117849693339e+03 2.291940000000000310e+01 1.730018295347690582e-02 -2.570250444114208221e-02 1.505983993411064148e-02 1.507680583745241165e-02
-1.930703664389328651e+03 -4.971165663007491275e+03 -2.794618973239608749e+03 2.292140000000000200e+01 2.327174479432869703e-05 4.560344386845827103e-03 1.505983993411064148e-02 1.507680583745241165e-02
-1.924403233464531922e+03 -4.974797622996816244e+03 -2.792500796705136509e+03 2.292340000000000089e+01 1.675645704381167889e-03 3.460321342572569847e-03 1.505983993411064148e-02 1.507680583745241165e-02
-1.918093619677160632e+03 -4.978417685363079727e+03 -2.790389598346490402e+03 2.292539999999999978e+01 -2.676294557750225067e-02 -7.947254925966262817e-03 1.505983993411064148e-02 1.507680583745241165e-02
-1.911774853267181243e+03 -4.982025832756217824e+03 -2.788285388282105487e+03 2.292740000000000222e+01 1.291110645979642868e-02 2.543214475736021996e-03 1.505983993411064148e-02 1.507680583745241165e-02
-1.905446964584705711e+03 -4.985622047845896304e+03 -2.786188176618713896e+03 2.292940000000000111e+01 2.525773830711841583e-02 2.098344452679157257e-02 1.505983993411064148e-02 1.507680583745241165e-02
-1.899109983737126640e+03 -4.989206313521909578e+03 -2.784097973334488870e+03 2.293140000000000001e+01 -1.196085382252931595e-02 -3.059402341023087502e-03 1.505983993411064148e-02 1.507680583745241165e-02
-1.893293239341865728e+03 -4.992481530495459083e+03 -2.782188029728516995e+03 2.293340000000000245e+01 4.679607693105936050e-03 -1.025111228227615356e-02 1.505983993411064148e-02 1.507680583745241165e-02
