# Baseline: 5-14
# Entries: 128
# u [m], v [m], w [m], frequency [GHz], real, imag, std(real), std(imag)
-1.813192241861849752e+01 -2.390210584335913779e+02 -4.855378876800909183e+01 2.267940000000000111e+01 7.292944937944412231e-02 5.121449753642082214e-02 8.444369584321975708e-02 8.414499461650848389e-02
-1.773431210109246692e+01 -2.390547923198925560e+02 -4.853456327435231543e+01 2.268140000000000001e+01 -3.542908281087875366e-02 2.594271302223205566e-01 8.444369584321975708e-02 8.414499461650848389e-02
-1.733661780169593669e+01 -2.390877755455308034e+02 -4.851577740205829059e+01 2.268340000000000245e+01 2.187543064355850220e-01 -2.133848369121551514e-01 8.444369584321975708e-02 8.414499461650848389e-02
-1.693884142091971512e+01 -2.391200079528924505e+02 -4.849743124089580704e+01 2.268540000000000134e+01 -1.701806038618087769e-01 6.468053162097930908e-02 8.444369584321975708e-02 8.414499461650848389e-02
-1.664045887118266975e+01 -2.391437129127640446e+02 -4.848394648742500834e+01 2.268740000000000023e+01 -1.459000557661056519e-01 -1.598855406045913696e-01 8.444369584321975708e-02 8.414499461650848389e-02
-1.614305003022029439e+01 -2.391822196993142313e+02 -4.846205840108196838e+01 2.268940000000000268e+01 -6.299412995576858521e-02 2.377214729785919189e-01 8.444369584321975708e-02 8.414499461650848389e-02
-1.574503883706281648e+01 -2.392121987400175840e+02 -4.844503189206972849e+01 2.269140000000000157e+01 -8.673290163278579712e-02 -1.478399634361267090e-01 8.444369584321975708e-02 8.414499461650848389e-02
-1.524742325983425140e+01 -2.392486462961256848e+02 -4.842434975438496281e+01 2.269340000000000046e+01 -7.476754486560821533e-02 4.761064052581787109e-02 8.444369584321975708e-02 8.414499461650848389e-02
-1.813192241861849752e+01 -2.390210584335913779e+02 -4.855378876800909183e+01 2.269540000000000290e+01 6.238770857453346252e-02 9.104072302579879761e-02 8.444369584321975708e-02 8.414499461650848389e-02
-1.773431210109246692e+01 -2.390547923198925560e+02 -4.853456327435231543e+01 2.269740000000000180e+01 -5.701687769033014774e-04 4.265278205275535583e-02 8.444369584321975708e-02 8.414499461650848389e-02
-1.733661780169593669e+01 -2.390877755455308034e+02 -4.851577740205829059e+01 2.269940000000000069e+01 1.087216138839721680e-01 7.969488948583602905e-02 8.444369584321975708e-02 8.414499461650848389e-02
-1.693884142091971512e+01 -2.391200079528924505e+02 -4.849743124089580704e+01 2.270140000000000313e+01 -1.120690852403640747e-01 3.140459954738616943e-02 8.444369584321975708e-02 8.414499461650848389e-02
-1.664045887118266975e+01 -2.391437129127640446e+02 -4.848394648742500834e+01 2.270340000000000202e+01 -9.864182025194168091e-02 -3.368631377816200256e-02 8.444369584321975708e-02 8.414499461650848389e-02
-1.614305003022029439e+01 -2.391822196993142313e+02 -4.846205840108196838e+01 2.270540000000000092e+01 -2.802676334977149963e-02 -1.518309954553842545e-02 8.444369584321975708e-02 8.414499461650848389e-02
-1.574503883706281648e+01 -2.392121987400175840e+02 -4.844503189206972849e+01 2.270739999999999981e+01 2.317527681589126587e-02 -7.471174746751785278e-02 8.444369584321975708e-02 8.414499461650848389e-02
-1.524742325983425140e+01 -2.392486462961256848e+02 -4.842434975438496281e+01 2.270940000000000225e+01 -5.027759820222854614e-02 9.250953048467636108e-02 8.444369584321975708e-02 8.414499461650848389e-02
-1.415226846970694652e+01 -2.393245993849112097e+02 -4.838132713612757385e+01 2.271140000000000114e+01 3.272173926234245300e-02 1.058480609208345413e-02 8.444369584321975708e-02 8.414499461650848389e-02
-1.375390400879965291e+01 -2.393508199941198882e+02 -4.836650164833334031e+01 2.271340000000000003e+01 -2.560433000326156616e-02 -1.348797976970672607e-01 8.444369584321975708e-02 8.414499461650848389e-02
-1.335547461798793023e+01 -2.393762885258160793e+02 -4.835211658626778330e+01 2.271540000000000248e+01 2.883527427911758423e-02 -6.044710800051689148e-02 8.444369584321975708e-02 8.414499461650848389e-02
-1.295698219850000221e+01 -2.394010048584776769e+02 -4.833817201856760448e+01 2.271740000000000137e+01 5.749340727925300598e-02 -6.765407323837280273e-02 8.444369584321975708e-02 8.414499461650848389e-02
-1.255842865880381787e+01 -2.394249688737340875e+02 -4.832466801201455553e+01 2.271940000000000026e+01 -4.094269126653671265e-02 1.453714724630117416e-02 8.444369584321975708e-02 8.414499461650848389e-02
-1.215981590627162667e+01 -2.394481804568978305e+02 -4.831160463123520543e+01 2.272140000000000271e+01 6.464584916830062866e-02 -2.468546666204929352e-02 8.444369584321975708e-02 8.414499461650848389e-02
-1.176114584994829926e+01 -2.394706394968139591e+02 -4.829898193878594270e+01 2.272340000000000160e+01 1.081086415797472000e-02 2.878102101385593414e-02 8.444369584321975708e-02 8.414499461650848389e-02
-1.139565026672945081e+01 -2.394905753536770590e+02 -4.828779270926325040e+01 2.272540000000000049e+01 3.125677257776260376e-02 -1.689123734831809998e-02 8.444369584321975708e-02 8.414499461650848389e-02
-1.415226846970694652e+01 -2.393245993849112097e+02 -4.838132713612757385e+01 2.272740000000000293e+01 3.413302451372146606e-02 -9.455005824565887451e-02 8.444369584321975708e-02 8.414499461650848389e-02
-1.375390400879965291e+01 -2.393508199941198882e+02 -4.836650164833334031e+01 2.272940000000000182e+01 -7.049015164375305176e-02 8.664704859256744385e-02 8.444369584321975708e-02 8.414499461650848389e-02
-1.335547461798793023e+01 -2.393762885258160793e+02 -4.835211658626778330e+01 2.273140000000000072e+01 -7.216650992631912231e-02 -8.923069387674331665e-02 8.444369584321975708e-02 8.414499461650848389e-02
-1.295698219850000221e+01 -2.394010048584776769e+02 -4.833817201856760448e+01 2.273340000000000316e+01 6.463710218667984009e-02 1.741123199462890625e-01 8.444369584321975708e-02 8.414499461650848389e-02
-1.255842865880381787e+01 -2.394249688737340875e+02 -4.832466801201455553e+01 2.273540000000000205e+01 1.148858945816755295e-02 8.177510462701320648e-03 8.444369584321975708e-02 8.414499461650848389e-02
-1.215981590627162667e+01 -2.394481804568978305e+02 -4.831160463123520543e+01 2.273740000000000094e+01 -4.995546769350767136e-03 1.785025000572204590e-01 8.444369584321975708e-02 8.414499461650848389e-02
-1.176114584994829926e+01 -2.394706394968139591e+02 -4.829898193878594270e+01 2.273939999999999984e+01 -2.633305266499519348e-03 -1.388949435204267502e-02 8.444369584321975708e-02 8.414499461650848389e-02
-1.139565026672945081e+01 -2.394905753536770590e+02 -4.828779270926325040e+01 2.274140000000000228e+01 -5.371850356459617615e-02 -2.039580792188644409e-02 8.444369584321975708e-02 8.414499461650848389e-02
-1.016593072704542600e+01 -2.395529481295745597e+02 -4.825289922813233545e+01 2.274340000000000117e+01 -9.751624893397092819e-04 9.671840071678161621e-02 8.444369584321975708e-02 8.414499461650848389e-02
-9.767002770329286321e+00 -2.395716429133920258e+02 -4.824248084107052392e+01 2.274540000000000006e+01 1.006893217563629150e-01 -5.084539763629436493e-03 8.444369584321975708e-02 8.414499461650848389e-02
-9.368028955639445599e+00 -2.395895845633808676e+02 -4.823250347298566254e+01 2.274740000000000251e+01 8.611726760864257812e-02 3.860374912619590759e-02 8.444369584321975708e-02 8.414499461650848389e-02
-8.969011199307610482e+00 -2.396067729933650128e+02 -4.822296717179919767e+01 2.274940000000000140e+01 7.285157591104507446e-02 -3.067175857722759247e-02 8.444369584321975708e-02 8.414499461650848389e-02
-8.569951402588557698e+00 -2.396232081214334073e+02 -4.821387198295543897e+01 2.275140000000000029e+01 -4.519343003630638123e-02 -8.338700979948043823e-02 8.444369584321975708e-02 8.414499461650848389e-02
-8.170851487786952916e+00 -2.396388898684244282e+02 -4.820521795026127165e+01 2.275340000000000273e+01 8.906190097332000732e-02 1.354104187339544296e-02 8.444369584321975708e-02 8.414499461650848389e-02
-7.771713355160389192e+00 -2.396538181596865229e+02 -4.819700511491179640e+01 2.275540000000000163e+01 -6.534525007009506226e-02 1.310294121503829956e-02 8.444369584321975708e-02 8.414499461650848389e-02
-7.405805238076317742e+00 -2.396668500697520869e+02 -4.818985867781747601e+01 2.275740000000000052e+01 -5.274440348148345947e-02 3.804929181933403015e-02 8.444369584321975708e-02 8.414499461650848389e-02
-1.016593072704542600e+01 -2.395529481295745597e+02 -4.825289922813233545e+01 2.275940000000000296e+01 1.521024573594331741e-02 2.977198362350463867e-02 8.444369584321975708e-02 8.414499461650848389e-02
-9.767002770329286321e+00 -2.395716429133920258e+02 -4.824248084107052392e+01 2.276140000000000185e+01 2.627862617373466492e-02 1.636160351336002350e-02 8.444369584321975708e-02 8.414499461650848389e-02
-9.368028955639445599e+00 -2.395895845633808676e+02 -4.823250347298566254e+01 2.276340000000000074e+01 -5.347211658954620361e-02 -6.692195683717727661e-02 8.444369584321975708e-02 8.414499461650848389e-02
-8.969011199307610482e+00 -2.396067729933650128e+02 -4.822296717179919767e+01 2.276540000000000319e+01 -2.533880434930324554e-02 -5.071822181344032288e-02 8.444369584321975708e-02 8.414499461650848389e-02
-8.569951402588557698e+00 -2.396232081214334073e+02 -4.821387198295543897e+01 2.276740000000000208e+01 -2.246639318764209747e-02 5.197080969810485840e-02 8.444369584321975708e-02 8.414499461650848389e-02
-8.170851487786952916e+00 -2.396388898684244282e+02 -4.820521795026127165e+01 2.276940000000000097e+01 1.026611104607582092e-01 -8.166093379259109497e-02 8.444369584321975708e-02 8.414499461650848389e-02
-7.771713355160389192e+00 -2.396538181596865229e+02 -4.819700511491179640e+01 2.277139999999999986e+01 -1.677449047565460205e-02 -9.394974261522293091e-02 8.444369584321975708e-02 8.414499461650848389e-02
-7.405805238076317742e+00 -2.396668500697520869e+02 -4.818985867781747601e+01 2.277340000000000231e+01 -2.954382449388504028e-02 -5.753861367702484131e-02 8.444369584321975708e-02 8.414499461650848389e-02
-6.174816880157891319e+00 -2.397059953916115944e+02 -4.816856650194426948e+01 2.277540000000000120e+01 7.953227311372756958e-02 -6.841701269149780273e-02 8.444369584321975708e-02 8.414499461650848389e-02
-5.775516326804637224e+00 -2.397171554042212165e+02 -4.816256020090666823e+01 2.277740000000000009e+01 1.042797192931175232e-01 -1.432445645332336426e-02 8.444369584321975708e-02 8.414499461650848389e-02
-5.376189026022560213e+00 -2.397275615863320297e+02 -4.815699530147113450e+01 2.277940000000000254e+01 4.282248392701148987e-02 -2.702577039599418640e-02 8.444369584321975708e-02 8.414499461650848389e-02
-4.976836879151030679e+00 -2.397372138883963544e+02 -4.815187183013311767e+01 2.278140000000000143e+01 3.713899478316307068e-02 4.211369156837463379e-02 8.444369584321975708e-02 8.414499461650848389e-02
-4.577461808511650965e+00 -2.397461122639538758e+02 -4.814718981155295552e+01 2.278340000000000032e+01 7.346243411302566528e-02 -4.334038868546485901e-02 8.444369584321975708e-02 8.414499461650848389e-02
-4.178065714280315035e+00 -2.397542566706678997e+02 -4.814294926800549490e+01 2.278540000000000276e+01 -2.146981284022331238e-02 1.390783395618200302e-02 8.444369584321975708e-02 8.414499461650848389e-02
-3.778650518990159135e+00 -2.397616470693358508e+02 -4.813915021990132459e+01 2.278740000000000165e+01 -7.204890996217727661e-02 -1.594979017972946167e-01 8.444369584321975708e-02 8.414499461650848389e-02
-3.412504960665618370e+00 -2.397677687967355382e+02 -4.813604999476268631e+01 2.278940000000000055e+01 -6.449937354773283005e-03 -7.291547954082489014e-03 8.444369584321975708e-02 8.414499461650848389e-02
-6.174816880157891319e+00 -2.397059953916115944e+02 -4.816856650194426948e+01 2.279140000000000299e+01 2.744911797344684601e-02 1.104315221309661865e-01 8.444369584321975708e-02 8.414499461650848389e-02
-5.775516326804637224e+00 -2.397171554042212165e+02 -4.816256020090666823e+01 2.279340000000000188e+01 2.053841203451156616e-02 -1.265713870525360107e-01 8.444369584321975708e-02 8.414499461650848389e-02
-5.376189026022560213e+00 -2.397275615863320297e+02 -4.815699530147113450e+01 2.279540000000000077e+01 -1.251983642578125000e-01 2.109893783926963806e-02 8.444369584321975708e-02 8.414499461650848389e-02
-4.976836879151030679e+00 -2.397372138883963544e+02 -4.815187183013311767e+01 2.279739999999999966e+01 -8.860930800437927246e-02 -8.438380062580108643e-02 8.444369584321975708e-02 8.414499461650848389e-02
-4.577461808511650965e+00 -2.397461122639538758e+02 -4.814718981155295552e+01 2.279940000000000211e+01 8.315998129546642303e-03 1.079190298914909363e-01 8.444369584321975708e-02 8.414499461650848389e-02
-4.178065714280315035e+00 -2.397542566706678997e+02 -4.814294926800549490e+01 2.280140000000000100e+01 4.513688385486602783e-02 -9.641800820827484131e-02 8.444369584321975708e-02 8.414499461650848389e-02
-3.778650518990159135e+00 -2.397616470693358508e+02 -4.813915021990132459e+01 2.280339999999999989e+01 6.420405954122543335e-02 -1.116140652447938919e-02 8.444369584321975708e-02 8.414499461650848389e-02
-3.412504960665618370e+00 -2.397677687967355382e+02 -4.813604999476268631e+01 2.280540000000000234e+01 5.507771670818328857e-02 1.037549600005149841e-02 8.444369584321975708e-02 8.414499461650848389e-02
-2.247416359374104555e+00 -2.397829912943047930e+02 -4.812867746678733027e+01 2.280740000000000123e+01 2.554554939270019531e-01 -1.093198135495185852e-01 8.444369584321975708e-02 8.414499461650848389e-02
-1.847935759379147669e+00 -2.397867368877747651e+02 -4.812701253123368161e+01 2.280940000000000012e+01 -2.291333973407745361e-01 -9.277120232582092285e-02 8.444369584321975708e-02 8.414499461650848389e-02
-1.448447202757418895e+00 -2.397897283178799341e+02 -4.812578916732364576e+01 2.281140000000000256e+01 -1.177079528570175171e-01 7.906689494848251343e-02 8.444369584321975708e-02 8.414499461650848389e-02
-1.048952608312862189e+00 -2.397919655702618513e+02 -4.812500738092622754e+01 2.281340000000000146e+01 -8.674242347478866577e-02 5.047912150621414185e-02 8.444369584321975708e-02 8.414499461650848389e-02
-6.494538767900858156e-01 -2.397934486342843172e+02 -4.812466717575554043e+01 2.281540000000000035e+01 -1.464841365814208984e-01 8.165922015905380249e-02 8.444369584321975708e-02 8.414499461650848389e-02
-2.499529298245354025e-01 -2.397941775028067468e+02 -4.812476855345051518e+01 2.281740000000000279e+01 -1.306149661540985107e-01 -9.983380138874053955e-02 8.444369584321975708e-02 8.414499461650848389e-02
1.495483262431515359e-01 -2.397941521723654432e+02 -4.812531151351848280e+01 2.281940000000000168e+01 -1.591113060712814331e-01 6.051509827375411987e-02 8.444369584321975708e-02 8.414499461650848389e-02
5.157564882217513524e-01 -2.397934760120300552e+02 -4.812619152065803263e+01 2.282140000000000057e+01 -9.131065756082534790e-02 2.765000984072685242e-02 8.444369584321975708e-02 8.414499461650848389e-02
-2.247416359374104555e+00 -2.397829912943047930e+02 -4.812867746678733027e+01 2.282340000000000302e+01 -9.703335352241992950e-03 -1.900733332149684429e-03 8.444369584321975708e-02 8.414499461650848389e-02
-1.847935759379147669e+00 -2.397867368877747651e+02 -4.812701253123368161e+01 2.282540000000000191e+01 -1.177105084061622620e-01 2.120474539697170258e-02 8.444369584321975708e-02 8.414499461650848389e-02
-1.448447202757418895e+00 -2.397897283178799341e+02 -4.812578916732364576e+01 2.282740000000000080e+01 6.990507990121841431e-02 -2.724231220781803131e-02 8.444369584321975708e-02 8.414499461650848389e-02
-1.048952608312862189e+00 -2.397919655702618513e+02 -4.812500738092622754e+01 2.282939999999999969e+01 -1.029932219535112381e-02 6.461963802576065063e-02 8.444369584321975708e-02 8.414499461650848389e-02
-6.494538767900858156e-01 -2.397934486342843172e+02 -4.812466717575554043e+01 2.283140000000000214e+01 1.136908903717994690e-01 -1.081498190760612488e-01 8.444369584321975708e-02 8.414499461650848389e-02
-2.499529298245354025e-01 -2.397941775028067468e+02 -4.812476855345051518e+01 2.283340000000000103e+01 -1.336558163166046143e-01 1.696922071278095245e-02 8.444369584321975708e-02 8.414499461650848389e-02
1.495483262431515359e-01 -2.397941521723654432e+02 -4.812531151351848280e+01 2.283539999999999992e+01 4.614229314029216766e-03 5.362879857420921326e-02 8.444369584321975708e-02 8.414499461650848389e-02
5.157564882217513524e-01 -2.397934760120300552e+02 -4.812619152065803263e+01 2.283740000000000236e+01 -8.002343028783798218e-02 6.779559701681137085e-02 8.444369584321975708e-02 8.414499461650848389e-02
1.747518191030794865e+00 -2.397865089174754587e+02 -4.813189909384315968e+01 2.283940000000000126e+01 -3.035658271983265877e-03 -1.734496466815471649e-02 8.444369584321975708e-02 8.414499461650848389e-02
2.146992303154898085e+00 -2.397827126662518253e+02 -4.813464988448487247e+01 2.284140000000000015e+01 7.463543117046356201e-02 -7.231719046831130981e-02 8.444369584321975708e-02 8.414499461650848389e-02
2.546455258798905330e+00 -2.397781622708661189e+02 -4.813784221024989307e+01 2.284340000000000259e+01 -2.627457492053508759e-02 8.659928292036056519e-02 8.444369584321975708e-02 8.414499461650848389e-02
2.945905133716853808e+00 -2.397728577532384975e+02 -4.814147605575924160e+01 2.284540000000000148e+01 -8.558840304613113403e-02 -1.772350370883941650e-01 8.444369584321975708e-02 8.414499461650848389e-02
3.345340025985876764e+00 -2.397667991386262258e+02 -4.814555140370939768e+01 2.284740000000000038e+01 8.122539520263671875e-02 1.038403529673814774e-02 8.444369584321975708e-02 8.414499461650848389e-02
3.744758021233252521e+00 -2.397599864560548042e+02 -4.815006823457441243e+01 2.284940000000000282e+01 5.656360648572444916e-03 1.837904304265975952e-01 8.444369584321975708e-02 8.414499461650848389e-02
4.144157202385528649e+00 -2.397524197382282978e+02 -4.815502652667068162e+01 2.285140000000000171e+01 7.441263645887374878e-02 9.067560732364654541e-02 8.444369584321975708e-02 8.414499461650848389e-02
4.510255248682828011e+00 -2.397448308110620872e+02 -4.815995379914483010e+01 2.285340000000000060e+01 5.117673426866531372e-02 6.378715485334396362e-02 8.444369584321975708e-02 8.414499461650848389e-02
1.747518191030794865e+00 -2.397865089174754587e+02 -4.813189909384315968e+01 2.285540000000000305e+01 1.479837484657764435e-02 -9.130933135747909546e-02 8.444369584321975708e-02 8.414499461650848389e-02
2.146992303154898085e+00 -2.397827126662518253e+02 -4.813464988448487247e+01 2.285740000000000194e+01 -9.465426951646804810e-02 -1.040953844785690308e-01 8.444369584321975708e-02 8.414499461650848389e-02
2.546455258798905330e+00 -2.397781622708661189e+02 -4.813784221024989307e+01 2.285940000000000083e+01 4.390149191021919250e-02 -1.359509676694869995e-01 8.444369584321975708e-02 8.414499461650848389e-02
2.945905133716853808e+00 -2.397728577532384975e+02 -4.814147605575924160e+01 2.286139999999999972e+01 -1.567429006099700928e-01 -8.274059742689132690e-02 8.444369584321975708e-02 8.414499461650848389e-02
3.345340025985876764e+00 -2.397667991386262258e+02 -4.814555140370939768e+01 2.286340000000000217e+01 2.294149436056613922e-02 -5.948847532272338867e-02 8.444369584321975708e-02 8.414499461650848389e-02
3.744758021233252521e+00 -2.397599864560548042e+02 -4.815006823457441243e+01 2.286540000000000106e+01 1.216389387845993042e-01 2.720484510064125061e-02 8.444369584321975708e-02 8.414499461650848389e-02
4.144157202385528649e+00 -2.397524197382282978e+02 -4.815502652667068162e+01 2.286739999999999995e+01 1.407002657651901245e-01 -4.171322658658027649e-02 8.444369584321975708e-02 8.414499461650848389e-02
4.510255248682828011e+00 -2.397448308110620872e+02 -4.815995379914483010e+01 2.286940000000000239e+01 8.103679120540618896e-02 6.104757636785507202e-02 8.444369584321975708e-02 8.414499461650848389e-02
5.741527605113971866e+00 -2.397146132920441062e+02 -4.817927380154870320e+01 2.287140000000000128e+01 -4.200136289000511169e-02 6.517694797366857529e-03 8.444369584321975708e-02 8.414499461650848389e-02
6.140804070275274640e+00 -2.397032770129170842e+02 -4.818643900185140438e+01 2.287340000000000018e+01 -8.858851343393325806e-02 -5.287356674671173096e-02 8.444369584321975708e-02 8.414499461650848389e-02
6.540050254499504945e+00 -2.396911869699933675e+02 -4.819404548928201848e+01 2.287540000000000262e+01 8.213787339627742767e-03 -4.292861744761466980e-02 8.444369584321975708e-02 8.414499461650848389e-02
6.939264256833875599e+00 -2.396783432208436011e+02 -4.820209322761933635e+01 2.287740000000000151e+01 -4.118823260068893433e-02 -4.922417178750038147e-02 8.444369584321975708e-02 8.414499461650848389e-02
7.338444155622157794e+00 -2.396647458272906306e+02 -4.821058217812485935e+01 2.287940000000000040e+01 1.050070822238922119e-01 7.428188621997833252e-02 8.444369584321975708e-02 8.414499461650848389e-02
7.737588051608640605e+00 -2.396503948540308215e+02 -4.821951230040767911e+01 2.288140000000000285e+01 -3.069387935101985931e-02 2.892860770225524902e-02 8.444369584321975708e-02 8.414499461650848389e-02
8.136694023483411087e+00 -2.396352903701493062e+02 -4.822888355147746609e+01 2.288340000000000174e+01 -6.275206059217453003e-02 1.912331581115722656e-02 8.444369584321975708e-02 8.414499461650848389e-02
8.502506757269756577e+00 -2.396207923079038267e+02 -4.823785573120603232e+01 2.288540000000000063e+01 1.143203955143690109e-02 3.424640372395515442e-02 8.444369584321975708e-02 8.414499461650848389e-02
5.741527605113971866e+00 -2.397146132920441062e+02 -4.817927380154870320e+01 2.288740000000000308e+01 -6.417655944824218750e-02 6.247076205909252167e-03 8.444369584321975708e-02 8.414499461650848389e-02
6.140804070275274640e+00 -2.397032770129170842e+02 -4.818643900185140438e+01 2.288940000000000197e+01 -7.001748681068420410e-02 1.710375770926475525e-02 8.444369584321975708e-02 8.414499461650848389e-02
6.540050254499504945e+00 -2.396911869699933675e+02 -4.819404548928201848e+01 2.289140000000000086e+01 6.583429872989654541e-02 3.237532218918204308e-03 8.444369584321975708e-02 8.414499461650848389e-02
6.939264256833875599e+00 -2.396783432208436011e+02 -4.820209322761933635e+01 2.289339999999999975e+01 -3.291360626462846994e-04 -3.148704767227172852e-02 8.444369584321975708e-02 8.414499461650848389e-02
7.338444155622157794e+00 -2.396647458272906306e+02 -4.821058217812485935e+01 2.289540000000000219e+01 -1.167337875813245773e-02 4.206223413348197937e-02 8.444369584321975708e-02 8.414499461650848389e-02
7.737588051608640605e+00 -2.396503948540308215e+02 -4.821951230040767911e+01 2.289740000000000109e+01 -6.039794534444808960e-02 -9.963333606719970703e-02 8.444369584321975708e-02 8.414499461650848389e-02
8.136694023483411087e+00 -2.396352903701493062e+02 -4.822888355147746609e+01 2.289939999999999998e+01 -4.971956834197044373e-02 3.178163245320320129e-02 8.444369584321975708e-02 8.414499461650848389e-02
8.502506757269756577e+00 -2.396207923079038267e+02 -4.823785573120603232e+01 2.290140000000000242e+01 -1.497876197099685669e-01 3.699915483593940735e-02 8.444369584321975708e-02 8.414499461650848389e-02
9.732700540615097040e+00 -2.395673388256755061e+02 -4.827077891654492703e+01 2.290340000000000131e+01 5.534355342388153076e-02 -1.421226002275943756e-02 8.444369584321975708e-02 8.414499461650848389e-02
1.013158827623623992e+01 -2.395484679439600768e+02 -4.828235509729186958e+01 2.290540000000000020e+01 1.511628925800323486e-01 1.526563148945569992e-02 8.444369584321975708e-02 8.414499461650848389e-02
1.053042663347625307e+01 -2.395288440393636904e+02 -4.829437210610620212e+01 2.290740000000000265e+01 2.907464653253555298e-02 -8.317691087722778320e-02 8.444369584321975708e-02 8.414499461650848389e-02
1.092921371054524293e+01 -2.395084672054501880e+02 -4.830682988569122216e+01 2.290940000000000154e+01 -1.298630833625793457e-01 2.034675888717174530e-02 8.444369584321975708e-02 8.414499461650848389e-02
1.132794759617485880e+01 -2.394873375398683493e+02 -4.831972837634613427e+01 2.291140000000000043e+01 -4.203260689973831177e-02 6.300062686204910278e-02 8.444369584321975708e-02 8.414499461650848389e-02
1.172662637518717332e+01 -2.394654551441168167e+02 -4.833306751611078056e+01 2.291340000000000288e+01 8.114948123693466187e-02 -2.770805172622203827e-02 8.444369584321975708e-02 8.414499461650848389e-02
1.212524815071992101e+01 -2.394428201223175563e+02 -4.834684724151374269e+01 2.291540000000000177e+01 2.846824936568737030e-02 4.545579478144645691e-02 8.444369584321975708e-02 8.414499461650848389e-02
1.249060044841406736e+01 -2.394214198668613562e+02 -4.835986003244745035e+01 2.291740000000000066e+01 -6.274704635143280029e-02 2.765019983053207397e-02 8.444369584321975708e-02 8.414499461650848389e-02
9.732700540615097040e+00 -2.395673388256755061e+02 -4.827077891654492703e+01 2.291940000000000310e+01 -5.642111878842115402e-03 7.874970138072967529e-02 8.444369584321975708e-02 8.414499461650848389e-02
1.013158827623623992e+01 -2.395484679439600768e+02 -4.828235509729186958e+01 2.292140000000000200e+01 -1.304866559803485870e-02 -5.161490663886070251e-02 8.444369584321975708e-02 8.414499461650848389e-02
1.053042663347625307e+01 -2.395288440393636904e+02 -4.829437210610620212e+01 2.292340000000000089e+01 1.305111451074481010e-03 9.971445426344871521e-03 8.444369584321975708e-02 8.414499461650848389e-02
1.092921371054524293e+01 -2.395084672054501880e+02 -4.830682988569122216e+01 2.292539999999999978e+01 -6.648570764809846878e-03 -4.675536602735519409e-02 8.444369584321975708e-02 8.414499461650848389e-02
1.132794759617485880e+01 -2.394873375398683493e+02 -4.831972837634613427e+01 2.292740000000000222e+01 7.437382638454437256e-02 -1.775255985558032990e-02 8.444369584321975708e-02 8.414499461650848389e-02
1.172662637518717332e+01 -2.394654551441168167e+02 -4.833306751611078056e+01 2.292940000000000111e+01 -7.077208138071000576e-04 -5.161611363291740417e-02 8.444369584321975708e-02 8.414499461650848389e-02
1.212524815071992101e+01 -2.394428201223175563e+02 -4.834684724151374269e+01 2.293140000000000001e+01 1.934821717441082001e-02 -4.466693475842475891e-02 8.444369584321975708e-02 8.414499461650848389e-02
1.249060044841406736e+01 -2.394214198668613562e+02 -4.835986003244745035e+01 2.293340000000000245e+01 2.887689322233200073e-02 -1.002001762390136719e-01 8.444369584321975708e-02 8.414499461650848389e-02
