# Baseline: 20-22
# Entries: 128
# u [m], v [m], w [m], frequency [GHz], real, imag
1.718449307210192046e+03 2.710603470007577926e+03 2.068990922662779667e+03 2.267940000000000000e+19 -6.166603998281061649e-04 1.194705814123153687e-02
1.715614917300897787e+03 2.713839808103926316e+03 2.067099799868023638e+03 2.268140000000000000e+19 -9.029181092046201229e-04 -4.257601220160722733e-03
1.712772334152495432e+03 2.717070792265334148e+03 2.065211822624939032e+03 2.268340000000000000e+19 7.395533844828605652e-03 5.298067349940538406e-03
1.709921571349110081e+03 2.720296407051699589e+03 2.063326999955702831e+03 2.268540000000000000e+19 5.859621800482273102e-03 -7.812611758708953857e-03
1.707062642533585631e+03 2.723516637025964883e+03 2.061445340880642561e+03 2.268740000000000000e+19 4.242960363626480103e-03 -3.607178339734673500e-03
1.704195561388036140e+03 2.726731466776966499e+03 2.059566854404861715e+03 2.268940000000000000e+19 5.862019956111907959e-03 3.046615049242973328e-03
1.701320341693614637e+03 2.729940880852276678e+03 2.057691549557502640e+03 2.269140000000000000e+19 -5.046722479164600372e-03 1.843374036252498627e-02
1.698677689090237891e+03 2.732878142542442674e+03 2.055975281965806971e+03 2.269340000000000000e+19 1.186533365398645401e-02 -1.015128847211599350e-02
1.718449307210192046e+03 2.710603470007577926e+03 2.068990922662779667e+03 2.269540000000000000e+19 1.717927306890487671e-02 -3.897498361766338348e-03
1.715614917300897787e+03 2.713839808103926316e+03 2.067099799868023638e+03 2.269740000000000000e+19 -2.062065061181783676e-03 -2.988029271364212036e-03
1.712772334152495432e+03 2.717070792265334148e+03 2.065211822624939032e+03 2.269940000000000000e+19 -1.223018579185009003e-02 1.686863973736763000e-02
1.709921571349110081e+03 2.720296407051699589e+03 2.063326999955702831e+03 2.270140000000000000e+19 1.348571013659238815e-02 7.194726262241601944e-03
1.707062642533585631e+03 2.723516637025964883e+03 2.061445340880642561e+03 2.270340000000000000e+19 2.200325764715671539e-02 -1.587335765361785889e-02
1.704195561388036140e+03 2.726731466776966499e+03 2.059566854404861715e+03 2.270540000000000000e+19 1.488601323217153549e-02 1.031674444675445557e-02
1.701320341693614637e+03 2.729940880852276678e+03 2.057691549557502640e+03 2.270740000000000000e+19 4.766449797898530960e-03 -9.450121782720088959e-03
1.698677689090237891e+03 2.732878142542442674e+03 2.055975281965806971e+03 2.270940000000000000e+19 -1.083568204194307327e-03 3.558357246220111847e-03
1.689738352591696867e+03 2.742724074292581008e+03 2.050222325311624445e+03 2.271140000000000000e+19 -7.739558815956115723e-03 -7.019668817520141602e-03
1.686822647030360486e+03 2.745906180454708647e+03 2.048363062724869906e+03 2.271340000000000000e+19 8.354278281331062317e-03 6.620250642299652100e-03
1.683898886043002449e+03 2.749082779198759908e+03 2.046507035371579377e+03 2.271540000000000000e+19 4.455996677279472351e-03 7.722686510533094406e-03
1.680967083581338557e+03 2.752253855366680455e+03 2.044654252108309493e+03 2.271740000000000000e+19 2.788114827126264572e-03 -1.468365732580423355e-02
1.678027253686439508e+03 2.755419393771495379e+03 2.042804721808434579e+03 2.271940000000000000e+19 1.822282560169696808e-02 7.739014923572540283e-03
1.675079410427542825e+03 2.758579379263750525e+03 2.040958453323319873e+03 2.272140000000000000e+19 -3.320031333714723587e-03 -4.020083288196474314e-04
1.672123567922634038e+03 2.761733796709651415e+03 2.039115455495098786e+03 2.272340000000000000e+19 5.834131035953760147e-03 1.120022125542163849e-02
1.669407132056603587e+03 2.764620513058851429e+03 2.037428879658501046e+03 2.272540000000000000e+19 -2.703205868601799011e-02 1.352956984192132950e-02
1.689738352591696867e+03 2.742724074292581008e+03 2.050222325311624445e+03 2.272740000000000000e+19 -1.604909822344779968e-02 9.305641986429691315e-03
1.686822647030360486e+03 2.745906180454708647e+03 2.048363062724869906e+03 2.272940000000000000e+19 -3.054246492683887482e-02 6.926047615706920624e-03
1.683898886043002449e+03 2.749082779198759908e+03 2.046507035371579377e+03 2.273140000000000000e+19 -5.311881657689809799e-03 1.582610886543989182e-03
1.680967083581338557e+03 2.752253855366680455e+03 2.044654252108309493e+03 2.273340000000000000e+19 -2.435107715427875519e-03 -3.005733015015721321e-03
1.678027253686439508e+03 2.755419393771495379e+03 2.042804721808434579e+03 2.273540000000000000e+19 -4.764781333506107330e-04 -3.180706501007080078e-02
1.675079410427542825e+03 2.758579379263750525e+03 2.040958453323319873e+03 2.273740000000000000e+19 -1.287780818529427052e-03 -2.654448384419083595e-03
1.672123567922634038e+03 2.761733796709651415e+03 2.039115455495098786e+03 2.273940000000000000e+19 -1.170496083796024323e-02 6.385449785739183426e-03
1.669407132056603587e+03 2.764620513058851429e+03 2.037428879658501046e+03 2.274140000000000000e+19 -3.472691169008612633e-03 1.522994807601207867e-05
1.660220488768252608e+03 2.774295484681984817e+03 2.031776346814920771e+03 2.274340000000000000e+19 1.918382011353969574e-02 1.647053845226764679e-02
1.657224862944010738e+03 2.777421836032453939e+03 2.029949834232295188e+03 2.274540000000000000e+19 -1.902166195213794708e-02 1.139193959534168243e-02
1.654221323279410399e+03 2.780542529205178198e+03 2.028126644965352853e+03 2.274740000000000000e+19 -1.512862974777817726e-03 -1.702898647636175156e-03
1.651209884200918395e+03 2.783657549210993693e+03 2.026306787771139852e+03 2.274940000000000000e+19 -1.109990663826465607e-02 1.706965826451778412e-02
1.648190560057450057e+03 2.786766881207244296e+03 2.024490271321023101e+03 2.275140000000000000e+19 -4.248594865202903748e-02 -3.915008157491683960e-02
1.645163365393429331e+03 2.789870510216071125e+03 2.022677104365271362e+03 2.275340000000000000e+19 1.139707583934068680e-02 -8.389079011976718903e-03
1.642128314622568496e+03 2.792968421460098398e+03 2.020867295536947722e+03 2.275540000000000000e+19 2.713092602789402008e-03 -3.305780887603759766e-02
1.639339395496267116e+03 2.795803210980889617e+03 2.019211218594173715e+03 2.275740000000000000e+19 9.322281926870346069e-03 2.544019743800163269e-02
1.660220488768252608e+03 2.774295484681984817e+03 2.031776346814920771e+03 2.275940000000000000e+19 5.542638711631298065e-03 1.694872044026851654e-02
1.657224862944010738e+03 2.777421836032453939e+03 2.029949834232295188e+03 2.276140000000000000e+19 6.318598752841353416e-04 8.616710081696510315e-03
1.654221323279410399e+03 2.780542529205178198e+03 2.028126644965352853e+03 2.276340000000000000e+19 1.415812876075506210e-02 -9.747091680765151978e-03
1.651209884200918395e+03 2.783657549210993693e+03 2.026306787771139852e+03 2.276540000000000000e+19 2.764815837144851685e-02 -1.158998720347881317e-02
1.648190560057450057e+03 2.786766881207244296e+03 2.024490271321023101e+03 2.276740000000000000e+19 -8.108920417726039886e-03 1.152476877905428410e-03
1.645163365393429331e+03 2.789870510216071125e+03 2.022677104365271362e+03 2.276940000000000000e+19 1.153530646115541458e-02 -1.271876599639654160e-02
1.642128314622568496e+03 2.792968421460098398e+03 2.020867295536947722e+03 2.277140000000000000e+19 -5.892492365092039108e-03 -1.253790594637393951e-02
1.639339395496267116e+03 2.795803210980889617e+03 2.019211218594173715e+03 2.277340000000000000e+19 -1.350252889096736908e-02 1.239459495991468430e-02
1.629909841743512743e+03 2.805302592468250168e+03 2.013661814607414044e+03 2.277540000000000000e+19 1.250574272125959396e-02 2.998826280236244202e-02
1.626835729157234482e+03 2.808371692953833644e+03 2.011868926069112831e+03 2.277740000000000000e+19 -4.221265669912099838e-03 -2.817438170313835144e-02
1.623753848228750712e+03 2.811434987079215716e+03 2.010079447414590277e+03 2.277940000000000000e+19 1.534526143223047256e-02 1.709312549792230129e-03
1.620664213631998109e+03 2.814492460258956271e+03 2.008293387164184196e+03 2.278140000000000000e+19 -3.898222744464874268e-02 8.826875273371115327e-05
1.617566840239266412e+03 2.817544097775607952e+03 2.006510753915258420e+03 2.278340000000000000e+19 2.009902149438858032e-02 8.458512835204601288e-03
1.614461742787481853e+03 2.820589885109871375e+03 2.004731556149343987e+03 2.278540000000000000e+19 1.099119987338781357e-02 1.131322886794805527e-02
1.611348936223357668e+03 2.823629807600543700e+03 2.002955802430775066e+03 2.278740000000000000e+19 3.498544543981552124e-02 8.331184653798118234e-05
1.608488868378793768e+03 2.826411313803092526e+03 2.001331016838822052e+03 2.278940000000000000e+19 -8.220427669584751129e-03 -2.551040984690189362e-02
1.629909841743512743e+03 2.805302592468250168e+03 2.013661814607414044e+03 2.279140000000000000e+19 -6.452317815274000168e-03 4.977804142981767654e-03
1.626835729157234482e+03 2.808371692953833644e+03 2.011868926069112831e+03 2.279340000000000000e+19 1.409070193767547607e-02 7.866129279136657715e-03
1.623753848228750712e+03 2.811434987079215716e+03 2.010079447414590277e+03 2.279540000000000000e+19 -2.642627991735935211e-02 -2.913061529397964478e-02
1.620664213631998109e+03 2.814492460258956271e+03 2.008293387164184196e+03 2.279740000000000000e+19 -3.109604492783546448e-02 -2.026889845728874207e-02
1.617566840239266412e+03 2.817544097775607952e+03 2.006510753915258420e+03 2.279940000000000000e+19 -5.583271011710166931e-02 5.775366444140672684e-03
1.614461742787481853e+03 2.820589885109871375e+03 2.004731556149343987e+03 2.280140000000000000e+19 -8.510171435773372650e-03 5.331155378371477127e-03
1.611348936223357668e+03 2.823629807600543700e+03 2.002955802430775066e+03 2.280340000000000000e+19 1.693088747560977936e-02 1.233207620680332184e-02
1.608488868378793768e+03 2.826411313803092526e+03 2.001331016838822052e+03 2.280540000000000000e+19 -9.384619072079658508e-03 -4.027993883937597275e-03
1.599345363041882592e+03 2.835228251316954356e+03 1.996180804381228882e+03 2.280740000000000000e+19 2.886553062126040459e-03 -6.134035997092723846e-03
1.596195506196235101e+03 2.838239622717887414e+03 1.994421816257197634e+03 2.280940000000000000e+19 6.144485902041196823e-03 -1.485887332819402218e-03
1.593038027601415706e+03 2.841245044861097540e+03 1.992666321489268512e+03 2.281140000000000000e+19 7.474130252376198769e-04 1.509481808170676231e-03
1.589872942423377253e+03 2.844244503311163953e+03 1.990914328509296865e+03 2.281340000000000000e+19 3.544217674061655998e-03 5.745952017605304718e-03
1.586700265721283358e+03 2.847237983797103425e+03 1.989165845652995131e+03 2.281540000000000000e+19 -8.770029060542583466e-03 7.340795360505580902e-03
1.583520012756017422e+03 2.850225471919864503e+03 1.987420881330794373e+03 2.281740000000000000e+19 -2.165767131373286247e-03 2.644858905114233494e-04
1.580332198703273889e+03 2.853206953423843970e+03 1.985679443869250463e+03 2.281940000000000000e+19 -6.886306218802928925e-03 3.988958196714520454e-04
1.577403502569363354e+03 2.855934766091655092e+03 1.984086186475957902e+03 2.282140000000000000e+19 -1.139128871727734804e-04 -1.867972873151302338e-02
1.599345363041882592e+03 2.835228251316954356e+03 1.996180804381228882e+03 2.282340000000000000e+19 1.424148865044116974e-02 -4.500649869441986084e-03
1.596195506196235101e+03 2.838239622717887414e+03 1.994421816257197634e+03 2.282540000000000000e+19 7.236419711261987686e-03 -6.158730015158653259e-03
1.593038027601415706e+03 2.841245044861097540e+03 1.992666321489268512e+03 2.282740000000000000e+19 3.746213624253869057e-04 1.368093118071556091e-02
1.589872942423377253e+03 2.844244503311163953e+03 1.990914328509296865e+03 2.282940000000000000e+19 7.505062501877546310e-03 -5.440986249595880508e-03
1.586700265721283358e+03 2.847237983797103425e+03 1.989165845652995131e+03 2.283140000000000000e+19 7.154660415835678577e-04 1.793092931620776653e-03
1.583520012756017422e+03 2.850225471919864503e+03 1.987420881330794373e+03 2.283340000000000000e+19 1.380140334367752075e-02 2.707330277189612389e-03
1.580332198703273889e+03 2.853206953423843970e+03 1.985679443869250463e+03 2.283540000000000000e+19 -5.575363989919424057e-03 -1.126870512962341309e-02
1.577403502569363354e+03 2.855934766091655092e+03 1.984086186475957902e+03 2.283740000000000000e+19 -1.164505229098722339e-04 -2.156785503029823303e-02
1.567505637379042355e+03 2.865072528218910520e+03 1.978749129111516595e+03 2.283940000000000000e+19 -6.537660956382751465e-03 1.698702014982700348e-02
1.564280247539835955e+03 2.868023763094618062e+03 1.977025450673461819e+03 2.284140000000000000e+19 -1.505323126912117004e-02 -8.731854148209095001e-03
1.561047388644565444e+03 2.870968906214593517e+03 1.975305348821856342e+03 2.284340000000000000e+19 1.448795944452285767e-02 1.650154031813144684e-02
1.557807076266191189e+03 2.873907943391839581e+03 1.973588831842562286e+03 2.284540000000000000e+19 -1.286006812006235123e-02 2.588286995887756348e-02
1.554559325833004777e+03 2.876840860632551994e+03 1.971875907908516410e+03 2.284740000000000000e+19 5.839721299707889557e-03 -1.013896241784095764e-02
1.551304152910397534e+03 2.879767643880032210e+03 1.970166585229302655e+03 2.284940000000000000e+19 1.076745241880416870e-02 1.984666101634502411e-03
1.548041573122178306e+03 2.882688279086733019e+03 1.968460872009065497e+03 2.285140000000000000e+19 3.772310214117169380e-03 3.720762440934777260e-03
1.545044475476726575e+03 2.885360193850380256e+03 1.966900433167918209e+03 2.285340000000000000e+19 4.787150304764509201e-03 9.417401161044836044e-04
1.567505637379042355e+03 2.865072528218910520e+03 1.978749129111516595e+03 2.285540000000000000e+19 2.395060379058122635e-03 1.877223886549472809e-02
1.564280247539835955e+03 2.868023763094618062e+03 1.977025450673461819e+03 2.285740000000000000e+19 -4.640305414795875549e-03 1.193763781338930130e-02
1.561047388644565444e+03 2.870968906214593517e+03 1.975305348821856342e+03 2.285940000000000000e+19 2.569086290895938873e-02 -1.486819703131914139e-02
1.557807076266191189e+03 2.873907943391839581e+03 1.973588831842562286e+03 2.286140000000000000e+19 -9.335825219750404358e-03 -1.653305254876613617e-03
1.554559325833004777e+03 2.876840860632551994e+03 1.971875907908516410e+03 2.286340000000000000e+19 6.324148271232843399e-03 3.096211468800902367e-03
1.551304152910397534e+03 2.879767643880032210e+03 1.970166585229302655e+03 2.286540000000000000e+19 -2.093097940087318420e-02 2.048367168754339218e-03
1.548041573122178306e+03 2.882688279086733019e+03 1.968460872009065497e+03 2.286740000000000000e+19 7.816916913725435734e-04 1.370129175484180450e-03
1.545044475476726575e+03 2.885360193850380256e+03 1.966900433167918209e+03 2.286940000000000000e+19 1.858223602175712585e-02 -6.341868080198764801e-03
1.534917497747048628e+03 2.894309060737643904e+03 1.961674276522830041e+03 2.287140000000000000e+19 2.309271693229675293e-02 -4.936637356877326965e-03
1.531618118352414967e+03 2.897198746843826029e+03 1.959986732595590183e+03 2.287340000000000000e+19 -1.390777062624692917e-03 1.160561386495828629e-02
1.528311426304977431e+03 2.900082201489041381e+03 1.958302846845071826e+03 2.287540000000000000e+19 -4.813784267753362656e-03 1.890477724373340607e-02
1.524997437349132952e+03 2.902959410944178671e+03 1.956622627288821604e+03 2.287740000000000000e+19 -7.267951499670743942e-03 5.249815993010997772e-03
1.521676167437085269e+03 2.905830361359483959e+03 1.954946082014741705e+03 2.287940000000000000e+19 -2.107955329120159149e-02 3.750239557120949030e-04
1.518347632371134068e+03 2.908695039075286331e+03 1.953273218999622486e+03 2.288140000000000000e+19 6.160834804177284241e-03 -2.275045029819011688e-02
1.515011848173472345e+03 2.911553430302275501e+03 1.951604046295908120e+03 2.288340000000000000e+19 1.188456546515226364e-02 2.278985083103179932e-02
1.511947783283709214e+03 2.914168168512406737e+03 1.950077172756561140e+03 2.288540000000000000e+19 7.878020405769348145e-03 -7.161565008573234081e-04
1.534917497747048628e+03 2.894309060737643904e+03 1.961674276522830041e+03 2.288740000000000000e+19 2.945630811154842377e-02 -1.250444911420345306e-02
1.531618118352414967e+03 2.897198746843826029e+03 1.959986732595590183e+03 2.288940000000000000e+19 -3.437510505318641663e-02 -3.248689230531454086e-03
1.528311426304977431e+03 2.900082201489041381e+03 1.958302846845071826e+03 2.289140000000000000e+19 3.454884886741638184e-02 6.864208262413740158e-03
1.524997437349132952e+03 2.902959410944178671e+03 1.956622627288821604e+03 2.289340000000000000e+19 -6.005984614603221416e-04 -1.258620247244834900e-02
1.521676167437085269e+03 2.905830361359483959e+03 1.954946082014741705e+03 2.289540000000000000e+19 -6.172580644488334656e-03 2.027542144060134888e-02
1.518347632371134068e+03 2.908695039075286331e+03 1.953273218999622486e+03 2.289740000000000000e+19 3.102914616465568542e-02 1.496512722223997116e-02
1.515011848173472345e+03 2.911553430302275501e+03 1.951604046295908120e+03 2.289940000000000000e+19 -9.854898788034915924e-03 -1.075897086411714554e-02
1.511947783283709214e+03 2.914168168512406737e+03 1.950077172756561140e+03 2.290140000000000000e+19 2.616946352645754814e-03 -9.624320082366466522e-03
1.501596539298975813e+03 2.922923857672951726e+03 1.944964417808479311e+03 2.290340000000000000e+19 1.403172407299280167e-02 -1.598355360329151154e-02
1.498224749341367669e+03 2.925750612086547335e+03 1.943313816002339763e+03 2.290540000000000000e+19 -3.361369250342249870e-03 7.969252765178680420e-03
1.494845806532134702e+03 2.928570998408162723e+03 1.941666952158752110e+03 2.290740000000000000e+19 2.890435606241226196e-02 2.762128412723541260e-02
1.491459726983082874e+03 2.931385003189209328e+03 1.940023834130530531e+03 2.290940000000000000e+19 6.295843631960451603e-04 1.801069010980427265e-03
1.488066526922579897e+03 2.934192612942897995e+03 1.938384469792697246e+03 2.291140000000000000e+19 4.155596718192100525e-03 -4.498571529984474182e-02
1.484666222648773555e+03 2.936993814183933864e+03 1.936748867019309728e+03 2.291340000000000000e+19 -2.362939529120922089e-02 4.305721074342727661e-02
1.481258830339960468e+03 2.939788593584622959e+03 1.935117033592309099e+03 2.291540000000000000e+19 3.294660896062850952e-02 2.154979668557643890e-02
1.478129265062849981e+03 2.942344903511252141e+03 1.933624456300075735e+03 2.291740000000000000e+19 2.804956212639808655e-02 -3.418221324682235718e-02
1.501596539298975813e+03 2.922923857672951726e+03 1.944964417808479311e+03 2.291940000000000000e+19 4.063529148697853088e-02 9.026217274367809296e-03
1.498224749341367669e+03 2.925750612086547335e+03 1.943313816002339763e+03 2.292140000000000000e+19 -3.667921200394630432e-02 4.970047622919082642e-03
1.494845806532134702e+03 2.928570998408162723e+03 1.941666952158752110e+03 2.292340000000000000e+19 -1.037601381540298462e-03 3.030439466238021851e-02
1.491459726983082874e+03 2.931385003189209328e+03 1.940023834130530531e+03 2.292540000000000000e+19 1.819834578782320023e-03 2.124666643794625998e-04
1.488066526922579897e+03 2.934192612942897995e+03 1.938384469792697246e+03 2.292740000000000000e+19 -2.029778622090816498e-02 9.697839617729187012e-03
1.484666222648773555e+03 2.936993814183933864e+03 1.936748867019309728e+03 2.292940000000000000e+19 1.990256458520889282e-02 1.022605411708354950e-02
1.481258830339960468e+03 2.939788593584622959e+03 1.935117033592309099e+03 2.293140000000000000e+19 4.204239230602979660e-03 1.314992178231477737e-02
1.478129265062849981e+03 2.942344903511252141e+03 1.933624456300075735e+03 2.293340000000000000e+19 3.361462848260998726e-03 -8.104317821562290192e-03
