# Baseline: 12-17
# u [m], v [m], w [m], frequency [GHz], real, imag
-3.166334470648164370e+03 -3.997560166974391905e+03 -3.685883556354667235e+03 2.267940000000000000e+19 4.481924697756767273e-02 1.639976724982261658e-02
-3.162854245360575533e+03 -4.003525252375606215e+03 -3.682395610984300220e+03 2.268140000000000000e+19 1.264670044183731079e-01 4.016305506229400635e-02
-3.159358911902247655e+03 -4.009483762047139408e+03 -3.678911535667208227e+03 2.268340000000000000e+19 -9.711911529302597046e-02 -8.730158209800720215e-03
-3.155848486976711229e+03 -4.015435667514675515e+03 -3.675431347052949604e+03 2.268540000000000000e+19 2.060041278600692749e-01 -1.724053621292114258e-01
-3.153206245260439573e+03 -4.019895453473344787e+03 -3.672823643853132580e+03 2.268740000000000000e+19 -8.189351856708526611e-02 -1.302884668111801147e-01
-3.148782429995227631e+03 -4.027319551932054310e+03 -3.668482696535521882e+03 2.268940000000000000e+19 6.848864257335662842e-02 -1.435704678297042847e-01
-3.145226831829881121e+03 -4.033251473884758070e+03 -3.665014267959235440e+03 2.269140000000000000e+19 -4.586493223905563354e-02 8.022241294384002686e-02
-3.140761816475536307e+03 -4.040657199658371610e+03 -3.660684132288508408e+03 2.269340000000000000e+19 -9.949604421854019165e-02 -2.786046862602233887e-01
-3.166334470648164370e+03 -3.997560166974391905e+03 -3.685883556354667235e+03 2.269540000000000000e+19 -1.487037688493728638e-01 8.436618000268936157e-02
-3.162854245360575533e+03 -4.003525252375606215e+03 -3.682395610984300220e+03 2.269740000000000000e+19 -7.436020672321319580e-02 4.902381822466850281e-02
-3.159358911902247655e+03 -4.009483762047139408e+03 -3.678911535667208227e+03 2.269940000000000000e+19 -3.210294246673583984e-02 1.193165853619575500e-01
-3.155848486976711229e+03 -4.015435667514675515e+03 -3.675431347052949604e+03 2.270140000000000000e+19 1.297735236585140228e-02 -7.532519847154617310e-02
-3.153206245260439573e+03 -4.019895453473344787e+03 -3.672823643853132580e+03 2.270340000000000000e+19 -6.453800946474075317e-02 -2.451005019247531891e-02
-3.148782429995227631e+03 -4.027319551932054310e+03 -3.668482696535521882e+03 2.270540000000000000e+19 1.363466680049896240e-02 -8.179339766502380371e-02
-3.145226831829881121e+03 -4.033251473884758070e+03 -3.665014267959235440e+03 2.270740000000000000e+19 7.662095874547958374e-02 -6.527978926897048950e-02
-3.140761816475536307e+03 -4.040657199658371610e+03 -3.660684132288508408e+03 2.270940000000000000e+19 6.949280947446823120e-02 2.310652658343315125e-02
-3.130854372035561028e+03 -4.056911698832842831e+03 -3.651180251450306059e+03 2.271140000000000000e+19 -3.161421418190002441e-02 9.123376756906509399e-02
-3.127223826294155060e+03 -4.062809747793611223e+03 -3.647731754541821829e+03 2.271340000000000000e+19 -1.175644025206565857e-01 -1.224189028143882751e-01
-3.123578342926120513e+03 -4.068700937263887226e+03 -3.644287293602423233e+03 2.271540000000000000e+19 -7.015350461006164551e-02 -1.398918963968753815e-02
-3.119917939327174736e+03 -4.074585239132128208e+03 -3.640846885068352094e+03 2.271740000000000000e+19 1.392430067062377930e-01 -2.794864773750305176e-02
-3.116242633027841748e+03 -4.080462625217125606e+03 -3.637410545416467812e+03 2.271940000000000000e+19 7.798822224140167236e-02 1.018916349858045578e-02
-3.112552441617139721e+03 -4.086333067391226905e+03 -3.633978291092186282e+03 2.272140000000000000e+19 -2.935477532446384430e-02 4.045311361551284790e-02
-3.108847382768429270e+03 -4.092196537539673955e+03 -3.630550138533266818e+03 2.272340000000000000e+19 1.158301625400781631e-02 -3.100661933422088623e-02
-3.105438222145997770e+03 -4.097565325989999110e+03 -3.627411229994972928e+03 2.272540000000000000e+19 -1.164686158299446106e-01 5.431901663541793823e-02
-3.130854372035561028e+03 -4.056911698832842831e+03 -3.651180251450306059e+03 2.272740000000000000e+19 9.800328873097896576e-03 -1.450910568237304688e-01
-3.127223826294155060e+03 -4.062809747793611223e+03 -3.647731754541821829e+03 2.272940000000000000e+19 2.865173108875751495e-02 -6.041389703750610352e-02
-3.123578342926120513e+03 -4.068700937263887226e+03 -3.644287293602423233e+03 2.273140000000000000e+19 -5.928337201476097107e-02 -2.975028567016124725e-02
-3.119917939327174736e+03 -4.074585239132128208e+03 -3.640846885068352094e+03 2.273340000000000000e+19 4.033342376351356506e-02 -7.519658654928207397e-02
-3.116242633027841748e+03 -4.080462625217125606e+03 -3.637410545416467812e+03 2.273540000000000000e+19 6.868366897106170654e-02 3.845614194869995117e-02
-3.112552441617139721e+03 -4.086333067391226905e+03 -3.633978291092186282e+03 2.273740000000000000e+19 3.359694406390190125e-02 -4.238107427954673767e-02
-3.108847382768429270e+03 -4.092196537539673955e+03 -3.630550138533266818e+03 2.273940000000000000e+19 3.869867185130715370e-03 -3.995996713638305664e-02
-3.105438222145997770e+03 -4.097565325989999110e+03 -3.627411229994972928e+03 2.274140000000000000e+19 1.060480438172817230e-02 -1.270199269056320190e-01
-3.093878828480454558e+03 -4.115580137485816522e+03 -3.616878873588887018e+03 2.274340000000000000e+19 3.201885893940925598e-02 -4.755738750100135803e-02
-3.090099699782356311e+03 -4.121408327344412101e+03 -3.613471475506939896e+03 2.274540000000000000e+19 2.743130363523960114e-02 1.757919602096080780e-02
-3.086305811046924191e+03 -4.127229377397688040e+03 -3.610068277282957752e+03 2.274740000000000000e+19 9.810289740562438965e-02 -3.173545235767960548e-03
-3.082497180496800866e+03 -4.133043259686248348e+03 -3.606669295263006461e+03 2.274940000000000000e+19 -7.154992967844009399e-02 1.105059590190649033e-02
-3.078673826279297828e+03 -4.138849946507767527e+03 -3.603274545642741941e+03 2.275140000000000000e+19 -9.332385845482349396e-03 -5.399350449442863464e-02
-3.074835766811996109e+03 -4.144649409891016148e+03 -3.599884044774900303e+03 2.275340000000000000e+19 -6.860349327325820923e-02 3.354915976524353027e-02
-3.070983020369562382e+03 -4.150441622222812839e+03 -3.596497808802776490e+03 2.275540000000000000e+19 7.174371182918548584e-02 5.991631001234054565e-02
-3.067438636375732585e+03 -4.155744849570589395e+03 -3.593397464955867235e+03 2.275740000000000000e+19 3.391433879733085632e-02 1.226203516125679016e-01
-3.093878828480454558e+03 -4.115580137485816522e+03 -3.616878873588887018e+03 2.275940000000000000e+19 -4.114226251840591431e-02 8.024469763040542603e-02
-3.090099699782356311e+03 -4.121408327344412101e+03 -3.613471475506939896e+03 2.276140000000000000e+19 1.377919465303421021e-01 1.064025685191154480e-01
-3.086305811046924191e+03 -4.127229377397688040e+03 -3.610068277282957752e+03 2.276340000000000000e+19 6.075029075145721436e-02 -1.290744096040725708e-01
-3.082497180496800866e+03 -4.133043259686248348e+03 -3.606669295263006461e+03 2.276540000000000000e+19 -4.876416549086570740e-02 1.602094620466232300e-02
-3.078673826279297828e+03 -4.138849946507767527e+03 -3.603274545642741941e+03 2.276740000000000000e+19 -1.036856696009635925e-02 6.891591846942901611e-02
-3.074835766811996109e+03 -4.144649409891016148e+03 -3.599884044774900303e+03 2.276940000000000000e+19 4.867263510823249817e-02 1.318002939224243164e-01
-3.070983020369562382e+03 -4.150441622222812839e+03 -3.596497808802776490e+03 2.277140000000000000e+19 -6.014945730566978455e-02 1.590565741062164307e-01
-3.067438636375732585e+03 -4.155744849570589395e+03 -3.593397464955867235e+03 2.277340000000000000e+19 -5.695762578397989273e-03 2.218175679445266724e-02
-3.055425534933584913e+03 -4.173537406754739095e+03 -3.582995837912194474e+03 2.277540000000000000e+19 -3.142666537314653397e-04 3.622779995203018188e-02
-3.051499631712066275e+03 -4.179292948545936270e+03 -3.579631169198379666e+03 2.277740000000000000e+19 1.367194857448339462e-02 -1.740610972046852112e-02
-3.047559153264117867e+03 -4.185041073390369093e+03 -3.576270862363847755e+03 2.277940000000000000e+19 -5.682662595063447952e-03 1.441017389297485352e-01
-3.043604118351773195e+03 -4.190781753919153743e+03 -3.572914933408209890e+03 2.278140000000000000e+19 3.683740273118019104e-02 -3.212654590606689453e-02
-3.039634546013031468e+03 -4.196514962498956265e+03 -3.569563398485544894e+03 2.278340000000000000e+19 3.366085886955261230e-02 -5.846904590725898743e-02
-3.035650455134647018e+03 -4.202240671851898696e+03 -3.566216273542014733e+03 2.278540000000000000e+19 -4.764090105891227722e-02 7.035953551530838013e-02
-3.031651864894469782e+03 -4.207958854416703616e+03 -3.562873574689328507e+03 2.278740000000000000e+19 -2.066250090138055384e-05 -1.195494532585144043e-01
-3.027973953574152347e+03 -4.213193982986645096e+03 -3.559813279094297286e+03 2.278940000000000000e+19 7.534656673669815063e-02 2.557564713060855865e-02
-3.055425534933584913e+03 -4.173537406754739095e+03 -3.582995837912194474e+03 2.279140000000000000e+19 9.563533961772918701e-02 -1.320146471261978149e-01
-3.051499631712066275e+03 -4.179292948545936270e+03 -3.579631169198379666e+03 2.279340000000000000e+19 -1.032738015055656433e-01 1.262932084500789642e-02
-3.047559153264117867e+03 -4.185041073390369093e+03 -3.576270862363847755e+03 2.279540000000000000e+19 -2.304428257048130035e-02 -8.299369364976882935e-02
-3.043604118351773195e+03 -4.190781753919153743e+03 -3.572914933408209890e+03 2.279740000000000000e+19 4.305202886462211609e-02 -1.115390136837959290e-01
-3.039634546013031468e+03 -4.196514962498956265e+03 -3.569563398485544894e+03 2.279940000000000000e+19 -5.531872063875198364e-02 -7.951012998819351196e-02
-3.035650455134647018e+03 -4.202240671851898696e+03 -3.566216273542014733e+03 2.280140000000000000e+19 5.181405320763587952e-02 1.359775848686695099e-02
-3.031651864894469782e+03 -4.207958854416703616e+03 -3.562873574689328507e+03 2.280340000000000000e+19 -5.830821767449378967e-02 -1.450458914041519165e-02
-3.027973953574152347e+03 -4.213193982986645096e+03 -3.559813279094297286e+03 2.280540000000000000e+19 6.523834913969039917e-02 -1.588341221213340759e-02
-3.016189960145819441e+03 -4.229808335307799098e+03 -3.550101185949150931e+03 2.280740000000000000e+19 8.554733544588088989e-02 6.834560632705688477e-02
-3.012121560361323191e+03 -4.235489753713994105e+03 -3.546780104741716514e+03 2.280940000000000000e+19 -1.772014796733856201e-01 7.822959870100021362e-02
-3.008038773748454332e+03 -4.241163486310167173e+03 -3.543463542583274375e+03 2.281140000000000000e+19 5.383639410138130188e-02 -1.585712470114231110e-02
-3.003941619917656681e+03 -4.246829505844616506e+03 -3.540151515403704252e+03 2.281340000000000000e+19 -6.470845639705657959e-02 -2.522203326225280762e-02
-2.999830118362836402e+03 -4.252487785359212467e+03 -3.536844038961153728e+03 2.281540000000000000e+19 1.830568313598632812e-01 1.047831252217292786e-01
-2.995704288860680208e+03 -4.258138297636889547e+03 -3.533541129164999347e+03 2.281740000000000000e+19 5.990270990878343582e-03 2.837646901607513428e-01
-2.991564151099119954e+03 -4.263781015714643218e+03 -3.530242801775989847e+03 2.281940000000000000e+19 -1.439117789268493652e-01 2.413029372692108154e-01
-2.987756654054046521e+03 -4.268946737065720299e+03 -3.527223315309985537e+03 2.282140000000000000e+19 -1.595519334077835083e-01 -1.560332328081130981e-01
-3.016189960145819441e+03 -4.229808335307799098e+03 -3.550101185949150931e+03 2.282340000000000000e+19 -6.662555038928985596e-02 -9.276846796274185181e-02
-3.012121560361323191e+03 -4.235489753713994105e+03 -3.546780104741716514e+03 2.282540000000000000e+19 8.606234192848205566e-02 4.038178175687789917e-02
-3.008038773748454332e+03 -4.241163486310167173e+03 -3.543463542583274375e+03 2.282740000000000000e+19 1.131064742803573608e-01 -1.891440600156784058e-01
-3.003941619917656681e+03 -4.246829505844616506e+03 -3.540151515403704252e+03 2.282940000000000000e+19 1.960797011852264404e-01 3.874662891030311584e-02
-2.999830118362836402e+03 -4.252487785359212467e+03 -3.536844038961153728e+03 2.283140000000000000e+19 -5.764644965529441833e-02 -1.426164805889129639e-01
-2.995704288860680208e+03 -4.258138297636889547e+03 -3.533541129164999347e+03 2.283340000000000000e+19 4.298850893974304199e-02 4.686123877763748169e-02
-2.991564151099119954e+03 -4.263781015714643218e+03 -3.530242801775989847e+03 2.283540000000000000e+19 -8.373407274484634399e-02 1.054101660847663879e-01
-2.987756654054046521e+03 -4.268946737065720299e+03 -3.527223315309985537e+03 2.283740000000000000e+19 4.269433394074440002e-02 -3.153374418616294861e-02
-2.974860914885166949e+03 -4.286273406319792230e+03 -3.517095631762862467e+03 2.283940000000000000e+19 7.237036526203155518e-02 4.514895007014274597e-02
-2.970649534512997434e+03 -4.291876748922985826e+03 -3.513820452833770560e+03 2.284140000000000000e+19 -1.819869726896286011e-01 -3.021041303873062134e-02
-2.966423965728023632e+03 -4.297472135940785847e+03 -3.510549950644175169e+03 2.284340000000000000e+19 1.041913181543350220e-01 3.351428359746932983e-02
-2.962184228885181255e+03 -4.303059540419750192e+03 -3.507284140948338518e+03 2.284540000000000000e+19 -1.629219055175781250e-01 -6.359425187110900879e-02
-2.957930344171390061e+03 -4.308638935756249339e+03 -3.504023039295931085e+03 2.284740000000000000e+19 3.481819108128547668e-02 -2.481043152511119843e-02
-2.953662331974043809e+03 -4.314210295209772994e+03 -3.500766661316501995e+03 2.284940000000000000e+19 6.029673293232917786e-02 -1.910118013620376587e-01
-2.949380212778297391e+03 -4.319773592039693540e+03 -3.497515022639542622e+03 2.285140000000000000e+19 8.334158360958099365e-02 1.099821031093597412e-01
-2.945442740801355740e+03 -4.324866278627067004e+03 -3.494538469736624847e+03 2.285340000000000000e+19 -1.643315702676773071e-01 -1.898054964840412140e-02
-2.974860914885166949e+03 -4.286273406319792230e+03 -3.517095631762862467e+03 2.285540000000000000e+19 -8.417603373527526855e-02 8.194807916879653931e-03
-2.970649534512997434e+03 -4.291876748922985826e+03 -3.513820452833770560e+03 2.285740000000000000e+19 -4.361020028591156006e-02 -1.382748633623123169e-01
-2.966423965728023632e+03 -4.297472135940785847e+03 -3.510549950644175169e+03 2.285940000000000000e+19 -3.082519024610519409e-02 -1.063766852021217346e-01
-2.962184228885181255e+03 -4.303059540419750192e+03 -3.507284140948338518e+03 2.286140000000000000e+19 -1.040924638509750366e-01 -9.075394272804260254e-02
-2.957930344171390061e+03 -4.308638935756249339e+03 -3.504023039295931085e+03 2.286340000000000000e+19 3.921959176659584045e-02 -2.896639518439769745e-03
-2.953662331974043809e+03 -4.314210295209772994e+03 -3.500766661316501995e+03 2.286540000000000000e+19 5.929803475737571716e-02 -8.947166800498962402e-02
-2.949380212778297391e+03 -4.319773592039693540e+03 -3.497515022639542622e+03 2.286740000000000000e+19 -6.877291481941938400e-03 -7.377726957201957703e-03
-2.945442740801355740e+03 -4.324866278627067004e+03 -3.494538469736624847e+03 2.286940000000000000e+19 5.911502614617347717e-02 -3.229233995079994202e-02
-2.932111076395045529e+03 -4.341945621856390062e+03 -3.484556171469325363e+03 2.287140000000000000e+19 -6.712343543767929077e-02 -3.455338627099990845e-02
-2.927758730698485124e+03 -4.347468207307398188e+03 -3.481328462077633958e+03 2.287340000000000000e+19 1.111658513545989990e-01 -2.392217889428138733e-02
-2.923392401972553671e+03 -4.352982570971814312e+03 -3.478105585014052394e+03 2.287540000000000000e+19 -1.188426092267036438e-01 3.562734462320804596e-03
-2.919012111007004478e+03 -4.358488686593840612e+03 -3.474887555623802655e+03 2.287740000000000000e+19 -9.285267442464828491e-02 1.698101013898849487e-01
-2.914617878886782364e+03 -4.363986527669212592e+03 -3.471674389397183859e+03 2.287940000000000000e+19 7.484571635723114014e-02 -5.196891725063323975e-02
-2.910209726519275591e+03 -4.369476068039793063e+03 -3.468466101622041606e+03 2.288140000000000000e+19 6.634741276502609253e-02 9.348502755165100098e-02
-2.905787675123522149e+03 -4.374957281281298492e+03 -3.465262707741719169e+03 2.288340000000000000e+19 -1.396106183528900146e-01 6.477808952331542969e-02
-2.901722112500681305e+03 -4.379974495990874857e+03 -3.462330512835029822e+03 2.288540000000000000e+19 9.758204966783523560e-02 -7.762166112661361694e-02
-2.932111076395045529e+03 -4.341945621856390062e+03 -3.484556171469325363e+03 2.288740000000000000e+19 -1.991614513099193573e-02 -4.792869091033935547e-02
-2.927758730698485124e+03 -4.347468207307398188e+03 -3.481328462077633958e+03 2.288940000000000000e+19 -1.133360248059034348e-02 -9.704861789941787720e-02
-2.923392401972553671e+03 -4.352982570971814312e+03 -3.478105585014052394e+03 2.289140000000000000e+19 5.532015860080718994e-02 -3.076583147048950195e-02
-2.919012111007004478e+03 -4.358488686593840612e+03 -3.474887555623802655e+03 2.289340000000000000e+19 3.069528378546237946e-02 -6.648555397987365723e-02
-2.914617878886782364e+03 -4.363986527669212592e+03 -3.471674389397183859e+03 2.289540000000000000e+19 1.145703941583633423e-01 3.411080315709114075e-02
-2.910209726519275591e+03 -4.369476068039793063e+03 -3.468466101622041606e+03 2.289740000000000000e+19 -8.239539712667465210e-02 8.469015359878540039e-02
-2.905787675123522149e+03 -4.374957281281298492e+03 -3.465262707741719169e+03 2.289940000000000000e+19 1.816832274198532104e-01 -1.260572299361228943e-02
-2.901722112500681305e+03 -4.379974495990874857e+03 -3.462330512835029822e+03 2.290140000000000000e+19 6.585877388715744019e-02 -2.636183053255081177e-02
-2.887960902754841300e+03 -4.396798339860361011e+03 -3.452498376880429987e+03 2.290340000000000000e+19 -1.585178263485431671e-02 6.855340301990509033e-02
-2.883469674647999000e+03 -4.402237525203615405e+03 -3.449319681716332070e+03 2.290540000000000000e+19 7.346206158399581909e-02 -1.001875326037406921e-01
-2.878964675453934888e+03 -4.407668226668793977e+03 -3.446145972054054255e+03 2.290740000000000000e+19 6.816253066062927246e-02 -5.439018085598945618e-02
-2.874445926653777406e+03 -4.413090418360457988e+03 -3.442977263026915352e+03 2.290940000000000000e+19 -4.484025761485099792e-02 -5.729632452130317688e-02
-2.869913449904345725e+03 -4.418504074291516190e+03 -3.439813569821654255e+03 2.291140000000000000e+19 -1.810305379331111908e-02 -2.496445924043655396e-02
-2.865367266975997609e+03 -4.423909168459465945e+03 -3.436654907633894709e+03 2.291340000000000000e+19 -8.064436167478561401e-02 3.112451173365116119e-02
-2.860807399499049552e+03 -4.429305675147639704e+03 -3.433501291492080327e+03 2.291540000000000000e+19 -9.763319045305252075e-02 -4.131591692566871643e-02
-2.856615692540997316e+03 -4.434245016127209965e+03 -3.430614858286950493e+03 2.291740000000000000e+19 6.737314164638519287e-02 5.967748910188674927e-02
-2.887960902754841300e+03 -4.396798339860361011e+03 -3.452498376880429987e+03 2.291940000000000000e+19 1.462099957279860973e-03 -9.659568220376968384e-02
-2.883469674647999000e+03 -4.402237525203615405e+03 -3.449319681716332070e+03 2.292140000000000000e+19 1.090330630540847778e-01 -1.057562753558158875e-01
-2.878964675453934888e+03 -4.407668226668793977e+03 -3.446145972054054255e+03 2.292340000000000000e+19 -4.307165369391441345e-02 -1.222263798117637634e-01
-2.874445926653777406e+03 -4.413090418360457988e+03 -3.442977263026915352e+03 2.292540000000000000e+19 -2.039803750813007355e-02 6.038123369216918945e-02
-2.869913449904345725e+03 -4.418504074291516190e+03 -3.439813569821654255e+03 2.292740000000000000e+19 -1.439618971198797226e-02 -6.930465251207351685e-02
-2.865367266975997609e+03 -4.423909168459465945e+03 -3.436654907633894709e+03 2.292940000000000000e+19 -1.558317802846431732e-02 -9.873358905315399170e-02
-2.860807399499049552e+03 -4.429305675147639704e+03 -3.433501291492080327e+03 2.293140000000000000e+19 5.517290532588958740e-02 1.564214192330837250e-02
-2.856615692540997316e+03 -4.434245016127209965e+03 -3.430614858286950493e+03 2.293340000000000000e+19 -1.275237533263862133e-03 -8.202039636671543121e-03
