# Baseline: 2-3
# Entries: 128
# u [m], v [m], w [m], frequency [GHz], real, imag, std(real), std(imag)
1.199816949523250287e+03 -3.144358081352525460e+03 8.133371753189489937e+02 2.267940000000000111e+01 -4.830167815089225769e-02 1.358115226030349731e-01 6.390808522701263428e-02 6.461200118064880371e-02
1.206649152917878610e+03 -3.142088585842750490e+03 8.119993579833961803e+02 2.268140000000000001e+01 1.006370857357978821e-01 -8.796743303537368774e-02 6.390808522701263428e-02 6.461200118064880371e-02
1.213475576739191865e+03 -3.139806194273862729e+03 8.106539976730058470e+02 2.268340000000000245e+01 -2.093548327684402466e-02 -1.700937189161777496e-02 6.390808522701263428e-02 6.461200118064880371e-02
1.220296188365320404e+03 -3.137510917552992851e+03 8.093011008170245759e+02 2.268540000000000134e+01 9.880828112363815308e-02 -4.443440586328506470e-02 6.390808522701263428e-02 6.461200118064880371e-02
1.225407996684559066e+03 -3.135781412770815223e+03 8.082817213579332929e+02 2.268740000000000023e+01 -1.149911731481552124e-01 8.525716513395309448e-02 6.390808522701263428e-02 6.461200118064880371e-02
1.233919844493067785e+03 -3.132881752654569937e+03 8.065727234024017207e+02 2.268940000000000268e+01 2.860730327665805817e-02 -7.481727749109268188e-02 6.390808522701263428e-02 6.461200118064880371e-02
1.240722823653288515e+03 -3.130547886679750718e+03 8.051972559298293390e+02 2.269140000000000157e+01 -8.913550525903701782e-02 8.309350349009037018e-03 6.390808522701263428e-02 6.461200118064880371e-02
1.249218429624265355e+03 -3.127613017614302407e+03 8.034676646806562985e+02 2.269340000000000046e+01 7.624173164367675781e-02 1.284878328442573547e-02 6.390808522701263428e-02 6.461200118064880371e-02
1.199816949523250287e+03 -3.144358081352525460e+03 8.133371753189489937e+02 2.269540000000000290e+01 -1.349133700132369995e-01 6.471867859363555908e-02 6.390808522701263428e-02 6.461200118064880371e-02
1.206649152917878610e+03 -3.142088585842750490e+03 8.119993579833961803e+02 2.269740000000000180e+01 1.494532674551010132e-01 -1.574957370758056641e-02 6.390808522701263428e-02 6.461200118064880371e-02
1.213475576739191865e+03 -3.139806194273862729e+03 8.106539976730058470e+02 2.269940000000000069e+01 -3.482912480831146240e-02 8.181045763194561005e-03 6.390808522701263428e-02 6.461200118064880371e-02
1.220296188365320404e+03 -3.137510917552992851e+03 8.093011008170245759e+02 2.270140000000000313e+01 1.603640429675579071e-02 -9.657500684261322021e-02 6.390808522701263428e-02 6.461200118064880371e-02
1.225407996684559066e+03 -3.135781412770815223e+03 8.082817213579332929e+02 2.270340000000000202e+01 -1.332921534776687622e-01 2.288027666509151459e-02 6.390808522701263428e-02 6.461200118064880371e-02
1.233919844493067785e+03 -3.132881752654569937e+03 8.065727234024017207e+02 2.270540000000000092e+01 5.204825103282928467e-02 3.726609423756599426e-02 6.390808522701263428e-02 6.461200118064880371e-02
1.240722823653288515e+03 -3.130547886679750718e+03 8.051972559298293390e+02 2.270739999999999981e+01 -1.156065016984939575e-01 9.285852313041687012e-03 6.390808522701263428e-02 6.461200118064880371e-02
1.249218429624265355e+03 -3.127613017614302407e+03 8.034676646806562985e+02 2.270940000000000225e+01 4.360562597867101431e-04 -2.416659519076347351e-02 6.390808522701263428e-02 6.461200118064880371e-02
1.267874989263057387e+03 -3.121084126936676512e+03 7.996203480852377652e+02 2.271140000000000114e+01 7.351014018058776855e-02 1.132326014339923859e-02 6.390808522701263428e-02 6.461200118064880371e-02
1.274647930454832704e+03 -3.118686169661462372e+03 7.982073950021314204e+02 2.271340000000000003e+01 -1.638603396713733673e-03 -7.488744705915451050e-02 6.390808522701263428e-02 6.461200118064880371e-02
1.281414766602249074e+03 -3.116275428342451960e+03 7.967869649593591248e+02 2.271540000000000248e+01 -9.084623306989669800e-02 4.168686643242835999e-02 6.390808522701263428e-02 6.461200118064880371e-02
1.288175465415354211e+03 -3.113851914483385826e+03 7.953590647350398513e+02 2.271740000000000137e+01 5.184105038642883301e-02 -1.116956491023302078e-02 6.390808522701263428e-02 6.461200118064880371e-02
1.294929994515695626e+03 -3.111415639691036631e+03 7.939237011677356577e+02 2.271940000000000026e+01 2.151075378060340881e-02 9.297310374677181244e-03 6.390808522701263428e-02 6.461200118064880371e-02
1.301678321577864381e+03 -3.108966615624743099e+03 7.924808811267164401e+02 2.272140000000000271e+01 3.892689943313598633e-02 -5.785296484827995300e-02 6.390808522701263428e-02 6.461200118064880371e-02
1.308420414282729780e+03 -3.106504854013605382e+03 7.910306115220857919e+02 2.272340000000000160e+01 8.608369156718254089e-03 -4.010883718729019165e-02 6.390808522701263428e-02 6.461200118064880371e-02
1.314595241893616048e+03 -3.104237221538029189e+03 7.896947540687777973e+02 2.272540000000000049e+01 6.623662263154983521e-02 -1.163168027997016907e-01 6.390808522701263428e-02 6.461200118064880371e-02
1.267874989263057387e+03 -3.121084126936676512e+03 7.996203480852377652e+02 2.272740000000000293e+01 -1.001464203000068665e-01 -4.206490144133567810e-02 6.390808522701263428e-02 6.461200118064880371e-02
1.274647930454832704e+03 -3.118686169661462372e+03 7.982073950021314204e+02 2.272940000000000182e+01 2.038691379129886627e-02 2.400106377899646759e-02 6.390808522701263428e-02 6.461200118064880371e-02
1.281414766602249074e+03 -3.116275428342451960e+03 7.967869649593591248e+02 2.273140000000000072e+01 -5.830900743603706360e-03 -3.223012434318661690e-03 6.390808522701263428e-02 6.461200118064880371e-02
1.288175465415354211e+03 -3.113851914483385826e+03 7.953590647350398513e+02 2.273340000000000316e+01 -1.472458150237798691e-02 9.697556495666503906e-02 6.390808522701263428e-02 6.461200118064880371e-02
1.294929994515695626e+03 -3.111415639691036631e+03 7.939237011677356577e+02 2.273540000000000205e+01 1.244471296668052673e-01 -7.109237462282180786e-02 6.390808522701263428e-02 6.461200118064880371e-02
1.301678321577864381e+03 -3.108966615624743099e+03 7.924808811267164401e+02 2.273740000000000094e+01 1.449744682759046555e-02 -1.969342976808547974e-01 6.390808522701263428e-02 6.461200118064880371e-02
1.308420414282729780e+03 -3.106504854013605382e+03 7.910306115220857919e+02 2.273939999999999984e+01 -4.815846681594848633e-02 2.276678755879402161e-02 6.390808522701263428e-02 6.461200118064880371e-02
1.314595241893616048e+03 -3.104237221538029189e+03 7.896947540687777973e+02 2.274140000000000228e+01 -1.198680605739355087e-02 -9.993664920330047607e-03 6.390808522701263428e-02 6.461200118064880371e-02
1.335325797037710345e+03 -3.096530668522698306e+03 7.851551767327297284e+02 2.274340000000000117e+01 -6.794484704732894897e-02 3.601471707224845886e-02 6.390808522701263428e-02 6.461200118064880371e-02
1.342036234664186168e+03 -3.094005397090879342e+03 7.836677641113515165e+02 2.274540000000000006e+01 7.644433528184890747e-03 -3.135110065340995789e-02 6.390808522701263428e-02 6.461200118064880371e-02
1.348740244884678077e+03 -3.091467459679812691e+03 7.821729440831767306e+02 2.274740000000000251e+01 -1.308634132146835327e-01 -4.922258481383323669e-02 6.390808522701263428e-02 6.461200118064880371e-02
1.355437795498817650e+03 -3.088916868479605910e+03 7.806707238280733918e+02 2.274940000000000140e+01 7.978644967079162598e-02 5.994431674480438232e-02 6.390808522701263428e-02 6.461200118064880371e-02
1.362128854593767301e+03 -3.086353635643241887e+03 7.791611105037911784e+02 2.275140000000000029e+01 -1.097662933170795441e-02 8.552815020084381104e-02 6.390808522701263428e-02 6.461200118064880371e-02
1.368813389938211913e+03 -3.083777773518158938e+03 7.776441113823564137e+02 2.275340000000000273e+01 -3.195667266845703125e-02 7.916206866502761841e-02 6.390808522701263428e-02 6.461200118064880371e-02
1.375491369704832550e+03 -3.081189294369210984e+03 7.761197336869047376e+02 2.275540000000000163e+01 -3.852915391325950623e-02 1.095357090234756470e-01 6.390808522701263428e-02 6.461200118064880371e-02
1.381607149103240317e+03 -3.078805609062268559e+03 7.747160056102292174e+02 2.275740000000000052e+01 7.699479162693023682e-02 -1.461241021752357483e-02 6.390808522701263428e-02 6.461200118064880371e-02
1.335325797037710345e+03 -3.096530668522698306e+03 7.851551767327297284e+02 2.275940000000000296e+01 8.634189516305923462e-02 -1.048670858144760132e-01 6.390808522701263428e-02 6.461200118064880371e-02
1.342036234664186168e+03 -3.094005397090879342e+03 7.836677641113515165e+02 2.276140000000000185e+01 1.017659306526184082e-01 -1.509610097855329514e-02 6.390808522701263428e-02 6.461200118064880371e-02
1.348740244884678077e+03 -3.091467459679812691e+03 7.821729440831767306e+02 2.276340000000000074e+01 4.591188207268714905e-02 6.296192854642868042e-02 6.390808522701263428e-02 6.461200118064880371e-02
1.355437795498817650e+03 -3.088916868479605910e+03 7.806707238280733918e+02 2.276540000000000319e+01 -4.196261987090110779e-02 1.460623443126678467e-01 6.390808522701263428e-02 6.461200118064880371e-02
1.362128854593767301e+03 -3.086353635643241887e+03 7.791611105037911784e+02 2.276740000000000208e+01 -5.332295782864093781e-03 2.724410779774188995e-02 6.390808522701263428e-02 6.461200118064880371e-02
1.368813389938211913e+03 -3.083777773518158938e+03 7.776441113823564137e+02 2.276940000000000097e+01 4.565136507153511047e-02 -1.035447418689727783e-02 6.390808522701263428e-02 6.461200118064880371e-02
1.375491369704832550e+03 -3.081189294369210984e+03 7.761197336869047376e+02 2.277139999999999986e+01 5.009572207927703857e-02 1.461268286220729351e-03 6.390808522701263428e-02 6.461200118064880371e-02
1.381607149103240317e+03 -3.078805609062268559e+03 7.747160056102292174e+02 2.277340000000000231e+01 2.863381057977676392e-02 -1.002788729965686798e-02 6.390808522701263428e-02 6.461200118064880371e-02
1.402137093820503651e+03 -3.070709456374710953e+03 7.699485837055148068e+02 2.277540000000000120e+01 7.199672609567642212e-02 6.808342784643173218e-02 6.390808522701263428e-02 6.461200118064880371e-02
1.408781816735574921e+03 -3.068058079209472453e+03 7.683874233218471090e+02 2.277740000000000009e+01 9.177689254283905029e-02 -7.620766758918762207e-02 6.390808522701263428e-02 6.461200118064880371e-02
1.415419792678628482e+03 -3.065394160296602422e+03 7.668189286913586784e+02 2.277940000000000254e+01 2.037006616592407227e-02 -5.897720344364643097e-03 6.390808522701263428e-02 6.461200118064880371e-02
1.422050990043901038e+03 -3.062717712319970815e+03 7.652431072822263332e+02 2.278140000000000143e+01 8.326639980077743530e-02 1.405965536832809448e-01 6.390808522701263428e-02 6.461200118064880371e-02
1.428675376911485500e+03 -3.060028748162958891e+03 7.636599666798592807e+02 2.278340000000000032e+01 7.982859760522842407e-02 -5.064986646175384521e-02 6.390808522701263428e-02 6.461200118064880371e-02
1.435292921763403911e+03 -3.057327280619343583e+03 7.620695144166678574e+02 2.278540000000000276e+01 4.177242144942283630e-02 2.424961701035499573e-02 6.390808522701263428e-02 6.461200118064880371e-02
1.441903592745456535e+03 -3.054613322692926886e+03 7.604717581484773063e+02 2.278740000000000165e+01 9.853205829858779907e-02 7.426002621650695801e-02 6.390808522701263428e-02 6.461200118064880371e-02
1.447957397439013448e+03 -3.052114725186603209e+03 7.590008311563453844e+02 2.278940000000000055e+01 -5.617189407348632812e-02 -1.184909977018833160e-02 6.390808522701263428e-02 6.461200118064880371e-02
1.402137093820503651e+03 -3.070709456374710953e+03 7.699485837055148068e+02 2.279140000000000299e+01 7.610540091991424561e-02 5.278073251247406006e-02 6.390808522701263428e-02 6.461200118064880371e-02
1.408781816735574921e+03 -3.068058079209472453e+03 7.683874233218471090e+02 2.279340000000000188e+01 6.510766595602035522e-02 4.095898568630218506e-02 6.390808522701263428e-02 6.461200118064880371e-02
1.415419792678628482e+03 -3.065394160296602422e+03 7.668189286913586784e+02 2.279540000000000077e+01 5.677795782685279846e-02 -2.584562264382839203e-02 6.390808522701263428e-02 6.461200118064880371e-02
1.422050990043901038e+03 -3.062717712319970815e+03 7.652431072822263332e+02 2.279739999999999966e+01 2.172117494046688080e-02 -4.574960842728614807e-02 6.390808522701263428e-02 6.461200118064880371e-02
1.428675376911485500e+03 -3.060028748162958891e+03 7.636599666798592807e+02 2.279940000000000211e+01 -3.452199697494506836e-02 1.983268558979034424e-02 6.390808522701263428e-02 6.461200118064880371e-02
1.435292921763403911e+03 -3.057327280619343583e+03 7.620695144166678574e+02 2.280140000000000100e+01 -4.226487129926681519e-02 1.275186426937580109e-02 6.390808522701263428e-02 6.461200118064880371e-02
1.441903592745456535e+03 -3.054613322692926886e+03 7.604717581484773063e+02 2.280339999999999989e+01 7.808548212051391602e-02 6.312315165996551514e-02 6.390808522701263428e-02 6.461200118064880371e-02
1.447957397439013448e+03 -3.052114725186603209e+03 7.590008311563453844e+02 2.280540000000000234e+01 7.534092664718627930e-02 7.349948585033416748e-02 6.390808522701263428e-02 6.461200118064880371e-02
1.467180250956545706e+03 -3.044094342101138409e+03 7.542795002368560517e+02 2.280740000000000123e+01 2.789651229977607727e-02 -4.163963720202445984e-03 6.390808522701263428e-02 6.461200118064880371e-02
1.473757253353349824e+03 -3.041320197954492869e+03 7.526465495763230820e+02 2.280940000000000012e+01 -2.671055495738983154e-02 -7.430446892976760864e-02 6.390808522701263428e-02 6.461200118064880371e-02
1.480327197915241186e+03 -3.038533639983405919e+03 7.510063399788425613e+02 2.281140000000000256e+01 8.906412869691848755e-02 1.191204339265823364e-01 6.390808522701263428e-02 6.461200118064880371e-02
1.486890053085884801e+03 -3.035734681572303089e+03 7.493588793227016822e+02 2.281340000000000146e+01 3.908063098788261414e-02 -7.518474757671356201e-02 6.390808522701263428e-02 6.461200118064880371e-02
1.493445787640131130e+03 -3.032923336038419166e+03 7.477041754464064525e+02 2.281540000000000035e+01 1.044566743075847626e-02 -3.129279613494873047e-02 6.390808522701263428e-02 6.461200118064880371e-02
1.499994370044078096e+03 -3.030099616904545655e+03 7.460422363092279738e+02 2.281740000000000279e+01 -1.716328710317611694e-01 -3.290547803044319153e-02 6.390808522701263428e-02 6.461200118064880371e-02
1.506535769049306509e+03 -3.027263537645155793e+03 7.443730698417673466e+02 2.281940000000000168e+01 -2.039274945855140686e-02 9.445195645093917847e-02 6.390808522701263428e-02 6.461200118064880371e-02
1.512525806468641576e+03 -3.024653108948267800e+03 7.428367502294527185e+02 2.282140000000000057e+01 -8.128400146961212158e-02 3.642500936985015869e-02 6.390808522701263428e-02 6.461200118064880371e-02
1.467180250956545706e+03 -3.044094342101138409e+03 7.542795002368560517e+02 2.282340000000000302e+01 -4.364642128348350525e-02 1.956977508962154388e-02 6.390808522701263428e-02 6.461200118064880371e-02
1.473757253353349824e+03 -3.041320197954492869e+03 7.526465495763230820e+02 2.282540000000000191e+01 -3.214623406529426575e-02 1.036519259214401245e-01 6.390808522701263428e-02 6.461200118064880371e-02
1.480327197915241186e+03 -3.038533639983405919e+03 7.510063399788425613e+02 2.282740000000000080e+01 -5.055077001452445984e-02 -2.494661882519721985e-02 6.390808522701263428e-02 6.461200118064880371e-02
1.486890053085884801e+03 -3.035734681572303089e+03 7.493588793227016822e+02 2.282939999999999969e+01 1.076622530817985535e-01 1.078654266893863678e-02 6.390808522701263428e-02 6.461200118064880371e-02
1.493445787640131130e+03 -3.032923336038419166e+03 7.477041754464064525e+02 2.283140000000000214e+01 1.231897901743650436e-02 -8.303499221801757812e-02 6.390808522701263428e-02 6.461200118064880371e-02
1.499994370044078096e+03 -3.030099616904545655e+03 7.460422363092279738e+02 2.283340000000000103e+01 -2.431882917881011963e-02 -2.393406443297863007e-02 6.390808522701263428e-02 6.461200118064880371e-02
1.506535769049306509e+03 -3.027263537645155793e+03 7.443730698417673466e+02 2.283539999999999992e+01 -2.042133733630180359e-02 -7.664586603641510010e-02 6.390808522701263428e-02 6.461200118064880371e-02
1.512525806468641576e+03 -3.024653108948267800e+03 7.428367502294527185e+02 2.283740000000000236e+01 1.265701372176408768e-02 -2.544051967561244965e-02 6.390808522701263428e-02 6.461200118064880371e-02
1.532628905288233682e+03 -3.015795891781073806e+03 7.376242910031021438e+02 2.283940000000000126e+01 -1.051315367221832275e-01 5.509604141116142273e-02 6.390808522701263428e-02 6.461200118064880371e-02
1.539133918229644223e+03 -3.012898216745389163e+03 7.359191084445660636e+02 2.284140000000000015e+01 8.573757484555244446e-03 -1.354190241545438766e-02 6.390808522701263428e-02 6.461200118064880371e-02
1.545631560551320945e+03 -3.009988263865002864e+03 7.342067469785897629e+02 2.284340000000000259e+01 2.604486607015132904e-02 4.007626324892044067e-02 6.390808522701263428e-02 6.461200118064880371e-02
1.552121800953596448e+03 -3.007066047157413777e+03 7.324872148537823477e+02 2.284540000000000148e+01 1.077754609286785126e-02 -3.888326510787010193e-02 6.390808522701263428e-02 6.461200118064880371e-02
1.558604608534142017e+03 -3.004131580536351521e+03 7.307605202574700343e+02 2.284740000000000038e+01 2.668150002136826515e-03 6.403064727783203125e-02 6.390808522701263428e-02 6.461200118064880371e-02
1.565079952222681641e+03 -3.001184878065653265e+03 7.290266714650917947e+02 2.284940000000000282e+01 -4.700733721256256104e-02 -1.145335286855697632e-01 6.390808522701263428e-02 6.461200118064880371e-02
1.571547800939779108e+03 -2.998225953888611002e+03 7.272856767986158957e+02 2.285140000000000171e+01 -3.944009169936180115e-02 5.701979249715805054e-02 6.390808522701263428e-02 6.461200118064880371e-02
1.577470147948037038e+03 -2.995503037613275865e+03 7.256835854402795576e+02 2.285340000000000060e+01 2.453919127583503723e-02 -2.600476704537868500e-02 6.390808522701263428e-02 6.461200118064880371e-02
1.532628905288233682e+03 -3.015795891781073806e+03 7.376242910031021438e+02 2.285540000000000305e+01 -9.280857443809509277e-02 -2.502764947712421417e-02 6.390808522701263428e-02 6.461200118064880371e-02
1.539133918229644223e+03 -3.012898216745389163e+03 7.359191084445660636e+02 2.285740000000000194e+01 -2.203412167727947235e-02 5.474115535616874695e-02 6.390808522701263428e-02 6.461200118064880371e-02
1.545631560551320945e+03 -3.009988263865002864e+03 7.342067469785897629e+02 2.285940000000000083e+01 -6.802418082952499390e-02 4.952272027730941772e-02 6.390808522701263428e-02 6.461200118064880371e-02
1.552121800953596448e+03 -3.007066047157413777e+03 7.324872148537823477e+02 2.286139999999999972e+01 1.087255217134952545e-02 -9.566929936408996582e-02 6.390808522701263428e-02 6.461200118064880371e-02
1.558604608534142017e+03 -3.004131580536351521e+03 7.307605202574700343e+02 2.286340000000000217e+01 3.396395221352577209e-02 -1.513771712779998779e-01 6.390808522701263428e-02 6.461200118064880371e-02
1.565079952222681641e+03 -3.001184878065653265e+03 7.290266714650917947e+02 2.286540000000000106e+01 1.024157404899597168e-01 -4.911519587039947510e-03 6.390808522701263428e-02 6.461200118064880371e-02
1.571547800939779108e+03 -2.998225953888611002e+03 7.272856767986158957e+02 2.286739999999999995e+01 -3.870473010465502739e-03 -9.046094492077827454e-03 6.390808522701263428e-02 6.461200118064880371e-02
1.577470147948037038e+03 -2.995503037613275865e+03 7.256835854402795576e+02 2.286940000000000239e+01 -7.674209773540496826e-02 -1.688022762537002563e-01 6.390808522701263428e-02 6.461200118064880371e-02
1.597343628311743714e+03 -2.986268323868291645e+03 7.202504063445319389e+02 2.287140000000000128e+01 6.806976348161697388e-02 9.563731402158737183e-02 6.390808522701263428e-02 6.461200118064880371e-02
1.603773538976695590e+03 -2.983248504562451217e+03 7.184738078670994810e+02 2.287340000000000018e+01 -5.069181695580482483e-02 -6.346411257982254028e-02 6.390808522701263428e-02 6.461200118064880371e-02
1.610195769493572925e+03 -2.980216549390049295e+03 7.166901140194768232e+02 2.287540000000000262e+01 -8.164222538471221924e-02 -1.359038203954696655e-01 6.390808522701263428e-02 6.461200118064880371e-02
1.616610289283913517e+03 -2.977172472787399784e+03 7.148993332945314023e+02 2.287740000000000151e+01 4.034551605582237244e-02 -2.615979174152016640e-03 6.390808522701263428e-02 6.461200118064880371e-02
1.623017067470779466e+03 -2.974116289407441400e+03 7.131014743123637345e+02 2.287940000000000040e+01 -7.970478385686874390e-02 7.626780122518539429e-02 6.390808522701263428e-02 6.461200118064880371e-02
1.629416073571446304e+03 -2.971048013791199082e+03 7.112965456269898823e+02 2.288140000000000285e+01 -3.475869819521903992e-02 6.348534673452377319e-02 6.390808522701263428e-02 6.461200118064880371e-02
1.635807276783835277e+03 -2.967967660708155108e+03 7.094845559266799455e+02 2.288340000000000174e+01 -1.676563359797000885e-02 -6.299926340579986572e-02 6.390808522701263428e-02 6.461200118064880371e-02
1.641659099233099596e+03 -2.965133559911969769e+03 7.078174595079223081e+02 2.288540000000000063e+01 9.815954603254795074e-03 -7.224866747856140137e-02 6.390808522701263428e-02 6.461200118064880371e-02
1.597343628311743714e+03 -2.986268323868291645e+03 7.202504063445319389e+02 2.288740000000000308e+01 2.603900246322154999e-02 -9.412755072116851807e-02 6.390808522701263428e-02 6.461200118064880371e-02
1.603773538976695590e+03 -2.983248504562451217e+03 7.184738078670994810e+02 2.288940000000000197e+01 8.130557835102081299e-02 2.890674956142902374e-02 6.390808522701263428e-02 6.461200118064880371e-02
1.610195769493572925e+03 -2.980216549390049295e+03 7.166901140194768232e+02 2.289140000000000086e+01 4.320627823472023010e-02 1.128203943371772766e-01 6.390808522701263428e-02 6.461200118064880371e-02
1.616610289283913517e+03 -2.977172472787399784e+03 7.148993332945314023e+02 2.289339999999999975e+01 1.103142499923706055e-01 -2.490000426769256592e-02 6.390808522701263428e-02 6.461200118064880371e-02
1.623017067470779466e+03 -2.974116289407441400e+03 7.131014743123637345e+02 2.289540000000000219e+01 1.170014068484306335e-01 -8.230525255203247070e-02 6.390808522701263428e-02 6.461200118064880371e-02
1.629416073571446304e+03 -2.971048013791199082e+03 7.112965456269898823e+02 2.289740000000000109e+01 9.534055367112159729e-03 -4.063546285033226013e-02 6.390808522701263428e-02 6.461200118064880371e-02
1.635807276783835277e+03 -2.967967660708155108e+03 7.094845559266799455e+02 2.289939999999999998e+01 -1.347189582884311676e-02 -6.094923987984657288e-02 6.390808522701263428e-02 6.461200118064880371e-02
1.641659099233099596e+03 -2.965133559911969769e+03 7.078174595079223081e+02 2.290140000000000242e+01 6.927496939897537231e-02 -1.711126044392585754e-02 6.390808522701263428e-02 6.461200118064880371e-02
1.661293450673388861e+03 -2.955525768883424462e+03 7.021661606076986573e+02 2.290340000000000131e+01 1.026297733187675476e-02 1.196002122014760971e-03 6.390808522701263428e-02 6.461200118064880371e-02
1.667645181887462286e+03 -2.952385250510726109e+03 7.003189964443693043e+02 2.290540000000000020e+01 9.438686817884445190e-02 7.239388674497604370e-02 6.390808522701263428e-02 6.461200118064880371e-02
1.673988927303935043e+03 -2.949232743965666032e+03 6.984648237897054059e+02 2.290740000000000265e+01 8.592496812343597412e-02 -1.057169586420059204e-02 6.390808522701263428e-02 6.461200118064880371e-02
1.680324656673702748e+03 -2.946068264280267158e+03 6.966036514849292871e+02 2.290940000000000154e+01 -2.989480085670948029e-02 -6.172583624720573425e-02 6.390808522701263428e-02 6.461200118064880371e-02
1.686652339631388941e+03 -2.942891826620763368e+03 6.947354884499957279e+02 2.291140000000000043e+01 4.673499148339033127e-03 2.567677758634090424e-02 6.390808522701263428e-02 6.461200118064880371e-02
1.692971945784292529e+03 -2.939703446244218867e+03 6.928603436580796142e+02 2.291340000000000288e+01 6.501496583223342896e-02 4.126588627696037292e-02 6.390808522701263428e-02 6.461200118064880371e-02
1.699283445064627813e+03 -2.936503138320680591e+03 6.909782260309717685e+02 2.291540000000000177e+01 -2.306820824742317200e-03 9.681973606348037720e-02 6.390808522701263428e-02 6.461200118064880371e-02
1.705061941555949033e+03 -2.933559209779266894e+03 6.892469226458488265e+02 2.291740000000000066e+01 3.657754138112068176e-02 -6.463051587343215942e-02 6.390808522701263428e-02 6.461200118064880371e-02
1.661293450673388861e+03 -2.955525768883424462e+03 7.021661606076986573e+02 2.291940000000000310e+01 -1.234140172600746155e-01 -6.225378066301345825e-02 6.390808522701263428e-02 6.461200118064880371e-02
1.667645181887462286e+03 -2.952385250510726109e+03 7.003189964443693043e+02 2.292140000000000200e+01 -5.180746316909790039e-02 4.138680920004844666e-02 6.390808522701263428e-02 6.461200118064880371e-02
1.673988927303935043e+03 -2.949232743965666032e+03 6.984648237897054059e+02 2.292340000000000089e+01 1.125422306358814240e-02 -8.121119439601898193e-02 6.390808522701263428e-02 6.461200118064880371e-02
1.680324656673702748e+03 -2.946068264280267158e+03 6.966036514849292871e+02 2.292539999999999978e+01 5.385860335081815720e-03 9.692753106355667114e-02 6.390808522701263428e-02 6.461200118064880371e-02
1.686652339631388941e+03 -2.942891826620763368e+03 6.947354884499957279e+02 2.292740000000000222e+01 -1.227559801191091537e-02 3.436487540602684021e-02 6.390808522701263428e-02 6.461200118064880371e-02
1.692971945784292529e+03 -2.939703446244218867e+03 6.928603436580796142e+02 2.292940000000000111e+01 -4.557915776968002319e-02 2.307865768671035767e-02 6.390808522701263428e-02 6.461200118064880371e-02
1.699283445064627813e+03 -2.936503138320680591e+03 6.909782260309717685e+02 2.293140000000000001e+01 3.180462494492530823e-02 1.771465130150318146e-02 6.390808522701263428e-02 6.461200118064880371e-02
1.705061941555949033e+03 -2.933559209779266894e+03 6.892469226458488265e+02 2.293340000000000245e+01 1.052999962121248245e-02 -1.310223154723644257e-02 6.390808522701263428e-02 6.461200118064880371e-02
