# Baseline: 15-20
# Entries: 128
# u [m], v [m], w [m], frequency [GHz], real, imag
-1.349953830541370053e+03 -3.667270555044658977e+03 -1.824834108028758919e+03 2.267940000000000000e+19 1.033967593684792519e-03 -4.436029121279716492e-03
-1.345044407026535509e+03 -3.669809879056501813e+03 -1.823353828806140655e+03 2.268140000000000000e+19 -3.458732389844954014e-04 1.790986978448927402e-03
-1.340128565222135649e+03 -3.672339932431134002e+03 -1.821878986009631035e+03 2.268340000000000000e+19 1.830243971198797226e-03 -6.229115650057792664e-03
-1.335206328619909300e+03 -3.674860703078071310e+03 -1.820409586687110050e+03 2.268540000000000000e+19 -8.907058276236057281e-03 6.758462172001600266e-03
-1.330277720776264005e+03 -3.677372178933379473e+03 -1.818945637870836435e+03 2.268740000000000000e+19 4.303450696170330048e-03 -4.214602988213300705e-03
-1.325342765278245906e+03 -3.679874347977819070e+03 -1.817487146566851152e+03 2.268940000000000000e+19 -9.183647111058235168e-03 -2.113520400598645210e-03
-1.320401485846493188e+03 -3.682367198184529116e+03 -1.816034119785488429e+03 2.269140000000000000e+19 1.232370547950267792e-02 -4.519004840403795242e-03
-1.315866524274316816e+03 -3.684644233357149005e+03 -1.814706915152593865e+03 2.269340000000000000e+19 5.189775489270687103e-03 -4.245891701430082321e-03
-1.349953830541370053e+03 -3.667270555044658977e+03 -1.824834108028758919e+03 2.269540000000000000e+19 -8.073305711150169373e-03 4.159568808972835541e-03
-1.345044407026535509e+03 -3.669809879056501813e+03 -1.823353828806140655e+03 2.269740000000000000e+19 4.277636297047138214e-03 5.080797127448022366e-04
-1.340128565222135649e+03 -3.672339932431134002e+03 -1.821878986009631035e+03 2.269940000000000000e+19 -1.983873546123504639e-03 -5.337360780686140060e-03
-1.335206328619909300e+03 -3.674860703078071310e+03 -1.820409586687110050e+03 2.270140000000000000e+19 9.369561448693275452e-03 -3.467432456091046333e-03
-1.330277720776264005e+03 -3.677372178933379473e+03 -1.818945637870836435e+03 2.270340000000000000e+19 3.997555933892726898e-03 7.079067174345254898e-03
-1.325342765278245906e+03 -3.679874347977819070e+03 -1.817487146566851152e+03 2.270540000000000000e+19 2.870456548407673836e-03 7.841479033231735229e-03
-1.320401485846493188e+03 -3.682367198184529116e+03 -1.816034119785488429e+03 2.270740000000000000e+19 -6.040048785507678986e-03 7.901309989392757416e-03
-1.315866524274316816e+03 -3.684644233357149005e+03 -1.814706915152593865e+03 2.270940000000000000e+19 2.338455757126212120e-03 5.839532241225242615e-03
-1.300573601121226829e+03 -3.692245173241621615e+03 -1.810276796254364626e+03 2.271140000000000000e+19 8.000062662176787853e-04 1.628874801099300385e-02
-1.295601056821191605e+03 -3.694691251462614673e+03 -1.808851195716694519e+03 2.271340000000000000e+19 1.805779151618480682e-02 -3.548298962414264679e-03
-1.290622330889519844e+03 -3.697127939954152225e+03 -1.807431101020408505e+03 2.271540000000000000e+19 6.158461794257164001e-03 -3.736613085493445396e-03
-1.285637447083796587e+03 -3.699555227088932497e+03 -1.806016518941844879e+03 2.271740000000000000e+19 1.144152879714965820e-02 1.755198836326599121e-02
-1.280646429277744801e+03 -3.701973101242160283e+03 -1.804607456255726220e+03 2.271940000000000000e+19 1.311670802533626556e-02 -6.629141513258218765e-03
-1.275649301357050490e+03 -3.704381550842497745e+03 -1.803203919705456656e+03 2.272140000000000000e+19 -3.143442422151565552e-02 1.481198519468307495e-02
-1.270646087254146551e+03 -3.706780564355474780e+03 -1.801805916012792977e+03 2.272340000000000000e+19 -5.155312363058328629e-03 2.885124995373189449e-04
-1.266054558414652320e+03 -3.708971481369469075e+03 -1.800529208184693971e+03 2.272540000000000000e+19 -1.591534353792667389e-02 -2.790233818814158440e-03
-1.300573601121226829e+03 -3.692245173241621615e+03 -1.810276796254364626e+03 2.272740000000000000e+19 2.255625324323773384e-03 4.706396255642175674e-03
-1.295601056821191605e+03 -3.694691251462614673e+03 -1.808851195716694519e+03 2.272940000000000000e+19 1.004309207201004028e-02 -1.217690389603376389e-02
-1.290622330889519844e+03 -3.697127939954152225e+03 -1.807431101020408505e+03 2.273140000000000000e+19 8.814387954771518707e-03 -1.887574233114719391e-02
-1.285637447083796587e+03 -3.699555227088932497e+03 -1.806016518941844879e+03 2.273340000000000000e+19 -9.832295589148998260e-03 1.525941956788301468e-02
-1.280646429277744801e+03 -3.701973101242160283e+03 -1.804607456255726220e+03 2.273540000000000000e+19 -7.969629950821399689e-03 1.905257254838943481e-02
-1.275649301357050490e+03 -3.704381550842497745e+03 -1.803203919705456656e+03 2.273740000000000000e+19 1.241904497146606445e-02 5.535047035664319992e-03
-1.270646087254146551e+03 -3.706780564355474780e+03 -1.801805916012792977e+03 2.273940000000000000e+19 -1.411918434314429760e-03 -1.547849271446466446e-02
-1.266054558414652320e+03 -3.708971481369469075e+03 -1.800529208184693971e+03 2.274140000000000000e+19 -2.119561424478888512e-03 1.628523319959640503e-02
-1.250572848057124702e+03 -3.716282028724328029e+03 -1.796269363152124015e+03 2.274340000000000000e+19 1.770904287695884705e-02 5.997392814606428146e-03
-1.245539562713259102e+03 -3.718633690523562564e+03 -1.794899123554114567e+03 2.274540000000000000e+19 1.296400278806686401e-02 4.894461017102003098e-03
-1.240500335214512688e+03 -3.720975848061403667e+03 -1.793534456538987115e+03 2.274740000000000000e+19 -1.179210725240409374e-03 1.278250291943550110e-02
-1.235455189765066962e+03 -3.723308490088113558e+03 -1.792175368661429047e+03 2.274940000000000000e+19 -1.891892170533537865e-03 -8.062690496444702148e-03
-1.230404150404146776e+03 -3.725631605488887999e+03 -1.790821866397343001e+03 2.275140000000000000e+19 1.071076467633247375e-02 5.572270136326551437e-03
-1.225347241463094861e+03 -3.727945183073180033e+03 -1.789473956266591813e+03 2.275340000000000000e+19 1.367814000695943832e-02 -8.144553750753402710e-03
-1.220284487019775725e+03 -3.730249211825406292e+03 -1.788131644686934806e+03 2.275540000000000000e+19 2.254662103950977325e-02 3.938270732760429382e-02
-1.215638588273323421e+03 -3.732352962182174906e+03 -1.786906044651332877e+03 2.275740000000000000e+19 7.564974483102560043e-03 -2.866016933694481850e-03
-1.250572848057124702e+03 -3.716282028724328029e+03 -1.796269363152124015e+03 2.275940000000000000e+19 -6.362202577292919159e-03 3.722566645592451096e-03
-1.245539562713259102e+03 -3.718633690523562564e+03 -1.794899123554114567e+03 2.276140000000000000e+19 -6.976158358156681061e-03 -7.441667839884757996e-03
-1.240500335214512688e+03 -3.720975848061403667e+03 -1.793534456538987115e+03 2.276340000000000000e+19 1.563466712832450867e-02 6.039846222847700119e-03
-1.235455189765066962e+03 -3.723308490088113558e+03 -1.792175368661429047e+03 2.276540000000000000e+19 -9.310127235949039459e-03 1.588247157633304596e-02
-1.230404150404146776e+03 -3.725631605488887999e+03 -1.790821866397343001e+03 2.276740000000000000e+19 -7.446619565598666668e-04 -7.595668546855449677e-03
-1.225347241463094861e+03 -3.727945183073180033e+03 -1.789473956266591813e+03 2.276940000000000000e+19 1.711639761924743652e-02 1.532683428376913071e-02
-1.220284487019775725e+03 -3.730249211825406292e+03 -1.788131644686934806e+03 2.277140000000000000e+19 7.567244581878185272e-03 7.447289768606424332e-03
-1.215638588273323421e+03 -3.732352962182174906e+03 -1.786906044651332877e+03 2.277340000000000000e+19 -2.282813005149364471e-02 -1.907729543745517731e-02
-1.199975499573710294e+03 -3.739369618509762859e+03 -1.782818512049172568e+03 2.277540000000000000e+19 1.512712333351373672e-02 3.386526554822921753e-02
-1.194883881768202627e+03 -3.741625738547740639e+03 -1.781504289089364875e+03 2.277740000000000000e+19 -8.839510381221771240e-03 2.616783836856484413e-03
-1.189786564338607377e+03 -3.743872244242584202e+03 -1.780195702844318248e+03 2.277940000000000000e+19 7.198291365057229996e-03 1.697337487712502480e-03
-1.184683571555070785e+03 -3.746109124897875517e+03 -1.778892759544666433e+03 2.278140000000000000e+19 -4.993584938347339630e-03 7.854528375901281834e-04
-1.179574927981375595e+03 -3.748336369746181390e+03 -1.777595465462231004e+03 2.278340000000000000e+19 -1.228474918752908707e-02 8.632310666143894196e-03
-1.174460657923813187e+03 -3.750553968190563410e+03 -1.776303826769352099e+03 2.278540000000000000e+19 1.715775579214096069e-02 -2.323027886450290680e-02
-1.169340786000444268e+03 -3.752761909556398678e+03 -1.775017849683442591e+03 2.278740000000000000e+19 -3.233931586146354675e-02 -1.242629252374172211e-02
-1.164642740481699320e+03 -3.754777486580167988e+03 -1.773843943906774712e+03 2.278940000000000000e+19 1.959110982716083527e-02 4.384729079902172089e-03
-1.199975499573710294e+03 -3.739369618509762859e+03 -1.782818512049172568e+03 2.279140000000000000e+19 2.983287849929183722e-04 -1.245123241096735001e-02
-1.194883881768202627e+03 -3.741625738547740639e+03 -1.781504289089364875e+03 2.279340000000000000e+19 -8.380210027098655701e-03 1.236702315509319305e-02
-1.189786564338607377e+03 -3.743872244242584202e+03 -1.780195702844318248e+03 2.279540000000000000e+19 -2.364017767831683159e-03 -1.375778019428253174e-02
-1.184683571555070785e+03 -3.746109124897875517e+03 -1.778892759544666433e+03 2.279740000000000000e+19 3.455637767910957336e-02 -1.178446784615516663e-02
-1.179574927981375595e+03 -3.748336369746181390e+03 -1.777595465462231004e+03 2.279940000000000000e+19 2.353104209760203958e-04 2.252187952399253845e-02
-1.174460657923813187e+03 -3.750553968190563410e+03 -1.776303826769352099e+03 2.280140000000000000e+19 6.396352779120206833e-03 2.121742116287350655e-03
-1.169340786000444268e+03 -3.752761909556398678e+03 -1.775017849683442591e+03 2.280340000000000000e+19 -1.117043779231607914e-03 -3.654271829873323441e-03
-1.164642740481699320e+03 -3.754777486580167988e+03 -1.773843943906774712e+03 2.280540000000000000e+19 1.509081805124878883e-03 1.652062125504016876e-02
-1.149663156159814889e+03 -3.761136033278337436e+03 -1.770140829668696824e+03 2.280740000000000000e+19 -7.240942679345607758e-03 1.081119407899677753e-03
-1.144516554048344688e+03 -3.763297150810758012e+03 -1.768882303186172294e+03 2.280940000000000000e+19 7.899384014308452606e-03 2.613801509141921997e-03
-1.139364493286483821e+03 -3.765448550317471017e+03 -1.767629473805645603e+03 2.281140000000000000e+19 -1.833146438002586365e-03 -4.062567371875047684e-03
-1.134206998620433524e+03 -3.767590221465106424e+03 -1.766382347544559934e+03 2.281340000000000000e+19 2.171651227399706841e-03 5.002789665013551712e-03
-1.129044094588963844e+03 -3.769722154063967537e+03 -1.765140930336507154e+03 2.281540000000000000e+19 -7.257904857397079468e-03 -8.356755599379539490e-03
-1.123875806026200280e+03 -3.771844337859116422e+03 -1.763905228152886366e+03 2.281740000000000000e+19 1.261562108993530273e-03 2.877781866118311882e-03
-1.118702157594312666e+03 -3.773956762724086730e+03 -1.762675246890109293e+03 2.281940000000000000e+19 -6.426553241908550262e-03 -5.357042886316776276e-03
-1.113955026869502717e+03 -3.775884695069728878e+03 -1.761552721797221693e+03 2.282140000000000000e+19 -1.719710882753133774e-03 1.153056137263774872e-02
-1.149663156159814889e+03 -3.761136033278337436e+03 -1.770140829668696824e+03 2.282340000000000000e+19 -6.956583354622125626e-03 -1.111531350761651993e-02
-1.144516554048344688e+03 -3.763297150810758012e+03 -1.768882303186172294e+03 2.282540000000000000e+19 8.027973584830760956e-03 1.348760165274143219e-02
-1.139364493286483821e+03 -3.765448550317471017e+03 -1.767629473805645603e+03 2.282740000000000000e+19 -1.278019137680530548e-02 7.670150138437747955e-03
-1.134206998620433524e+03 -3.767590221465106424e+03 -1.766382347544559934e+03 2.282940000000000000e+19 1.181288808584213257e-02 -4.602330591296777129e-05
-1.129044094588963844e+03 -3.769722154063967537e+03 -1.765140930336507154e+03 2.283140000000000000e+19 5.105235613882541656e-03 5.523829255253076553e-03
-1.123875806026200280e+03 -3.771844337859116422e+03 -1.763905228152886366e+03 2.283340000000000000e+19 5.411718972027301788e-03 5.852539325132966042e-04
-1.118702157594312666e+03 -3.773956762724086730e+03 -1.762675246890109293e+03 2.283540000000000000e+19 -1.568730222061276436e-03 -2.995071467012166977e-03
-1.113955026869502717e+03 -3.775884695069728878e+03 -1.761552721797221693e+03 2.283740000000000000e+19 9.943424956873059273e-04 -1.472513377666473389e-02
-1.097954460914020274e+03 -3.782308671326605690e+03 -1.757812648402172272e+03 2.283940000000000000e+19 -1.029009371995925903e-02 1.276042219251394272e-02
-1.092754385185561887e+03 -3.784372150775294358e+03 -1.756611359524388035e+03 2.284140000000000000e+19 -8.900522952899336815e-04 8.932202123105525970e-03
-1.087549098454378509e+03 -3.786425811367547340e+03 -1.755415826457266348e+03 2.284340000000000000e+19 -9.131259284913539886e-04 6.213332992047071457e-03
-1.082338625794775680e+03 -3.788469643210717550e+03 -1.754226054959771091e+03 2.284540000000000000e+19 -7.114733103662729263e-03 -1.023541670292615891e-02
-1.077122992015673162e+03 -3.790503636573396307e+03 -1.753042050696808701e+03 2.284740000000000000e+19 -9.920738637447357178e-03 -4.419842734932899475e-03
-1.071902222113975540e+03 -3.792527781707106897e+03 -1.751863819343038813e+03 2.284940000000000000e+19 -5.572880152612924576e-03 -1.520636398345232010e-02
-1.066676341147684298e+03 -3.794542068896689671e+03 -1.750691366553522130e+03 2.285140000000000000e+19 -2.004059217870235443e-02 -4.270362202078104019e-03
-1.061881546099101342e+03 -3.796379956418923484e+03 -1.749621625545189545e+03 2.285340000000000000e+19 4.515068605542182922e-03 5.606168997474014759e-04
-1.097954460914020274e+03 -3.782308671326605690e+03 -1.757812648402172272e+03 2.285540000000000000e+19 -8.842464536428451538e-03 -1.023607794195413589e-02
-1.092754385185561887e+03 -3.784372150775294358e+03 -1.756611359524388035e+03 2.285740000000000000e+19 -5.117101827636361122e-04 -7.632981054484844208e-03
-1.087549098454378509e+03 -3.786425811367547340e+03 -1.755415826457266348e+03 2.285940000000000000e+19 -4.305211827158927917e-03 -1.759262382984161377e-02
-1.082338625794775680e+03 -3.788469643210717550e+03 -1.754226054959771091e+03 2.286140000000000000e+19 5.274356808513402939e-03 1.006812602281570435e-02
-1.077122992015673162e+03 -3.790503636573396307e+03 -1.753042050696808701e+03 2.286340000000000000e+19 2.048497460782527924e-02 -7.336425594985485077e-03
-1.071902222113975540e+03 -3.792527781707106897e+03 -1.751863819343038813e+03 2.286540000000000000e+19 -6.049819756299257278e-03 1.028644735924899578e-03
-1.066676341147684298e+03 -3.794542068896689671e+03 -1.750691366553522130e+03 2.286740000000000000e+19 4.211186897009611130e-03 1.733134500682353973e-02
-1.061881546099101342e+03 -3.796379956418923484e+03 -1.749621625545189545e+03 2.286940000000000000e+19 2.356106229126453400e-02 7.068955339491367340e-03
-1.045722206595325815e+03 -3.802500446359092621e+03 -1.746059452707306036e+03 2.287140000000000000e+19 -1.234109047800302505e-02 1.565077342092990875e-02
-1.040471145627527903e+03 -3.804465300295639736e+03 -1.744915976280617315e+03 2.287340000000000000e+19 -7.579639554023742676e-03 6.027254741638898849e-03
-1.035215124016412801e+03 -3.806420239159033372e+03 -1.743778311668173956e+03 2.287540000000000000e+19 1.086281333118677139e-02 -2.083211578428745270e-02
-1.029954166787810664e+03 -3.808365253641184154e+03 -1.742646464286748596e+03 2.287740000000000000e+19 -1.029922906309366226e-02 1.137989107519388199e-02
-1.024688299265852720e+03 -3.810300334379543983e+03 -1.741520439584598762e+03 2.287940000000000000e+19 3.524931613355875015e-03 -3.219460695981979370e-02
-1.019417546505014343e+03 -3.812225472167219323e+03 -1.740400242919199400e+03 2.288140000000000000e+19 -1.255631074309349060e-02 2.056261524558067322e-02
-1.014141933876492772e+03 -3.814140657737476886e+03 -1.739285879682660152e+03 2.288340000000000000e+19 -2.660140744410455227e-04 7.891353219747543335e-03
-1.009301769062113067e+03 -3.815887620912522834e+03 -1.738269434683632880e+03 2.288540000000000000e+19 -1.253857649862766266e-02 -1.366930454969406128e-02
-1.045722206595325815e+03 -3.802500446359092621e+03 -1.746059452707306036e+03 2.288740000000000000e+19 -1.802228391170501709e-02 -9.698088397271931171e-04
-1.040471145627527903e+03 -3.804465300295639736e+03 -1.744915976280617315e+03 2.288940000000000000e+19 7.803979795426130295e-03 -6.054144818335771561e-03
-1.035215124016412801e+03 -3.806420239159033372e+03 -1.743778311668173956e+03 2.289140000000000000e+19 1.207976043224334717e-02 3.788877651095390320e-02
-1.029954166787810664e+03 -3.808365253641184154e+03 -1.742646464286748596e+03 2.289340000000000000e+19 1.111605297774076462e-02 -8.916025981307029724e-03
-1.024688299265852720e+03 -3.810300334379543983e+03 -1.741520439584598762e+03 2.289540000000000000e+19 3.914381843060255051e-03 6.411091890186071396e-03
-1.019417546505014343e+03 -3.812225472167219323e+03 -1.740400242919199400e+03 2.289740000000000000e+19 1.097345631569623947e-02 3.902035998180508614e-03
-1.014141933876492772e+03 -3.814140657737476886e+03 -1.739285879682660152e+03 2.289940000000000000e+19 -5.612844601273536682e-03 -1.390003040432929993e-02
-1.009301769062113067e+03 -3.815887620912522834e+03 -1.738269434683632880e+03 2.290140000000000000e+19 -3.120608627796173096e-03 -3.785146865993738174e-03
-9.929913890851476026e+02 -3.821701695575740814e+03 -1.734886867075922282e+03 2.290340000000000000e+19 -6.954956334084272385e-04 4.037619568407535553e-03
-9.876918558903721532e+02 -3.823566983676577365e+03 -1.733801750334320559e+03 2.290540000000000000e+19 1.437852531671524048e-02 5.783848464488983154e-03
-9.823876146222852412e+02 -3.825422265296505884e+03 -1.732722498591986778e+03 2.290740000000000000e+19 -8.400227874517440796e-03 5.660876166075468063e-03
-9.770786905731607703e+02 -3.827267531588822294e+03 -1.731649116995199620e+03 2.290940000000000000e+19 1.262652501463890076e-02 -1.377030834555625916e-02
-9.717651091870214941e+02 -3.829102773709558733e+03 -1.730581610688431056e+03 2.291140000000000000e+19 -5.643184762448072433e-03 -1.700284425169229507e-03
-9.664468959858618291e+02 -3.830927982843899372e+03 -1.729519984798986115e+03 2.291340000000000000e+19 -8.108013309538364410e-03 -5.301997531205415726e-03
-9.611240762731149516e+02 -3.832743150307836459e+03 -1.728464244377870045e+03 2.291540000000000000e+19 7.246111636050045490e-05 9.504349902272224426e-03
-9.562408588088228498e+02 -3.834398352837599759e+03 -1.727501581974515602e+03 2.291740000000000000e+19 -2.683571772649884224e-03 -2.005905471742153168e-02
-9.929913890851476026e+02 -3.821701695575740814e+03 -1.734886867075922282e+03 2.291940000000000000e+19 1.105230022221803665e-02 -4.984683822840452194e-03
-9.876918558903721532e+02 -3.823566983676577365e+03 -1.733801750334320559e+03 2.292140000000000000e+19 9.606827050447463989e-03 4.276943858712911606e-03
-9.823876146222852412e+02 -3.825422265296505884e+03 -1.732722498591986778e+03 2.292340000000000000e+19 -1.292010489851236343e-02 7.179496809840202332e-03
-9.770786905731607703e+02 -3.827267531588822294e+03 -1.731649116995199620e+03 2.292540000000000000e+19 9.150463738478720188e-04 -1.250659767538309097e-02
-9.717651091870214941e+02 -3.829102773709558733e+03 -1.730581610688431056e+03 2.292740000000000000e+19 1.838022284209728241e-02 9.710929356515407562e-03
-9.664468959858618291e+02 -3.830927982843899372e+03 -1.729519984798986115e+03 2.292940000000000000e+19 3.955956548452377319e-02 6.464307196438312531e-03
-9.611240762731149516e+02 -3.832743150307836459e+03 -1.728464244377870045e+03 2.293140000000000000e+19 -1.738122664391994476e-02 4.767931066453456879e-03
-9.562408588088228498e+02 -3.834398352837599759e+03 -1.727501581974515602e+03 2.293340000000000000e+19 3.782280255109071732e-03 -5.006105173379182816e-03
