# Baseline: 2-8
# u [m], v [m], w [m], frequency [GHz], real, imag
-4.720675078482274500e+01 -4.572001165417006632e+03 -6.176289658633809267e+02 2.267940000000000000e+19 6.249127537012100220e-02 -8.463306725025177002e-02
-3.925808752483143138e+01 -4.572081240375136076e+03 -6.175925900959529145e+02 2.268140000000000000e+19 -4.268829897046089172e-02 5.437564477324485779e-02
-3.130925194248841947e+01 -4.572146309365286470e+03 -6.175650005206443893e+02 2.268340000000000000e+19 1.211916953325271606e-01 -8.776203030720353127e-04
-2.336028202346418681e+01 -4.572196372076622538e+03 -6.175461972692105519e+02 2.268540000000000000e+19 -8.917881548404693604e-02 7.982902973890304565e-02
-1.739849134126552599e+01 -4.572224540051009171e+03 -6.175375863346164351e+02 2.268740000000000000e+19 2.205693349242210388e-02 -8.530824631452560425e-02
-7.462091342544757033e+00 -4.572251477775468629e+03 -6.175349500562889489e+02 2.268940000000000000e+19 9.119126945734024048e-03 7.889973372220993042e-02
4.870531686733556853e-01 -4.572256520499136968e+03 -6.175425061484371554e+02 2.269140000000000000e+19 2.368917502462863922e-02 -4.670172929763793945e-02
1.042345718868364202e+01 -4.572242328497986819e+03 -6.175639512474592721e+02 2.269340000000000000e+19 2.105399966239929199e-01 1.725071817636489868e-01
-4.720675078482274500e+01 -4.572001165417006632e+03 -6.176289658633809267e+02 2.269540000000000000e+19 1.357869803905487061e-01 8.483796566724777222e-02
-3.925808752483143138e+01 -4.572081240375136076e+03 -6.175925900959529145e+02 2.269740000000000000e+19 -2.056569308042526245e-01 1.029273197054862976e-01
-3.130925194248841947e+01 -4.572146309365286470e+03 -6.175650005206443893e+02 2.269940000000000000e+19 1.623412966728210449e-01 -1.533545646816492081e-02
-2.336028202346418681e+01 -4.572196372076622538e+03 -6.175461972692105519e+02 2.270140000000000000e+19 -1.773930341005325317e-01 -5.450993403792381287e-02
-1.739849134126552599e+01 -4.572224540051009171e+03 -6.175375863346164351e+02 2.270340000000000000e+19 2.388429790735244751e-01 3.681529685854911804e-02
-7.462091342544757033e+00 -4.572251477775468629e+03 -6.175349500562889489e+02 2.270540000000000000e+19 -1.056073307991027832e-01 -2.059652805328369141e-01
4.870531686733556853e-01 -4.572256520499136968e+03 -6.175425061484371554e+02 2.270740000000000000e+19 -7.734557241201400757e-02 4.512724932283163071e-03
1.042345718868364202e+01 -4.572242328497986819e+03 -6.175639512474592721e+02 2.270940000000000000e+19 -4.513084888458251953e-02 1.423205882310867310e-01
3.228307252543891082e+01 -4.572126624166809961e+03 -6.176605938392456210e+02 2.271140000000000000e+19 -1.943672150373458862e-01 -1.894717477262020111e-02
4.023174745559241217e+01 -4.572056634053430571e+03 -6.177120808862999866e+02 2.271340000000000000e+19 -1.964062452316284180e-01 8.067410439252853394e-03
4.818021423528750802e+01 -4.571971638091205023e+03 -6.177723535525439047e+02 2.271540000000000000e+19 -2.158456295728683472e-01 2.775843627750873566e-02
5.612843493599055478e+01 -4.571871636685888006e+03 -6.178414115502462209e+02 2.271740000000000000e+19 -2.329977303743362427e-01 2.550939843058586121e-02
6.407637149192692050e+01 -4.571756630316442170e+03 -6.179192545486346262e+02 2.271940000000000000e+19 3.022675774991512299e-02 1.383571624755859375e-01
7.202398586636492439e+01 -4.571626619533215489e+03 -6.180058821751752021e+02 2.272140000000000000e+19 -5.234618484973907471e-02 -6.533665955066680908e-02
7.997123999643687853e+01 -4.571481604959072683e+03 -6.181012940148481221e+02 2.272340000000000000e+19 -2.028532624244689941e-01 -9.645786881446838379e-02
8.725587960134342325e+01 -4.571335686111702671e+03 -6.181963593425446106e+02 2.272540000000000000e+19 -5.066316574811935425e-02 6.342668831348419189e-02
3.228307252543891082e+01 -4.572126624166809961e+03 -6.176605938392456210e+02 2.272740000000000000e+19 5.721555650234222412e-02 -1.204340085387229919e-01
4.023174745559241217e+01 -4.572056634053430571e+03 -6.177120808862999866e+02 2.272940000000000000e+19 2.788010425865650177e-02 -5.651215091347694397e-02
4.818021423528750802e+01 -4.571971638091205023e+03 -6.177723535525439047e+02 2.273140000000000000e+19 1.007030904293060303e-01 -1.138074398040771484e-01
5.612843493599055478e+01 -4.571871636685888006e+03 -6.178414115502462209e+02 2.273340000000000000e+19 8.845288306474685669e-02 -3.738689050078392029e-02
6.407637149192692050e+01 -4.571756630316442170e+03 -6.179192545486346262e+02 2.273540000000000000e+19 1.142411157488822937e-01 -1.856834888458251953e-01
7.202398586636492439e+01 -4.571626619533215489e+03 -6.180058821751752021e+02 2.273740000000000000e+19 7.334687560796737671e-02 -9.674185514450073242e-02
7.997123999643687853e+01 -4.571481604959072683e+03 -6.181012940148481221e+02 2.273940000000000000e+19 2.492523342370986938e-01 -1.381125897169113159e-01
8.725587960134342325e+01 -4.571335686111702671e+03 -6.181963593425446106e+02 2.274140000000000000e+19 3.989583998918533325e-02 -2.918482944369316101e-02
1.117558938762736602e+02 -4.570751523701228507e+03 -6.185707737475075874e+02 2.274340000000000000e+19 7.859366387128829956e-02 2.696836180984973907e-02
1.197007764341117877e+02 -4.570531502016965533e+03 -6.187100989636298891e+02 2.274540000000000000e+19 1.005829591304063797e-02 -1.036199107766151428e-01
1.276450706897159790e+02 -4.570296481780014801e+03 -6.188582050243030608e+02 2.274740000000000000e+19 2.051806300878524780e-01 1.245449781417846680e-01
1.355887384854378581e+02 -4.570046464119220218e+03 -6.190150912181262584e+02 2.274940000000000000e+19 9.459990262985229492e-02 -9.978548437356948853e-02
1.435317419709716091e+02 -4.569781450225662411e+03 -6.191807567976680957e+02 2.275140000000000000e+19 1.866579614579677582e-02 -8.480610325932502747e-03
1.514740428842157485e+02 -4.569501441376088223e+03 -6.193552009647936529e+02 2.275340000000000000e+19 -1.420943439006805420e-01 4.474384337663650513e-02
1.594156034090628964e+02 -4.569206438904018796e+03 -6.195384228887186282e+02 2.275540000000000000e+19 -3.904453292489051819e-02 -9.974491782486438751e-03
1.666946945788207870e+02 -4.568923040555721855e+03 -6.197139748512464621e+02 2.275740000000000000e+19 4.110949859023094177e-02 1.829794980585575104e-02
1.117558938762736602e+02 -4.570751523701228507e+03 -6.185707737475075874e+02 2.275940000000000000e+19 8.301625028252601624e-03 -5.323014035820960999e-02
1.197007764341117877e+02 -4.570531502016965533e+03 -6.187100989636298891e+02 2.276140000000000000e+19 4.502775892615318298e-02 -1.407243907451629639e-01
1.276450706897159790e+02 -4.570296481780014801e+03 -6.188582050243030608e+02 2.276340000000000000e+19 5.921585857868194580e-02 -5.078599229454994202e-02
1.355887384854378581e+02 -4.570046464119220218e+03 -6.190150912181262584e+02 2.276540000000000000e+19 -1.152614951133728027e-01 3.244386985898017883e-02
1.435317419709716091e+02 -4.569781450225662411e+03 -6.191807567976680957e+02 2.276740000000000000e+19 3.653045371174812317e-02 1.120779570192098618e-02
1.514740428842157485e+02 -4.569501441376088223e+03 -6.193552009647936529e+02 2.276940000000000000e+19 6.579939275979995728e-02 5.747386813163757324e-02
1.594156034090628964e+02 -4.569206438904018796e+03 -6.195384228887186282e+02 2.277140000000000000e+19 6.432714313268661499e-02 -6.571135669946670532e-02
1.666946945788207870e+02 -4.568923040555721855e+03 -6.197139748512464621e+02 2.277340000000000000e+19 4.043832048773765564e-02 -4.790071770548820496e-02
1.911736810039035106e+02 -4.567876522122989627e+03 -6.203590699725360764e+02 2.277540000000000000e+19 3.944154083728790283e-02 -1.138057857751846313e-01
1.991109693217967163e+02 -4.567506574159127013e+03 -6.205861666819141647e+02 2.277740000000000000e+19 -8.450823277235031128e-02 -4.292472451925277710e-02
2.070472891352737292e+02 -4.567121642125783183e+03 -6.208220352531371873e+02 2.277940000000000000e+19 3.507655113935470581e-02 3.002302721142768860e-02
2.149826026566895791e+02 -4.566721727855753670e+03 -6.210666745631323238e+02 2.278140000000000000e+19 -1.355198472738265991e-01 -6.141248717904090881e-02
2.229168716886265429e+02 -4.566306833274103155e+03 -6.213200834342628696e+02 2.278340000000000000e+19 -7.283098995685577393e-02 -1.131111159920692444e-01
2.308500584808398060e+02 -4.565876960354870789e+03 -6.215822606608079468e+02 2.278540000000000000e+19 -9.265636652708053589e-02 8.775021880865097046e-02
2.387821248461442849e+02 -4.565432111167309813e+03 -6.218532049807225803e+02 2.278740000000000000e+19 -5.954720079898834229e-02 -1.208964921534061432e-02
2.460521844247244303e+02 -4.565011368930611752e+03 -6.221091595707488295e+02 2.278940000000000000e+19 6.402844935655593872e-02 -5.233139730989933014e-03
1.911736810039035106e+02 -4.567876522122989627e+03 -6.203590699725360764e+02 2.279140000000000000e+19 -5.932642519474029541e-02 -1.070686429738998413e-01
1.991109693217967163e+02 -4.567506574159127013e+03 -6.205861666819141647e+02 2.279340000000000000e+19 3.716598451137542725e-02 6.217958778142929077e-02
2.070472891352737292e+02 -4.567121642125783183e+03 -6.208220352531371873e+02 2.279540000000000000e+19 8.276958018541336060e-02 2.038006335496902466e-01
2.149826026566895791e+02 -4.566721727855753670e+03 -6.210666745631323238e+02 2.279740000000000000e+19 2.887149527668952942e-02 5.896732583642005920e-02
2.229168716886265429e+02 -4.566306833274103155e+03 -6.213200834342628696e+02 2.279940000000000000e+19 -1.554925888776779175e-01 -1.819847375154495239e-01
2.308500584808398060e+02 -4.565876960354870789e+03 -6.215822606608079468e+02 2.280140000000000000e+19 4.614543635398149490e-03 3.333310410380363464e-02
2.387821248461442849e+02 -4.565432111167309813e+03 -6.218532049807225803e+02 2.280340000000000000e+19 -8.608958125114440918e-02 -4.039849713444709778e-02
2.460521844247244303e+02 -4.565011368930611752e+03 -6.221091595707488295e+02 2.280540000000000000e+19 1.657362431287765503e-01 -8.242313563823699951e-02
2.691773172191885806e+02 -4.563588156660136519e+03 -6.229730183998442499e+02 2.280740000000000000e+19 -3.365641087293624878e-02 7.558295130729675293e-02
2.771034337654826913e+02 -4.563070953444682345e+03 -6.232863179896498877e+02 2.280940000000000000e+19 4.097296670079231262e-02 4.364416468888521194e-03
2.850282086665363295e+02 -4.562538787381861766e+03 -6.236083765223183946e+02 2.281140000000000000e+19 -9.698306769132614136e-02 -5.439691711217164993e-03
2.929516038584787907e+02 -4.561991661027944247e+03 -6.239391924508191778e+02 2.281340000000000000e+19 7.290011644363403320e-02 -5.183994024991989136e-02
3.008735816428168732e+02 -4.561429576986256507e+03 -6.242787642010546278e+02 2.281540000000000000e+19 -1.513695567846298218e-01 1.040433496236801147e-01
3.087941039139050190e+02 -4.560852537960351583e+03 -6.246270901397020907e+02 2.281740000000000000e+19 -4.249521717429161072e-02 -2.528541162610054016e-02
3.167131328765834724e+02 -4.560260546704031185e+03 -6.249841686044369453e+02 2.281940000000000000e+19 1.051037162542343140e-01 1.076158136129379272e-01
3.239709184164963744e+02 -4.559704945652109018e+03 -6.253190665284736269e+02 2.282140000000000000e+19 -5.243483465164899826e-03 2.047966718673706055e-01
2.691773172191885806e+02 -4.563588156660136519e+03 -6.229730183998442499e+02 2.282340000000000000e+19 -1.672098785638809204e-01 -3.069208003580570221e-02
2.771034337654826913e+02 -4.563070953444682345e+03 -6.232863179896498877e+02 2.282540000000000000e+19 -1.528745740652084351e-01 -8.303963392972946167e-02
2.850282086665363295e+02 -4.562538787381861766e+03 -6.236083765223183946e+02 2.282740000000000000e+19 1.013942435383796692e-01 9.335457533597946167e-02
2.929516038584787907e+02 -4.561991661027944247e+03 -6.239391924508191778e+02 2.282940000000000000e+19 -8.708065748214721680e-02 7.576609402894973755e-02
3.008735816428168732e+02 -4.561429576986256507e+03 -6.242787642010546278e+02 2.283140000000000000e+19 -7.850115001201629639e-02 4.396017640829086304e-03
3.087941039139050190e+02 -4.560852537960351583e+03 -6.246270901397020907e+02 2.283340000000000000e+19 -3.081952966749668121e-02 2.998232282698154449e-02
3.167131328765834724e+02 -4.560260546704031185e+03 -6.249841686044369453e+02 2.283540000000000000e+19 3.598724678158760071e-02 -1.428957879543304443e-01
3.239709184164963744e+02 -4.559704945652109018e+03 -6.253190665284736269e+02 2.283740000000000000e+19 6.693647801876068115e-02 -5.596930161118507385e-02
3.483735575382365823e+02 -4.557743117127497499e+03 -6.264999729074361312e+02 2.283940000000000000e+19 1.134560108184814453e-01 -6.754532456398010254e-02
3.562845514118346273e+02 -4.557076408663593611e+03 -6.269007875212893168e+02 2.284140000000000000e+19 1.433282643556594849e-01 7.727118581533432007e-02
3.641938248104635250e+02 -4.556394766031288782e+03 -6.273103437855269249e+02 2.284340000000000000e+19 -9.472803026437759399e-02 -1.179100945591926575e-01
3.721013396345040860e+02 -4.555698192514129005e+03 -6.277286397272567910e+02 2.284540000000000000e+19 -6.400248408317565918e-02 5.653441883623600006e-03
3.800070582334695359e+02 -4.554986691428760423e+03 -6.281556733547947715e+02 2.284740000000000000e+19 -2.002977281808853149e-01 3.795299679040908813e-02
3.879109427175789051e+02 -4.554260266184966895e+03 -6.285914426216130551e+02 2.284940000000000000e+19 9.871351718902587891e-02 3.436476886272430420e-01
3.958129551508289978e+02 -4.553518920269458249e+03 -6.290359454360772133e+02 2.285140000000000000e+19 -8.430480211973190308e-02 -5.273886770009994507e-02
4.030548145449543540e+02 -4.552826438680966021e+03 -6.294509655780481125e+02 2.285340000000000000e+19 -1.990058226510882378e-03 4.908395186066627502e-02
3.483735575382365823e+02 -4.557743117127497499e+03 -6.264999729074361312e+02 2.285540000000000000e+19 -1.438183784484863281e-01 2.798962593078613281e-02
3.562845514118346273e+02 -4.557076408663593611e+03 -6.269007875212893168e+02 2.285740000000000000e+19 -5.691633000969886780e-02 -3.242904087528586388e-03
3.641938248104635250e+02 -4.556394766031288782e+03 -6.273103437855269249e+02 2.285940000000000000e+19 -1.021138727664947510e-01 4.726463183760643005e-02
3.721013396345040860e+02 -4.555698192514129005e+03 -6.277286397272567910e+02 2.286140000000000000e+19 2.158862799406051636e-01 -1.555337607860565186e-01
3.800070582334695359e+02 -4.554986691428760423e+03 -6.281556733547947715e+02 2.286340000000000000e+19 -2.035228349268436432e-02 -3.712516743689775467e-03
3.879109427175789051e+02 -4.554260266184966895e+03 -6.285914426216130551e+02 2.286540000000000000e+19 -5.318287760019302368e-02 -7.874321937561035156e-02
3.958129551508289978e+02 -4.553518920269458249e+03 -6.290359454360772133e+02 2.286740000000000000e+19 -1.302023231983184814e-01 1.628741323947906494e-01
4.030548145449543540e+02 -4.552826438680966021e+03 -6.294509655780481125e+02 2.286940000000000000e+19 1.110822521150112152e-02 3.686081618070602417e-02
4.274015290831635525e+02 -4.550404401836902252e+03 -6.309012490469378918e+02 2.287140000000000000e+19 7.107160240411758423e-02 -5.016050860285758972e-02
4.352936146615065240e+02 -4.549588507166177806e+03 -6.313893868801594635e+02 2.287340000000000000e+19 -1.471240818500518799e-02 -1.097109541296958923e-02
4.431836014281994949e+02 -4.548757714182779637e+03 -6.318862448699662764e+02 2.287540000000000000e+19 3.506676852703094482e-02 -4.505283664911985397e-03
4.510714518162263289e+02 -4.547912026842514933e+03 -6.323918206505605895e+02 2.287740000000000000e+19 1.034553721547126770e-01 3.280035033822059631e-02
4.589571278566334627e+02 -4.547051449216151013e+03 -6.329061117883029510e+02 2.287940000000000000e+19 9.322240948677062988e-02 -8.861819654703140259e-02
4.668405920302199661e+02 -4.546175985398253033e+03 -6.334291158362335636e+02 2.288140000000000000e+19 8.141919225454330444e-02 5.257657542824745178e-02
4.747218063893303110e+02 -4.545285639603048367e+03 -6.339608302767288706e+02 2.288340000000000000e+19 5.432595685124397278e-02 -7.835131883621215820e-02
4.819442740340271598e+02 -4.544456608867465548e+03 -6.344557740255473846e+02 2.288540000000000000e+19 1.116503402590751648e-01 3.518772497773170471e-02
4.274015290831635525e+02 -4.550404401836902252e+03 -6.309012490469378918e+02 2.288740000000000000e+19 -2.072641998529434204e-02 -9.302391856908798218e-02
4.352936146615065240e+02 -4.549588507166177806e+03 -6.313893868801594635e+02 2.288940000000000000e+19 -1.374929994344711304e-01 -1.957478001713752747e-02
4.431836014281994949e+02 -4.548757714182779637e+03 -6.318862448699662764e+02 2.289140000000000000e+19 1.150209978222846985e-01 -5.599775165319442749e-02
4.510714518162263289e+02 -4.547912026842514933e+03 -6.323918206505605895e+02 2.289340000000000000e+19 -8.493054658174514771e-02 1.912655867636203766e-02
4.589571278566334627e+02 -4.547051449216151013e+03 -6.329061117883029510e+02 2.289540000000000000e+19 6.602172553539276123e-02 5.765533540397882462e-03
4.668405920302199661e+02 -4.546175985398253033e+03 -6.334291158362335636e+02 2.289740000000000000e+19 3.631148487329483032e-02 7.395801693201065063e-02
4.747218063893303110e+02 -4.545285639603048367e+03 -6.339608302767288706e+02 2.289940000000000000e+19 4.845830053091049194e-02 -3.328895941376686096e-02
4.819442740340271598e+02 -4.544456608867465548e+03 -6.344557740255473846e+02 2.290140000000000000e+19 1.007161512970924377e-01 -2.632642909884452820e-02
5.062234128439574761e+02 -4.541575522785084104e+03 -6.361747405362190193e+02 2.290340000000000000e+19 1.541094034910202026e-01 -4.974453896284103394e-02
5.140928131953588718e+02 -4.540610832373844460e+03 -6.367499679766433474e+02 2.290540000000000000e+19 5.814331769943237305e-02 7.406476885080337524e-02
5.219597376507052786e+02 -4.539631286613453085e+03 -6.373338899199098933e+02 2.290740000000000000e+19 9.453055262565612793e-02 3.895154222846031189e-03
5.298241486979467254e+02 -4.538636890174522705e+03 -6.379265035817774105e+02 2.290940000000000000e+19 2.330832555890083313e-02 -4.595119878649711609e-02
5.376860086452692258e+02 -4.537627647822672770e+03 -6.385278061221368944e+02 2.291140000000000000e+19 7.939135283231735229e-02 7.414944469928741455e-02
5.455452797310141477e+02 -4.536603564405640100e+03 -6.391377946527088625e+02 2.291340000000000000e+19 -5.558328703045845032e-02 -1.394588500261306763e-01
5.534019245618020477e+02 -4.535564644796046196e+03 -6.397564662711329220e+02 2.291540000000000000e+19 -1.365445405244827271e-01 2.520598284900188446e-02
5.606015428862870067e+02 -4.534599461816496841e+03 -6.403310966682488470e+02 2.291740000000000000e+19 7.972635328769683838e-02 6.809446960687637329e-02
5.062234128439574761e+02 -4.541575522785084104e+03 -6.361747405362190193e+02 2.291940000000000000e+19 6.289966870099306107e-03 -3.755113855004310608e-02
5.140928131953588718e+02 -4.540610832373844460e+03 -6.367499679766433474e+02 2.292140000000000000e+19 2.062333188951015472e-02 3.107189014554023743e-02
5.219597376507052786e+02 -4.539631286613453085e+03 -6.373338899199098933e+02 2.292340000000000000e+19 1.186619177460670471e-01 1.020458415150642395e-01
5.298241486979467254e+02 -4.538636890174522705e+03 -6.379265035817774105e+02 2.292540000000000000e+19 4.264607653021812439e-02 -9.876663237810134888e-02
5.376860086452692258e+02 -4.537627647822672770e+03 -6.385278061221368944e+02 2.292740000000000000e+19 6.942683458328247070e-02 3.611908294260501862e-03
5.455452797310141477e+02 -4.536603564405640100e+03 -6.391377946527088625e+02 2.292940000000000000e+19 9.444973617792129517e-02 1.109827589243650436e-02
5.534019245618020477e+02 -4.535564644796046196e+03 -6.397564662711329220e+02 2.293140000000000000e+19 -2.865946292877197266e-02 -6.187489721924066544e-03
5.606015428862870067e+02 -4.534599461816496841e+03 -6.403310966682488470e+02 2.293340000000000000e+19 -5.437397584319114685e-02 2.703866176307201385e-02
