# Baseline: 2-20
# u [m], v [m], w [m], frequency [GHz], real, imag
-7.551732775354128080e+02 -5.776010316122362383e+03 -1.482102557790981336e+03 2.267940000000000000e+19 1.642520166933536530e-02 -2.598865143954753876e-02
-7.459054675354630035e+02 -5.777423524118059504e+03 -1.481287379050504342e+03 2.268140000000000000e+19 -6.920003145933151245e-02 3.350016847252845764e-02
-7.366341107867134497e+02 -5.778819234545489053e+03 -1.480482449790951705e+03 2.268340000000000000e+19 3.065952844917774200e-02 -1.053612679243087769e-01
-7.273592515948886330e+02 -5.780197440735004420e+03 -1.479687773858791388e+03 2.268540000000000000e+19 -5.647292360663414001e-02 3.619661927223205566e-02
-7.204009423463007806e+02 -5.781220151631294357e+03 -1.479098177313448559e+03 2.268740000000000000e+19 2.551522478461265564e-02 7.041069865226745605e-02
-7.087992034465255529e+02 -5.782901314100153286e+03 -1.478129197140495535e+03 2.268940000000000000e+19 -7.038901001214981079e-02 -9.376275539398193359e-02
-6.995141035075342870e+02 -5.784226968308033065e+03 -1.477365303829224331e+03 2.269140000000000000e+19 2.031254582107067108e-02 1.176869869232177734e-01
-6.879031904200236340e+02 -5.785860094096715329e+03 -1.476424461166884612e+03 2.269340000000000000e+19 -5.459435284137725830e-02 1.525019109249114990e-01
-7.551732775354128080e+02 -5.776010316122362383e+03 -1.482102557790981336e+03 2.269540000000000000e+19 8.211915194988250732e-02 -2.517070062458515167e-02
-7.459054675354630035e+02 -5.777423524118059504e+03 -1.481287379050504342e+03 2.269740000000000000e+19 -5.146928876638412476e-02 -2.602488733828067780e-02
-7.366341107867134497e+02 -5.778819234545489053e+03 -1.480482449790951705e+03 2.269940000000000000e+19 1.033080592751502991e-01 -9.285000711679458618e-02
-7.273592515948886330e+02 -5.780197440735004420e+03 -1.479687773858791388e+03 2.270140000000000000e+19 -1.102633699774742126e-01 -2.507763914763927460e-02
-7.204009423463007806e+02 -5.781220151631294357e+03 -1.479098177313448559e+03 2.270340000000000000e+19 5.517153814435005188e-02 -5.538411065936088562e-02
-7.087992034465255529e+02 -5.782901314100153286e+03 -1.478129197140495535e+03 2.270540000000000000e+19 -5.745837092399597168e-02 9.989076107740402222e-02
-6.995141035075342870e+02 -5.784226968308033065e+03 -1.477365303829224331e+03 2.270740000000000000e+19 2.138009369373321533e-01 -1.184524595737457275e-01
-6.879031904200236340e+02 -5.785860094096715329e+03 -1.476424461166884612e+03 2.270940000000000000e+19 -1.886256271973252296e-03 -2.315008454024791718e-02
-6.623409003199346898e+02 -5.789354221785358277e+03 -1.474412448850995588e+03 2.271140000000000000e+19 2.080859616398811340e-02 1.039353609085083008e-01
-6.530396210739215803e+02 -5.790592163638696547e+03 -1.473699932340595751e+03 2.271340000000000000e+19 -1.125722974538803101e-01 2.152560092508792877e-02
-6.437352395756369106e+02 -5.791812544894505663e+03 -1.472997701626768048e+03 2.271540000000000000e+19 1.656168699264526367e-01 -2.960649505257606506e-02
-6.344278002238157796e+02 -5.793015359729564807e+03 -1.472305760060279681e+03 2.271740000000000000e+19 3.401064872741699219e-02 -3.601267933845520020e-02
-6.251173475938387583e+02 -5.794200602383364640e+03 -1.471624110954946445e+03 2.271940000000000000e+19 -1.562273502349853516e-01 1.800473965704441071e-02
-6.158039262430753524e+02 -5.795368267183595890e+03 -1.470952757572963947e+03 2.272140000000000000e+19 3.099504159763455391e-03 8.263699710369110107e-02
-6.064875807755904589e+02 -5.796518348538299506e+03 -1.470291703129425287e+03 2.272340000000000000e+19 1.541655603796243668e-02 -4.939737170934677124e-02
-5.979451027936703440e+02 -5.797557362518266928e+03 -1.469694655385923170e+03 2.272540000000000000e+19 -6.191085651516914368e-02 1.402460783720016479e-01
-6.623409003199346898e+02 -5.789354221785358277e+03 -1.474412448850995588e+03 2.272740000000000000e+19 -7.073204033076763153e-03 9.876463562250137329e-02
-6.530396210739215803e+02 -5.790592163638696547e+03 -1.473699932340595751e+03 2.272940000000000000e+19 -1.855805329978466034e-02 -1.712711714208126068e-02
-6.437352395756369106e+02 -5.791812544894505663e+03 -1.472997701626768048e+03 2.273140000000000000e+19 7.310344278812408447e-02 3.783786669373512268e-02
-6.344278002238157796e+02 -5.793015359729564807e+03 -1.472305760060279681e+03 2.273340000000000000e+19 -5.749614536762237549e-02 -3.964063897728919983e-02
-6.251173475938387583e+02 -5.794200602383364640e+03 -1.471624110954946445e+03 2.273540000000000000e+19 -4.254971072077751160e-02 6.696439534425735474e-02
-6.158039262430753524e+02 -5.795368267183595890e+03 -1.470952757572963947e+03 2.273740000000000000e+19 1.692835390567779541e-01 -2.445542067289352417e-02
-6.064875807755904589e+02 -5.796518348538299506e+03 -1.470291703129425287e+03 2.273940000000000000e+19 -7.762467861175537109e-02 6.568247824907302856e-02
-5.979451027936703440e+02 -5.797557362518266928e+03 -1.469694655385923170e+03 2.274140000000000000e+19 -1.046545580029487610e-01 2.024031616747379303e-02
-5.691938491360978105e+02 -5.800942730747739915e+03 -1.467750537236120408e+03 2.274340000000000000e+19 -4.057759046554565430e-02 3.912992402911186218e-02
-5.598635520114132760e+02 -5.802004814015494048e+03 -1.467141023943096116e+03 2.274540000000000000e+19 -2.817305922508239746e-02 1.732619293034076691e-02
-5.505305983560023151e+02 -5.803049282092148133e+03 -1.466541827821597280e+03 2.274740000000000000e+19 8.326627314090728760e-03 -7.409107685089111328e-02
-5.411950329974590659e+02 -5.804076129960966682e+03 -1.465952951749625754e+03 2.274940000000000000e+19 -1.024862565100193024e-02 -3.568689571693539619e-03
-5.318569004182126037e+02 -5.805085352728936414e+03 -1.465374398533205749e+03 2.275140000000000000e+19 -2.858619950711727142e-02 1.271603852510452271e-01
-5.225162456008539493e+02 -5.806076945534719925e+03 -1.464806170959145447e+03 2.275340000000000000e+19 1.049486324191093445e-01 7.452713698148727417e-02
-5.131731130196176309e+02 -5.807050903657340314e+03 -1.464248271732754120e+03 2.275540000000000000e+19 -6.239536777138710022e-02 -5.393995717167854309e-02
-5.046064669664920075e+02 -5.807928427654477673e+03 -1.463745808005282015e+03 2.275740000000000000e+19 2.201289124786853790e-02 -1.233681142330169678e-01
-5.691938491360978105e+02 -5.800942730747739915e+03 -1.467750537236120408e+03 2.275940000000000000e+19 -3.564431518316268921e-02 -6.053315848112106323e-02
-5.598635520114132760e+02 -5.802004814015494048e+03 -1.467141023943096116e+03 2.276140000000000000e+19 5.259623378515243530e-02 -1.763312965631484985e-01
-5.505305983560023151e+02 -5.803049282092148133e+03 -1.466541827821597280e+03 2.276340000000000000e+19 -1.386747807264328003e-01 -8.331164717674255371e-02
-5.411950329974590659e+02 -5.804076129960966682e+03 -1.465952951749625754e+03 2.276540000000000000e+19 1.692920178174972534e-02 -6.677681952714920044e-02
-5.318569004182126037e+02 -5.805085352728936414e+03 -1.465374398533205749e+03 2.276740000000000000e+19 -4.554329439997673035e-02 -1.029153093695640564e-01
-5.225162456008539493e+02 -5.806076945534719925e+03 -1.464806170959145447e+03 2.276940000000000000e+19 -3.903359174728393555e-02 -4.628427326679229736e-02
-5.131731130196176309e+02 -5.807050903657340314e+03 -1.464248271732754120e+03 2.277140000000000000e+19 -3.765332279726862907e-03 3.965190052986145020e-02
-5.046064669664920075e+02 -5.807928427654477673e+03 -1.463745808005282015e+03 2.277340000000000000e+19 -7.181660085916519165e-02 -2.166196331381797791e-02
-4.757767001554556714e+02 -5.810770297291830502e+03 -1.462120011000153909e+03 2.277540000000000000e+19 5.065272748470306396e-02 4.642656072974205017e-03
-4.664218499838827938e+02 -5.811656013739555419e+03 -1.461613792589941340e+03 2.277740000000000000e+19 -1.603634282946586609e-02 2.607177756726741791e-02
-4.570647906643000056e+02 -5.812524068788333352e+03 -1.461117917814186967e+03 2.277940000000000000e+19 -4.656312614679336548e-02 -3.001017868518829346e-02
-4.477055667490008091e+02 -5.813374458305036569e+03 -1.460632389033906975e+03 2.278140000000000000e+19 -2.001752890646457672e-02 -3.595520928502082825e-02
-4.383442232895474717e+02 -5.814207178196268615e+03 -1.460157208586193292e+03 2.278340000000000000e+19 -5.055829510092735291e-02 -1.680842638015747070e-01
-4.289808048260313740e+02 -5.815022224500081393e+03 -1.459692378731856024e+03 2.278540000000000000e+19 6.853338330984115601e-02 -2.275212854146957397e-02
-4.196153564302067025e+02 -5.815819593293185790e+03 -1.459237901708364689e+03 2.278740000000000000e+19 1.519253849983215332e-01 2.906112000346183777e-02
-4.110286415772396253e+02 -5.816535207401086154e+03 -1.458830262429938102e+03 2.278940000000000000e+19 6.376665085554122925e-02 -1.961936056613922119e-02
-4.757767001554556714e+02 -5.810770297291830502e+03 -1.462120011000153909e+03 2.279140000000000000e+19 -3.855082392692565918e-02 7.478924095630645752e-02
-4.664218499838827938e+02 -5.811656013739555419e+03 -1.461613792589941340e+03 2.279340000000000000e+19 4.580402001738548279e-02 -5.687955394387245178e-02
-4.570647906643000056e+02 -5.812524068788333352e+03 -1.461117917814186967e+03 2.279540000000000000e+19 3.083908930420875549e-02 -1.060078442096710205e-01
-4.477055667490008091e+02 -5.813374458305036569e+03 -1.460632389033906975e+03 2.279740000000000000e+19 5.175133794546127319e-02 7.504871487617492676e-02
-4.383442232895474717e+02 -5.814207178196268615e+03 -1.460157208586193292e+03 2.279940000000000000e+19 2.521844580769538879e-02 6.277878582477569580e-02
-4.289808048260313740e+02 -5.815022224500081393e+03 -1.459692378731856024e+03 2.280140000000000000e+19 -1.107712090015411377e-02 1.509131956845521927e-02
-4.196153564302067025e+02 -5.815819593293185790e+03 -1.459237901708364689e+03 2.280340000000000000e+19 5.206486955285072327e-02 -4.131683707237243652e-02
-4.110286415772396253e+02 -5.816535207401086154e+03 -1.458830262429938102e+03 2.280540000000000000e+19 -7.668270170688629150e-02 1.095997691154479980e-01
-3.836964719034264135e+02 -5.818712343636820151e+03 -1.457591685735151259e+03 2.280740000000000000e+19 -7.387613505125045776e-02 -2.615080773830413818e-02
-3.743218434536543668e+02 -5.819424218920711610e+03 -1.457187277126560957e+03 2.280940000000000000e+19 -9.500703215599060059e-02 -3.564560413360595703e-02
-3.649454464918570125e+02 -5.820118395640857671e+03 -1.456793233329595296e+03 2.281140000000000000e+19 -1.666655391454696655e-02 -1.443347521126270294e-02
-3.555673260543073866e+02 -5.820794870463257212e+03 -1.456409556236747221e+03 2.281340000000000000e+19 2.398402057588100433e-02 3.263337537646293640e-03
-3.461875267609332241e+02 -5.821453640169523169e+03 -1.456036247673364187e+03 2.281540000000000000e+19 9.065431356430053711e-02 7.611826807260513306e-02
-3.368060937296474435e+02 -5.822094701590732257e+03 -1.455673309435173223e+03 2.281740000000000000e+19 -1.880783140659332275e-01 3.213991969823837280e-02
-3.274230717268503668e+02 -5.822718051668198314e+03 -1.455320743253828596e+03 2.281940000000000000e+19 5.843569338321685791e-02 -1.217529997229576111e-01
-3.188206299390697609e+02 -5.823274119990329382e+03 -1.455006538504571608e+03 2.282140000000000000e+19 -3.888293728232383728e-02 -1.486929133534431458e-03
-3.836964719034264135e+02 -5.818712343636820151e+03 -1.457591685735151259e+03 2.282340000000000000e+19 3.909054026007652283e-02 6.562312692403793335e-02
-3.743218434536543668e+02 -5.819424218920711610e+03 -1.457187277126560957e+03 2.282540000000000000e+19 -2.299177460372447968e-02 -6.017582118511199951e-02
-3.649454464918570125e+02 -5.820118395640857671e+03 -1.456793233329595296e+03 2.282740000000000000e+19 3.433007374405860901e-02 3.634117171168327332e-02
-3.555673260543073866e+02 -5.820794870463257212e+03 -1.456409556236747221e+03 2.282940000000000000e+19 1.096849963068962097e-01 -1.343111041933298111e-02
-3.461875267609332241e+02 -5.821453640169523169e+03 -1.456036247673364187e+03 2.283140000000000000e+19 -2.032920531928539276e-02 -3.547936677932739258e-02
-3.368060937296474435e+02 -5.822094701590732257e+03 -1.455673309435173223e+03 2.283340000000000000e+19 -4.703844711184501648e-02 -1.933253929018974304e-02
-3.274230717268503668e+02 -5.822718051668198314e+03 -1.455320743253828596e+03 2.283540000000000000e+19 5.245188996195793152e-02 -1.297774761915206909e-01
-3.188206299390697609e+02 -5.823274119990329382e+03 -1.455006538504571608e+03 2.283740000000000000e+19 1.450758278369903564e-01 -1.246945485472679138e-01
-2.898759924974948490e+02 -5.825034280127790225e+03 -1.454014232109231216e+03 2.283940000000000000e+19 -3.233904018998146057e-02 -1.034993827342987061e-01
-2.804856996132397740e+02 -5.825569030417764225e+03 -1.453713550537457195e+03 2.284140000000000000e+19 1.181036010384559631e-01 3.208381682634353638e-02
-2.710940871611813350e+02 -5.826086052743904474e+03 -1.453423250397266884e+03 2.284340000000000000e+19 -4.790952429175376892e-02 1.714048534631729126e-02
-2.617012003814938907e+02 -5.826585344615690701e+03 -1.453143333087028395e+03 2.284540000000000000e+19 2.590845339000225067e-02 7.509896066039800644e-03
-2.523070839970524446e+02 -5.827066903655829265e+03 -1.452873799939495257e+03 2.284740000000000000e+19 5.932075902819633484e-02 9.736754000186920166e-03
-2.429117830310413240e+02 -5.827530727556069905e+03 -1.452614652246599007e+03 2.284940000000000000e+19 1.428252905607223511e-01 -2.240383299067616463e-03
-2.335153425777917562e+02 -5.827976814090349762e+03 -1.452365891252059328e+03 2.285140000000000000e+19 -5.418556928634643555e-02 -7.322854362428188324e-04
-2.249009895384119488e+02 -5.828370369017962730e+03 -1.452146853514547956e+03 2.285340000000000000e+19 -2.319554798305034637e-02 -6.857848912477493286e-02
-2.898759924974948490e+02 -5.825034280127790225e+03 -1.454014232109231216e+03 2.285540000000000000e+19 4.065306484699249268e-02 -3.545424342155456543e-02
-2.804856996132397740e+02 -5.825569030417764225e+03 -1.453713550537457195e+03 2.285740000000000000e+19 1.265172064304351807e-01 2.100726962089538574e-02
-2.710940871611813350e+02 -5.826086052743904474e+03 -1.453423250397266884e+03 2.285940000000000000e+19 -5.527579225599765778e-03 2.837704122066497803e-02
-2.617012003814938907e+02 -5.826585344615690701e+03 -1.453143333087028395e+03 2.286140000000000000e+19 2.870744094252586365e-02 -7.143274694681167603e-02
-2.523070839970524446e+02 -5.827066903655829265e+03 -1.452873799939495257e+03 2.286340000000000000e+19 -3.953394293785095215e-02 6.072341650724411011e-02
-2.429117830310413240e+02 -5.827530727556069905e+03 -1.452614652246599007e+03 2.286540000000000000e+19 -3.434787318110466003e-02 9.471510536968708038e-03
-2.335153425777917562e+02 -5.827976814090349762e+03 -1.452365891252059328e+03 2.286740000000000000e+19 -1.844782009720802307e-02 -1.316095818765461445e-03
-2.249009895384119488e+02 -5.828370369017962730e+03 -1.452146853514547956e+03 2.286940000000000000e+19 -1.208871137350797653e-03 1.224914472550153732e-02
-1.959190842676788975e+02 -5.829583745199504847e+03 -1.451474737290441681e+03 2.287140000000000000e+19 -4.018400982022285461e-02 5.842486396431922913e-02
-1.865176204568125229e+02 -5.829941114607328018e+03 -1.451277926634836376e+03 2.287340000000000000e+19 -8.359953761100769043e-03 3.716229274868965149e-02
-1.771152870463742204e+02 -5.830280735115165953e+03 -1.451091509073809220e+03 2.287540000000000000e+19 -4.227384924888610840e-02 7.523690164089202881e-02
-1.677121288042265235e+02 -5.830602605106086230e+03 -1.450915485494864697e+03 2.287740000000000000e+19 -1.032374650239944458e-01 -9.757594205439090729e-03
-1.583081909934020928e+02 -5.830906723030694593e+03 -1.450749856745308534e+03 2.287940000000000000e+19 -1.633669249713420868e-03 7.776301936246454716e-04
-1.489035183568510377e+02 -5.831193087442062279e+03 -1.450594623613153317e+03 2.288140000000000000e+19 -4.299352318048477173e-02 2.929085865616798401e-02
-1.394981561646962973e+02 -5.831461696961882808e+03 -1.450449786845516428e+03 2.288340000000000000e+19 -1.431942079216241837e-02 -1.968875899910926819e-02
-1.308760142869504364e+02 -5.831692550159860730e+03 -1.450326020937678777e+03 2.288540000000000000e+19 -1.442233175039291382e-01 -1.528411637991666794e-02
-1.959190842676788975e+02 -5.829583745199504847e+03 -1.451474737290441681e+03 2.288740000000000000e+19 -2.767761051654815674e-02 -1.124005913734436035e-01
-1.865176204568125229e+02 -5.829941114607328018e+03 -1.451277926634836376e+03 2.288940000000000000e+19 -8.162733167409896851e-02 -7.854560017585754395e-02
-1.771152870463742204e+02 -5.830280735115165953e+03 -1.451091509073809220e+03 2.289140000000000000e+19 -4.575939476490020752e-02 6.941770762205123901e-02
-1.677121288042265235e+02 -5.830602605106086230e+03 -1.450915485494864697e+03 2.289340000000000000e+19 -3.063977882266044617e-02 -1.399289350956678391e-02
-1.583081909934020928e+02 -5.830906723030694593e+03 -1.450749856745308534e+03 2.289540000000000000e+19 2.743878960609436035e-02 4.932070616632699966e-03
-1.489035183568510377e+02 -5.831193087442062279e+03 -1.450594623613153317e+03 2.289740000000000000e+19 -9.903079830110073090e-03 5.378369241952896118e-02
-1.394981561646962973e+02 -5.831461696961882808e+03 -1.450449786845516428e+03 2.289940000000000000e+19 -1.304582506418228149e-02 1.419585756957530975e-02
-1.308760142869504364e+02 -5.831692550159860730e+03 -1.450326020937678777e+03 2.290140000000000000e+19 5.472635105252265930e-02 2.627808973193168640e-02
-1.018707105106664130e+02 -5.832358561737344644e+03 -1.449974416510906167e+03 2.290340000000000000e+19 -3.530786931514739990e-02 -4.330738261342048645e-02
-9.246257505180741987e+01 -5.832538379237941626e+03 -1.449881570956009000e+03 2.290540000000000000e+19 9.912742674350738525e-02 -4.014277085661888123e-02
-8.305402008331422792e+01 -5.832700435411839862e+03 -1.449799125176261441e+03 2.290740000000000000e+19 4.248640313744544983e-02 4.826691746711730957e-02
-7.364509046819462412e+01 -5.832844729486084361e+03 -1.449727079564894893e+03 2.290940000000000000e+19 -9.695078432559967041e-02 2.581774629652500153e-02
-6.423583130063755675e+01 -5.832971260768849788e+03 -1.449665434467335217e+03 2.291140000000000000e+19 2.568929642438888550e-02 1.573174446821212769e-02
-5.482628777473310322e+01 -5.833080028652610054e+03 -1.449614190179515390e+03 2.291340000000000000e+19 -7.544278353452682495e-02 5.147168412804603577e-02
-4.541650465989212648e+01 -5.833171032620061851e+03 -1.449573346945114736e+03 2.291540000000000000e+19 -8.392930775880813599e-02 -5.971125140786170959e-02
-3.679070157865726287e+01 -5.833239073603426732e+03 -1.449544912096889675e+03 2.291740000000000000e+19 -1.186334565281867981e-01 -1.441835612058639526e-01
-1.018707105106664130e+02 -5.832358561737344644e+03 -1.449974416510906167e+03 2.291940000000000000e+19 -5.852066725492477417e-02 1.524470895528793335e-01
-9.246257505180741987e+01 -5.832538379237941626e+03 -1.449881570956009000e+03 2.292140000000000000e+19 -1.002186238765716553e-01 -2.793333260342478752e-05
-8.305402008331422792e+01 -5.832700435411839862e+03 -1.449799125176261441e+03 2.292340000000000000e+19 1.044179964810609818e-02 -6.743720918893814087e-02
-7.364509046819462412e+01 -5.832844729486084361e+03 -1.449727079564894893e+03 2.292540000000000000e+19 2.597485855221748352e-02 1.396302599459886551e-02
-6.423583130063755675e+01 -5.832971260768849788e+03 -1.449665434467335217e+03 2.292740000000000000e+19 2.600091695785522461e-02 -2.667374350130558014e-02
-5.482628777473310322e+01 -5.833080028652610054e+03 -1.449614190179515390e+03 2.292940000000000000e+19 -1.322116702795028687e-01 8.725623600184917450e-03
-4.541650465989212648e+01 -5.833171032620061851e+03 -1.449573346945114736e+03 2.293140000000000000e+19 1.143300384283065796e-01 -1.800184510648250580e-02
-3.679070157865726287e+01 -5.833239073603426732e+03 -1.449544912096889675e+03 2.293340000000000000e+19 -3.603161126375198364e-02 -7.937753200531005859e-02
