# Baseline: 3-14
# u [m], v [m], w [m], frequency [GHz], real, imag
-3.981700619110235380e+02 1.453828758549083489e+01 -3.962002179130723789e+02 2.267940000000000000e+19 7.966721802949905396e-02 -1.051511466503143311e-01
-3.986344886513579127e+02 1.378715204090939572e+01 -3.957598155179315427e+02 2.268140000000000000e+19 -1.970080733299255371e-01 2.330619394779205322e-01
-3.990970094576302927e+02 1.303514043072025608e+01 -3.953189027082373173e+02 2.268340000000000000e+19 3.074607998132705688e-02 -4.700620658695697784e-03
-3.995576221195761946e+02 1.228225634862321591e+01 -3.948774815910166467e+02 2.268540000000000000e+19 -1.330918073654174805e-01 -4.192104935646057129e-02
-3.999018878247736097e+02 1.171704995410897254e+01 -3.945460992112328995e+02 2.268740000000000000e+19 -7.674460858106613159e-02 -6.775337271392345428e-03
-4.004731142020443713e+02 1.077388518524115568e+01 -3.939931228864965647e+02 2.268940000000000000e+19 -5.201226845383644104e-02 1.756998300552368164e-01
-4.009279892317571807e+02 1.001840533841369485e+01 -3.935501895407637676e+02 2.269140000000000000e+19 -3.058991581201553345e-02 -9.501824527978897095e-02
-4.014939648917317072e+02 9.072883892471281797e+00 -3.929958403290399360e+02 2.269340000000000000e+19 -1.736568659543991089e-01 3.055856227874755859e-01
-3.981700619110235380e+02 1.453828758549083489e+01 -3.962002179130723789e+02 2.269540000000000000e+19 -9.515562653541564941e-02 -4.069196805357933044e-02
-3.986344886513579127e+02 1.378715204090939572e+01 -3.957598155179315427e+02 2.269740000000000000e+19 6.920581310987472534e-02 9.514717012643814087e-02
-3.990970094576302927e+02 1.303514043072025608e+01 -3.953189027082373173e+02 2.269940000000000000e+19 1.683307737112045288e-01 -5.689297616481781006e-02
-3.995576221195761946e+02 1.228225634862321591e+01 -3.948774815910166467e+02 2.270140000000000000e+19 -1.227810308337211609e-01 4.233991354703903198e-02
-3.999018878247736097e+02 1.171704995410897254e+01 -3.945460992112328995e+02 2.270340000000000000e+19 1.841160804033279419e-01 1.168816536664962769e-01
-4.004731142020443713e+02 1.077388518524115568e+01 -3.939931228864965647e+02 2.270540000000000000e+19 -5.501635000109672546e-02 2.595994621515274048e-02
-4.009279892317571807e+02 1.001840533841369485e+01 -3.935501895407637676e+02 2.270740000000000000e+19 -4.810406640172004700e-02 -3.343306109309196472e-02
-4.014939648917317072e+02 9.072883892471281797e+00 -3.929958403290399360e+02 2.270940000000000000e+19 -2.902873419225215912e-02 -1.063898727297782898e-01
-4.027282986532047175e+02 6.987941816589854582e+00 -3.917734789589401316e+02 2.271140000000000000e+19 -9.038235992193222046e-02 -8.224859088659286499e-02
-4.031735675627985529e+02 6.228208033870823002e+00 -3.913280676438828891e+02 2.271340000000000000e+19 3.101829811930656433e-02 1.075185984373092651e-01
-4.036169088125200233e+02 5.467634366019932024e+00 -3.908821671265976647e+02 2.271540000000000000e+19 7.929465174674987793e-02 2.793762087821960449e-02
-4.040583202868538137e+02 4.706224442357921589e+00 -3.904357795348415152e+02 2.271740000000000000e+19 -3.764319419860839844e-02 5.593322589993476868e-02
-4.044977998717895389e+02 3.943981909447415557e+00 -3.899889070064655812e+02 2.271940000000000000e+19 -6.121374294161796570e-02 -1.425494700670242310e-01
-4.049353454640902328e+02 3.180910415179865947e+00 -3.895415516800837281e+02 2.272140000000000000e+19 -1.117350980639457703e-01 2.636209316551685333e-02
-4.053709549682820921e+02 2.417013614085471662e+00 -3.890937156981868839e+02 2.272340000000000000e+19 6.482341885566711426e-02 -8.625791408121585846e-03
-4.057685858048996010e+02 1.716063402747431965e+00 -3.886827850316485069e+02 2.272540000000000000e+19 -7.462024688720703125e-02 -1.596261188387870789e-02
-4.027282986532047175e+02 6.987941816589854582e+00 -3.917734789589401316e+02 2.272740000000000000e+19 9.908341802656650543e-03 2.625411190092563629e-02
-4.031735675627985529e+02 6.228208033870823002e+00 -3.913280676438828891e+02 2.272940000000000000e+19 -2.053859829902648926e-02 5.116368085145950317e-02
-4.036169088125200233e+02 5.467634366019932024e+00 -3.908821671265976647e+02 2.273140000000000000e+19 -3.888694941997528076e-02 -1.257976442575454712e-01
-4.040583202868538137e+02 4.706224442357921589e+00 -3.904357795348415152e+02 2.273340000000000000e+19 9.406654536724090576e-02 1.454656869173049927e-01
-4.044977998717895389e+02 3.943981909447415557e+00 -3.899889070064655812e+02 2.273540000000000000e+19 6.440214812755584717e-02 2.782658301293849945e-02
-4.049353454640902328e+02 3.180910415179865947e+00 -3.895415516800837281e+02 2.273740000000000000e+19 4.764086753129959106e-02 -3.665914526209235191e-03
-4.053709549682820921e+02 2.417013614085471662e+00 -3.890937156981868839e+02 2.273940000000000000e+19 -5.599227175116539001e-02 -1.811181381344795227e-02
-4.057685858048996010e+02 1.716063402747431965e+00 -3.886827850316485069e+02 2.274140000000000000e+19 -3.441890701651573181e-02 -5.348505452275276184e-02
-4.070939905730814417e+02 -6.467535260967262056e-01 -3.872976080892801178e+02 2.274340000000000000e+19 5.599569529294967651e-02 5.846658721566200256e-02
-4.075198885578616341e+02 -1.414721956400569747e+00 -3.868474010176291245e+02 2.274540000000000000e+19 -3.445235267281532288e-02 9.750814735889434814e-02
-4.079438380915785842e+02 -2.183493710715518787e+00 -3.863967261777058866e+02 2.274740000000000000e+19 5.601559951901435852e-02 -7.276713103055953979e-02
-4.083658371379406731e+02 -2.953065096512403898e+00 -3.859455857341710043e+02 2.274940000000000000e+19 -1.921614259481430054e-02 7.707741111516952515e-02
-4.087858836861641976e+02 -3.723432446917438021e+00 -3.854939818366306667e+02 2.275140000000000000e+19 -1.718071661889553070e-02 -1.094547845423221588e-02
-4.092039757128717383e+02 -4.494592050997534116e+00 -3.850419166605049668e+02 2.275340000000000000e+19 5.162639170885086060e-02 3.146458044648170471e-02
-4.096201112274185334e+02 -5.266540236969812661e+00 -3.845893923582468688e+02 2.275540000000000000e+19 -4.407817125320434570e-02 4.803117364645004272e-02
-4.099998732909144792e+02 -5.974839037523782537e+00 -3.841741827343133764e+02 2.275740000000000000e+19 7.146927714347839355e-02 3.647355735301971436e-02
-4.070939905730814417e+02 -6.467535260967262056e-01 -3.872976080892801178e+02 2.275940000000000000e+19 -6.852725893259048462e-02 3.336212411522865295e-02
-4.075198885578616341e+02 -1.414721956400569747e+00 -3.868474010176291245e+02 2.276140000000000000e+19 -7.741244882345199585e-02 -7.637387607246637344e-03
-4.079438380915785842e+02 -2.183493710715518787e+00 -3.863967261777058866e+02 2.276340000000000000e+19 -5.562508478760719299e-02 1.722329854965209961e-02
-4.083658371379406731e+02 -2.953065096512403898e+00 -3.859455857341710043e+02 2.276540000000000000e+19 4.391859844326972961e-02 2.125270478427410126e-02
-4.087858836861641976e+02 -3.723432446917438021e+00 -3.854939818366306667e+02 2.276740000000000000e+19 -1.482630372047424316e-01 1.247527301311492920e-01
-4.092039757128717383e+02 -4.494592050997534116e+00 -3.850419166605049668e+02 2.276940000000000000e+19 -8.181121200323104858e-02 -3.525652689859271049e-03
-4.096201112274185334e+02 -5.266540236969812661e+00 -3.845893923582468688e+02 2.277140000000000000e+19 6.651943922042846680e-02 8.790925145149230957e-02
-4.099998732909144792e+02 -5.974839037523782537e+00 -3.841741827343133764e+02 2.277340000000000000e+19 -5.083096772432327271e-02 5.193213373422622681e-02
-4.112650484453114359e+02 -8.362144802958948020e+00 -3.827747472654045851e+02 2.277540000000000000e+19 1.220027543604373932e-02 5.756130442023277283e-02
-4.116713717008442472e+02 -9.137980384228100661e+00 -3.823199598751877488e+02 2.277740000000000000e+19 8.989833295345306396e-02 2.559551969170570374e-03
-4.120757266287981224e+02 -9.914582311853802565e+00 -3.818647263933239628e+02 2.277940000000000000e+19 4.363559186458587646e-02 -1.279527042061090469e-02
-4.124781113038969238e+02 -1.069194688815627181e+01 -3.814090489873427714e+02 2.278140000000000000e+19 6.646643579006195068e-02 9.094187617301940918e-02
-4.128785237892275859e+02 -1.147007037121017525e+01 -3.809529298506953978e+02 2.278340000000000000e+19 2.175123244524002075e-02 4.216297995299100876e-03
-4.132769621796831530e+02 -1.224894905880011109e+01 -3.804963711535405650e+02 2.278540000000000000e+19 6.236619874835014343e-02 4.479678813368082047e-03
-4.136734245573446742e+02 -1.302857920171348027e+01 -3.800393750935708113e+02 2.278740000000000000e+19 -4.475545883178710938e-02 2.089507281780242920e-01
-4.140351361261897409e+02 -1.374388765945105995e+01 -3.796200851965585912e+02 2.278940000000000000e+19 2.418268704786896706e-03 -6.545589771121740341e-03
-4.112650484453114359e+02 -8.362144802958948020e+00 -3.827747472654045851e+02 2.279140000000000000e+19 -6.833779066801071167e-02 3.655170323327183723e-03
-4.116713717008442472e+02 -9.137980384228100661e+00 -3.823199598751877488e+02 2.279340000000000000e+19 -5.048509687185287476e-02 -1.680683810263872147e-03
-4.120757266287981224e+02 -9.914582311853802565e+00 -3.818647263933239628e+02 2.279540000000000000e+19 7.782480120658874512e-02 -7.251444458961486816e-02
-4.124781113038969238e+02 -1.069194688815627181e+01 -3.814090489873427714e+02 2.279740000000000000e+19 2.277914434671401978e-02 4.772815480828285217e-02
-4.128785237892275859e+02 -1.147007037121017525e+01 -3.809529298506953978e+02 2.279940000000000000e+19 -4.552070051431655884e-02 3.757386468350887299e-03
-4.132769621796831530e+02 -1.224894905880011109e+01 -3.804963711535405650e+02 2.280140000000000000e+19 4.155633598566055298e-02 -4.030117765069007874e-02
-4.136734245573446742e+02 -1.302857920171348027e+01 -3.800393750935708113e+02 2.280340000000000000e+19 4.967024177312850952e-02 2.077480591833591461e-02
-4.140351361261897409e+02 -1.374388765945105995e+01 -3.796200851965585912e+02 2.280540000000000000e+19 -2.332670800387859344e-02 1.149439439177513123e-02
-4.151748574458930534e+02 -1.602405567857834612e+01 -3.782835445362612177e+02 2.280740000000000000e+19 3.351036086678504944e-02 -1.587120443582534790e-01
-4.155617425490815435e+02 -1.680726525369311020e+01 -3.778244653894045655e+02 2.280940000000000000e+19 -4.433562979102134705e-02 1.278251409530639648e-01
-4.159466407120189615e+02 -1.759120448280445004e+01 -3.773649616588151048e+02 2.281140000000000000e+19 1.652782261371612549e-01 -1.613275031559169292e-03
-4.163295500860091920e+02 -1.837586960052295382e+01 -3.769050355515656179e+02 2.281340000000000000e+19 -2.123071998357772827e-01 1.313150045461952686e-03
-4.167104688492414084e+02 -1.916125687350164242e+01 -3.764446892559316780e+02 2.281540000000000000e+19 1.504585593938827515e-01 -2.982623688876628876e-02
-4.170893951694361590e+02 -1.994736252394127618e+01 -3.759839249862299084e+02 2.281740000000000000e+19 -5.198616161942481995e-02 -3.259167969226837158e-01
-4.174663272384697166e+02 -2.073418280068425901e+01 -3.755227449411468683e+02 2.281940000000000000e+19 1.924442648887634277e-01 -5.684974044561386108e-02
-4.178101202965145831e+02 -2.145605027001619192e+01 -3.750996384486351758e+02 2.282140000000000000e+19 -9.493526816368103027e-02 6.877730786800384521e-02
-4.151748574458930534e+02 -1.602405567857834612e+01 -3.782835445362612177e+02 2.282340000000000000e+19 -5.732872337102890015e-02 -8.858765475451946259e-03
-4.155617425490815435e+02 -1.680726525369311020e+01 -3.778244653894045655e+02 2.282540000000000000e+19 7.421257346868515015e-02 2.305371165275573730e-01
-4.159466407120189615e+02 -1.759120448280445004e+01 -3.773649616588151048e+02 2.282740000000000000e+19 1.763979345560073853e-01 5.801413208246231079e-02
-4.163295500860091920e+02 -1.837586960052295382e+01 -3.769050355515656179e+02 2.282940000000000000e+19 -4.131525754928588867e-02 5.178743228316307068e-02
-4.167104688492414084e+02 -1.916125687350164242e+01 -3.764446892559316780e+02 2.283140000000000000e+19 5.010076612234115601e-02 4.488343372941017151e-02
-4.170893951694361590e+02 -1.994736252394127618e+01 -3.759839249862299084e+02 2.283340000000000000e+19 2.252601087093353271e-02 -5.917454883456230164e-02
-4.174663272384697166e+02 -2.073418280068425901e+01 -3.755227449411468683e+02 2.283540000000000000e+19 3.745338693261146545e-02 -1.068438664078712463e-01
-4.178101202965145831e+02 -2.145605027001619192e+01 -3.750996384486351758e+02 2.283740000000000000e+19 5.961047485470771790e-02 -9.596091695129871368e-03
-4.189540770564657350e+02 -2.388853478483497383e+01 -3.736739111927946624e+02 2.283940000000000000e+19 7.070377469062805176e-02 9.710529446601867676e-02
-4.193210109920163404e+02 -2.467887162063567885e+01 -3.732106854294034974e+02 2.284140000000000000e+19 -1.410457491874694824e-02 1.942084543406963348e-02
-4.196859400015688948e+02 -2.546990044999882130e+01 -3.727470571561698875e+02 2.284340000000000000e+19 7.800066471099853516e-02 -1.185789480805397034e-01
-4.200488623272332234e+02 -2.626161746247131035e+01 -3.722830286064308325e+02 2.284540000000000000e+19 5.419423803687095642e-02 -1.471015363931655884e-01
-4.204097762410107180e+02 -2.705401888840451008e+01 -3.718186019895925938e+02 2.284740000000000000e+19 -4.807430133223533630e-02 -6.124258413910865784e-02
-4.207686800131190239e+02 -2.784710093006381371e+01 -3.713537795315087919e+02 2.284940000000000000e+19 -4.072644934058189392e-02 5.272905156016349792e-02
-4.211255719209553376e+02 -2.864085978091231155e+01 -3.708885634631763537e+02 2.285140000000000000e+19 -6.016229838132858276e-02 -1.805673688650131226e-01
-4.214509796700895095e+02 -2.936905485891831802e+01 -3.704617764783323537e+02 2.285340000000000000e+19 9.130891412496566772e-02 -3.930136561393737793e-02
-4.189540770564657350e+02 -2.388853478483497383e+01 -3.736739111927946624e+02 2.285540000000000000e+19 -9.126023948192596436e-02 5.417201668024063110e-02
-4.193210109920163404e+02 -2.467887162063567885e+01 -3.732106854294034974e+02 2.285740000000000000e+19 7.229312323033809662e-03 -1.593451946973800659e-02
-4.196859400015688948e+02 -2.546990044999882130e+01 -3.727470571561698875e+02 2.285940000000000000e+19 5.082432553172111511e-02 1.979543268680572510e-02
-4.200488623272332234e+02 -2.626161746247131035e+01 -3.722830286064308325e+02 2.286140000000000000e+19 -3.358049690723419189e-02 -2.475323714315891266e-02
-4.204097762410107180e+02 -2.705401888840451008e+01 -3.718186019895925938e+02 2.286340000000000000e+19 -4.284127429127693176e-02 -4.099385067820549011e-02
-4.207686800131190239e+02 -2.784710093006381371e+01 -3.713537795315087919e+02 2.286540000000000000e+19 -1.557134240865707397e-01 6.861927453428506851e-03
-4.211255719209553376e+02 -2.864085978091231155e+01 -3.708885634631763537e+02 2.286740000000000000e+19 -4.319256171584129333e-02 5.707806721329689026e-02
-4.214509796700895095e+02 -2.936905485891831802e+01 -3.704617764783323537e+02 2.286940000000000000e+19 6.318775564432144165e-02 -3.366282209753990173e-02
-4.225329869358763517e+02 -3.182258734463285776e+01 -3.690238075900617787e+02 2.287140000000000000e+19 -1.413714606314897537e-02 4.541892185807228088e-02
-4.228797941166959049e+02 -3.261967324338634455e+01 -3.685566568763172768e+02 2.287340000000000000e+19 -7.752676308155059814e-02 1.805017702281475067e-02
-4.232245793301847812e+02 -3.341741311099351464e+01 -3.680891259386534102e+02 2.287540000000000000e+19 6.256927549839019775e-02 -1.473668497055768967e-02
-4.235673409347144798e+02 -3.421580314912448273e+01 -3.676212170031551523e+02 2.287740000000000000e+19 5.329770594835281372e-02 -1.233217120170593262e-02
-4.239080772803650916e+02 -3.501483951464994959e+01 -3.671529323221485583e+02 2.287940000000000000e+19 1.591036468744277954e-01 1.091842502355575562e-01
-4.242467867459620834e+02 -3.581451840583662971e+01 -3.666842741236765733e+02 2.288140000000000000e+19 -1.036088317632675171e-01 -9.217926301062107086e-03
-4.245834677011099529e+02 -3.661483597336152940e+01 -3.662152446636733316e+02 2.288340000000000000e+19 -2.249333076179027557e-02 1.767882518470287323e-02
-4.248903344172197762e+02 -3.734901018087396807e+01 -3.657849814262520454e+02 2.288540000000000000e+19 1.278203427791595459e-01 4.090194031596183777e-02
-4.225329869358763517e+02 -3.182258734463285776e+01 -3.690238075900617787e+02 2.288740000000000000e+19 3.446907922625541687e-02 4.324697889387607574e-03
-4.228797941166959049e+02 -3.261967324338634455e+01 -3.685566568763172768e+02 2.288940000000000000e+19 4.743541404604911804e-02 4.005328193306922913e-02
-4.232245793301847812e+02 -3.341741311099351464e+01 -3.680891259386534102e+02 2.289140000000000000e+19 9.578567929565906525e-03 -6.283495575189590454e-02
-4.235673409347144798e+02 -3.421580314912448273e+01 -3.676212170031551523e+02 2.289340000000000000e+19 6.123847793787717819e-03 9.627598524093627930e-02
-4.239080772803650916e+02 -3.501483951464994959e+01 -3.671529323221485583e+02 2.289540000000000000e+19 1.566659659147262573e-02 -4.537230730056762695e-02
-4.242467867459620834e+02 -3.581451840583662971e+01 -3.666842741236765733e+02 2.289740000000000000e+19 2.777957357466220856e-02 1.091746985912322998e-02
-4.245834677011099529e+02 -3.661483597336152940e+01 -3.662152446636733316e+02 2.289940000000000000e+19 1.587609946727752686e-01 -8.744069188833236694e-02
-4.248903344172197762e+02 -3.734901018087396807e+01 -3.657849814262520454e+02 2.290140000000000000e+19 3.410640638321638107e-03 -7.565111666917800903e-02
-4.259098743952778250e+02 -3.982241649579415110e+01 -3.643354590477889019e+02 2.290340000000000000e+19 4.164519160985946655e-02 2.433449029922485352e-02
-4.262363888495258948e+02 -4.062586999418313383e+01 -3.638646069491462640e+02 2.290540000000000000e+19 1.842627115547657013e-02 2.269166894257068634e-02
-4.265608652741070159e+02 -4.142993914857580506e+01 -3.633933970799182021e+02 2.290740000000000000e+19 -7.200692594051361084e-02 3.845235332846641541e-03
-4.268833021217909618e+02 -4.223462012491825135e+01 -3.629218316869810792e+02 2.290940000000000000e+19 -1.150230411440134048e-02 1.288705971091985703e-02
-4.272036978472046940e+02 -4.303990906662241400e+01 -3.624499130304032519e+02 2.291140000000000000e+19 -6.720231380313634872e-03 3.278600797057151794e-02
-4.275220509114677157e+02 -4.384580210575462900e+01 -3.619776433768861921e+02 2.291340000000000000e+19 1.406941469758749008e-02 -2.336613833904266357e-02
-4.278383597999201697e+02 -4.465229540797074748e+01 -3.615050249734334216e+02 2.291540000000000000e+19 -1.692229509353637695e-02 -3.222585842013359070e-02
-4.281265385818999221e+02 -4.539209727631504165e+01 -3.610714914618661737e+02 2.291740000000000000e+19 -1.618809998035430908e-02 9.035563468933105469e-02
-4.259098743952778250e+02 -3.982241649579415110e+01 -3.643354590477889019e+02 2.291940000000000000e+19 -5.352338775992393494e-02 6.117598339915275574e-02
-4.262363888495258948e+02 -4.062586999418313383e+01 -3.638646069491462640e+02 2.292140000000000000e+19 5.520744994282722473e-02 -1.895169541239738464e-02
-4.265608652741070159e+02 -4.142993914857580506e+01 -3.633933970799182021e+02 2.292340000000000000e+19 9.462256729602813721e-02 7.306251674890518188e-02
-4.268833021217909618e+02 -4.223462012491825135e+01 -3.629218316869810792e+02 2.292540000000000000e+19 -4.512996971607208252e-02 -6.823715567588806152e-02
-4.272036978472046940e+02 -4.303990906662241400e+01 -3.624499130304032519e+02 2.292740000000000000e+19 -4.576181061565876007e-03 4.637357592582702637e-02
-4.275220509114677157e+02 -4.384580210575462900e+01 -3.619776433768861921e+02 2.292940000000000000e+19 2.875124290585517883e-02 6.086812540888786316e-02
-4.278383597999201697e+02 -4.465229540797074748e+01 -3.615050249734334216e+02 2.293140000000000000e+19 4.188099503517150879e-02 -5.028430372476577759e-02
-4.281265385818999221e+02 -4.539209727631504165e+01 -3.610714914618661737e+02 2.293340000000000000e+19 -2.840467728674411774e-02 -3.671075031161308289e-02
