# Baseline: 5-9
# Entries: 128
# u [m], v [m], w [m], frequency [GHz], real, imag, std(real), std(imag)
1.156226014182528161e+03 -5.126552045406842808e+02 1.091405157719577346e+03 2.267940000000000111e+01 -1.194399148225784302e-01 3.808646798133850098e-01 9.141239523887634277e-02 9.327007830142974854e-02
1.158397428724083284e+03 -5.104730956652211944e+02 1.090124666558552462e+03 2.268140000000000001e+01 3.940203785896301270e-01 -6.434299945831298828e-01 9.141239523887634277e-02 9.327007830142974854e-02
1.160563303202201269e+03 -5.082868895244426994e+02 1.088841783782186667e+03 2.268340000000000245e+01 2.624932825565338135e-01 4.711365699768066406e-01 9.141239523887634277e-02 9.327007830142974854e-02
1.162723627266711901e+03 -5.060965965657646279e+02 1.087556515521108395e+03 2.268540000000000134e+01 1.788893342018127441e-01 -3.858436644077301025e-01 9.141239523887634277e-02 9.327007830142974854e-02
1.164340395674484398e+03 -5.044513282929766547e+02 1.086591076746478848e+03 2.268740000000000023e+01 -2.131918966770172119e-01 7.613206505775451660e-01 9.141239523887634277e-02 9.327007830142974854e-02
1.167027582826250864e+03 -5.017037921426672824e+02 1.084978847159914039e+03 2.268940000000000268e+01 4.084800928831100464e-02 -2.522302865982055664e-01 9.141239523887634277e-02 9.327007830142974854e-02
1.169171193678886311e+03 -4.995013017470859609e+02 1.083686459422858434e+03 2.269140000000000157e+01 3.294909596443176270e-01 6.635184288024902344e-01 9.141239523887634277e-02 9.327007830142974854e-02
1.171843069946977948e+03 -4.967426652704206731e+02 1.082067750862134062e+03 2.269340000000000046e+01 -2.220772504806518555e-01 -3.100198805332183838e-01 9.141239523887634277e-02 9.327007830142974854e-02
1.156226014182528161e+03 -5.126552045406842808e+02 1.091405157719577346e+03 2.269540000000000290e+01 7.337384670972824097e-02 1.046873256564140320e-01 9.141239523887634277e-02 9.327007830142974854e-02
1.158397428724083284e+03 -5.104730956652211944e+02 1.090124666558552462e+03 2.269740000000000180e+01 -1.487466841936111450e-01 -2.473525553941726685e-01 9.141239523887634277e-02 9.327007830142974854e-02
1.160563303202201269e+03 -5.082868895244426994e+02 1.088841783782186667e+03 2.269940000000000069e+01 1.163839325308799744e-01 1.309115886688232422e-01 9.141239523887634277e-02 9.327007830142974854e-02
1.162723627266711901e+03 -5.060965965657646279e+02 1.087556515521108395e+03 2.270140000000000313e+01 2.831494994461536407e-02 -2.341465838253498077e-02 9.141239523887634277e-02 9.327007830142974854e-02
1.164340395674484398e+03 -5.044513282929766547e+02 1.086591076746478848e+03 2.270340000000000202e+01 8.763478696346282959e-02 2.238263040781021118e-01 9.141239523887634277e-02 9.327007830142974854e-02
1.167027582826250864e+03 -5.017037921426672824e+02 1.084978847159914039e+03 2.270540000000000092e+01 5.232985690236091614e-02 -2.439157813787460327e-01 9.141239523887634277e-02 9.327007830142974854e-02
1.169171193678886311e+03 -4.995013017470859609e+02 1.083686459422858434e+03 2.270739999999999981e+01 1.724369451403617859e-02 -4.068857803940773010e-02 9.141239523887634277e-02 9.327007830142974854e-02
1.171843069946977948e+03 -4.967426652704206731e+02 1.082067750862134062e+03 2.270940000000000225e+01 -1.559500694274902344e-01 4.038785770535469055e-02 9.141239523887634277e-02 9.327007830142974854e-02
1.177689618831462667e+03 -4.906509981211018498e+02 1.078493362358575496e+03 2.271140000000000114e+01 2.929464355111122131e-02 6.822656095027923584e-02 9.141239523887634277e-02 9.327007830142974854e-02
1.179805169588747731e+03 -4.884283896552815349e+02 1.077189232633939127e+03 2.271340000000000003e+01 -8.177393674850463867e-02 -3.401953727006912231e-02 9.141239523887634277e-02 9.327007830142974854e-02
1.181915077816416897e+03 -4.862017894400761975e+02 1.075882773208829576e+03 2.271540000000000248e+01 8.262346684932708740e-02 -2.695843810215592384e-03 9.141239523887634277e-02 9.327007830142974854e-02
1.184019333446468636e+03 -4.839712081004389006e+02 1.074573990317451035e+03 2.271740000000000137e+01 -4.662950057536363602e-03 4.742551129311323166e-03 9.141239523887634277e-02 9.327007830142974854e-02
1.186117926401176419e+03 -4.817366563191268369e+02 1.073262890227861590e+03 2.271940000000000026e+01 1.616433560848236084e-01 -2.849249914288520813e-02 9.141239523887634277e-02 9.327007830142974854e-02
1.188210846637216491e+03 -4.794981447901102456e+02 1.071949479214641315e+03 2.272140000000000271e+01 -1.408820413053035736e-02 2.256828919053077698e-02 9.141239523887634277e-02 9.327007830142974854e-02
1.190298084131218047e+03 -4.772556842341725769e+02 1.070633763568042696e+03 2.272340000000000160e+01 4.157472029328346252e-02 3.655551001429557800e-02 9.141239523887634277e-02 9.327007830142974854e-02
1.192206457120239975e+03 -4.751966854368055806e+02 1.069425700886592949e+03 2.272540000000000049e+01 -3.543232008814811707e-02 -1.975917518138885498e-01 9.141239523887634277e-02 9.327007830142974854e-02
1.177689618831462667e+03 -4.906509981211018498e+02 1.078493362358575496e+03 2.272740000000000293e+01 2.103599533438682556e-02 -7.196675240993499756e-02 9.141239523887634277e-02 9.327007830142974854e-02
1.179805169588747731e+03 -4.884283896552815349e+02 1.077189232633939127e+03 2.272940000000000182e+01 7.751068472862243652e-02 5.631374940276145935e-02 9.141239523887634277e-02 9.327007830142974854e-02
1.181915077816416897e+03 -4.862017894400761975e+02 1.075882773208829576e+03 2.273140000000000072e+01 5.225057527422904968e-02 2.370527014136314392e-02 9.141239523887634277e-02 9.327007830142974854e-02
1.184019333446468636e+03 -4.839712081004389006e+02 1.074573990317451035e+03 2.273340000000000316e+01 9.201973676681518555e-03 -4.901310801506042480e-02 9.141239523887634277e-02 9.327007830142974854e-02
1.186117926401176419e+03 -4.817366563191268369e+02 1.073262890227861590e+03 2.273540000000000205e+01 1.061043515801429749e-01 -7.634882628917694092e-02 9.141239523887634277e-02 9.327007830142974854e-02
1.188210846637216491e+03 -4.794981447901102456e+02 1.071949479214641315e+03 2.273740000000000094e+01 -5.569936335086822510e-02 -8.118291944265365601e-02 9.141239523887634277e-02 9.327007830142974854e-02
1.190298084131218047e+03 -4.772556842341725769e+02 1.070633763568042696e+03 2.273939999999999984e+01 -5.695246905088424683e-02 -1.110794320702552795e-01 9.141239523887634277e-02 9.327007830142974854e-02
1.192206457120239975e+03 -4.751966854368055806e+02 1.069425700886592949e+03 2.274140000000000228e+01 -2.252314426004886627e-02 1.850962825119495392e-02 9.141239523887634277e-02 9.327007830142974854e-02
1.198590007432414268e+03 -4.682465665349957931e+02 1.065347980672684571e+03 2.274340000000000117e+01 -3.553787618875503540e-02 3.568189684301614761e-03 9.141239523887634277e-02 9.327007830142974854e-02
1.200648681956616656e+03 -4.659845221669826287e+02 1.064020836510590470e+03 2.274540000000000006e+01 -7.176354527473449707e-02 -4.612800199538469315e-03 9.141239523887634277e-02 9.327007830142974854e-02
1.202701614243416316e+03 -4.637185934132931493e+02 1.062691425641113256e+03 2.274740000000000251e+01 2.134940773248672485e-02 3.563278913497924805e-02 9.141239523887634277e-02 9.327007830142974854e-02
1.204748794432276327e+03 -4.614487911575323551e+02 1.061359754449621732e+03 2.274940000000000140e+01 5.197810381650924683e-02 2.204606682062149048e-02 9.141239523887634277e-02 9.327007830142974854e-02
1.206790212768634774e+03 -4.591751262148918045e+02 1.060025829281287088e+03 2.275140000000000029e+01 -3.864564746618270874e-02 -2.775677852332592010e-02 9.141239523887634277e-02 9.327007830142974854e-02
1.208825859418874188e+03 -4.568976095378487798e+02 1.058689656561767379e+03 2.275340000000000273e+01 -1.018239259719848633e-01 1.208962202072143555e-01 9.141239523887634277e-02 9.327007830142974854e-02
1.210855724690673469e+03 -4.546162519705516161e+02 1.057351242653106510e+03 2.275540000000000163e+01 9.515015035867691040e-02 6.723454222083091736e-03 9.141239523887634277e-02 9.327007830142974854e-02
1.212711421255261939e+03 -4.525216914132011539e+02 1.056122428283608087e+03 2.275740000000000052e+01 2.279900014400482178e-03 -8.996360003948211670e-02 9.141239523887634277e-02 9.327007830142974854e-02
1.198590007432414268e+03 -4.682465665349957931e+02 1.065347980672684571e+03 2.275940000000000296e+01 5.897598713636398315e-02 -1.578848809003829956e-02 9.141239523887634277e-02 9.327007830142974854e-02
1.200648681956616656e+03 -4.659845221669826287e+02 1.064020836510590470e+03 2.276140000000000185e+01 5.349634215235710144e-02 -7.614769786596298218e-02 9.141239523887634277e-02 9.327007830142974854e-02
1.202701614243416316e+03 -4.637185934132931493e+02 1.062691425641113256e+03 2.276340000000000074e+01 4.995046555995941162e-02 5.857528001070022583e-02 9.141239523887634277e-02 9.327007830142974854e-02
1.204748794432276327e+03 -4.614487911575323551e+02 1.061359754449621732e+03 2.276540000000000319e+01 -9.834188967943191528e-02 -5.889054015278816223e-02 9.141239523887634277e-02 9.327007830142974854e-02
1.206790212768634774e+03 -4.591751262148918045e+02 1.060025829281287088e+03 2.276740000000000208e+01 8.208650350570678711e-02 3.601814061403274536e-02 9.141239523887634277e-02 9.327007830142974854e-02
1.208825859418874188e+03 -4.568976095378487798e+02 1.058689656561767379e+03 2.276940000000000097e+01 5.375922843813896179e-02 -7.043310999870300293e-02 9.141239523887634277e-02 9.327007830142974854e-02
1.210855724690673469e+03 -4.546162519705516161e+02 1.057351242653106510e+03 2.277139999999999986e+01 1.424492150545120239e-01 1.171247363090515137e-01 9.141239523887634277e-02 9.327007830142974854e-02
1.212711421255261939e+03 -4.525216914132011539e+02 1.056122428283608087e+03 2.277340000000000231e+01 -5.389122758060693741e-03 -4.994436632841825485e-03 9.141239523887634277e-02 9.327007830142974854e-02
1.218917177979927828e+03 -4.454526315918232626e+02 1.051975303486476150e+03 2.277540000000000120e+01 7.220786809921264648e-02 2.669932879507541656e-02 9.141239523887634277e-02 9.327007830142974854e-02
1.220917991134763042e+03 -4.431522337801528693e+02 1.050625779966961773e+03 2.277740000000000009e+01 -6.745678186416625977e-02 3.339904174208641052e-02 9.141239523887634277e-02 9.327007830142974854e-02
1.222912965006456261e+03 -4.408480608999774404e+02 1.049274053873380126e+03 2.277940000000000254e+01 6.292437016963958740e-02 4.511101543903350830e-02 9.141239523887634277e-02 9.327007830142974854e-02
1.224902090096230268e+03 -4.385401239222877052e+02 1.047920131641785474e+03 2.278140000000000143e+01 -7.372013758867979050e-03 9.557643905282020569e-03 9.141239523887634277e-02 9.327007830142974854e-02
1.226885356829250895e+03 -4.362284339565826485e+02 1.046564019789429040e+03 2.278340000000000032e+01 2.645168825984001160e-02 -3.030036576092243195e-02 9.141239523887634277e-02 9.327007830142974854e-02
1.228862755769400110e+03 -4.339130020015998639e+02 1.045205724768527034e+03 2.278540000000000276e+01 2.915964089334011078e-02 3.036958351731300354e-02 9.141239523887634277e-02 9.327007830142974854e-02
1.230834277398283120e+03 -4.315938392029108286e+02 1.043845253117376387e+03 2.278740000000000165e+01 2.362882904708385468e-02 2.953603677451610565e-02 9.141239523887634277e-02 9.327007830142974854e-02
1.232636409560536094e+03 -4.294647191657042526e+02 1.042596275067079887e+03 2.278940000000000055e+01 -2.373786829411983490e-02 3.718749061226844788e-02 9.141239523887634277e-02 9.327007830142974854e-02
1.218917177979927828e+03 -4.454526315918232626e+02 1.051975303486476150e+03 2.279140000000000299e+01 1.285578906536102295e-01 4.625816643238067627e-02 9.141239523887634277e-02 9.327007830142974854e-02
1.220917991134763042e+03 -4.431522337801528693e+02 1.050625779966961773e+03 2.279340000000000188e+01 -2.095446921885013580e-03 -4.627795144915580750e-02 9.141239523887634277e-02 9.327007830142974854e-02
1.222912965006456261e+03 -4.408480608999774404e+02 1.049274053873380126e+03 2.279540000000000077e+01 -4.300052672624588013e-02 1.130389980971813202e-02 9.141239523887634277e-02 9.327007830142974854e-02
1.224902090096230268e+03 -4.385401239222877052e+02 1.047920131641785474e+03 2.279739999999999966e+01 -2.697655372321605682e-02 7.196724414825439453e-02 9.141239523887634277e-02 9.327007830142974854e-02
1.226885356829250895e+03 -4.362284339565826485e+02 1.046564019789429040e+03 2.279940000000000211e+01 -7.456628233194351196e-02 -3.482614085078239441e-02 9.141239523887634277e-02 9.327007830142974854e-02
1.228862755769400110e+03 -4.339130020015998639e+02 1.045205724768527034e+03 2.280140000000000100e+01 -3.042399138212203979e-02 -2.340453118085861206e-02 9.141239523887634277e-02 9.327007830142974854e-02
1.230834277398283120e+03 -4.315938392029108286e+02 1.043845253117376387e+03 2.280339999999999989e+01 -1.318513322621583939e-02 -6.555214524269104004e-02 9.141239523887634277e-02 9.327007830142974854e-02
1.232636409560536094e+03 -4.294647191657042526e+02 1.042596275067079887e+03 2.280540000000000234e+01 4.877606406807899475e-03 -4.241720587015151978e-02 9.141239523887634277e-02 9.327007830142974854e-02
1.238337160919716325e+03 -4.226693528212009596e+02 1.038610064934433240e+03 2.280740000000000123e+01 -4.686047881841659546e-02 -1.014282405376434326e-01 9.141239523887634277e-02 9.327007830142974854e-02
1.240280143196088147e+03 -4.203323142148273064e+02 1.037239164769831632e+03 2.280940000000000012e+01 -4.912763833999633789e-02 6.737225502729415894e-02 9.141239523887634277e-02 9.327007830142974854e-02
1.242217193554905862e+03 -4.179916097179532812e+02 1.035866126077162789e+03 2.281140000000000256e+01 8.129779994487762451e-02 -3.368712663650512695e-01 9.141239523887634277e-02 9.327007830142974854e-02
1.244148302692307880e+03 -4.156472505733887601e+02 1.034490955451371974e+03 2.281340000000000146e+01 2.023375928401947021e-01 4.662224054336547852e-01 9.141239523887634277e-02 9.327007830142974854e-02
1.246073461420391823e+03 -4.132992479353418389e+02 1.033113659435375212e+03 2.281540000000000035e+01 1.267736107110977173e-01 -2.540713734924793243e-02 9.141239523887634277e-02 9.327007830142974854e-02
1.247992660478871812e+03 -4.109476130979509207e+02 1.031734244654113809e+03 2.281740000000000279e+01 -3.757240995764732361e-02 1.449461132287979126e-01 9.141239523887634277e-02 9.327007830142974854e-02
1.249905890709822188e+03 -4.085923572828307897e+02 1.030352717689930387e+03 2.281940000000000168e+01 1.186013817787170410e-01 2.877605855464935303e-01 9.141239523887634277e-02 9.327007830142974854e-02
1.251654510014003563e+03 -4.064302473331516126e+02 1.029084494869337959e+03 2.282140000000000057e+01 1.155861765146255493e-01 3.554889857769012451e-01 9.141239523887634277e-02 9.327007830142974854e-02
1.238337160919716325e+03 -4.226693528212009596e+02 1.038610064934433240e+03 2.282340000000000302e+01 -2.025461792945861816e-01 -2.738291323184967041e-01 9.141239523887634277e-02 9.327007830142974854e-02
1.240280143196088147e+03 -4.203323142148273064e+02 1.037239164769831632e+03 2.282540000000000191e+01 4.330636560916900635e-02 -2.927807904779911041e-02 9.141239523887634277e-02 9.327007830142974854e-02
1.242217193554905862e+03 -4.179916097179532812e+02 1.035866126077162789e+03 2.282740000000000080e+01 -1.287710815668106079e-01 2.038486301898956299e-02 9.141239523887634277e-02 9.327007830142974854e-02
1.244148302692307880e+03 -4.156472505733887601e+02 1.034490955451371974e+03 2.282939999999999969e+01 7.665230333805084229e-02 -1.251612454652786255e-01 9.141239523887634277e-02 9.327007830142974854e-02
1.246073461420391823e+03 -4.132992479353418389e+02 1.033113659435375212e+03 2.283140000000000214e+01 -5.276906490325927734e-02 -3.551179077476263046e-03 9.141239523887634277e-02 9.327007830142974854e-02
1.247992660478871812e+03 -4.109476130979509207e+02 1.031734244654113809e+03 2.283340000000000103e+01 -2.445435337722301483e-02 -8.643919974565505981e-02 9.141239523887634277e-02 9.327007830142974854e-02
1.249905890709822188e+03 -4.085923572828307897e+02 1.030352717689930387e+03 2.283539999999999992e+01 -1.805730909109115601e-02 -2.149692922830581665e-02 9.141239523887634277e-02 9.327007830142974854e-02
1.251654510014003563e+03 -4.064302473331516126e+02 1.029084494869337959e+03 2.283740000000000236e+01 4.218230396509170532e-02 -1.601129397749900818e-02 9.141239523887634277e-02 9.327007830142974854e-02
1.257498940603130677e+03 -3.991353500101964755e+02 1.024805620430679483e+03 2.283940000000000126e+01 6.402041763067245483e-02 8.858788013458251953e-02 9.141239523887634277e-02 9.327007830142974854e-02
1.259382189873047309e+03 -3.967621587914573524e+02 1.023413631965958530e+03 2.284140000000000015e+01 1.178168877959251404e-02 9.415694326162338257e-02 9.141239523887634277e-02 9.327007830142974854e-02
1.261259415834313813e+03 -3.943854144497344691e+02 1.022019571119176021e+03 2.284340000000000259e+01 -7.073318213224411011e-02 7.032986730337142944e-02 9.141239523887634277e-02 9.327007830142974854e-02
1.263130609444187712e+03 -3.920051284340086681e+02 1.020623444605645091e+03 2.284540000000000148e+01 6.037040799856185913e-02 -6.681466102600097656e-02 9.141239523887634277e-02 9.327007830142974854e-02
1.264995761793261408e+03 -3.896213120776770893e+02 1.019225259072827157e+03 2.284740000000000038e+01 -7.889958214946091175e-04 -7.974193990230560303e-02 9.141239523887634277e-02 9.327007830142974854e-02
1.266854863942325665e+03 -3.872339768056093590e+02 1.017825021221782663e+03 2.284940000000000282e+01 -7.452751044183969498e-03 7.727421820163726807e-02 9.141239523887634277e-02 9.327007830142974854e-02
1.268707906968358429e+03 -3.848431340762528521e+02 1.016422737773208155e+03 2.285140000000000171e+01 8.765945583581924438e-02 9.310740977525711060e-03 9.141239523887634277e-02 9.327007830142974854e-02
1.270401276773814288e+03 -3.826485011597395101e+02 1.015135545874409786e+03 2.285340000000000060e+01 2.717834711074829102e-02 -1.152885407209396362e-01 9.141239523887634277e-02 9.327007830142974854e-02
1.257498940603130677e+03 -3.991353500101964755e+02 1.024805620430679483e+03 2.285540000000000305e+01 4.788002744317054749e-02 1.098532881587743759e-02 9.141239523887634277e-02 9.327007830142974854e-02
1.259382189873047309e+03 -3.967621587914573524e+02 1.023413631965958530e+03 2.285740000000000194e+01 1.275014132261276245e-02 7.520542480051517487e-03 9.141239523887634277e-02 9.327007830142974854e-02
1.261259415834313813e+03 -3.943854144497344691e+02 1.022019571119176021e+03 2.285940000000000083e+01 -8.359935134649276733e-02 -7.899270392954349518e-03 9.141239523887634277e-02 9.327007830142974854e-02
1.263130609444187712e+03 -3.920051284340086681e+02 1.020623444605645091e+03 2.286139999999999972e+01 -1.131288185715675354e-01 -6.534512341022491455e-02 9.141239523887634277e-02 9.327007830142974854e-02
1.264995761793261408e+03 -3.896213120776770893e+02 1.019225259072827157e+03 2.286340000000000217e+01 -4.561409354209899902e-03 -1.726868562400341034e-02 9.141239523887634277e-02 9.327007830142974854e-02
1.266854863942325665e+03 -3.872339768056093590e+02 1.017825021221782663e+03 2.286540000000000106e+01 2.255726419389247894e-02 -3.091490082442760468e-02 9.141239523887634277e-02 9.327007830142974854e-02
1.268707906968358429e+03 -3.848431340762528521e+02 1.016422737773208155e+03 2.286739999999999995e+01 -3.874350339174270630e-02 1.460418701171875000e-01 9.141239523887634277e-02 9.327007830142974854e-02
1.270401276773814288e+03 -3.826485011597395101e+02 1.015135545874409786e+03 2.286940000000000239e+01 -2.802035212516784668e-02 2.869086340069770813e-02 9.141239523887634277e-02 9.327007830142974854e-02
1.276059311128969284e+03 -3.752449174015146696e+02 1.010793282208344635e+03 2.287140000000000128e+01 1.016886439174413681e-03 2.557025849819183350e-02 9.141239523887634277e-02 9.327007830142974854e-02
1.277881926209020776e+03 -3.728367092074931861e+02 1.009380871548412415e+03 2.287340000000000018e+01 9.908934682607650757e-02 4.317558370530605316e-03 9.141239523887634277e-02 9.327007830142974854e-02
1.279698429393961078e+03 -3.704250624580198519e+02 1.007966455702619555e+03 2.287540000000000262e+01 -7.086614519357681274e-02 1.530548906885087490e-03 9.141239523887634277e-02 9.327007830142974854e-02
1.281508812034822540e+03 -3.680099886358320305e+02 1.006550041405523189e+03 2.287740000000000151e+01 4.657537490129470825e-02 2.561909332871437073e-02 9.141239523887634277e-02 9.327007830142974854e-02
1.283313065417140024e+03 -3.655914993661234007e+02 1.005131635475173312e+03 2.287940000000000040e+01 -9.359647519886493683e-03 -5.764476954936981201e-03 9.141239523887634277e-02 9.327007830142974854e-02
1.285111180956506360e+03 -3.631696061558209294e+02 1.003711244660179432e+03 2.288140000000000285e+01 7.699357718229293823e-02 6.749251484870910645e-02 9.141239523887634277e-02 9.327007830142974854e-02
1.286903149997578794e+03 -3.607443206629263841e+02 1.002288875797747778e+03 2.288340000000000174e+01 -3.666615858674049377e-02 -1.154502779245376587e-01 9.141239523887634277e-02 9.327007830142974854e-02
1.288540459940287519e+03 -3.585182150255293436e+02 1.000983330809214294e+03 2.288540000000000063e+01 -1.187822874635457993e-02 -7.077424228191375732e-02 9.141239523887634277e-02 9.327007830142974854e-02
1.276059311128969284e+03 -3.752449174015146696e+02 1.010793282208344635e+03 2.288740000000000308e+01 -7.988724112510681152e-02 -1.485577877610921860e-02 9.141239523887634277e-02 9.327007830142974854e-02
1.277881926209020776e+03 -3.728367092074931861e+02 1.009380871548412415e+03 2.288940000000000197e+01 -1.372320353984832764e-01 -6.809275597333908081e-02 9.141239523887634277e-02 9.327007830142974854e-02
1.279698429393961078e+03 -3.704250624580198519e+02 1.007966455702619555e+03 2.289140000000000086e+01 1.846087537705898285e-02 -1.648387312889099121e-01 9.141239523887634277e-02 9.327007830142974854e-02
1.281508812034822540e+03 -3.680099886358320305e+02 1.006550041405523189e+03 2.289339999999999975e+01 2.039093151688575745e-02 -1.837069988250732422e-01 9.141239523887634277e-02 9.327007830142974854e-02
1.283313065417140024e+03 -3.655914993661234007e+02 1.005131635475173312e+03 2.289540000000000219e+01 -3.759768605232238770e-02 4.382693395018577576e-02 9.141239523887634277e-02 9.327007830142974854e-02
1.285111180956506360e+03 -3.631696061558209294e+02 1.003711244660179432e+03 2.289740000000000109e+01 6.464270502328872681e-02 4.725289531052112579e-03 9.141239523887634277e-02 9.327007830142974854e-02
1.286903149997578794e+03 -3.607443206629263841e+02 1.002288875797747778e+03 2.289939999999999998e+01 7.027681171894073486e-02 -8.683393150568008423e-02 9.141239523887634277e-02 9.327007830142974854e-02
1.288540459940287519e+03 -3.585182150255293436e+02 1.000983330809214294e+03 2.290140000000000242e+01 -8.665084838867187500e-02 -8.612304925918579102e-02 9.141239523887634277e-02 9.327007830142974854e-02
1.294009390409563593e+03 -3.510094878294704586e+02 9.965797559140524982e+02 2.290340000000000131e+01 4.895721748471260071e-02 -1.003211084753274918e-02 9.141239523887634277e-02 9.327007830142974854e-02
1.295770499048219335e+03 -3.485674151623265402e+02 9.951475990000128604e+02 2.290540000000000020e+01 7.542343437671661377e-02 -1.195225212723016739e-02 9.141239523887634277e-02 9.327007830142974854e-02
1.297525410188829483e+03 -3.461220200781795597e+02 9.937135050121347604e+02 2.290740000000000265e+01 -9.011557698249816895e-02 -4.230849072337150574e-02 9.141239523887634277e-02 9.327007830142974854e-02
1.299274115463346334e+03 -3.436733142374218346e+02 9.922774807886212329e+02 2.290940000000000154e+01 2.827932126820087433e-02 -7.484959810972213745e-02 9.141239523887634277e-02 9.327007830142974854e-02
1.301016606490656613e+03 -3.412213093759250455e+02 9.908395332118828946e+02 2.291140000000000043e+01 -9.825859963893890381e-02 3.418454155325889587e-02 9.141239523887634277e-02 9.327007830142974854e-02
1.302752874901400901e+03 -3.387660172710852180e+02 9.893996691886284225e+02 2.291340000000000288e+01 -3.287499025464057922e-02 -2.401582524180412292e-02 9.141239523887634277e-02 9.327007830142974854e-02
1.304482912434707941e+03 -3.363074496049085838e+02 9.879578955695724289e+02 2.291540000000000177e+01 -8.195400238037109375e-02 5.686379596590995789e-02 9.141239523887634277e-02 9.327007830142974854e-02
1.306063378704667002e+03 -3.340509369449459882e+02 9.866346224919692531e+02 2.291740000000000066e+01 1.514698844403028488e-02 4.328537732362747192e-03 9.141239523887634277e-02 9.327007830142974854e-02
1.294009390409563593e+03 -3.510094878294704586e+02 9.965797559140524982e+02 2.291940000000000310e+01 3.932786360383033752e-02 -1.735744252800941467e-02 9.141239523887634277e-02 9.327007830142974854e-02
1.295770499048219335e+03 -3.485674151623265402e+02 9.951475990000128604e+02 2.292140000000000200e+01 -1.921666786074638367e-02 -5.976491421461105347e-02 9.141239523887634277e-02 9.327007830142974854e-02
1.297525410188829483e+03 -3.461220200781795597e+02 9.937135050121347604e+02 2.292340000000000089e+01 -8.304645121097564697e-02 8.465845882892608643e-02 9.141239523887634277e-02 9.327007830142974854e-02
1.299274115463346334e+03 -3.436733142374218346e+02 9.922774807886212329e+02 2.292539999999999978e+01 -9.141858667135238647e-03 1.035452112555503845e-01 9.141239523887634277e-02 9.327007830142974854e-02
1.301016606490656613e+03 -3.412213093759250455e+02 9.908395332118828946e+02 2.292740000000000222e+01 -4.676815122365951538e-02 5.023169890046119690e-02 9.141239523887634277e-02 9.327007830142974854e-02
1.302752874901400901e+03 -3.387660172710852180e+02 9.893996691886284225e+02 2.292940000000000111e+01 -9.595875162631273270e-04 -3.714765980839729309e-02 9.141239523887634277e-02 9.327007830142974854e-02
1.304482912434707941e+03 -3.363074496049085838e+02 9.879578955695724289e+02 2.293140000000000001e+01 9.331405907869338989e-02 -7.996270805597305298e-02 9.141239523887634277e-02 9.327007830142974854e-02
1.306063378704667002e+03 -3.340509369449459882e+02 9.866346224919692531e+02 2.293340000000000245e+01 4.295862466096878052e-02 -1.053723320364952087e-02 9.141239523887634277e-02 9.327007830142974854e-02
