# Baseline: 12-24
# Entries: 128
# u [m], v [m], w [m], frequency [GHz], real, imag, std(real), std(imag)
-1.115075607368591591e+03 1.738311489825400031e+03 -8.911015092248180736e+02 2.267940000000000111e+01 2.744935452938079834e-01 4.697387665510177612e-02 6.810314953327178955e-02 6.846152991056442261e-02
-1.119339568936389696e+03 1.736204591697560090e+03 -8.898622875096258440e+02 2.268140000000000001e+01 -8.741953223943710327e-02 7.035292685031890869e-02 6.810314953327178955e-02 6.846152991056442261e-02
-1.123598173027477287e+03 1.734089645816719667e+03 -8.886183609350237020e+02 2.268340000000000245e+01 8.661080151796340942e-02 -3.423180803656578064e-02 6.810314953327178955e-02 6.846152991056442261e-02
-1.127851399291006146e+03 1.731966662289789838e+03 -8.873697354455007371e+02 2.268540000000000134e+01 -1.261086612939834595e-01 1.035989150404930115e-01 6.810314953327178955e-02 6.846152991056442261e-02
-1.131037946759607621e+03 1.730369406646612106e+03 -8.864303327594817574e+02 2.268740000000000023e+01 -9.012786298990249634e-02 4.814429953694343567e-02 6.810314953327178955e-02 6.846152991056442261e-02
-1.136341636941643401e+03 1.727696622975801802e+03 -8.848584116463001692e+02 2.268940000000000268e+01 8.952701091766357422e-02 8.465796709060668945e-02 6.810314953327178955e-02 6.846152991056442261e-02
-1.140578607608166067e+03 1.725549587668895811e+03 -8.835957253815637387e+02 2.269140000000000157e+01 9.638428688049316406e-02 -7.380551844835281372e-02 6.810314953327178955e-02 6.846152991056442261e-02
-1.145867364031328179e+03 1.722854872626084216e+03 -8.820109832400236201e+02 2.269340000000000046e+01 -2.034570463001728058e-02 1.851356029510498047e-01 6.810314953327178955e-02 6.846152991056442261e-02
-1.115075607368591591e+03 1.738311489825400031e+03 -8.911015092248180736e+02 2.269540000000000290e+01 3.389142826199531555e-02 -1.218206882476806641e-01 6.810314953327178955e-02 6.846152991056442261e-02
-1.119339568936389696e+03 1.736204591697560090e+03 -8.898622875096258440e+02 2.269740000000000180e+01 9.908086061477661133e-02 3.393162507563829422e-03 6.810314953327178955e-02 6.846152991056442261e-02
-1.123598173027477287e+03 1.734089645816719667e+03 -8.886183609350237020e+02 2.269940000000000069e+01 8.169814944267272949e-02 1.470094546675682068e-02 6.810314953327178955e-02 6.846152991056442261e-02
-1.127851399291006146e+03 1.731966662289789838e+03 -8.873697354455007371e+02 2.270140000000000313e+01 6.504704244434833527e-03 1.143273711204528809e-02 6.810314953327178955e-02 6.846152991056442261e-02
-1.131037946759607621e+03 1.730369406646612106e+03 -8.864303327594817574e+02 2.270340000000000202e+01 -2.056160196661949158e-02 1.018008217215538025e-02 6.810314953327178955e-02 6.846152991056442261e-02
-1.136341636941643401e+03 1.727696622975801802e+03 -8.848584116463001692e+02 2.270540000000000092e+01 7.674708217382431030e-02 -2.348681166768074036e-02 6.810314953327178955e-02 6.846152991056442261e-02
-1.140578607608166067e+03 1.725549587668895811e+03 -8.835957253815637387e+02 2.270739999999999981e+01 -1.512482389807701111e-02 -9.339028596878051758e-02 6.810314953327178955e-02 6.846152991056442261e-02
-1.145867364031328179e+03 1.722854872626084216e+03 -8.820109832400236201e+02 2.270940000000000225e+01 -5.958264693617820740e-03 2.594441734254360199e-02 6.810314953327178955e-02 6.846152991056442261e-02
-1.157471697011508013e+03 1.716881581995347688e+03 -8.784982922994241790e+02 2.271140000000000114e+01 -7.977948337793350220e-02 -2.446085214614868164e-03 6.810314953327178955e-02 6.846152991056442261e-02
-1.161681169974302065e+03 1.714694666326181959e+03 -8.772122925210926496e+02 2.271340000000000003e+01 1.818660646677017212e-02 2.080166712403297424e-03 6.810314953327178955e-02 6.846152991056442261e-02
-1.165885082795665312e+03 1.712499805860611104e+03 -8.759216484322467977e+02 2.271540000000000248e+01 3.077665157616138458e-02 -2.433739230036735535e-02 6.810314953327178955e-02 6.846152991056442261e-02
-1.170083415415410172e+03 1.710297011072176701e+03 -8.746263661916532328e+02 2.271740000000000137e+01 -1.962891407310962677e-02 3.275865688920021057e-02 6.810314953327178955e-02 6.846152991056442261e-02
-1.174276147726817726e+03 1.708086292510569820e+03 -8.733264520027241815e+02 2.271940000000000026e+01 -4.958538338541984558e-02 -2.968144975602626801e-02 6.810314953327178955e-02 6.846152991056442261e-02
-1.178463259664563338e+03 1.705867660755689485e+03 -8.720219120865056084e+02 2.272140000000000271e+01 9.582354105077683926e-04 3.343210322782397270e-03 6.810314953327178955e-02 6.846152991056442261e-02
-1.182644731175731295e+03 1.703641126433166164e+03 -8.707127526908018353e+02 2.272340000000000160e+01 9.991896152496337891e-02 -3.413764759898185730e-03 6.810314953327178955e-02 6.846152991056442261e-02
-1.186472847022007500e+03 1.701593303878169763e+03 -8.695086958231207745e+02 2.272540000000000049e+01 -7.286336272954940796e-03 -7.420508563518524170e-02 6.810314953327178955e-02 6.846152991056442261e-02
-1.157471697011508013e+03 1.716881581995347688e+03 -8.784982922994241790e+02 2.272740000000000293e+01 9.744958579540252686e-02 -1.272472739219665527e-01 6.810314953327178955e-02 6.846152991056442261e-02
-1.161681169974302065e+03 1.714694666326181959e+03 -8.772122925210926496e+02 2.272940000000000182e+01 1.534237526357173920e-02 5.440423730760812759e-03 6.810314953327178955e-02 6.846152991056442261e-02
-1.165885082795665312e+03 1.712499805860611104e+03 -8.759216484322467977e+02 2.273140000000000072e+01 8.138629607856273651e-03 2.740412577986717224e-02 6.810314953327178955e-02 6.846152991056442261e-02
-1.170083415415410172e+03 1.710297011072176701e+03 -8.746263661916532328e+02 2.273340000000000316e+01 2.004926279187202454e-02 -1.115051880478858948e-01 6.810314953327178955e-02 6.846152991056442261e-02
-1.174276147726817726e+03 1.708086292510569820e+03 -8.733264520027241815e+02 2.273540000000000205e+01 8.610748499631881714e-02 -5.632337927818298340e-02 6.810314953327178955e-02 6.846152991056442261e-02
-1.178463259664563338e+03 1.705867660755689485e+03 -8.720219120865056084e+02 2.273740000000000094e+01 -5.914767831563949585e-02 -1.941205700859427452e-03 6.810314953327178955e-02 6.846152991056442261e-02
-1.182644731175731295e+03 1.703641126433166164e+03 -8.707127526908018353e+02 2.273939999999999984e+01 -7.201915606856346130e-03 -3.825216367840766907e-02 6.810314953327178955e-02 6.846152991056442261e-02
-1.186472847022007500e+03 1.701593303878169763e+03 -8.695086958231207745e+02 2.274140000000000228e+01 2.176547981798648834e-02 3.352912887930870056e-02 6.810314953327178955e-02 6.846152991056442261e-02
-1.199313813365825808e+03 1.694656177020485757e+03 -8.654300458769151874e+02 2.274340000000000117e+01 1.826394535601139069e-02 5.782724171876907349e-02 6.810314953327178955e-02 6.846152991056442261e-02
-1.203466783174513466e+03 1.692390290417774168e+03 -8.640978834863528846e+02 2.274540000000000006e+01 -1.017515808343887329e-01 7.853750139474868774e-05 6.810314953327178955e-02 6.846152991056442261e-02
-1.207613992954360128e+03 1.690116565715208480e+03 -8.627611395202343374e+02 2.274740000000000251e+01 -1.315418034791946411e-01 -6.828237324953079224e-02 6.810314953327178955e-02 6.846152991056442261e-02
-1.211755422785697419e+03 1.687835013833841003e+03 -8.614198203991564924e+02 2.274940000000000140e+01 -8.593823015689849854e-02 -9.718440473079681396e-02 6.810314953327178955e-02 6.846152991056442261e-02
-1.215891052935201287e+03 1.685545645644791648e+03 -8.600739325142344569e+02 2.275140000000000029e+01 -1.618683896958827972e-02 7.361218333244323730e-02 6.810314953327178955e-02 6.846152991056442261e-02
-1.220020863481262040e+03 1.683248472176222322e+03 -8.587234823487802942e+02 2.275340000000000273e+01 -5.332578346133232117e-02 -2.099788747727870941e-02 6.810314953327178955e-02 6.846152991056442261e-02
-1.224144834760500089e+03 1.680943504365953004e+03 -8.573684763328685676e+02 2.275540000000000163e+01 3.963809460401535034e-03 -6.607487797737121582e-02 6.810314953327178955e-02 6.846152991056442261e-02
-1.227920070033772845e+03 1.678823878515547221e+03 -8.561224487009959603e+02 2.275740000000000052e+01 -1.659873872995376587e-02 -8.305103983730077744e-04 6.810314953327178955e-02 6.846152991056442261e-02
-1.199313813365825808e+03 1.694656177020485757e+03 -8.654300458769151874e+02 2.275940000000000296e+01 6.452377885580062866e-02 -8.067151904106140137e-02 6.810314953327178955e-02 6.846152991056442261e-02
-1.203466783174513466e+03 1.692390290417774168e+03 -8.640978834863528846e+02 2.276140000000000185e+01 -4.626195877790451050e-02 7.328920066356658936e-02 6.810314953327178955e-02 6.846152991056442261e-02
-1.207613992954360128e+03 1.690116565715208480e+03 -8.627611395202343374e+02 2.276340000000000074e+01 5.830328166484832764e-02 -7.684735208749771118e-02 6.810314953327178955e-02 6.846152991056442261e-02
-1.211755422785697419e+03 1.687835013833841003e+03 -8.614198203991564924e+02 2.276540000000000319e+01 -1.193647179752588272e-02 -3.079211898148059845e-02 6.810314953327178955e-02 6.846152991056442261e-02
-1.215891052935201287e+03 1.685545645644791648e+03 -8.600739325142344569e+02 2.276740000000000208e+01 -1.139378994703292847e-01 1.369861513376235962e-01 6.810314953327178955e-02 6.846152991056442261e-02
-1.220020863481262040e+03 1.683248472176222322e+03 -8.587234823487802942e+02 2.276940000000000097e+01 4.016224667429924011e-02 -5.494139622896909714e-03 6.810314953327178955e-02 6.846152991056442261e-02
-1.224144834760500089e+03 1.680943504365953004e+03 -8.573684763328685676e+02 2.277139999999999986e+01 -9.658461064100265503e-02 3.402955457568168640e-02 6.810314953327178955e-02 6.846152991056442261e-02
-1.227920070033772845e+03 1.678823878515547221e+03 -8.561224487009959603e+02 2.277340000000000231e+01 -2.765543572604656219e-02 1.686854846775531769e-02 6.810314953327178955e-02 6.846152991056442261e-02
-1.240581932618171550e+03 1.671645911045991170e+03 -8.519030238795021432e+02 2.277540000000000120e+01 -9.673904627561569214e-03 -4.649853333830833435e-02 6.810314953327178955e-02 6.846152991056442261e-02
-1.244676411952510534e+03 1.669302137807994768e+03 -8.505253363592936466e+02 2.277740000000000009e+01 1.088272593915462494e-02 1.916333287954330444e-02 6.810314953327178955e-02 6.846152991056442261e-02
-1.248764933953659465e+03 1.666950637012447714e+03 -8.491431322467499285e+02 2.277940000000000254e+01 2.158470638096332550e-02 -4.935075342655181885e-02 6.810314953327178955e-02 6.846152991056442261e-02
-1.252847479154713938e+03 1.664591419855685444e+03 -8.477564181230463873e+02 2.278140000000000143e+01 -3.794746100902557373e-02 -9.967479854822158813e-02 6.810314953327178955e-02 6.846152991056442261e-02
-1.256924027903953856e+03 1.662224497694058527e+03 -8.463652006632920575e+02 2.278340000000000032e+01 -6.718916818499565125e-03 -9.581711143255233765e-02 6.810314953327178955e-02 6.846152991056442261e-02
-1.260994560805690071e+03 1.659849881789097935e+03 -8.449694864867393562e+02 2.278540000000000276e+01 1.372631452977657318e-02 -1.244257465004920959e-01 6.810314953327178955e-02 6.846152991056442261e-02
-1.265059058266019520e+03 1.657467583571267596e+03 -8.435692823118147317e+02 2.278740000000000165e+01 -3.950810804963111877e-02 -3.320316597819328308e-02 6.810314953327178955e-02 6.846152991056442261e-02
-1.268779606459842171e+03 1.655277168700246193e+03 -8.422818801606094894e+02 2.278940000000000055e+01 -4.285025969147682190e-02 4.611249268054962158e-02 6.810314953327178955e-02 6.846152991056442261e-02
-1.240581932618171550e+03 1.671645911045991170e+03 -8.519030238795021432e+02 2.279140000000000299e+01 8.988013118505477905e-02 -1.454351842403411865e-02 6.810314953327178955e-02 6.846152991056442261e-02
-1.244676411952510534e+03 1.669302137807994768e+03 -8.505253363592936466e+02 2.279340000000000188e+01 3.573778271675109863e-02 5.880468524992465973e-03 6.810314953327178955e-02 6.846152991056442261e-02
-1.248764933953659465e+03 1.666950637012447714e+03 -8.491431322467499285e+02 2.279540000000000077e+01 -1.017358005046844482e-01 -6.644921749830245972e-02 6.810314953327178955e-02 6.846152991056442261e-02
-1.252847479154713938e+03 1.664591419855685444e+03 -8.477564181230463873e+02 2.279739999999999966e+01 -9.148297831416130066e-03 -2.194225415587425232e-02 6.810314953327178955e-02 6.846152991056442261e-02
-1.256924027903953856e+03 1.662224497694058527e+03 -8.463652006632920575e+02 2.279940000000000211e+01 2.144327014684677124e-02 8.092233911156654358e-03 6.810314953327178955e-02 6.846152991056442261e-02
-1.260994560805690071e+03 1.659849881789097935e+03 -8.449694864867393562e+02 2.280140000000000100e+01 -3.546346724033355713e-02 -6.425525248050689697e-02 6.810314953327178955e-02 6.846152991056442261e-02
-1.265059058266019520e+03 1.657467583571267596e+03 -8.435692823118147317e+02 2.280339999999999989e+01 3.657528385519981384e-02 3.258831426501274109e-02 6.810314953327178955e-02 6.846152991056442261e-02
-1.268779606459842171e+03 1.655277168700246193e+03 -8.422818801606094894e+02 2.280540000000000234e+01 5.961250141263008118e-02 7.257237285375595093e-02 6.810314953327178955e-02 6.846152991056442261e-02
-1.280583370808825748e+03 1.648264477786455245e+03 -8.381603588966288498e+02 2.280740000000000123e+01 6.578531861305236816e-02 -1.874703764915466309e-01 6.810314953327178955e-02 6.846152991056442261e-02
-1.284618423595033164e+03 1.645845209588703483e+03 -8.367385478060851938e+02 2.280940000000000012e+01 -1.440053731203079224e-01 2.284855544567108154e-01 6.810314953327178955e-02 6.846152991056442261e-02
-1.288647327953020749e+03 1.643418326059239007e+03 -8.353122860839190480e+02 2.281140000000000256e+01 -8.220919966697692871e-02 -1.336946245282888412e-02 6.810314953327178955e-02 6.846152991056442261e-02
-1.292670064531437902e+03 1.640983838854854184e+03 -8.338815805807510060e+02 2.281340000000000146e+01 6.530696898698806763e-02 8.715075999498367310e-02 6.810314953327178955e-02 6.846152991056442261e-02
-1.296686614190687806e+03 1.638541759558618651e+03 -8.324464381037554404e+02 2.281540000000000035e+01 -5.974846705794334412e-02 -3.007935881614685059e-01 6.810314953327178955e-02 6.846152991056442261e-02
-1.300696957610649406e+03 1.636092099917156702e+03 -8.310068655561066180e+02 2.281740000000000279e+01 1.333364099264144897e-01 1.588432639837265015e-01 6.810314953327178955e-02 6.846152991056442261e-02
-1.304701075654867054e+03 1.633634871619910200e+03 -8.295628698072562202e+02 2.281940000000000168e+01 7.552700489759445190e-02 6.360241025686264038e-02 6.810314953327178955e-02 6.846152991056442261e-02
-1.308366111693438825e+03 1.631375869634664696e+03 -8.282353834397666787e+02 2.282140000000000057e+01 6.112205237150192261e-02 -4.791729152202606201e-02 6.810314953327178955e-02 6.846152991056442261e-02
-1.280583370808825748e+03 1.648264477786455245e+03 -8.381603588966288498e+02 2.282340000000000302e+01 -9.229094535112380981e-02 -4.460602998733520508e-02 6.810314953327178955e-02 6.846152991056442261e-02
-1.284618423595033164e+03 1.645845209588703483e+03 -8.367385478060851938e+02 2.282540000000000191e+01 -6.750129163265228271e-03 8.377659320831298828e-02 6.810314953327178955e-02 6.846152991056442261e-02
-1.288647327953020749e+03 1.643418326059239007e+03 -8.353122860839190480e+02 2.282740000000000080e+01 4.621719196438789368e-02 7.770571112632751465e-02 6.810314953327178955e-02 6.846152991056442261e-02
-1.292670064531437902e+03 1.640983838854854184e+03 -8.338815805807510060e+02 2.282939999999999969e+01 4.955544695258140564e-02 2.544062957167625427e-02 6.810314953327178955e-02 6.846152991056442261e-02
-1.296686614190687806e+03 1.638541759558618651e+03 -8.324464381037554404e+02 2.283140000000000214e+01 1.904674991965293884e-02 -1.173141226172447205e-02 6.810314953327178955e-02 6.846152991056442261e-02
-1.300696957610649406e+03 1.636092099917156702e+03 -8.310068655561066180e+02 2.283340000000000103e+01 -7.519541680812835693e-02 1.480322889983654022e-02 6.810314953327178955e-02 6.846152991056442261e-02
-1.304701075654867054e+03 1.633634871619910200e+03 -8.295628698072562202e+02 2.283539999999999992e+01 1.941560022532939911e-02 -3.536297380924224854e-02 6.810314953327178955e-02 6.846152991056442261e-02
-1.308366111693438825e+03 1.631375869634664696e+03 -8.282353834397666787e+02 2.283740000000000236e+01 -9.314562776125967503e-04 -4.089618474245071411e-02 6.810314953327178955e-02 6.846152991056442261e-02
-1.320654911144234802e+03 1.623730507684765598e+03 -8.237427933735016268e+02 2.283940000000000126e+01 -1.037736684083938599e-01 -1.523604150861501694e-04 6.810314953327178955e-02 6.846152991056442261e-02
-1.324627615357779860e+03 1.621235613294602217e+03 -8.222767857401652236e+02 2.284140000000000015e+01 -4.101473093032836914e-02 3.253611549735069275e-02 6.810314953327178955e-02 6.846152991056442261e-02
-1.328593979725036888e+03 1.618733221313020749e+03 -8.208063966650497605e+02 2.284340000000000259e+01 4.965065047144889832e-02 3.615742921829223633e-02 6.810314953327178955e-02 6.846152991056442261e-02
-1.332553985139709994e+03 1.616223343794262291e+03 -8.193316332311557062e+02 2.284540000000000148e+01 -5.752680078148841858e-02 -4.780796170234680176e-02 6.810314953327178955e-02 6.846152991056442261e-02
-1.336507612746817813e+03 1.613705992688757306e+03 -8.178525024603700331e+02 2.284740000000000038e+01 -6.684361398220062256e-02 4.105264693498611450e-02 6.810314953327178955e-02 6.846152991056442261e-02
-1.340454843597706031e+03 1.611181180061306804e+03 -8.163690114416679080e+02 2.284940000000000282e+01 -7.164014130830764771e-02 2.743072435259819031e-02 6.810314953327178955e-02 6.846152991056442261e-02
-1.344395658747030893e+03 1.608648918030234199e+03 -8.148811672953569314e+02 2.285140000000000171e+01 -3.139146789908409119e-02 1.392156630754470825e-01 6.810314953327178955e-02 6.846152991056442261e-02
-1.348002502693287852e+03 1.606321238609865077e+03 -8.135135473727391400e+02 2.285340000000000060e+01 -1.180740073323249817e-01 -2.393156290054321289e-03 6.810314953327178955e-02 6.846152991056442261e-02
-1.320654911144234802e+03 1.623730507684765598e+03 -8.237427933735016268e+02 2.285540000000000305e+01 -5.815702676773071289e-02 6.215763092041015625e-02 6.810314953327178955e-02 6.846152991056442261e-02
-1.324627615357779860e+03 1.621235613294602217e+03 -8.222767857401652236e+02 2.285740000000000194e+01 1.036085188388824463e-01 9.868751466274261475e-02 6.810314953327178955e-02 6.846152991056442261e-02
-1.328593979725036888e+03 1.618733221313020749e+03 -8.208063966650497605e+02 2.285940000000000083e+01 3.915119916200637817e-02 -2.334454655647277832e-02 6.810314953327178955e-02 6.846152991056442261e-02
-1.332553985139709994e+03 1.616223343794262291e+03 -8.193316332311557062e+02 2.286139999999999972e+01 6.568514555692672729e-02 -1.741518452763557434e-02 6.810314953327178955e-02 6.846152991056442261e-02
-1.336507612746817813e+03 1.613705992688757306e+03 -8.178525024603700331e+02 2.286340000000000217e+01 9.809304028749465942e-02 7.135540246963500977e-02 6.810314953327178955e-02 6.846152991056442261e-02
-1.340454843597706031e+03 1.611181180061306804e+03 -8.163690114416679080e+02 2.286540000000000106e+01 2.126450650393962860e-02 -7.814552634954452515e-02 6.810314953327178955e-02 6.846152991056442261e-02
-1.344395658747030893e+03 1.608648918030234199e+03 -8.148811672953569314e+02 2.286739999999999995e+01 1.396446023136377335e-02 -1.049334853887557983e-01 6.810314953327178955e-02 6.846152991056442261e-02
-1.348002502693287852e+03 1.606321238609865077e+03 -8.135135473727391400e+02 2.286940000000000239e+01 7.756777852773666382e-02 4.958949983119964600e-03 6.810314953327178955e-02 6.846152991056442261e-02
-1.360094386051616993e+03 1.598445618488741957e+03 -8.088864019845680104e+02 2.287140000000000128e+01 -4.705062508583068848e-02 -9.701725840568542480e-02 6.810314953327178955e-02 6.846152991056442261e-02
-1.364002840648863184e+03 1.595876291782456974e+03 -8.073768993345934177e+02 2.287340000000000018e+01 -9.333648532629013062e-02 2.719694934785366058e-02 6.810314953327178955e-02 6.846152991056442261e-02
-1.367904766850612305e+03 1.593299588918345080e+03 -8.058630865913040680e+02 2.287540000000000262e+01 3.454223647713661194e-02 -2.127619832754135132e-02 6.810314953327178955e-02 6.846152991056442261e-02
-1.371800146078458056e+03 1.590715522165061202e+03 -8.043449709625416517e+02 2.287740000000000151e+01 2.912197075784206390e-02 6.814878433942794800e-02 6.810314953327178955e-02 6.846152991056442261e-02
-1.375688959581597373e+03 1.588124103961256424e+03 -8.028225597559065818e+02 2.287940000000000040e+01 3.765074163675308228e-02 9.680110961198806763e-02 6.810314953327178955e-02 6.846152991056442261e-02
-1.379571188857506513e+03 1.585525346636641416e+03 -8.012958602148593172e+02 2.288140000000000285e+01 -1.854066620580852032e-03 -3.383053233847022057e-03 6.810314953327178955e-02 6.846152991056442261e-02
-1.383446815218804886e+03 1.582919262700597073e+03 -7.997648796883577234e+02 2.288340000000000174e+01 -1.202913001179695129e-01 6.164212524890899658e-02 6.810314953327178955e-02 6.846152991056442261e-02
-1.386993741012529199e+03 1.580524019761002137e+03 -7.983577806887072938e+02 2.288540000000000063e+01 -2.729658735916018486e-04 -8.952011168003082275e-02 6.810314953327178955e-02 6.846152991056442261e-02
-1.360094386051616993e+03 1.598445618488741957e+03 -8.088864019845680104e+02 2.288740000000000308e+01 -2.832156419754028320e-02 2.975149080157279968e-02 6.810314953327178955e-02 6.846152991056442261e-02
-1.364002840648863184e+03 1.595876291782456974e+03 -8.073768993345934177e+02 2.288940000000000197e+01 -1.576527580618858337e-02 -7.287170737981796265e-03 6.810314953327178955e-02 6.846152991056442261e-02
-1.367904766850612305e+03 1.593299588918345080e+03 -8.058630865913040680e+02 2.289140000000000086e+01 -2.342342026531696320e-02 -1.426214128732681274e-01 6.810314953327178955e-02 6.846152991056442261e-02
-1.371800146078458056e+03 1.590715522165061202e+03 -8.043449709625416517e+02 2.289339999999999975e+01 -3.177660331130027771e-02 1.081554442644119263e-01 6.810314953327178955e-02 6.846152991056442261e-02
-1.375688959581597373e+03 1.588124103961256424e+03 -8.028225597559065818e+02 2.289540000000000219e+01 -7.219415903091430664e-02 9.057369083166122437e-02 6.810314953327178955e-02 6.846152991056442261e-02
-1.379571188857506513e+03 1.585525346636641416e+03 -8.012958602148593172e+02 2.289740000000000109e+01 9.252727031707763672e-03 5.951295793056488037e-02 6.810314953327178955e-02 6.846152991056442261e-02
-1.383446815218804886e+03 1.582919262700597073e+03 -7.997648796883577234e+02 2.289939999999999998e+01 -5.281973630189895630e-02 6.595743447542190552e-02 6.810314953327178955e-02 6.846152991056442261e-02
-1.386993741012529199e+03 1.580524019761002137e+03 -7.983577806887072938e+02 2.290140000000000242e+01 -5.296109244227409363e-02 1.373122259974479675e-02 6.810314953327178955e-02 6.846152991056442261e-02
-1.398882921701418582e+03 1.572421910362940707e+03 -7.935982943109346479e+02 2.290340000000000131e+01 -7.778441905975341797e-02 4.549369215965270996e-02 6.810314953327178955e-02 6.846152991056442261e-02
-1.402725256206286531e+03 1.569779380950001951e+03 -7.920460190517380852e+02 2.290540000000000020e+01 2.772208303213119507e-02 5.438542366027832031e-02 6.810314953327178955e-02 6.846152991056442261e-02
-1.406560877014770085e+03 1.567129600264032206e+03 -7.904895070640673111e+02 2.290740000000000265e+01 -5.974843353033065796e-02 -2.088118717074394226e-02 6.810314953327178955e-02 6.846152991056442261e-02
-1.410389765837323921e+03 1.564472580939953104e+03 -7.889287657698295106e+02 2.290940000000000154e+01 -5.002801492810249329e-02 -2.055053412914276123e-02 6.810314953327178955e-02 6.846152991056442261e-02
-1.414211904323130057e+03 1.561808335711961718e+03 -7.873638026491390747e+02 2.291140000000000043e+01 -4.951440915465354919e-02 -6.268770666792988777e-04 6.810314953327178955e-02 6.846152991056442261e-02
-1.418027274113974272e+03 1.559136877376925895e+03 -7.857946252188136214e+02 2.291340000000000288e+01 9.733176790177822113e-03 6.078521907329559326e-02 6.810314953327178955e-02 6.846152991056442261e-02
-1.421835857056893701e+03 1.556458218645387888e+03 -7.842212409448543440e+02 2.291540000000000177e+01 6.552518159151077271e-02 1.134365648031234741e-01 6.810314953327178955e-02 6.846152991056442261e-02
-1.425321166708321016e+03 1.553996558861848143e+03 -7.827753364896733501e+02 2.291740000000000066e+01 -9.094141423702239990e-03 -7.463898509740829468e-02 6.810314953327178955e-02 6.846152991056442261e-02
-1.398882921701418582e+03 1.572421910362940707e+03 -7.935982943109346479e+02 2.291940000000000310e+01 -1.325188484042882919e-02 8.906898647546768188e-02 6.810314953327178955e-02 6.846152991056442261e-02
-1.402725256206286531e+03 1.569779380950001951e+03 -7.920460190517380852e+02 2.292140000000000200e+01 4.847808927297592163e-02 4.109225049614906311e-02 6.810314953327178955e-02 6.846152991056442261e-02
-1.406560877014770085e+03 1.567129600264032206e+03 -7.904895070640673111e+02 2.292340000000000089e+01 5.012407526373863220e-02 4.608168825507164001e-02 6.810314953327178955e-02 6.846152991056442261e-02
-1.410389765837323921e+03 1.564472580939953104e+03 -7.889287657698295106e+02 2.292539999999999978e+01 -2.338868938386440277e-02 -8.244933187961578369e-02 6.810314953327178955e-02 6.846152991056442261e-02
-1.414211904323130057e+03 1.561808335711961718e+03 -7.873638026491390747e+02 2.292740000000000222e+01 5.013749934732913971e-03 2.717894501984119415e-02 6.810314953327178955e-02 6.846152991056442261e-02
-1.418027274113974272e+03 1.559136877376925895e+03 -7.857946252188136214e+02 2.292940000000000111e+01 4.832234978675842285e-02 8.696522563695907593e-03 6.810314953327178955e-02 6.846152991056442261e-02
-1.421835857056893701e+03 1.556458218645387888e+03 -7.842212409448543440e+02 2.293140000000000001e+01 6.107090506702661514e-03 7.003499777056276798e-04 6.810314953327178955e-02 6.846152991056442261e-02
-1.425321166708321016e+03 1.553996558861848143e+03 -7.827753364896733501e+02 2.293340000000000245e+01 -5.881652235984802246e-03 2.403497509658336639e-02 6.810314953327178955e-02 6.846152991056442261e-02
