# Baseline: 2-15
# Entries: 128
# u [m], v [m], w [m], frequency [GHz], real, imag
5.947805530059573584e+02 -2.108739761077703861e+03 3.427315502377773555e+02 2.267940000000000000e+19 6.569704040884971619e-03 1.105292234569787979e-03
5.991389394910722785e+02 -2.107613645061556326e+03 3.420664497556363699e+02 2.268140000000000000e+19 -6.199360359460115433e-03 2.141744880646001548e-05
6.034944544354223126e+02 -2.106479302114356415e+03 3.413965362186791594e+02 2.268340000000000000e+19 8.458973839879035950e-03 2.628403715789318085e-03
6.078470770250204396e+02 -2.105336737656933110e+03 3.407218128283184910e+02 2.268540000000000000e+19 -5.572397727519273758e-03 -1.261097146198153496e-03
6.121967864293044386e+02 -2.104185957157137636e+03 3.400422828135169766e+02 2.268740000000000000e+19 7.761958986520767212e-03 -3.118145978078246117e-04
6.165435618317202398e+02 -2.103026966122333761e+03 3.393579494263554466e+02 2.268940000000000000e+19 -7.310863118618726730e-03 -2.848214004188776016e-03
6.208873823389589006e+02 -2.101859770123503949e+03 3.386688159562639271e+02 2.269140000000000000e+19 -1.147945527918636799e-03 -8.386120898649096489e-04
6.248666425220752672e+02 -2.100782741682305641e+03 3.380329573615867957e+02 2.269340000000000000e+19 -4.387404769659042358e-03 -1.357096154242753983e-02
5.947805530059573584e+02 -2.108739761077703861e+03 3.427315502377773555e+02 2.269540000000000000e+19 1.308618765324354172e-02 -4.517066292464733124e-03
5.991389394910722785e+02 -2.107613645061556326e+03 3.420664497556363699e+02 2.269740000000000000e+19 8.616524864919483662e-04 -1.097020227462053299e-02
6.034944544354223126e+02 -2.106479302114356415e+03 3.413965362186791594e+02 2.269940000000000000e+19 1.115964818745851517e-02 4.416216164827346802e-03
6.078470770250204396e+02 -2.105336737656933110e+03 3.407218128283184910e+02 2.270140000000000000e+19 -5.507111549377441406e-03 -3.644639858976006508e-03
6.121967864293044386e+02 -2.104185957157137636e+03 3.400422828135169766e+02 2.270340000000000000e+19 2.142328210175037384e-02 1.232659909874200821e-02
6.165435618317202398e+02 -2.103026966122333761e+03 3.393579494263554466e+02 2.270540000000000000e+19 -1.085293758660554886e-02 -9.793549776077270508e-03
6.208873823389589006e+02 -2.101859770123503949e+03 3.386688159562639271e+02 2.270740000000000000e+19 -1.793889328837394714e-02 -7.623713463544845581e-03
6.248666425220752672e+02 -2.100782741682305641e+03 3.380329573615867957e+02 2.270940000000000000e+19 -5.116771440953016281e-03 -1.863821595907211304e-02
6.382327008012922533e+02 -2.097109048543738027e+03 3.358643474033688108e+02 2.271140000000000000e+19 -1.319108344614505768e-02 -5.538929719477891922e-03
6.425614357472699112e+02 -2.095900912176082329e+03 3.351512633760992799e+02 2.271340000000000000e+19 5.749822594225406647e-03 -4.519102163612842560e-03
6.468870913138828200e+02 -2.094684604940353893e+03 3.344333993936404568e+02 2.271540000000000000e+19 -8.641124586574733257e-04 -4.884759429842233658e-03
6.512096468599808077e+02 -2.093460132640632310e+03 3.337107588815654822e+02 2.271740000000000000e+19 -1.391860377043485641e-02 1.818480342626571655e-02
6.555290816839061563e+02 -2.092227501141203447e+03 3.329833453007798312e+02 2.271940000000000000e+19 3.598378272727131844e-03 3.503932384774088860e-05
6.598453751139752512e+02 -2.090986716341097690e+03 3.322511621324926523e+02 2.272140000000000000e+19 5.524756852537393570e-03 -1.495032571256160736e-03
6.641585064785559780e+02 -2.089737784182824271e+03 3.315142128833672928e+02 2.272340000000000000e+19 -2.647902874741703272e-04 6.957635632716119289e-04
6.681094556209818620e+02 -2.088585881148796943e+03 3.308345527987709715e+02 2.272540000000000000e+19 4.690334200859069824e-03 -5.073425825685262680e-03
6.382327008012922533e+02 -2.097109048543738027e+03 3.358643474033688108e+02 2.272740000000000000e+19 1.964910328388214111e-02 -4.420864395797252655e-03
6.425614357472699112e+02 -2.095900912176082329e+03 3.351512633760992799e+02 2.272940000000000000e+19 -4.592739511281251907e-03 -1.457810867577791214e-02
6.468870913138828200e+02 -2.094684604940353893e+03 3.344333993936404568e+02 2.273140000000000000e+19 -1.974183833226561546e-03 1.417888677679002285e-03
6.512096468599808077e+02 -2.093460132640632310e+03 3.337107588815654822e+02 2.273340000000000000e+19 -1.163951214402914047e-02 -5.312472581863403320e-03
6.555290816839061563e+02 -2.092227501141203447e+03 3.329833453007798312e+02 2.273540000000000000e+19 9.098568931221961975e-03 -1.587116904556751251e-02
6.598453751139752512e+02 -2.090986716341097690e+03 3.322511621324926523e+02 2.273740000000000000e+19 -1.389536482747644186e-04 -9.616515599191188812e-04
6.641585064785559780e+02 -2.089737784182824271e+03 3.315142128833672928e+02 2.273940000000000000e+19 4.758895374834537506e-03 9.325672872364521027e-03
6.681094556209818620e+02 -2.088585881148796943e+03 3.308345527987709715e+02 2.274140000000000000e+19 -1.499880943447351456e-02 -1.745720207691192627e-02
6.813789989210268914e+02 -2.084660702023410977e+03 3.285188259160035500e+02 2.274340000000000000e+19 2.886179601773619652e-03 -3.333693137392401695e-03
6.856760107018458257e+02 -2.083371123491931485e+03 3.277580996110185083e+02 2.274540000000000000e+19 8.656062185764312744e-03 -1.084375544451177120e-03
6.899697368585106005e+02 -2.082073434030744465e+03 3.269926287173894366e+02 2.274740000000000000e+19 7.869540713727474213e-03 3.649856522679328918e-02
6.942601567676080094e+02 -2.080767639872854033e+03 3.262224169118027817e+02 2.274940000000000000e+19 -7.921979762613773346e-03 -8.279606699943542480e-03
6.985472499859341724e+02 -2.079453747240047960e+03 3.254474678641373657e+02 2.275140000000000000e+19 6.822580005973577499e-03 1.457192096859216690e-02
7.028309958622407976e+02 -2.078131762461539893e+03 3.246677853074463656e+02 2.275340000000000000e+19 2.591771259903907776e-02 -1.312981359660625458e-02
7.071113740001579799e+02 -2.076801691831934932e+03 3.238833729541808566e+02 2.275540000000000000e+19 7.471634540706872940e-03 -9.614931419491767883e-03
7.110321213068313000e+02 -2.075575465472302312e+03 3.231602366460508051e+02 2.275740000000000000e+19 5.409460514783859253e-03 7.824908010661602020e-03
6.813789989210268914e+02 -2.084660702023410977e+03 3.285188259160035500e+02 2.275940000000000000e+19 -2.615450508892536163e-02 -8.738289587199687958e-03
6.856760107018458257e+02 -2.083371123491931485e+03 3.277580996110185083e+02 2.276140000000000000e+19 2.104122936725616455e-02 -1.325204037129878998e-02
6.899697368585106005e+02 -2.082073434030744465e+03 3.269926287173894366e+02 2.276340000000000000e+19 -4.873240832239389420e-03 2.132596820592880249e-02
6.942601567676080094e+02 -2.080767639872854033e+03 3.262224169118027817e+02 2.276540000000000000e+19 -1.419464778155088425e-02 -1.454491447657346725e-02
6.985472499859341724e+02 -2.079453747240047960e+03 3.254474678641373657e+02 2.276740000000000000e+19 2.120798453688621521e-03 1.542457100003957748e-02
7.028309958622407976e+02 -2.078131762461539893e+03 3.246677853074463656e+02 2.276940000000000000e+19 -4.435035225469619036e-04 -6.160520948469638824e-03
7.071113740001579799e+02 -2.076801691831934932e+03 3.238833729541808566e+02 2.277140000000000000e+19 8.968302048742771149e-03 -6.955620832741260529e-03
7.110321213068313000e+02 -2.075575465472302312e+03 3.231602366460508051e+02 2.277340000000000000e+19 -1.206272840499877930e-02 -4.407288972288370132e-03
7.241987994182545663e+02 -2.071400678782066734e+03 3.206985010490184891e+02 2.277540000000000000e+19 2.272363379597663879e-02 5.804557818919420242e-03
7.284620317843199473e+02 -2.070030275191815690e+03 3.198904964994235911e+02 2.277740000000000000e+19 1.025589089840650558e-02 -8.507725782692432404e-03
7.327217736743072010e+02 -2.068651824545748696e+03 3.190777850301311105e+02 2.277940000000000000e+19 1.636853092350065708e-03 -2.340125065529718995e-04
7.369780048060698618e+02 -2.067265333407161506e+03 3.182603705107592873e+02 2.278140000000000000e+19 -4.944624961353838444e-04 2.013779478147625923e-03
7.412307046918282367e+02 -2.065870808450087679e+03 3.174382568760376557e+02 2.278340000000000000e+19 -1.922779530286788940e-02 1.730192825198173523e-02
7.454798530977817563e+02 -2.064468256309517528e+03 3.166114480374964728e+02 2.278540000000000000e+19 -1.437659841030836105e-03 6.482511293143033981e-03
7.497254295702376794e+02 -2.063057683736786657e+03 3.157799479750777891e+02 2.278740000000000000e+19 -3.960399888455867767e-03 -2.333056181669235229e-03
7.536140989044596381e+02 -2.061757720820918166e+03 3.150136814768366094e+02 2.278940000000000000e+19 -1.186566706746816635e-02 1.800654805265367031e-03
7.241987994182545663e+02 -2.071400678782066734e+03 3.206985010490184891e+02 2.279140000000000000e+19 2.497527562081813812e-02 -1.271622162312269211e-02
7.284620317843199473e+02 -2.070030275191815690e+03 3.198904964994235911e+02 2.279340000000000000e+19 -4.193626716732978821e-02 -7.287670858204364777e-03
7.327217736743072010e+02 -2.068651824545748696e+03 3.190777850301311105e+02 2.279540000000000000e+19 1.679510995745658875e-02 9.674304164946079254e-03
7.369780048060698618e+02 -2.067265333407161506e+03 3.182603705107592873e+02 2.279740000000000000e+19 -1.466059498488903046e-02 2.526124939322471619e-03
7.412307046918282367e+02 -2.065870808450087679e+03 3.174382568760376557e+02 2.279940000000000000e+19 -9.110773913562297821e-03 -1.909598335623741150e-02
7.454798530977817563e+02 -2.064468256309517528e+03 3.166114480374964728e+02 2.280140000000000000e+19 1.880753785371780396e-02 -7.408729288727045059e-03
7.497254295702376794e+02 -2.063057683736786657e+03 3.157799479750777891e+02 2.280340000000000000e+19 -1.577201671898365021e-02 3.056586021557450294e-03
7.536140989044596381e+02 -2.061757720820918166e+03 3.150136814768366094e+02 2.280540000000000000e+19 5.865501589141786098e-04 1.225640345364809036e-02
7.659666842563884757e+02 -2.057576310358482715e+03 3.125491439335458494e+02 2.280740000000000000e+19 -2.057214500382542610e-03 -8.572997525334358215e-03
7.701947105946901502e+02 -2.056127068109952688e+03 3.116950260596110525e+02 2.280940000000000000e+19 2.418903633952140808e-03 7.571397349238395691e-03
7.744190467946268654e+02 -2.054669845323386653e+03 3.108362404760503068e+02 2.281140000000000000e+19 -2.573769306764006615e-03 -6.287009920924901962e-03
7.786396725661264782e+02 -2.053204648998149878e+03 3.099727913078124857e+02 2.281340000000000000e+19 3.366315038874745369e-03 7.573950570076704025e-03
7.828565678280305065e+02 -2.051731486105554723e+03 3.091046826631425688e+02 2.281540000000000000e+19 -7.038628682494163513e-03 -8.295221254229545593e-03
7.870697122965528933e+02 -2.050250363731616289e+03 3.082319187177131425e+02 2.281740000000000000e+19 6.950560491532087326e-03 1.586899161338806152e-02
7.912790858674620722e+02 -2.048761288944112039e+03 3.073545036362809810e+02 2.281940000000000000e+19 -4.135071358177810907e-04 -3.794803284108638763e-03
7.951343969304330130e+02 -2.047389424920600504e+03 3.065461832926500279e+02 2.282140000000000000e+19 5.921250209212303162e-03 5.380380433052778244e-03
7.659666842563884757e+02 -2.057576310358482715e+03 3.125491439335458494e+02 2.282340000000000000e+19 4.431320994626730680e-04 -6.534100393764674664e-04
7.701947105946901502e+02 -2.056127068109952688e+03 3.116950260596110525e+02 2.282540000000000000e+19 3.142137313261628151e-03 1.228286139667034149e-02
7.744190467946268654e+02 -2.054669845323386653e+03 3.108362404760503068e+02 2.282740000000000000e+19 1.195979397743940353e-02 -1.809505186975002289e-02
7.786396725661264782e+02 -2.053204648998149878e+03 3.099727913078124857e+02 2.282940000000000000e+19 1.744042965583503246e-03 3.567018080502748489e-03
7.828565678280305065e+02 -2.051731486105554723e+03 3.091046826631425688e+02 2.283140000000000000e+19 1.180907990783452988e-02 -5.897201597690582275e-03
7.870697122965528933e+02 -2.050250363731616289e+03 3.082319187177131425e+02 2.283340000000000000e+19 -3.757417900487780571e-03 -5.785419140011072159e-03
7.912790858674620722e+02 -2.048761288944112039e+03 3.073545036362809810e+02 2.283540000000000000e+19 -2.767559373751282692e-03 7.306189741939306259e-03
7.951343969304330130e+02 -2.047389424920600504e+03 3.065461832926500279e+02 2.283740000000000000e+19 7.189260330051183701e-03 1.738015096634626389e-03
8.080784684165251974e+02 -2.042725608801184762e+03 3.037984162929408853e+02 2.283940000000000000e+19 -2.280992083251476288e-02 -1.075551286339759827e-02
8.122686855723221697e+02 -2.041196879642469185e+03 3.028978089869310111e+02 2.284140000000000000e+19 2.152948267757892609e-02 -2.190942643210291862e-03
8.164550112931974581e+02 -2.039660241376358272e+03 3.019925760599995215e+02 2.284340000000000000e+19 2.202452858909964561e-03 2.657938981428742409e-03
8.206374254132815622e+02 -2.038115701404974061e+03 3.010827218727424111e+02 2.284540000000000000e+19 -4.469607491046190262e-03 1.287985034286975861e-02
8.248159080186205756e+02 -2.036563267082431821e+03 3.001682507573135013e+02 2.284740000000000000e+19 -1.218352466821670532e-02 6.577473599463701248e-03
8.289904390829339036e+02 -2.035002945848964600e+03 2.992491670964396349e+02 2.284940000000000000e+19 -1.392211951315402985e-02 1.279676239937543869e-02
8.331609985698925129e+02 -2.033434745193660319e+03 2.983254753014626317e+02 2.285140000000000000e+19 8.871907368302345276e-03 -4.120599012821912766e-03
8.369805565606895925e+02 -2.031990412599039246e+03 2.974747720306414749e+02 2.285340000000000000e+19 -2.857777848839759827e-02 -1.822117483243346214e-03
8.080784684165251974e+02 -2.042725608801184762e+03 3.037984162929408853e+02 2.285540000000000000e+19 1.241826452314853668e-02 -9.932741522789001465e-03
8.122686855723221697e+02 -2.041196879642469185e+03 3.028978089869310111e+02 2.285740000000000000e+19 -8.964440785348415375e-04 -3.617212409153580666e-03
8.164550112931974581e+02 -2.039660241376358272e+03 3.019925760599995215e+02 2.285940000000000000e+19 -6.354514509439468384e-03 -4.909398499876260757e-03
8.206374254132815622e+02 -2.038115701404974061e+03 3.010827218727424111e+02 2.286140000000000000e+19 -3.249512612819671631e-02 1.318675000220537186e-02
8.248159080186205756e+02 -2.036563267082431821e+03 3.001682507573135013e+02 2.286340000000000000e+19 -1.228778995573520660e-02 9.299122728407382965e-03
8.289904390829339036e+02 -2.035002945848964600e+03 2.992491670964396349e+02 2.286540000000000000e+19 1.040028966963291168e-02 1.044757291674613953e-02
8.331609985698925129e+02 -2.033434745193660319e+03 2.983254753014626317e+02 2.286740000000000000e+19 -1.531855016946792603e-02 -4.962766543030738831e-03
8.369805565606895925e+02 -2.031990412599039246e+03 2.974747720306414749e+02 2.286940000000000000e+19 1.666350476443767548e-02 1.988300867378711700e-02
8.498031223276469746e+02 -2.027083298840411089e+03 2.945847154168644693e+02 2.287140000000000000e+19 8.671131916344165802e-03 -1.063312520273029804e-04
8.539535251707153520e+02 -2.025475814311690328e+03 2.936380496457809386e+02 2.287340000000000000e+19 -1.481238519772887230e-03 -2.110544778406620026e-02
8.580998369700386093e+02 -2.023860495956131899e+03 2.926868025943645648e+02 2.287540000000000000e+19 -1.471662987023591995e-02 -2.038064599037170410e-02
8.622420379835842823e+02 -2.022237351464902304e+03 2.917309787918837287e+02 2.287740000000000000e+19 -1.382645405828952789e-02 5.635436624288558960e-03
8.663801082724504568e+02 -2.020606388651150382e+03 2.907705828392905119e+02 2.287940000000000000e+19 -1.833529770374298096e-02 4.856566898524761200e-03
8.705140281481632201e+02 -2.018967615274843411e+03 2.898056193060464238e+02 2.288140000000000000e+19 1.422606315463781357e-02 -1.599502936005592346e-02
8.746437777117965879e+02 -2.017321039224406377e+03 2.888360928371435534e+02 2.288340000000000000e+19 4.892248660326004028e-03 -6.734560243785381317e-03
8.784257547751625452e+02 -2.015804929247336986e+03 2.879434137459540466e+02 2.288540000000000000e+19 1.203404366970062256e-02 -1.770963333547115326e-02
8.498031223276469746e+02 -2.027083298840411089e+03 2.945847154168644693e+02 2.288740000000000000e+19 6.888407748192548752e-03 -1.874097064137458801e-02
8.539535251707153520e+02 -2.025475814311690328e+03 2.936380496457809386e+02 2.288940000000000000e+19 -6.770370993763208389e-03 1.382047962397336960e-02
8.580998369700386093e+02 -2.023860495956131899e+03 2.926868025943645648e+02 2.289140000000000000e+19 1.787331886589527130e-02 -7.323455065488815308e-03
8.622420379835842823e+02 -2.022237351464902304e+03 2.917309787918837287e+02 2.289340000000000000e+19 4.710380733013153076e-02 5.487300455570220947e-03
8.663801082724504568e+02 -2.020606388651150382e+03 2.907705828392905119e+02 2.289540000000000000e+19 6.435193587094545364e-03 -3.604684025049209595e-02
8.705140281481632201e+02 -2.018967615274843411e+03 2.898056193060464238e+02 2.289740000000000000e+19 -7.179773529060184956e-04 -8.400047081522643566e-04
8.746437777117965879e+02 -2.017321039224406377e+03 2.888360928371435534e+02 2.289940000000000000e+19 1.450613490305840969e-03 -1.239134930074214935e-02
8.784257547751625452e+02 -2.015804929247336986e+03 2.879434137459540466e+02 2.290140000000000000e+19 7.063596043735742569e-03 -2.914688736200332642e-02
8.911206785744811896e+02 -2.010656866161602920e+03 2.849124505650163997e+02 2.290340000000000000e+19 -4.242686554789543152e-03 -1.357158832252025604e-02
8.952292808385647049e+02 -2.008971395561364488e+03 2.839201793783117864e+02 2.290540000000000000e+19 -1.866333885118365288e-03 2.400202676653862000e-03
8.993335945389711696e+02 -2.007278170115333751e+03 2.829233734157258482e+02 2.290740000000000000e+19 -3.842483274638652802e-03 -1.133054401725530624e-02
9.034336001049663309e+02 -2.005577197897262749e+03 2.819220374303050107e+02 2.290940000000000000e+19 -6.206172984093427658e-03 1.866950304247438908e-03
9.075292778863837384e+02 -2.003868487059289691e+03 2.809161762210958955e+02 2.291140000000000000e+19 8.222127333283424377e-03 -3.569157794117927551e-03
9.116206082111285696e+02 -2.002152045808711819e+03 2.799057946194706687e+02 2.291340000000000000e+19 -1.576005481183528900e-02 -2.483579330146312714e-02
9.157075716132229672e+02 -2.000427882312226075e+03 2.788908974327552528e+02 2.291540000000000000e+19 2.098616026341915131e-02 -1.212123315781354904e-02
9.194501572301657006e+02 -1.998840720765826973e+03 2.779566698776259273e+02 2.291740000000000000e+19 2.795483218505978584e-03 -2.368853241205215454e-02
8.911206785744811896e+02 -2.010656866161602920e+03 2.849124505650163997e+02 2.291940000000000000e+19 -3.064297372475266457e-03 -2.178418217226862907e-03
8.952292808385647049e+02 -2.008971395561364488e+03 2.839201793783117864e+02 2.292140000000000000e+19 -1.214640215039253235e-02 -1.005428610369563103e-03
8.993335945389711696e+02 -2.007278170115333751e+03 2.829233734157258482e+02 2.292340000000000000e+19 -5.901783239096403122e-03 4.878671374171972275e-03
9.034336001049663309e+02 -2.005577197897262749e+03 2.819220374303050107e+02 2.292540000000000000e+19 2.192551270127296448e-02 -1.893569156527519226e-02
9.075292778863837384e+02 -2.003868487059289691e+03 2.809161762210958955e+02 2.292740000000000000e+19 1.648585125803947449e-02 -7.820946164429187775e-03
9.116206082111285696e+02 -2.002152045808711819e+03 2.799057946194706687e+02 2.292940000000000000e+19 2.919500879943370819e-02 1.208994537591934204e-02
9.157075716132229672e+02 -2.000427882312226075e+03 2.788908974327552528e+02 2.293140000000000000e+19 5.792214069515466690e-03 -6.765041965991258621e-03
9.194501572301657006e+02 -1.998840720765826973e+03 2.779566698776259273e+02 2.293340000000000000e+19 -1.186048984527587891e-02 -1.179822906851768494e-02
