# Baseline: 1-25
# u [m], v [m], w [m], frequency [GHz], real, imag
9.383075397131571904e+00 -3.267677395665359654e+03 -3.960557192175389787e+02 2.267940000000000000e+19 -3.688034042716026306e-02 -1.270208060741424561e-01
1.511415255460320672e+01 -3.267653283654905863e+03 -3.960774131191304264e+02 2.268140000000000000e+19 -1.948959939181804657e-02 2.469272315502166748e-01
2.084514647491317874e+01 -3.267618352246437553e+03 -3.961054416465804024e+02 2.268340000000000000e+19 -7.213785499334335327e-02 -8.752519637346267700e-02
2.657602977095267605e+01 -3.267572601606969783e+03 -3.961398046658818544e+02 2.268540000000000000e+19 1.535469200462102890e-02 7.616266608238220215e-03
3.087410816628342403e+01 -3.267531526724078503e+03 -3.961695359000443659e+02 2.268740000000000000e+19 -2.512615919113159180e-01 -2.904258668422698975e-01
3.803735478487292454e+01 -3.267448643561996050e+03 -3.962275334922198340e+02 2.268940000000000000e+19 5.525600537657737732e-02 2.535449862480163574e-01
4.376774153211551521e+01 -3.267370436751344187e+03 -3.962808988782706479e+02 2.269140000000000000e+19 -1.464299261569976807e-01 -1.079576388001441956e-01
5.093042242549245202e+01 -3.267257903617874035e+03 -3.963562557213297168e+02 2.269340000000000000e+19 4.598009213805198669e-02 5.093162506818771362e-02
9.383075397131571904e+00 -3.267677395665359654e+03 -3.960557192175389787e+02 2.269540000000000000e+19 3.580446541309356689e-02 -8.470774441957473755e-02
1.511415255460320672e+01 -3.267653283654905863e+03 -3.960774131191304264e+02 2.269740000000000000e+19 2.585122548043727875e-02 -9.764274954795837402e-02
2.084514647491317874e+01 -3.267618352246437553e+03 -3.961054416465804024e+02 2.269940000000000000e+19 7.198532670736312866e-02 2.775725163519382477e-02
2.657602977095267605e+01 -3.267572601606969783e+03 -3.961398046658818544e+02 2.270140000000000000e+19 9.124587289988994598e-03 4.559746012091636658e-02
3.087410816628342403e+01 -3.267531526724078503e+03 -3.961695359000443659e+02 2.270340000000000000e+19 -2.875190787017345428e-02 6.224483251571655273e-03
3.803735478487292454e+01 -3.267448643561996050e+03 -3.962275334922198340e+02 2.270540000000000000e+19 -5.717194080352783203e-02 6.663884222507476807e-02
4.376774153211551521e+01 -3.267370436751344187e+03 -3.962808988782706479e+02 2.270740000000000000e+19 2.665987238287925720e-02 1.679367385804653168e-02
5.093042242549245202e+01 -3.267257903617874035e+03 -3.963562557213297168e+02 2.270940000000000000e+19 -6.294356193393468857e-03 -6.910152733325958252e-02
6.668681107856598089e+01 -3.266949433581814446e+03 -3.965576939353121588e+02 2.271140000000000000e+19 6.193925440311431885e-02 5.330825969576835632e-02
7.241582197871841231e+01 -3.266817141326062483e+03 -3.966427244219375439e+02 2.271340000000000000e+19 3.312486782670021057e-02 -1.494014114141464233e-01
7.814447537109903408e+01 -3.266674033675415103e+03 -3.967340868278777180e+02 2.271540000000000000e+19 -7.116641104221343994e-02 -3.963200747966766357e-02
8.387274391969357623e+01 -3.266520111312879635e+03 -3.968317807170816423e+02 2.271740000000000000e+19 6.116237118840217590e-02 -4.748200066387653351e-03
8.960060019056683700e+01 -3.266355374975647464e+03 -3.969358056216444197e+02 2.271940000000000000e+19 2.803357318043708801e-02 -1.325385179370641708e-02
9.532801677170601806e+01 -3.266179825452074510e+03 -3.970461610437319564e+02 2.272140000000000000e+19 2.501851506531238556e-02 1.146242991089820862e-01
1.010549662332609273e+02 -3.265993463583058201e+03 -3.971628464547251838e+02 2.272340000000000000e+19 -2.225022995844483376e-03 -9.812349826097488403e-02
1.063042428243661277e+02 -3.265813271918182181e+03 -3.972752877496339465e+02 2.272540000000000000e+19 -5.862637422978878021e-03 4.480155184864997864e-02
6.668681107856598089e+01 -3.266949433581814446e+03 -3.965576939353121588e+02 2.272740000000000000e+19 -9.143573045730590820e-02 2.803670801222324371e-02
7.241582197871841231e+01 -3.266817141326062483e+03 -3.966427244219375439e+02 2.272940000000000000e+19 -1.704887300729751587e-02 1.965026929974555969e-02
7.814447537109903408e+01 -3.266674033675415103e+03 -3.967340868278777180e+02 2.273140000000000000e+19 1.794692315161228180e-02 1.174352318048477173e-02
8.387274391969357623e+01 -3.266520111312879635e+03 -3.968317807170816423e+02 2.273340000000000000e+19 -1.606283336877822876e-02 -5.057687521912157536e-04
8.960060019056683700e+01 -3.266355374975647464e+03 -3.969358056216444197e+02 2.273540000000000000e+19 -5.100011825561523438e-03 5.033336952328681946e-02
9.532801677170601806e+01 -3.266179825452074510e+03 -3.970461610437319564e+02 2.273740000000000000e+19 -4.480729997158050537e-02 -4.938594624400138855e-02
1.010549662332609273e+02 -3.265993463583058201e+03 -3.971628464547251838e+02 2.273940000000000000e+19 -3.999354317784309387e-02 -1.338047385215759277e-01
1.063042428243661277e+02 -3.265813271918182181e+03 -3.972752877496339465e+02 2.274140000000000000e+19 -3.718506544828414917e-02 2.880998700857162476e-02
1.239575450855882508e+02 -3.265139911255100287e+03 -3.976928763715357036e+02 2.274340000000000000e+19 5.776381120085716248e-02 -2.908947132527828217e-02
1.296817479632428274e+02 -3.264899502069569735e+03 -3.978412027460891522e+02 2.274540000000000000e+19 -6.881575100123882294e-03 6.357323378324508667e-02
1.354053193931637225e+02 -3.264648286662789815e+03 -3.979958553065199567e+02 2.274740000000000000e+19 -4.896395839750766754e-03 -5.695771798491477966e-02
1.411282318841706740e+02 -3.264386266241393969e+03 -3.981568333099898496e+02 2.274940000000000000e+19 -3.269692137837409973e-02 4.585639014840126038e-02
1.468504581674994824e+02 -3.264113442053711424e+03 -3.983241359895420715e+02 2.275140000000000000e+19 1.261446252465248108e-02 -9.038580209016799927e-02
1.525719706787161556e+02 -3.263829815414071618e+03 -3.984977625391848051e+02 2.275340000000000000e+19 5.260943621397018433e-02 -9.799702465534210205e-02
1.582927421756787965e+02 -3.263535387673136029e+03 -3.986777121320823198e+02 2.275540000000000000e+19 4.971975833177566528e-02 -3.720100596547126770e-02
1.635361183815471406e+02 -3.263256145796331111e+03 -3.988481393250689848e+02 2.275740000000000000e+19 -6.166811101138591766e-03 1.958452165126800537e-03
1.239575450855882508e+02 -3.265139911255100287e+03 -3.976928763715357036e+02 2.275940000000000000e+19 -4.524270072579383850e-02 1.069235615432262421e-02
1.296817479632428274e+02 -3.264899502069569735e+03 -3.978412027460891522e+02 2.276140000000000000e+19 -1.640959642827510834e-02 2.161208353936672211e-02
1.354053193931637225e+02 -3.264648286662789815e+03 -3.979958553065199567e+02 2.276340000000000000e+19 -1.549586420878767967e-03 -4.730635555461049080e-04
1.411282318841706740e+02 -3.264386266241393969e+03 -3.981568333099898496e+02 2.276540000000000000e+19 -3.626655414700508118e-02 2.924062684178352356e-02
1.468504581674994824e+02 -3.264113442053711424e+03 -3.983241359895420715e+02 2.276740000000000000e+19 -4.179735854268074036e-02 6.227833218872547150e-03
1.525719706787161556e+02 -3.263829815414071618e+03 -3.984977625391848051e+02 2.276940000000000000e+19 8.047217130661010742e-02 1.006533652544021606e-01
1.582927421756787965e+02 -3.263535387673136029e+03 -3.986777121320823198e+02 2.277140000000000000e+19 -2.097865566611289978e-02 -1.854727119207382202e-01
1.635361183815471406e+02 -3.263256145796331111e+03 -3.988481393250689848e+02 2.277340000000000000e+19 -3.261681646108627319e-02 -4.571314528584480286e-02
1.811678701163040728e+02 -3.262249694672803798e+03 -3.994607232459990200e+02 2.277540000000000000e+19 -1.065639257431030273e-01 -2.123622223734855652e-02
1.868845257665866768e+02 -3.261901283603654065e+03 -3.996722745265851700e+02 2.277740000000000000e+19 9.799510240554809570e-03 -1.116482913494110107e-02
1.926002760921982997e+02 -3.261542080668480139e+03 -3.998901432258926434e+02 2.277940000000000000e+19 3.772105649113655090e-02 -2.369643002748489380e-02
1.983150938784164623e+02 -3.261172087577573620e+03 -4.001143283065571836e+02 2.278140000000000000e+19 -4.769159108400344849e-02 1.330122724175453186e-02
2.040289516163994676e+02 -3.260791306111959329e+03 -4.003448286894121111e+02 2.278340000000000000e+19 -1.149120777845382690e-01 -1.432968676090240479e-02
2.097418221203386963e+02 -3.260399738083362536e+03 -4.005816432777417049e+02 2.278540000000000000e+19 5.248084291815757751e-02 -7.234819978475570679e-02
2.154536778907640269e+02 -3.259997385376650072e+03 -4.008247709315944576e+02 2.278740000000000000e+19 -4.925975948572158813e-02 1.194823086261749268e-01
2.206886446760365175e+02 -3.259619226910937414e+03 -4.010531024684550516e+02 2.278940000000000000e+19 -5.561969056725502014e-02 -6.504953652620315552e-02
1.811678701163040728e+02 -3.262249694672803798e+03 -3.994607232459990200e+02 2.279140000000000000e+19 -1.670991443097591400e-02 -2.098196744918823242e-02
1.868845257665866768e+02 -3.261901283603654065e+03 -3.996722745265851700e+02 2.279340000000000000e+19 -4.198515787720680237e-02 7.300620898604393005e-03
1.926002760921982997e+02 -3.261542080668480139e+03 -3.998901432258926434e+02 2.279540000000000000e+19 9.889753907918930054e-02 -3.995702788233757019e-02
1.983150938784164623e+02 -3.261172087577573620e+03 -4.001143283065571836e+02 2.279740000000000000e+19 5.125467851758003235e-02 -5.239444226026535034e-02
2.040289516163994676e+02 -3.260791306111959329e+03 -4.003448286894121111e+02 2.279940000000000000e+19 4.792438447475433350e-02 -3.357911482453346252e-02
2.097418221203386963e+02 -3.260399738083362536e+03 -4.005816432777417049e+02 2.280140000000000000e+19 4.364620894193649292e-02 4.196896776556968689e-02
2.154536778907640269e+02 -3.259997385376650072e+03 -4.008247709315944576e+02 2.280340000000000000e+19 9.101445227861404419e-02 1.933499984443187714e-02
2.206886446760365175e+02 -3.259619226910937414e+03 -4.010531024684550516e+02 2.280540000000000000e+19 7.358738034963607788e-02 -8.101439476013183594e-02
2.373392331666713915e+02 -3.258355160558539410e+03 -4.018152225002048112e+02 2.280740000000000000e+19 1.967708170413970947e-01 8.554812520742416382e-02
2.430457995739250237e+02 -3.257900709951323279e+03 -4.020888463756187434e+02 2.280940000000000000e+19 -2.142505049705505371e-01 5.644120648503303528e-02
2.487511919630733814e+02 -3.257435486618600862e+03 -4.023687761076729998e+02 2.281140000000000000e+19 8.781708776950836182e-03 1.215884163975715637e-01
2.544553829302722647e+02 -3.256959492795054757e+03 -4.026550103517252523e+02 2.281340000000000000e+19 -7.563592493534088135e-02 -1.415967196226119995e-01
2.601583453357186499e+02 -3.256472730745520948e+03 -4.029475477458247497e+02 2.281540000000000000e+19 -1.423818338662385941e-02 2.073625475168228149e-02
2.658600517474900471e+02 -3.255975202811285726e+03 -4.032463868828746740e+02 2.281740000000000000e+19 -1.484920680522918701e-01 -4.679503291845321655e-02
2.715604749581803503e+02 -3.255466911366660042e+03 -4.035515263367411194e+02 2.281940000000000000e+19 1.055224314332008362e-01 1.069888472557067871e-01
2.767847292891966049e+02 -3.254991661155032943e+03 -4.038366907298023420e+02 2.282140000000000000e+19 -2.614803314208984375e-01 1.730823367834091187e-01
2.373392331666713915e+02 -3.258355160558539410e+03 -4.018152225002048112e+02 2.282340000000000000e+19 -1.355715990066528320e-01 1.098028942942619324e-02
2.430457995739250237e+02 -3.257900709951323279e+03 -4.020888463756187434e+02 2.282540000000000000e+19 -1.150264590978622437e-02 -1.358560770750045776e-01
2.487511919630733814e+02 -3.257435486618600862e+03 -4.023687761076729998e+02 2.282740000000000000e+19 8.238954097032546997e-02 4.523321241140365601e-02
2.544553829302722647e+02 -3.256959492795054757e+03 -4.026550103517252523e+02 2.282940000000000000e+19 4.957712721079587936e-03 -8.186611533164978027e-02
2.601583453357186499e+02 -3.256472730745520948e+03 -4.029475477458247497e+02 2.283140000000000000e+19 -3.367434069514274597e-02 -5.522775277495384216e-02
2.658600517474900471e+02 -3.255975202811285726e+03 -4.032463868828746740e+02 2.283340000000000000e+19 -1.019542068243026733e-01 -6.706833839416503906e-02
2.715604749581803503e+02 -3.255466911366660042e+03 -4.035515263367411194e+02 2.283540000000000000e+19 8.281761407852172852e-02 -1.426666625775396824e-03
2.767847292891966049e+02 -3.254991661155032943e+03 -4.038366907298023420e+02 2.283740000000000000e+19 -7.504886388778686523e-02 7.051704823970794678e-02
2.943487900918033802e+02 -3.253326159922852185e+03 -4.048350576524782127e+02 2.283940000000000000e+19 4.676067456603050232e-02 2.732435613870620728e-02
3.000423880548962074e+02 -3.252764088458927290e+03 -4.051716761739104982e+02 2.284140000000000000e+19 -1.134764552116394043e-01 -5.540606006979942322e-02
3.057345393085679461e+02 -3.252191268844144815e+03 -4.055145858029441683e+02 2.284340000000000000e+19 -3.944545239210128784e-02 1.008635386824607849e-03
3.114252164332596067e+02 -3.251607703837835288e+03 -4.058637848877351644e+02 2.284540000000000000e+19 1.923614367842674255e-02 -1.340245176106691360e-02
3.171143923336366015e+02 -3.251013396218568232e+03 -4.062192717656030254e+02 2.284740000000000000e+19 -1.211281269788742065e-01 5.408885702490806580e-02
3.228020397431508854e+02 -3.250408348834517255e+03 -4.065810447328890973e+02 2.284940000000000000e+19 1.218200661242008209e-02 1.956877671182155609e-02
3.284881313629983310e+02 -3.249792564589789890e+03 -4.069491020531410186e+02 2.285140000000000000e+19 -7.781053334474563599e-02 7.892257533967494965e-03
3.336990125868259156e+02 -3.249218802798414799e+03 -4.072919270935957456e+02 2.285340000000000000e+19 1.111813411116600037e-01 -4.261522367596626282e-02
2.943487900918033802e+02 -3.253326159922852185e+03 -4.048350576524782127e+02 2.285540000000000000e+19 -9.885407984256744385e-02 9.838420152664184570e-02
3.000423880548962074e+02 -3.252764088458927290e+03 -4.051716761739104982e+02 2.285740000000000000e+19 -9.498386085033416748e-02 1.312836632132530212e-02
3.057345393085679461e+02 -3.252191268844144815e+03 -4.055145858029441683e+02 2.285940000000000000e+19 -1.231770217418670654e-01 -7.529556006193161011e-02
3.114252164332596067e+02 -3.251607703837835288e+03 -4.058637848877351644e+02 2.286140000000000000e+19 5.574715882539749146e-02 -5.907663330435752869e-02
3.171143923336366015e+02 -3.251013396218568232e+03 -4.062192717656030254e+02 2.286340000000000000e+19 8.325546048581600189e-03 -1.777990907430648804e-02
3.228020397431508854e+02 -3.250408348834517255e+03 -4.065810447328890973e+02 2.286540000000000000e+19 8.926820755004882812e-02 -1.900179497897624969e-02
3.284881313629983310e+02 -3.249792564589789890e+03 -4.069491020531410186e+02 2.286740000000000000e+19 -5.015592556446790695e-03 -7.603448629379272461e-02
3.336990125868259156e+02 -3.249218802798414799e+03 -4.072919270935957456e+02 2.286940000000000000e+19 1.185061596333980560e-02 2.591463923454284668e-02
3.512163964713582232e+02 -3.247222118645849605e+03 -4.084841392249639966e+02 2.287140000000000000e+19 -2.897940017282962799e-02 -6.263738870620727539e-02
3.568943014511614251e+02 -3.246552695294207297e+03 -4.088835913084422486e+02 2.287340000000000000e+19 4.455888643860816956e-02 7.063204888254404068e-03
3.625704874848726149e+02 -3.245872553534916278e+03 -4.092893167249040971e+02 2.287540000000000000e+19 1.105605214834213257e-01 -1.909321174025535583e-02
3.682449275461654565e+02 -3.245181696606452988e+03 -4.097013135424867869e+02 2.287740000000000000e+19 8.766391314566135406e-03 -2.437134645879268646e-02
3.739175943205565886e+02 -3.244480127834300674e+03 -4.101195797780039243e+02 2.287940000000000000e+19 1.369295641779899597e-02 -1.105985268950462341e-01
3.795884608181077056e+02 -3.243767850556472695e+03 -4.105441134413770214e+02 2.288140000000000000e+19 8.042780309915542603e-02 7.631344348192214966e-02
3.852574997416713813e+02 -3.243044868201649479e+03 -4.109749124890060443e+02 2.288340000000000000e+19 -7.533191703259944916e-03 -4.270953312516212463e-02
3.904525141826226218e+02 -3.242372869406109203e+03 -4.113752341155536101e+02 2.288540000000000000e+19 -7.128377258777618408e-02 -3.290711715817451477e-02
3.512163964713582232e+02 -3.247222118645849605e+03 -4.084841392249639966e+02 2.288740000000000000e+19 5.185233429074287415e-02 2.911903709173202515e-02
3.568943014511614251e+02 -3.246552695294207297e+03 -4.088835913084422486e+02 2.288940000000000000e+19 -1.687562442384660244e-03 2.905590459704399109e-02
3.625704874848726149e+02 -3.245872553534916278e+03 -4.092893167249040971e+02 2.289140000000000000e+19 -2.148164669051766396e-03 3.970858827233314514e-02
3.682449275461654565e+02 -3.245181696606452988e+03 -4.097013135424867869e+02 2.289340000000000000e+19 -2.506559714674949646e-02 -3.423706069588661194e-02
3.739175943205565886e+02 -3.244480127834300674e+03 -4.101195797780039243e+02 2.289540000000000000e+19 -4.730165749788284302e-02 -5.620454996824264526e-02
3.795884608181077056e+02 -3.243767850556472695e+03 -4.105441134413770214e+02 2.289740000000000000e+19 -8.449105173349380493e-02 -3.506674244999885559e-02
3.852574997416713813e+02 -3.243044868201649479e+03 -4.109749124890060443e+02 2.289940000000000000e+19 -5.872947350144386292e-02 -5.011770990677177906e-04
3.904525141826226218e+02 -3.242372869406109203e+03 -4.113752341155536101e+02 2.290140000000000000e+19 -6.640338897705078125e-02 1.809525862336158752e-02
4.079148381876178746e+02 -3.240045957857776102e+03 -4.127607209115430464e+02 2.290340000000000000e+19 6.025625043548643589e-04 2.806597016751766205e-02
4.135743328974666611e+02 -3.239269502987121996e+03 -4.132228153882712718e+02 2.290540000000000000e+19 -5.104855075478553772e-02 -1.669366285204887390e-02
4.192318374255486333e+02 -3.238482364563066767e+03 -4.136911624321884915e+02 2.290740000000000000e+19 3.696632757782936096e-02 -1.336901914328336716e-02
4.248873247950437531e+02 -3.237684546338808559e+03 -4.141657598101284066e+02 2.290940000000000000e+19 -1.269548293203115463e-02 -4.468142241239547729e-02
4.305407679008591799e+02 -3.236876052137893112e+03 -4.146466052475664128e+02 2.291140000000000000e+19 -5.647271871566772461e-03 -6.943634152412414551e-02
4.361921395886845403e+02 -3.236056885843779128e+03 -4.151336964348340075e+02 2.291340000000000000e+19 5.887154862284660339e-02 -7.762820925563573837e-03
4.418414129700398121e+02 -3.235227051354072046e+03 -4.156270310543328605e+02 2.291540000000000000e+19 -2.011343091726303101e-02 1.077035628259181976e-02
4.470180736488239859e+02 -3.234457137275257082e+03 -4.160846576110639035e+02 2.291740000000000000e+19 -3.059538267552852631e-02 7.038015127182006836e-02
4.079148381876178746e+02 -3.240045957857776102e+03 -4.127607209115430464e+02 2.291940000000000000e+19 -1.453621685504913330e-01 -1.369256973266601562e-01
4.135743328974666611e+02 -3.239269502987121996e+03 -4.132228153882712718e+02 2.292140000000000000e+19 2.715708315372467041e-02 8.378125727176666260e-03
4.192318374255486333e+02 -3.238482364563066767e+03 -4.136911624321884915e+02 2.292340000000000000e+19 -3.838710859417915344e-02 -1.192253157496452332e-01
4.248873247950437531e+02 -3.237684546338808559e+03 -4.141657598101284066e+02 2.292540000000000000e+19 8.266354352235794067e-02 2.825194783508777618e-02
4.305407679008591799e+02 -3.236876052137893112e+03 -4.146466052475664128e+02 2.292740000000000000e+19 4.472437873482704163e-02 -1.234211474657058716e-01
4.361921395886845403e+02 -3.236056885843779128e+03 -4.151336964348340075e+02 2.292940000000000000e+19 2.432996872812509537e-03 2.990544959902763367e-02
4.418414129700398121e+02 -3.235227051354072046e+03 -4.156270310543328605e+02 2.293140000000000000e+19 -1.663113385438919067e-02 -2.527397498488426208e-02
4.470180736488239859e+02 -3.234457137275257082e+03 -4.160846576110639035e+02 2.293340000000000000e+19 1.819591620005667210e-03 7.082503288984298706e-02
