# Baseline: 9-10
# Entries: 128
# u [m], v [m], w [m], frequency [GHz], real, imag
-1.248611109083411293e+03 8.324109029526102859e+02 -1.141311559881143012e+03 2.267940000000000000e+19 1.427917927503585815e-02 -3.750968491658568382e-03
-1.251441115464887616e+03 8.300538876238679222e+02 -1.139927790679639656e+03 2.268140000000000000e+19 -1.295259315520524979e-02 3.141828579828143120e-03
-1.254265135850814886e+03 8.276915318701366004e+02 -1.138540902584921469e+03 2.268340000000000000e+19 1.621099188923835754e-02 2.625074237585067749e-03
-1.257083156745897440e+03 8.253238469806211697e+02 -1.137150902224642550e+03 2.268540000000000000e+19 -3.233924508094787598e-03 -2.046069595962762833e-03
-1.259895164663713103e+03 8.229508442863365190e+02 -1.135757796250924002e+03 2.268740000000000000e+19 1.574387401342391968e-02 -7.997690699994564056e-03
-1.262701146146755036e+03 8.205725351438721873e+02 -1.134361591330822876e+03 2.268940000000000000e+19 -2.317956276237964630e-02 7.444608956575393677e-03
-1.265501087707800707e+03 8.181889309849825622e+02 -1.132962294175444413e+03 2.269140000000000000e+19 1.784433610737323761e-02 -1.050145272165536880e-02
-1.268062460770425560e+03 8.159993857818366223e+02 -1.131676933553104845e+03 2.269340000000000000e+19 -1.520131062716245651e-02 5.033968482166528702e-04
-1.248611109083411293e+03 8.324109029526102859e+02 -1.141311559881143012e+03 2.269540000000000000e+19 2.588097937405109406e-03 8.930736221373081207e-04
-1.251441115464887616e+03 8.300538876238679222e+02 -1.139927790679639656e+03 2.269740000000000000e+19 -1.617317833006381989e-02 -6.963859312236309052e-03
-1.254265135850814886e+03 8.276915318701366004e+02 -1.138540902584921469e+03 2.269940000000000000e+19 5.484043154865503311e-03 -4.688566550612449646e-03
-1.257083156745897440e+03 8.253238469806211697e+02 -1.137150902224642550e+03 2.270140000000000000e+19 -1.453987555578351021e-03 4.399607889354228973e-03
-1.259895164663713103e+03 8.229508442863365190e+02 -1.135757796250924002e+03 2.270340000000000000e+19 6.544001400470733643e-03 -1.157319732010364532e-02
-1.262701146146755036e+03 8.205725351438721873e+02 -1.134361591330822876e+03 2.270540000000000000e+19 -8.329091593623161316e-03 5.396277643740177155e-03
-1.265501087707800707e+03 8.181889309849825622e+02 -1.132962294175444413e+03 2.270740000000000000e+19 -1.342631876468658447e-03 1.695826300419867039e-03
-1.268062460770425560e+03 8.159993857818366223e+02 -1.131676933553104845e+03 2.270940000000000000e+19 -9.753445163369178772e-03 -2.187074162065982819e-03
-1.276640187777091569e+03 8.086017921965391224e+02 -1.127334317054382382e+03 2.271140000000000000e+19 6.673110648989677429e-03 -1.397965941578149796e-03
-1.279409729604687982e+03 8.061918843212578167e+02 -1.125919659321559493e+03 2.271340000000000000e+19 -3.110948251560330391e-03 5.088476929813623428e-03
-1.282173151567418927e+03 8.037767502354058706e+02 -1.124501949744867261e+03 2.271540000000000000e+19 1.292133145034313202e-02 -4.421596881002187729e-03
-1.284930440478847004e+03 8.013564014635984449e+02 -1.123081195089383300e+03 2.271740000000000000e+19 -1.069042272865772247e-02 2.801031572744250298e-03
-1.287681583133728282e+03 7.989308495974336211e+02 -1.121657402159427193e+03 2.271940000000000000e+19 -3.865828737616539001e-03 1.780944759957492352e-03
-1.290426566365807275e+03 7.965001062449549636e+02 -1.120230577768896865e+03 2.272140000000000000e+19 -1.016933936625719070e-02 3.515850985422730446e-03
-1.293165377028846251e+03 7.940641830476034784e+02 -1.118800728751218003e+03 2.272340000000000000e+19 -1.489957422018051147e-02 -2.946666209027171135e-03
-1.295670598779469856e+03 7.918267786922490359e+02 -1.117487420936842227e+03 2.272540000000000000e+19 1.253299601376056671e-02 -2.065814286470413208e-02
-1.276640187777091569e+03 8.086017921965391224e+02 -1.127334317054382382e+03 2.272740000000000000e+19 4.991276073269546032e-04 -1.957820169627666473e-02
-1.279409729604687982e+03 8.061918843212578167e+02 -1.125919659321559493e+03 2.272940000000000000e+19 -1.261094771325588226e-02 1.288664247840642929e-02
-1.282173151567418927e+03 8.037767502354058706e+02 -1.124501949744867261e+03 2.273140000000000000e+19 5.276517011225223541e-03 1.578405313193798065e-02
-1.284930440478847004e+03 8.013564014635984449e+02 -1.123081195089383300e+03 2.273340000000000000e+19 -9.285309934057295322e-04 7.991332560777664185e-03
-1.287681583133728282e+03 7.989308495974336211e+02 -1.121657402159427193e+03 2.273540000000000000e+19 -4.147866275161504745e-03 -2.281339140608906746e-03
-1.290426566365807275e+03 7.965001062449549636e+02 -1.120230577768896865e+03 2.273740000000000000e+19 -1.749745383858680725e-02 2.525529637932777405e-02
-1.293165377028846251e+03 7.940641830476034784e+02 -1.118800728751218003e+03 2.273940000000000000e+19 -5.795903969556093216e-03 8.180943317711353302e-03
-1.295670598779469856e+03 7.918267786922490359e+02 -1.117487420936842227e+03 2.274140000000000000e+19 6.132887676358222961e-03 -3.417819505557417870e-03
-1.304058632442792486e+03 7.842689251978886205e+02 -1.113051223403338099e+03 2.274340000000000000e+19 8.475084789097309113e-03 -6.013116799294948578e-03
-1.306766384283670277e+03 7.818072781016277304e+02 -1.111606354161779109e+03 2.274540000000000000e+19 -1.255661528557538986e-02 1.444495981559157372e-03
-1.309467885395339181e+03 7.793405214423563621e+02 -1.110158501546320849e+03 2.274740000000000000e+19 2.077461406588554382e-02 -9.489035233855247498e-03
-1.312163122802089447e+03 7.768686670682869817e+02 -1.108707672511227202e+03 2.274940000000000000e+19 -1.320170611143112183e-02 1.021011453121900558e-02
-1.314852083661463666e+03 7.743917267573409617e+02 -1.107253873969429378e+03 2.275140000000000000e+19 6.700803060084581375e-03 -4.858687520027160645e-03
-1.317534755020584271e+03 7.719097124412018047e+02 -1.105797112924034536e+03 2.275340000000000000e+19 1.537510397611185908e-04 -4.777451045811176300e-03
-1.320211124106426496e+03 7.694226359377286144e+02 -1.104337396311266048e+03 2.275540000000000000e+19 -2.379962010309100151e-03 3.313837572932243347e-03
-1.322658995629891933e+03 7.671384431822285705e+02 -1.102996769813502397e+03 2.275740000000000000e+19 -3.922260925173759460e-02 -8.890295401215553284e-03
-1.304058632442792486e+03 7.842689251978886205e+02 -1.113051223403338099e+03 2.275940000000000000e+19 8.675592951476573944e-03 3.190206829458475113e-03
-1.306766384283670277e+03 7.818072781016277304e+02 -1.111606354161779109e+03 2.276140000000000000e+19 5.072619765996932983e-03 -6.024189759045839310e-03
-1.309467885395339181e+03 7.793405214423563621e+02 -1.110158501546320849e+03 2.276340000000000000e+19 1.406599581241607666e-02 -7.594550028443336487e-03
-1.312163122802089447e+03 7.768686670682869817e+02 -1.108707672511227202e+03 2.276540000000000000e+19 1.524687468190677464e-05 -1.635764539241790771e-02
-1.314852083661463666e+03 7.743917267573409617e+02 -1.107253873969429378e+03 2.276740000000000000e+19 2.009231224656105042e-02 9.915338596329092979e-04
-1.317534755020584271e+03 7.719097124412018047e+02 -1.105797112924034536e+03 2.276940000000000000e+19 1.987250149250030518e-02 -1.991416700184345245e-02
-1.320211124106426496e+03 7.694226359377286144e+02 -1.104337396311266048e+03 2.277140000000000000e+19 -9.014668874442577362e-03 2.052516862750053406e-02
-1.322658995629891933e+03 7.671384431822285705e+02 -1.102996769813502397e+03 2.277340000000000000e+19 -2.190013788640499115e-02 9.682434611022472382e-03
-1.330853321816177186e+03 7.594239466356935964e+02 -1.098469114216013850e+03 2.277540000000000000e+19 5.508694332093000412e-03 -2.222440391778945923e-02
-1.333497987931004218e+03 7.569117382933432054e+02 -1.096994724881153843e+03 2.277740000000000000e+19 -9.489512071013450623e-03 1.885280571877956390e-02
-1.336136275330558192e+03 7.543945395836773287e+02 -1.095517422130483965e+03 2.277940000000000000e+19 1.219299621880054474e-02 -1.040341518819332123e-02
-1.338768171453016976e+03 7.518723624919790609e+02 -1.094037212997975303e+03 2.278140000000000000e+19 -5.339596420526504517e-02 -4.247094970196485519e-03
-1.341393663629506136e+03 7.493452191590162101e+02 -1.092554104608776470e+03 2.278340000000000000e+19 3.946375101804733276e-03 -1.365222223103046417e-02
-1.344012739368281700e+03 7.468131216086291033e+02 -1.091068104019340126e+03 2.278540000000000000e+19 3.915851563215255737e-02 8.717764168977737427e-03
-1.346625386062173902e+03 7.442760820293318602e+02 -1.089579218382689078e+03 2.278740000000000000e+19 -1.587602682411670685e-02 7.214922923594713211e-03
-1.349014736015937160e+03 7.419461938959167355e+02 -1.088211914712848511e+03 2.278940000000000000e+19 -3.839256241917610168e-02 3.239187225699424744e-02
-1.330853321816177186e+03 7.594239466356935964e+02 -1.098469114216013850e+03 2.279140000000000000e+19 7.432804908603429794e-03 -1.601724140346050262e-02
-1.333497987931004218e+03 7.569117382933432054e+02 -1.096994724881153843e+03 2.279340000000000000e+19 2.963889855891466141e-03 -2.229051291942596436e-02
-1.336136275330558192e+03 7.543945395836773287e+02 -1.095517422130483965e+03 2.279540000000000000e+19 -1.917510409839451313e-03 1.614040508866310120e-02
-1.338768171453016976e+03 7.518723624919790609e+02 -1.094037212997975303e+03 2.279740000000000000e+19 3.007400082424283028e-03 -2.029506675899028778e-02
-1.341393663629506136e+03 7.493452191590162101e+02 -1.092554104608776470e+03 2.279940000000000000e+19 -1.449731364846229553e-02 -3.605440026149153709e-03
-1.344012739368281700e+03 7.468131216086291033e+02 -1.091068104019340126e+03 2.280140000000000000e+19 -1.617866382002830505e-02 8.856270578689873219e-04
-1.346625386062173902e+03 7.442760820293318602e+02 -1.089579218382689078e+03 2.280340000000000000e+19 3.991411358583718538e-04 -2.757271006703376770e-02
-1.349014736015937160e+03 7.419461938959167355e+02 -1.088211914712848511e+03 2.280540000000000000e+19 4.740362986922264099e-03 5.265827290713787079e-03
-1.356580749329663831e+03 7.345051998600920342e+02 -1.083845224986513585e+03 2.280740000000000000e+19 1.925157499499619007e-03 -7.621732074767351151e-03
-1.359162146802606685e+03 7.319444451978653206e+02 -1.082342495535656326e+03 2.280940000000000000e+19 -9.781620465219020844e-03 4.080474842339754105e-03
-1.361737042775077725e+03 7.293788196201084020e+02 -1.080836922770139836e+03 2.281140000000000000e+19 1.010695192962884903e-02 -7.493400014936923981e-03
-1.364305424879555403e+03 7.268083354499771076e+02 -1.079328513921502235e+03 2.281340000000000000e+19 -1.522710453718900681e-02 -2.520696958526968956e-03
-1.366867280896080274e+03 7.242330049175679960e+02 -1.077817276166599413e+03 2.281540000000000000e+19 1.179341226816177368e-02 -4.397321026772260666e-03
-1.369422598501773564e+03 7.216528404104823267e+02 -1.076303216774642578e+03 2.281740000000000000e+19 -2.391381748020648956e-02 -4.949589856551028788e-05
-1.371971365503286506e+03 7.190678542408562635e+02 -1.074786342970487794e+03 2.281940000000000000e+19 2.725754305720329285e-02 -2.974512986838817596e-03
-1.374302053982689586e+03 7.166941195654929970e+02 -1.073393444803468583e+03 2.282140000000000000e+19 -7.302713114768266678e-03 6.833563558757305145e-03
-1.356580749329663831e+03 7.345051998600920342e+02 -1.083845224986513585e+03 2.282340000000000000e+19 4.910147283226251602e-03 1.105911564081907272e-02
-1.359162146802606685e+03 7.319444451978653206e+02 -1.082342495535656326e+03 2.282540000000000000e+19 -7.015143521130084991e-03 -3.314945613965392113e-03
-1.361737042775077725e+03 7.293788196201084020e+02 -1.080836922770139836e+03 2.282740000000000000e+19 1.114231068640947342e-03 4.640114028006792068e-03
-1.364305424879555403e+03 7.268083354499771076e+02 -1.079328513921502235e+03 2.282940000000000000e+19 -5.014340393245220184e-03 3.292273962870240211e-03
-1.366867280896080274e+03 7.242330049175679960e+02 -1.077817276166599413e+03 2.283140000000000000e+19 6.396065931767225266e-03 1.071549393236637115e-02
-1.369422598501773564e+03 7.216528404104823267e+02 -1.076303216774642578e+03 2.283340000000000000e+19 -1.157761272042989731e-02 -3.205265675205737352e-04
-1.371971365503286506e+03 7.190678542408562635e+02 -1.074786342970487794e+03 2.283540000000000000e+19 2.960514742881059647e-03 1.306385151110589504e-03
-1.374302053982689586e+03 7.166941195654929970e+02 -1.073393444803468583e+03 2.283740000000000000e+19 1.375443302094936371e-03 1.554772537201642990e-02
-1.382100683904237485e+03 7.086799407838811931e+02 -1.068690849067846557e+03 2.283940000000000000e+19 -7.478259969502687454e-03 1.290355436503887177e-02
-1.384616515477314579e+03 7.060710323992116173e+02 -1.067160012403716109e+03 2.284140000000000000e+19 -6.719806231558322906e-03 -2.002051472663879395e-02
-1.387125723767101590e+03 7.034573768860259406e+02 -1.065626405063018183e+03 2.284340000000000000e+19 6.102926097810268402e-03 1.021720282733440399e-02
-1.389628296686546264e+03 7.008389868345275318e+02 -1.064090034433274695e+03 2.284540000000000000e+19 -1.808198518119752407e-03 4.643142689019441605e-03
-1.392124222320020863e+03 6.982158747118124893e+02 -1.062550907829701600e+03 2.284740000000000000e+19 -6.921986350789666176e-04 3.761716070584952831e-04
-1.394613488705198733e+03 6.955880530896059781e+02 -1.061009032628838440e+03 2.284940000000000000e+19 -1.596480980515480042e-02 3.944250289350748062e-03
-1.397096083894483172e+03 6.929555345806192008e+02 -1.059464416231201767e+03 2.285140000000000000e+19 -6.558469962328672409e-03 1.149121951311826706e-02
-1.399366010793402893e+03 6.905383367521195623e+02 -1.058046150817390753e+03 2.285340000000000000e+19 -1.243373099714517593e-02 6.671340204775333405e-03
-1.382100683904237485e+03 7.086799407838811931e+02 -1.068690849067846557e+03 2.285540000000000000e+19 -7.013079710304737091e-03 -1.658875681459903717e-02
-1.384616515477314579e+03 7.060710323992116173e+02 -1.067160012403716109e+03 2.285740000000000000e+19 1.633327081799507141e-02 4.714572802186012268e-03
-1.387125723767101590e+03 7.034573768860259406e+02 -1.065626405063018183e+03 2.285940000000000000e+19 1.034592371433973312e-02 1.259614154696464539e-02
-1.389628296686546264e+03 7.008389868345275318e+02 -1.064090034433274695e+03 2.286140000000000000e+19 1.304727047681808472e-02 -6.887515075504779816e-03
-1.392124222320020863e+03 6.982158747118124893e+02 -1.062550907829701600e+03 2.286340000000000000e+19 -4.808001220226287842e-03 1.242163963615894318e-02
-1.394613488705198733e+03 6.955880530896059781e+02 -1.061009032628838440e+03 2.286540000000000000e+19 -1.373543217778205872e-02 4.918938037008047104e-03
-1.397096083894483172e+03 6.929555345806192008e+02 -1.059464416231201767e+03 2.286740000000000000e+19 1.389694865792989731e-02 1.013242872431874275e-03
-1.399366010793402893e+03 6.905383367521195623e+02 -1.058046150817390753e+03 2.286940000000000000e+19 1.158559927716851234e-03 -5.933674983680248260e-03
-1.406959515838825610e+03 6.823787436821418169e+02 -1.053258686534700473e+03 2.287140000000000000e+19 3.721320244949311018e-04 1.777428202331066132e-02
-1.409408577621194354e+03 6.797229300094423934e+02 -1.051700475205132079e+03 2.287340000000000000e+19 -2.627946995198726654e-02 -9.099306538701057434e-03
-1.411850897402863893e+03 6.770624953766684939e+02 -1.050139567227352245e+03 2.287540000000000000e+19 2.066438086330890656e-02 -1.763571798801422119e-02
-1.414286463555136606e+03 6.743974524511346544e+02 -1.048575970033426756e+03 2.287740000000000000e+19 1.259419787675142288e-02 9.497299790382385254e-03
-1.416715264354161945e+03 6.717278140612826292e+02 -1.047009691149885157e+03 2.287940000000000000e+19 -1.409095618873834610e-02 -8.915745653212070465e-03
-1.419137288244007550e+03 6.690535929089834326e+02 -1.045440738028900341e+03 2.288140000000000000e+19 -2.957428107038140297e-03 -1.748227514326572418e-02
-1.421552523566101854e+03 6.663748018668482018e+02 -1.043869118222804218e+03 2.288340000000000000e+19 -1.690952479839324951e-02 -2.282221242785453796e-02
-1.423760602608248973e+03 6.639152976401059050e+02 -1.042426164276324926e+03 2.288540000000000000e+19 -1.827495289035141468e-03 -5.749642848968505859e-03
-1.406959515838825610e+03 6.823787436821418169e+02 -1.053258686534700473e+03 2.288740000000000000e+19 2.170176943764090538e-03 -1.602289825677871704e-02
-1.409408577621194354e+03 6.797229300094423934e+02 -1.051700475205132079e+03 2.288940000000000000e+19 -1.510324701666831970e-02 -1.984836719930171967e-02
-1.411850897402863893e+03 6.770624953766684939e+02 -1.050139567227352245e+03 2.289140000000000000e+19 6.693539326079189777e-04 1.691181026399135590e-02
-1.414286463555136606e+03 6.743974524511346544e+02 -1.048575970033426756e+03 2.289340000000000000e+19 1.889080740511417389e-02 1.548957545310258865e-03
-1.416715264354161945e+03 6.717278140612826292e+02 -1.047009691149885157e+03 2.289540000000000000e+19 5.021093529649078846e-04 1.623525843024253845e-02
-1.419137288244007550e+03 6.690535929089834326e+02 -1.045440738028900341e+03 2.289740000000000000e+19 1.801173947751522064e-02 -1.420530583709478378e-02
-1.421552523566101854e+03 6.663748018668482018e+02 -1.043869118222804218e+03 2.289940000000000000e+19 -4.087866283953189850e-03 -3.512839600443840027e-02
-1.423760602608248973e+03 6.639152976401059050e+02 -1.042426164276324926e+03 2.290140000000000000e+19 -4.619983083102852106e-04 -2.748415572568774223e-03
-1.431145348904698267e+03 6.556141950694060370e+02 -1.037556122497196839e+03 2.290340000000000000e+19 -9.482589550316333771e-03 -3.064534626901149750e-02
-1.433526468845030877e+03 6.529127471080977330e+02 -1.035971282219671366e+03 2.290540000000000000e+19 -1.697498001158237457e-02 3.104661591351032257e-02
-1.435900731372112432e+03 6.502068064844532955e+02 -1.034383820564618190e+03 2.290740000000000000e+19 2.523762732744216919e-02 -2.086182124912738800e-02
-1.438268125164620642e+03 6.474963861012163306e+02 -1.032793745101540253e+03 2.290940000000000000e+19 -6.142055150121450424e-03 8.823106065392494202e-03
-1.440628638876245532e+03 6.447814989485613069e+02 -1.031201063451161190e+03 2.291140000000000000e+19 -5.173519719392061234e-03 9.673972614109516144e-03
-1.442982261169178855e+03 6.420621580665629153e+02 -1.029605783263410558e+03 2.291340000000000000e+19 3.218917921185493469e-02 1.398602500557899475e-02
-1.445328980845266642e+03 6.393383763935506749e+02 -1.028007912128462976e+03 2.291540000000000000e+19 3.584583464544266462e-05 -8.422705344855785370e-03
-1.447474154980428693e+03 6.368377432026412635e+02 -1.026540960432385873e+03 2.291740000000000000e+19 -3.094624495133757591e-03 -7.910752668976783752e-03
-1.431145348904698267e+03 6.556141950694060370e+02 -1.037556122497196839e+03 2.291940000000000000e+19 3.457363694906234741e-02 -7.844861596822738647e-03
-1.433526468845030877e+03 6.529127471080977330e+02 -1.035971282219671366e+03 2.292140000000000000e+19 1.597796194255352020e-02 1.536371652036905289e-02
-1.435900731372112432e+03 6.502068064844532955e+02 -1.034383820564618190e+03 2.292340000000000000e+19 -1.922499272041022778e-03 5.133875180035829544e-03
-1.438268125164620642e+03 6.474963861012163306e+02 -1.032793745101540253e+03 2.292540000000000000e+19 -2.286105975508689880e-02 4.175939131528139114e-03
-1.440628638876245532e+03 6.447814989485613069e+02 -1.031201063451161190e+03 2.292740000000000000e+19 -1.367165800184011459e-02 1.764776743948459625e-02
-1.442982261169178855e+03 6.420621580665629153e+02 -1.029605783263410558e+03 2.292940000000000000e+19 9.710189886391162872e-03 2.177906036376953125e-02
-1.445328980845266642e+03 6.393383763935506749e+02 -1.028007912128462976e+03 2.293140000000000000e+19 -1.249523740261793137e-02 -1.308177039027214050e-02
-1.447474154980428693e+03 6.368377432026412635e+02 -1.026540960432385873e+03 2.293340000000000000e+19 -2.331143245100975037e-03 -2.368718705838546157e-04
