# Baseline: 0-12
# Entries: 128
# u [m], v [m], w [m], frequency [GHz], real, imag
8.706151222143431596e+02 9.258225594547127457e+01 8.810800891891910851e+02 2.267940000000000000e+19 2.283364534378051758e-02 5.273542180657386780e-02
8.714121453753654123e+02 9.422440144712656718e+01 8.801175624734050871e+02 2.268140000000000000e+19 5.802963301539421082e-02 -7.285925000905990601e-02
8.722050025927670731e+02 9.586805007307646065e+01 8.791541611897411030e+02 2.268340000000000000e+19 3.179831057786941528e-02 -4.483873397111892700e-02
8.729936900777005349e+02 9.751319396868470335e+01 8.781898899420833686e+02 2.268540000000000000e+19 3.938586637377738953e-02 -3.515797108411788940e-02
8.735825975518248470e+02 9.874798214659568885e+01 8.774661452917874840e+02 2.268740000000000000e+19 4.135898500680923462e-02 -4.415433853864669800e-02
8.745585407721099500e+02 1.008079360689260540e+02 8.762587560178805006e+02 2.268940000000000000e+19 2.321615070104598999e-02 4.816653206944465637e-03
8.753346964764033373e+02 1.024575184713124827e+02 8.752919026034441004e+02 2.269140000000000000e+19 1.169578805565834045e-01 2.272001951932907104e-01
8.762991756568719666e+02 1.045214950854364133e+02 8.740821732097884933e+02 2.269340000000000000e+19 -7.506031543016433716e-02 -2.847380004823207855e-02
8.706151222143431596e+02 9.258225594547127457e+01 8.810800891891910851e+02 2.269540000000000000e+19 7.878968119621276855e-02 8.124624378979206085e-03
8.714121453753654123e+02 9.422440144712656718e+01 8.801175624734050871e+02 2.269740000000000000e+19 2.813089080154895782e-02 1.485774200409650803e-02
8.722050025927670731e+02 9.586805007307646065e+01 8.791541611897411030e+02 2.269940000000000000e+19 -7.153715193271636963e-02 -4.182366281747817993e-02
8.729936900777005349e+02 9.751319396868470335e+01 8.781898899420833686e+02 2.270140000000000000e+19 -7.173563539981842041e-02 3.066354244947433472e-02
8.735825975518248470e+02 9.874798214659568885e+01 8.774661452917874840e+02 2.270340000000000000e+19 6.768044084310531616e-02 -3.238377347588539124e-02
8.745585407721099500e+02 1.008079360689260540e+02 8.762587560178805006e+02 2.270540000000000000e+19 1.706495508551597595e-02 -8.665486238896846771e-03
8.753346964764033373e+02 1.024575184713124827e+02 8.752919026034441004e+02 2.270740000000000000e+19 6.831543892621994019e-02 -1.156104654073715210e-01
8.762991756568719666e+02 1.045214950854364133e+02 8.740821732097884933e+02 2.270940000000000000e+19 5.843104445375502110e-04 -8.021867275238037109e-02
8.783974353511723621e+02 1.090704063846616378e+02 8.714160204687049145e+02 2.271140000000000000e+19 -2.059605345129966736e-02 -3.417579457163810730e-02
8.791526307595738672e+02 1.107272283737987664e+02 8.704449560053192272e+02 2.271340000000000000e+19 -4.479287192225456238e-02 1.370092630386352539e-01
8.799036231754478194e+02 1.123854744973804003e+02 8.694730632714442891e+02 2.271540000000000000e+19 4.094282165169715881e-02 -1.146153435111045837e-01
8.806504090152554909e+02 1.140451368425594580e+02 8.685003469047752560e+02 2.271740000000000000e+19 -1.709773391485214233e-02 -1.407935842871665955e-02
8.813929847024880928e+02 1.157062074608417674e+02 8.675268115638683639e+02 2.271940000000000000e+19 3.121295943856239319e-03 -1.026963517069816589e-01
8.821313466833663597e+02 1.173686784027812280e+02 8.665524619078070145e+02 2.272140000000000000e+19 -7.190195471048355103e-02 -1.580825075507164001e-02
8.828654914217742089e+02 1.190325417064162110e+02 8.655773026029801258e+02 2.272340000000000000e+19 -4.801058024168014526e-02 6.375146657228469849e-02
8.835348034856846198e+02 1.205589485706648674e+02 8.646827094889313230e+02 2.272540000000000000e+19 -8.442740887403488159e-02 -1.626328751444816589e-02
8.783974353511723621e+02 1.090704063846616378e+02 8.714160204687049145e+02 2.272740000000000000e+19 4.930645972490310669e-02 -8.956777304410934448e-02
8.791526307595738672e+02 1.107272283737987664e+02 8.704449560053192272e+02 2.272940000000000000e+19 4.926380515098571777e-02 -1.007991805672645569e-01
8.799036231754478194e+02 1.123854744973804003e+02 8.694730632714442891e+02 2.273140000000000000e+19 -6.238262634724378586e-03 6.559639424085617065e-02
8.806504090152554909e+02 1.140451368425594580e+02 8.685003469047752560e+02 2.273340000000000000e+19 5.185531824827194214e-02 3.834663704037666321e-02
8.813929847024880928e+02 1.157062074608417674e+02 8.675268115638683639e+02 2.273540000000000000e+19 7.253543287515640259e-02 6.297944486141204834e-02
8.821313466833663597e+02 1.173686784027812280e+02 8.665524619078070145e+02 2.273740000000000000e+19 4.865429922938346863e-02 2.299144119024276733e-02
8.828654914217742089e+02 1.190325417064162110e+02 8.655773026029801258e+02 2.273940000000000000e+19 1.258193254470825195e-01 6.604324281215667725e-02
8.835348034856846198e+02 1.205589485706648674e+02 8.646827094889313230e+02 2.274140000000000000e+19 1.350851655006408691e-01 3.596197930164635181e-04
8.857598280260182264e+02 1.257017592752713142e+02 8.616686622364304640e+02 2.274340000000000000e+19 -6.976301968097686768e-02 1.419023573398590088e-01
8.864728342653842219e+02 1.273724648363552205e+02 8.606895247538002423e+02 2.274540000000000000e+19 -8.916246145963668823e-02 1.210683584213256836e-02
8.871816024951153850e+02 1.290445149068701767e+02 8.597096056672679651e+02 2.274740000000000000e+19 -5.936859920620918274e-02 1.099768839776515961e-02
8.878861293108961945e+02 1.307179014557025596e+02 8.587289096835372675e+02 2.274940000000000000e+19 1.313415765762329102e-01 1.754887849092483521e-01
8.885864113557125847e+02 1.323926165094505336e+02 8.577474414754574354e+02 2.275140000000000000e+19 -2.845072420313954353e-03 -9.130743332207202911e-03
8.892824452562957731e+02 1.340686520008555931e+02 8.567652057708523898e+02 2.275340000000000000e+19 4.278362169861793518e-02 -7.924283295869827271e-02
8.899742276986669367e+02 1.357459999496865350e+02 8.557822072465133942e+02 2.275540000000000000e+19 -1.752269081771373749e-02 2.266591787338256836e-02
8.906046781851947571e+02 1.372846984638054835e+02 8.548804687805267122e+02 2.275740000000000000e+19 -2.655605785548686981e-02 -1.690034568309783936e-02
8.857598280260182264e+02 1.257017592752713142e+02 8.616686622364304640e+02 2.275940000000000000e+19 -2.422557584941387177e-02 -8.909930288791656494e-02
8.864728342653842219e+02 1.273724648363552205e+02 8.606895247538002423e+02 2.276140000000000000e+19 -6.314639747142791748e-02 8.460529893636703491e-02
8.871816024951153850e+02 1.290445149068701767e+02 8.597096056672679651e+02 2.276340000000000000e+19 -4.665164276957511902e-02 -1.244818270206451416e-01
8.878861293108961945e+02 1.307179014557025596e+02 8.587289096835372675e+02 2.276540000000000000e+19 -2.849650103598833084e-03 5.247327685356140137e-02
8.885864113557125847e+02 1.323926165094505336e+02 8.577474414754574354e+02 2.276740000000000000e+19 -4.612424224615097046e-02 4.737605154514312744e-02
8.892824452562957731e+02 1.340686520008555931e+02 8.567652057708523898e+02 2.276940000000000000e+19 -2.899546176195144653e-02 1.541512459516525269e-02
8.899742276986669367e+02 1.357459999496865350e+02 8.557822072465133942e+02 2.277140000000000000e+19 -9.876281768083572388e-02 8.570020645856857300e-02
8.906046781851947571e+02 1.372846984638054835e+02 8.548804687805267122e+02 2.277340000000000000e+19 -9.268848598003387451e-02 1.268752366304397583e-01
8.926987769294944428e+02 1.424683555620964910e+02 8.518426791620311178e+02 2.277540000000000000e+19 -1.248576212674379349e-02 -9.390930831432342529e-02
8.933692528061844769e+02 1.441521452110140444e+02 8.508559372076472300e+02 2.277740000000000000e+19 -1.496202498674392700e-01 9.322981536388397217e-02
8.940354576545263399e+02 1.458371990311021591e+02 8.498684607309114654e+02 2.277940000000000000e+19 -3.114677593111991882e-02 -4.340625833719968796e-03
8.946973883024851375e+02 1.475235089992164887e+02 8.488802544335527500e+02 2.278140000000000000e+19 -1.384669262915849686e-02 4.804110899567604065e-02
8.953550415638048889e+02 1.492110669981290130e+02 8.478913230724052710e+02 2.278340000000000000e+19 7.192023098468780518e-02 8.493112772703170776e-02
8.960084143094638875e+02 1.508998649986481269e+02 8.469016713526807507e+02 2.278540000000000000e+19 -7.608217746019363403e-02 2.296177856624126434e-02
8.966575033943964854e+02 1.525898948715713175e+02 8.459113040381704423e+02 2.278740000000000000e+19 -3.896947205066680908e-02 -4.953639209270477295e-02
8.972487906242611189e+02 1.541401487443569067e+02 8.450028517161613308e+02 2.278940000000000000e+19 4.321777448058128357e-02 -5.947000905871391296e-02
8.926987769294944428e+02 1.424683555620964910e+02 8.518426791620311178e+02 2.279140000000000000e+19 9.525047615170478821e-03 2.075187116861343384e-02
8.933692528061844769e+02 1.441521452110140444e+02 8.508559372076472300e+02 2.279340000000000000e+19 3.859557211399078369e-03 -6.796731799840927124e-02
8.940354576545263399e+02 1.458371990311021591e+02 8.498684607309114654e+02 2.279540000000000000e+19 -1.067449226975440979e-01 1.173294782638549805e-01
8.946973883024851375e+02 1.475235089992164887e+02 8.488802544335527500e+02 2.279740000000000000e+19 2.616562414914369583e-03 -5.960706621408462524e-02
8.953550415638048889e+02 1.492110669981290130e+02 8.478913230724052710e+02 2.279940000000000000e+19 -8.623853325843811035e-02 1.188007593154907227e-01
8.960084143094638875e+02 1.508998649986481269e+02 8.469016713526807507e+02 2.280140000000000000e+19 -5.989803001284599304e-02 5.252942442893981934e-02
8.966575033943964854e+02 1.525898948715713175e+02 8.459113040381704423e+02 2.280340000000000000e+19 -6.219829618930816650e-02 5.538496002554893494e-02
8.972487906242611189e+02 1.541401487443569067e+02 8.450028517161613308e+02 2.280540000000000000e+19 5.822764709591865540e-02 9.383525699377059937e-03
8.991059392685167495e+02 1.590796091376850825e+02 8.421083520774586759e+02 2.280740000000000000e+19 2.257913909852504730e-02 -7.151824980974197388e-02
8.997342806226164384e+02 1.607754790680324959e+02 8.411145928545570314e+02 2.280940000000000000e+19 1.180782075971364975e-02 -1.575314556248486042e-03
9.003583204962691298e+02 1.624725336381178522e+02 8.401201457150610850e+02 2.281140000000000000e+19 -3.536350280046463013e-02 -5.326148122549057007e-03
9.009780558921772808e+02 1.641707646967130643e+02 8.391250154354626147e+02 2.281340000000000000e+19 1.436834335327148438e-01 -9.236852824687957764e-02
9.015934838617696414e+02 1.658701641638339481e+02 8.381292067504740544e+02 2.281540000000000000e+19 -6.503979116678237915e-02 3.394635021686553955e-02
9.022046014447315656e+02 1.675707238651776834e+02 8.371327244500470215e+02 2.281740000000000000e+19 -5.190506950020790100e-02 3.089195676147937775e-02
9.028114057250127189e+02 1.692724356859814350e+02 8.361355732892158130e+02 2.281940000000000000e+19 -2.335445433855056763e-01 -2.058307826519012451e-02
9.033639063639451479e+02 1.708333288510299610e+02 8.352209429681727215e+02 2.282140000000000000e+19 9.911427646875381470e-02 1.911849528551101685e-01
8.991059392685167495e+02 1.590796091376850825e+02 8.421083520774586759e+02 2.282340000000000000e+19 -1.547400802373886108e-01 -1.290339231491088867e-01
8.997342806226164384e+02 1.607754790680324959e+02 8.411145928545570314e+02 2.282540000000000000e+19 1.880853027105331421e-01 -3.411938622593879700e-02
9.003583204962691298e+02 1.624725336381178522e+02 8.401201457150610850e+02 2.282740000000000000e+19 -1.559797376394271851e-01 -2.698230147361755371e-01
9.009780558921772808e+02 1.641707646967130643e+02 8.391250154354626147e+02 2.282940000000000000e+19 -9.676197171211242676e-02 -9.463883191347122192e-02
9.015934838617696414e+02 1.658701641638339481e+02 8.381292067504740544e+02 2.283140000000000000e+19 -1.219475176185369492e-02 1.540682166814804077e-01
9.022046014447315656e+02 1.675707238651776834e+02 8.371327244500470215e+02 2.283340000000000000e+19 4.961366765201091766e-03 -6.836493313312530518e-02
9.028114057250127189e+02 1.692724356859814350e+02 8.361355732892158130e+02 2.283540000000000000e+19 5.204069241881370544e-02 -4.410601779818534851e-02
9.033639063639451479e+02 1.708333288510299610e+02 8.352209429681727215e+02 2.283740000000000000e+19 -2.520172297954559326e-02 9.567138552665710449e-02
9.051954320299122401e+02 1.760906411496918338e+02 8.321403755626752172e+02 2.283940000000000000e+19 3.046591207385063171e-02 9.691131114959716797e-02
9.057806266333673193e+02 1.777979912522124835e+02 8.311399517724153156e+02 2.284140000000000000e+19 -6.773158907890319824e-02 -7.955224812030792236e-02
9.063614908283284421e+02 1.795064445529742159e+02 8.301388877876419201e+02 2.284340000000000000e+19 5.840313807129859924e-02 6.237490847706794739e-02
9.069380218167324301e+02 1.812159928222125984e+02 8.291371884305658568e+02 2.284540000000000000e+19 1.432369202375411987e-01 -3.385062445886433125e-04
9.075102168535171359e+02 1.829266279201553118e+02 8.281348584706358906e+02 2.284740000000000000e+19 2.110848389565944672e-02 -1.376864165067672729e-01
9.080780731962589698e+02 1.846383416482526059e+02 8.271319027117131100e+02 2.284940000000000000e+19 -7.433949410915374756e-02 9.776090085506439209e-02
9.086415881194708390e+02 1.863511257908353684e+02 8.261283259676584976e+02 2.285140000000000000e+19 2.464111708104610443e-02 4.324394464492797852e-02
9.091543826899870737e+02 1.879220978404229641e+02 8.252078469809296166e+02 2.285340000000000000e+19 -1.588234910741448402e-03 6.572989374399185181e-02
9.051954320299122401e+02 1.760906411496918338e+02 8.321403755626752172e+02 2.285540000000000000e+19 1.114127109758555889e-03 6.089856848120689392e-02
9.057806266333673193e+02 1.777979912522124835e+02 8.311399517724153156e+02 2.285740000000000000e+19 -6.458458304405212402e-02 4.870042949914932251e-02
9.063614908283284421e+02 1.795064445529742159e+02 8.301388877876419201e+02 2.285940000000000000e+19 -2.315741591155529022e-02 -2.353847771883010864e-01
9.069380218167324301e+02 1.812159928222125984e+02 8.291371884305658568e+02 2.286140000000000000e+19 -4.615561664104461670e-02 4.625576082617044449e-03
9.075102168535171359e+02 1.829266279201553118e+02 8.281348584706358906e+02 2.286340000000000000e+19 8.213996142148971558e-02 1.189418360590934753e-01
9.080780731962589698e+02 1.846383416482526059e+02 8.271319027117131100e+02 2.286540000000000000e+19 1.134392693638801575e-01 -1.532961130142211914e-01
9.086415881194708390e+02 1.863511257908353684e+02 8.261283259676584976e+02 2.286740000000000000e+19 -1.092495471239089966e-01 4.735407233238220215e-02
9.091543826899870737e+02 1.879220978404229641e+02 8.252078469809296166e+02 2.286940000000000000e+19 -1.117662116885185242e-01 -5.360691994428634644e-02
9.108521800580942909e+02 1.932128026878972378e+02 8.221079051261131099e+02 2.287140000000000000e+19 6.689140200614929199e-02 5.922378599643707275e-02
9.113939478809758157e+02 1.949308159490923344e+02 8.211012954984984162e+02 2.287340000000000000e+19 -2.812284044921398163e-02 -4.612831771373748779e-02
9.119313584158066988e+02 1.966498503676008625e+02 8.200940937467067897e+02 2.287540000000000000e+19 -1.125694066286087036e-01 7.690674811601638794e-02
9.124644091038190936e+02 1.983698977584778902e+02 8.190863046663903333e+02 2.287740000000000000e+19 -5.683984979987144470e-02 1.710600107908248901e-01
9.129930973791147153e+02 2.000909498421041519e+02 8.180779331086415596e+02 2.287940000000000000e+19 -2.194278500974178314e-02 2.509805373847484589e-02
9.135174207262786013e+02 2.018129984298910529e+02 8.170689838711721222e+02 2.288140000000000000e+19 -3.404531162232160568e-04 -1.637770765228196979e-04
9.140373766214586340e+02 2.035360352326122779e+02 8.160594618106603093e+02 2.288340000000000000e+19 -4.661661013960838318e-02 -5.668774247169494629e-02
9.145102197255264400e+02 2.051163343750456534e+02 8.151335746552186947e+02 2.288540000000000000e+19 -8.762030303478240967e-02 6.091424077749252319e-02
9.108521800580942909e+02 1.932128026878972378e+02 8.221079051261131099e+02 2.288740000000000000e+19 -7.909063249826431274e-02 -2.311956882476806641e-02
9.113939478809758157e+02 1.949308159490923344e+02 8.211012954984984162e+02 2.288940000000000000e+19 -9.429479390382766724e-02 4.533895291388034821e-03
9.119313584158066988e+02 1.966498503676008625e+02 8.200940937467067897e+02 2.289140000000000000e+19 -2.441105060279369354e-02 8.592838048934936523e-02
9.124644091038190936e+02 1.983698977584778902e+02 8.190863046663903333e+02 2.289340000000000000e+19 -2.846255339682102203e-02 -3.862189128994941711e-03
9.129930973791147153e+02 2.000909498421041519e+02 8.180779331086415596e+02 2.289540000000000000e+19 4.910464957356452942e-02 -5.238051060587167740e-03
9.135174207262786013e+02 2.018129984298910529e+02 8.170689838711721222e+02 2.289740000000000000e+19 -3.273561596870422363e-02 6.431797146797180176e-02
9.140373766214586340e+02 2.035360352326122779e+02 8.160594618106603093e+02 2.289940000000000000e+19 1.195172667503356934e-01 -4.483832046389579773e-02
9.145102197255264400e+02 2.051163343750456534e+02 8.151335746552186947e+02 2.290140000000000000e+19 5.979864392429590225e-03 -1.740451902151107788e-02
9.160734763177227933e+02 2.104378998968290091e+02 8.120157418327083860e+02 2.290340000000000000e+19 1.279386132955551147e-01 -6.735917180776596069e-02
9.165715580859334750e+02 2.121657541230000845e+02 8.110034281032825447e+02 2.290540000000000000e+19 -4.007670655846595764e-02 1.444343291223049164e-02
9.170652577898032405e+02 2.138945470304689707e+02 8.099905705719776279e+02 2.290740000000000000e+19 -6.201251596212387085e-02 -1.011926978826522827e-01
9.175545730751656492e+02 2.156242703758040022e+02 8.089771740684178667e+02 2.290940000000000000e+19 3.173616155982017517e-02 -1.576747447252273560e-01
9.180395015968157395e+02 2.173549158689678222e+02 8.079632434495040343e+02 2.291140000000000000e+19 -7.041522860527038574e-02 -1.471328642219305038e-02
9.185200410256288706e+02 2.190864751973947193e+02 8.069487835853065008e+02 2.291340000000000000e+19 -3.387045115232467651e-02 -9.384707361459732056e-02
9.189961890753115767e+02 2.208189401225327231e+02 8.059337993025023934e+02 2.291540000000000000e+19 7.032451778650283813e-02 -9.371785074472427368e-02
9.194288543589763094e+02 2.224078098273369903e+02 8.050029472246707201e+02 2.291740000000000000e+19 -2.060510031878948212e-02 6.085363775491714478e-02
9.160734763177227933e+02 2.104378998968290091e+02 8.120157418327083860e+02 2.291940000000000000e+19 -3.268495574593544006e-02 -3.106190823018550873e-02
9.165715580859334750e+02 2.121657541230000845e+02 8.110034281032825447e+02 2.292140000000000000e+19 1.530577335506677628e-02 -5.345572903752326965e-02
9.170652577898032405e+02 2.138945470304689707e+02 8.099905705719776279e+02 2.292340000000000000e+19 -8.048725314438343048e-03 -4.878200124949216843e-03
9.175545730751656492e+02 2.156242703758040022e+02 8.089771740684178667e+02 2.292540000000000000e+19 3.247710410505533218e-03 -7.992090284824371338e-02
9.180395015968157395e+02 2.173549158689678222e+02 8.079632434495040343e+02 2.292740000000000000e+19 -2.051920443773269653e-02 -1.343008428812026978e-01
9.185200410256288706e+02 2.190864751973947193e+02 8.069487835853065008e+02 2.292940000000000000e+19 2.614096179604530334e-02 1.411066390573978424e-02
9.189961890753115767e+02 2.208189401225327231e+02 8.059337993025023934e+02 2.293140000000000000e+19 3.865284100174903870e-02 -1.206600107252597809e-02
9.194288543589763094e+02 2.224078098273369903e+02 8.050029472246707201e+02 2.293340000000000000e+19 -3.920168057084083557e-02 3.748035430908203125e-02
