# Baseline: 16-21
# Entries: 128
# u [m], v [m], w [m], frequency [GHz], real, imag, std(real), std(imag)
3.360977999465887933e+03 -6.623985301057297875e+03 2.546622604746592060e+03 2.267940000000000111e+01 4.542175233364105225e-01 -4.910820722579956055e-02 2.082345485687255859e-01 1.910594999790191650e-01
3.376289892364778552e+03 -6.617632175924702096e+03 2.542882620060464433e+03 2.268140000000000001e+01 -3.878935873508453369e-01 1.098337993025779724e-01 2.082345485687255859e-01 1.910594999790191650e-01
3.391585620897767058e+03 -6.611250150163085891e+03 2.539125735487026759e+03 2.268340000000000245e+01 4.002988636493682861e-01 -2.473447471857070923e-01 2.082345485687255859e-01 1.910594999790191650e-01
3.406865111970202634e+03 -6.604839254270929814e+03 2.535351968979743560e+03 2.268540000000000134e+01 -1.003325104713439941e+00 1.091695055365562439e-01 2.082345485687255859e-01 1.910594999790191650e-01
3.418314542033761427e+03 -6.600013055220638307e+03 2.532511102721358384e+03 2.268740000000000023e+01 -1.289100050926208496e-01 -3.565178811550140381e-01 2.082345485687255859e-01 1.910594999790191650e-01
3.437375089316095909e+03 -6.591930974954871090e+03 2.527753862484567435e+03 2.268940000000000268e+01 2.239825129508972168e-01 2.428102046251296997e-01 2.082345485687255859e-01 1.910594999790191650e-01
3.452605429258554068e+03 -6.585433653442371906e+03 2.523929558939195886e+03 2.269140000000000157e+01 3.699183231219649315e-03 -3.854869306087493896e-01 2.082345485687255859e-01 1.910594999790191650e-01
3.471620774858100049e+03 -6.577272743032867766e+03 2.519126223578609824e+03 2.269340000000000046e+01 3.538843244314193726e-02 1.152947470545768738e-01 2.082345485687255859e-01 1.910594999790191650e-01
3.360977999465887933e+03 -6.623985301057297875e+03 2.546622604746592060e+03 2.269540000000000290e+01 2.005041390657424927e-01 -2.658109962940216064e-01 2.082345485687255859e-01 1.910594999790191650e-01
3.376289892364778552e+03 -6.617632175924702096e+03 2.542882620060464433e+03 2.269740000000000180e+01 -2.501712441444396973e-01 1.706047952175140381e-01 2.082345485687255859e-01 1.910594999790191650e-01
3.391585620897767058e+03 -6.611250150163085891e+03 2.539125735487026759e+03 2.269940000000000069e+01 1.729936450719833374e-01 -2.447427064180374146e-01 2.082345485687255859e-01 1.910594999790191650e-01
3.406865111970202634e+03 -6.604839254270929814e+03 2.535351968979743560e+03 2.270140000000000313e+01 -1.785031706094741821e-01 6.086265668272972107e-02 2.082345485687255859e-01 1.910594999790191650e-01
3.418314542033761427e+03 -6.600013055220638307e+03 2.532511102721358384e+03 2.270340000000000202e+01 1.854682713747024536e-01 -8.473942428827285767e-02 2.082345485687255859e-01 1.910594999790191650e-01
3.437375089316095909e+03 -6.591930974954871090e+03 2.527753862484567435e+03 2.270540000000000092e+01 -2.799911797046661377e-01 1.073983311653137207e-01 2.082345485687255859e-01 1.910594999790191650e-01
3.452605429258554068e+03 -6.585433653442371906e+03 2.523929558939195886e+03 2.270739999999999981e+01 -5.067795887589454651e-02 1.265135705471038818e-01 2.082345485687255859e-01 1.910594999790191650e-01
3.471620774858100049e+03 -6.577272743032867766e+03 2.519126223578609824e+03 2.270940000000000225e+01 -1.466451734304428101e-01 2.337321639060974121e-01 2.082345485687255859e-01 1.910594999790191650e-01
3.513360766586285990e+03 -6.559157214558598753e+03 2.508464436870432564e+03 2.271140000000000114e+01 -1.534434109926223755e-01 -9.669928252696990967e-02 2.082345485687255859e-01 1.910594999790191650e-01
3.528507731805051662e+03 -6.552516473841002153e+03 2.504556271909332281e+03 2.271340000000000003e+01 -2.879454791545867920e-01 3.200686573982238770e-01 2.082345485687255859e-01 1.910594999790191650e-01
3.543637804078972749e+03 -6.545847144169097191e+03 2.500631390509363428e+03 2.271540000000000248e+01 8.780179545283317566e-03 -2.307570911943912506e-02 2.082345485687255859e-01 1.910594999790191650e-01
3.558750911210488994e+03 -6.539149257367964310e+03 2.496689811399526207e+03 2.271740000000000137e+01 -7.580070197582244873e-02 1.481634676456451416e-01 2.082345485687255859e-01 1.910594999790191650e-01
3.573846980819667806e+03 -6.532422845515335212e+03 2.492731553456985694e+03 2.271940000000000026e+01 2.696165740489959717e-01 -4.991746041923761368e-03 2.082345485687255859e-01 1.910594999790191650e-01
3.588925940660657943e+03 -6.525667940801981786e+03 2.488756635624917180e+03 2.272140000000000271e+01 1.136805191636085510e-01 -2.185487747192382812e-02 2.082345485687255859e-01 1.910594999790191650e-01
3.603987718517262238e+03 -6.518884575579035300e+03 2.484765076940346717e+03 2.272340000000000160e+01 -8.621349930763244629e-02 -1.759887784719467163e-01 2.082345485687255859e-01 1.910594999790191650e-01
3.617779413431380817e+03 -6.512641878225093024e+03 2.481091757285440963e+03 2.272540000000000049e+01 1.507439166307449341e-01 -2.045185714960098267e-01 2.082345485687255859e-01 1.910594999790191650e-01
3.513360766586285990e+03 -6.559157214558598753e+03 2.508464436870432564e+03 2.272740000000000293e+01 2.201443761587142944e-01 1.361810136586427689e-02 2.082345485687255859e-01 1.910594999790191650e-01
3.528507731805051662e+03 -6.552516473841002153e+03 2.504556271909332281e+03 2.272940000000000182e+01 -8.833497017621994019e-02 1.928273886442184448e-01 2.082345485687255859e-01 1.910594999790191650e-01
3.543637804078972749e+03 -6.545847144169097191e+03 2.500631390509363428e+03 2.273140000000000072e+01 3.429149976000189781e-03 9.939258545637130737e-02 2.082345485687255859e-01 1.910594999790191650e-01
3.558750911210488994e+03 -6.539149257367964310e+03 2.496689811399526207e+03 2.273340000000000316e+01 -2.409553527832031250e-01 -1.229586228728294373e-01 2.082345485687255859e-01 1.910594999790191650e-01
3.573846980819667806e+03 -6.532422845515335212e+03 2.492731553456985694e+03 2.273540000000000205e+01 -1.508526802062988281e-01 3.338764011859893799e-01 2.082345485687255859e-01 1.910594999790191650e-01
3.588925940660657943e+03 -6.525667940801981786e+03 2.488756635624917180e+03 2.273740000000000094e+01 -2.967697381973266602e-01 -3.255261480808258057e-01 2.082345485687255859e-01 1.910594999790191650e-01
3.603987718517262238e+03 -6.518884575579035300e+03 2.484765076940346717e+03 2.273939999999999984e+01 9.264799766242504120e-03 3.683324158191680908e-02 2.082345485687255859e-01 1.910594999790191650e-01
3.617779413431380817e+03 -6.512641878225093024e+03 2.481091757285440963e+03 2.274140000000000228e+01 -1.785672456026077271e-01 -1.315566301345825195e-01 2.082345485687255859e-01 1.910594999790191650e-01
3.664061570544840379e+03 -6.491467160519480785e+03 2.468632816697936960e+03 2.274340000000000117e+01 3.537894785404205322e-01 -1.228331327438354492e-01 2.082345485687255859e-01 1.910594999790191650e-01
3.679036359121215355e+03 -6.484541982324891251e+03 2.464558341824220861e+03 2.274540000000000006e+01 1.585069298744201660e-01 -2.193325012922286987e-01 2.082345485687255859e-01 1.910594999790191650e-01
3.693993534677580101e+03 -6.477588540342986562e+03 2.460467341848527212e+03 2.274740000000000251e+01 -1.957146264612674713e-02 3.503525853157043457e-01 2.082345485687255859e-01 1.910594999790191650e-01
3.708933025372374232e+03 -6.470606867972225700e+03 2.456359836420596366e+03 2.274940000000000140e+01 -2.291655689477920532e-01 3.570611476898193359e-01 2.082345485687255859e-01 1.910594999790191650e-01
3.723854760021093171e+03 -6.463596998478766182e+03 2.452235845111834351e+03 2.275140000000000029e+01 2.388176694512367249e-02 -3.051399951800704002e-03 2.082345485687255859e-01 1.910594999790191650e-01
3.738758666744695802e+03 -6.456558965630035345e+03 2.448095387788059725e+03 2.275340000000000273e+01 8.003058284521102905e-02 -1.877455115318298340e-01 2.082345485687255859e-01 1.910594999790191650e-01
3.753644674580747505e+03 -6.449492802937183114e+03 2.443938484163826161e+03 2.275540000000000163e+01 9.962435066699981689e-02 1.358258305117487907e-03 2.082345485687255859e-01 1.910594999790191650e-01
3.767274626620238905e+03 -6.442991162150262426e+03 2.440113767512782033e+03 2.275740000000000052e+01 -9.262732416391372681e-02 2.585280500352382660e-02 2.082345485687255859e-01 1.910594999790191650e-01
3.664061570544840379e+03 -6.491467160519480785e+03 2.468632816697936960e+03 2.275940000000000296e+01 -9.843117743730545044e-02 6.910541653633117676e-02 2.082345485687255859e-01 1.910594999790191650e-01
3.679036359121215355e+03 -6.484541982324891251e+03 2.464558341824220861e+03 2.276140000000000185e+01 -9.408485144376754761e-03 -4.320710897445678711e-02 2.082345485687255859e-01 1.910594999790191650e-01
3.693993534677580101e+03 -6.477588540342986562e+03 2.460467341848527212e+03 2.276340000000000074e+01 -7.564633339643478394e-02 -6.133997812867164612e-02 2.082345485687255859e-01 1.910594999790191650e-01
3.708933025372374232e+03 -6.470606867972225700e+03 2.456359836420596366e+03 2.276540000000000319e+01 -6.051261350512504578e-02 3.695685416460037231e-02 2.082345485687255859e-01 1.910594999790191650e-01
3.723854760021093171e+03 -6.463596998478766182e+03 2.452235845111834351e+03 2.276740000000000208e+01 -1.176040843129158020e-01 3.353958576917648315e-02 2.082345485687255859e-01 1.910594999790191650e-01
3.738758666744695802e+03 -6.456558965630035345e+03 2.448095387788059725e+03 2.276940000000000097e+01 3.079616697505116463e-03 -2.968682944774627686e-01 2.082345485687255859e-01 1.910594999790191650e-01
3.753644674580747505e+03 -6.449492802937183114e+03 2.443938484163826161e+03 2.277139999999999986e+01 -3.809640766121447086e-04 1.531233191490173340e-01 2.082345485687255859e-01 1.910594999790191650e-01
3.767274626620238905e+03 -6.442991162150262426e+03 2.440113767512782033e+03 2.277340000000000231e+01 7.836250215768814087e-02 -2.951284125447273254e-02 2.082345485687255859e-01 1.910594999790191650e-01
3.813008292493828776e+03 -6.420947532567698545e+03 2.427146806007522628e+03 2.277540000000000120e+01 3.636332601308822632e-02 -3.960226848721504211e-02 2.082345485687255859e-01 1.910594999790191650e-01
3.827803738542547308e+03 -6.413741230813680886e+03 2.422907970989847399e+03 2.277740000000000009e+01 7.347628474235534668e-02 -2.433616295456886292e-02 2.082345485687255859e-01 1.910594999790191650e-01
3.842580859299478107e+03 -6.406507004254884123e+03 2.418652810285738724e+03 2.277940000000000254e+01 1.200363636016845703e-01 1.410967558622360229e-01 2.082345485687255859e-01 1.910594999790191650e-01
3.857339584405501228e+03 -6.399244887336047213e+03 2.414381344155566239e+03 2.278140000000000143e+01 -2.434450685977935791e-01 -7.738525047898292542e-03 2.082345485687255859e-01 1.910594999790191650e-01
3.872079842818081943e+03 -6.391954915014175640e+03 2.410093593160536784e+03 2.278340000000000032e+01 4.620049148797988892e-02 -5.346753820776939392e-02 2.082345485687255859e-01 1.910594999790191650e-01
3.886801564404976034e+03 -6.384637121974089496e+03 2.405789577701287726e+03 2.278540000000000276e+01 2.294411212205886841e-01 2.571109235286712646e-01 2.082345485687255859e-01 1.910594999790191650e-01
3.901504678301749209e+03 -6.377291543440757778e+03 2.401469318495686366e+03 2.278740000000000165e+01 -3.916053101420402527e-02 1.222760826349258423e-01 2.082345485687255859e-01 1.910594999790191650e-01
3.914966365330378267e+03 -6.370534070360306941e+03 2.397495035039622053e+03 2.278940000000000055e+01 1.184573695063591003e-01 2.364603877067565918e-01 2.082345485687255859e-01 1.910594999790191650e-01
3.813008292493828776e+03 -6.420947532567698545e+03 2.427146806007522628e+03 2.279140000000000299e+01 -7.266999036073684692e-02 -5.342065915465354919e-02 2.082345485687255859e-01 1.910594999790191650e-01
3.827803738542547308e+03 -6.413741230813680886e+03 2.422907970989847399e+03 2.279340000000000188e+01 -1.386726498603820801e-01 1.793545186519622803e-01 2.082345485687255859e-01 1.910594999790191650e-01
3.842580859299478107e+03 -6.406507004254884123e+03 2.418652810285738724e+03 2.279540000000000077e+01 1.578428298234939575e-01 -7.534943521022796631e-02 2.082345485687255859e-01 1.910594999790191650e-01
3.857339584405501228e+03 -6.399244887336047213e+03 2.414381344155566239e+03 2.279739999999999966e+01 -6.688614934682846069e-02 9.257883578538894653e-02 2.082345485687255859e-01 1.910594999790191650e-01
3.872079842818081943e+03 -6.391954915014175640e+03 2.410093593160536784e+03 2.279940000000000211e+01 -6.197059154510498047e-02 1.195426583290100098e-01 2.082345485687255859e-01 1.910594999790191650e-01
3.886801564404976034e+03 -6.384637121974089496e+03 2.405789577701287726e+03 2.280140000000000100e+01 7.980409264564514160e-02 2.071727961301803589e-01 2.082345485687255859e-01 1.910594999790191650e-01
3.901504678301749209e+03 -6.377291543440757778e+03 2.401469318495686366e+03 2.280339999999999989e+01 -2.960208244621753693e-02 -2.356744185090065002e-02 2.082345485687255859e-01 1.910594999790191650e-01
3.914966365330378267e+03 -6.370534070360306941e+03 2.397495035039622053e+03 2.280540000000000234e+01 1.119836568832397461e-01 -4.339779261499643326e-03 2.082345485687255859e-01 1.910594999790191650e-01
3.957692971210573887e+03 -6.348876724490834931e+03 2.384758217382954626e+03 2.280740000000000123e+01 7.757847905158996582e-01 5.614377185702323914e-02 2.082345485687255859e-01 1.910594999790191650e-01
3.972305158743601623e+03 -6.341397346801179083e+03 2.380359739268190879e+03 2.280940000000000012e+01 -2.563206665217876434e-02 -1.846267729997634888e-01 2.082345485687255859e-01 1.910594999790191650e-01
3.986898329644844125e+03 -6.333890390424415273e+03 2.375945139032453426e+03 2.281140000000000256e+01 -1.633952260017395020e-01 -3.315585553646087646e-01 2.082345485687255859e-01 1.910594999790191650e-01
4.001472413821368264e+03 -6.326355891417963903e+03 2.371514437879983689e+03 2.281340000000000146e+01 -9.603714197874069214e-02 -2.807003557682037354e-01 2.082345485687255859e-01 1.910594999790191650e-01
4.016027341931754563e+03 -6.318793885630340810e+03 2.367067656891713341e+03 2.281540000000000035e+01 5.092105865478515625e-01 2.833592593669891357e-01 2.082345485687255859e-01 1.910594999790191650e-01
4.030563043964952612e+03 -6.311204409435435991e+03 2.362604817457070567e+03 2.281740000000000279e+01 4.042513668537139893e-01 1.395068317651748657e-01 2.082345485687255859e-01 1.910594999790191650e-01
4.045079450559800989e+03 -6.303587499049281178e+03 2.358125940872192587e+03 2.281940000000000168e+01 1.154011487960815430e-01 8.104702830314636230e-01 2.082345485687255859e-01 1.910594999790191650e-01
4.058369393968007444e+03 -6.296581610616542093e+03 2.354006437816118705e+03 2.282140000000000057e+01 -4.981480911374092102e-02 1.617580056190490723e-01 2.082345485687255859e-01 1.910594999790191650e-01
3.957692971210573887e+03 -6.348876724490834931e+03 2.384758217382954626e+03 2.282340000000000302e+01 3.121400019153952599e-03 -8.643309026956558228e-02 2.082345485687255859e-01 1.910594999790191650e-01
3.972305158743601623e+03 -6.341397346801179083e+03 2.380359739268190879e+03 2.282540000000000191e+01 -1.534889042377471924e-01 1.520998030900955200e-01 2.082345485687255859e-01 1.910594999790191650e-01
3.986898329644844125e+03 -6.333890390424415273e+03 2.375945139032453426e+03 2.282740000000000080e+01 -1.718605011701583862e-01 -2.663376033306121826e-01 2.082345485687255859e-01 1.910594999790191650e-01
4.001472413821368264e+03 -6.326355891417963903e+03 2.371514437879983689e+03 2.282939999999999969e+01 -1.537721008062362671e-01 9.336011111736297607e-02 2.082345485687255859e-01 1.910594999790191650e-01
4.016027341931754563e+03 -6.318793885630340810e+03 2.367067656891713341e+03 2.283140000000000214e+01 -6.957337725907564163e-03 -1.221225187182426453e-01 2.082345485687255859e-01 1.910594999790191650e-01
4.030563043964952612e+03 -6.311204409435435991e+03 2.362604817457070567e+03 2.283340000000000103e+01 1.217329651117324829e-01 3.292134702205657959e-01 2.082345485687255859e-01 1.910594999790191650e-01
4.045079450559800989e+03 -6.303587499049281178e+03 2.358125940872192587e+03 2.283539999999999992e+01 2.799986302852630615e-01 7.586966454982757568e-02 2.082345485687255859e-01 1.910594999790191650e-01
4.058369393968007444e+03 -6.296581610616542093e+03 2.354006437816118705e+03 2.283740000000000236e+01 1.183564513921737671e-01 2.285999944433569908e-04 2.082345485687255859e-01 1.910594999790191650e-01
4.102950734057964837e+03 -6.272846246845537280e+03 2.340050493013916366e+03 2.283940000000000126e+01 -1.055095493793487549e-01 -2.852943725883960724e-02 2.082345485687255859e-01 1.910594999790191650e-01
4.117369622840741613e+03 -6.265092715124289498e+03 2.335491753856101695e+03 2.284140000000000015e+01 2.148364931344985962e-01 6.085248664021492004e-02 2.082345485687255859e-01 1.910594999790191650e-01
4.131768800952423589e+03 -6.257311969781789230e+03 2.330917107240463793e+03 2.284340000000000259e+01 -2.694222889840602875e-02 3.793334215879440308e-02 2.082345485687255859e-01 1.910594999790191650e-01
4.146148199031015793e+03 -6.249504048298568705e+03 2.326326575203504490e+03 2.284540000000000148e+01 -1.597337573766708374e-01 -3.169125020503997803e-01 2.082345485687255859e-01 1.910594999790191650e-01
4.160507748611124953e+03 -6.241668987850961457e+03 2.321720179602430562e+03 2.284740000000000038e+01 1.111784949898719788e-01 9.544210880994796753e-02 2.082345485687255859e-01 1.910594999790191650e-01
4.174847380871412497e+03 -6.233806825989665413e+03 2.317097942514112674e+03 2.284940000000000282e+01 -3.284902572631835938e-01 8.602491766214370728e-02 2.082345485687255859e-01 1.910594999790191650e-01
4.189167026986576275e+03 -6.225917600450661666e+03 2.312459886123910564e+03 2.285140000000000171e+01 2.726581692695617676e-01 -2.187957167625427246e-01 2.082345485687255859e-01 1.910594999790191650e-01
4.202276009730476289e+03 -6.218662411483378492e+03 2.308194657383846334e+03 2.285340000000000060e+01 -1.492393612861633301e-01 7.975471019744873047e-02 2.082345485687255859e-01 1.910594999790191650e-01
4.102950734057964837e+03 -6.272846246845537280e+03 2.340050493013916366e+03 2.285540000000000305e+01 4.062703251838684082e-02 -7.883866876363754272e-02 2.082345485687255859e-01 1.910594999790191650e-01
4.117369622840741613e+03 -6.265092715124289498e+03 2.335491753856101695e+03 2.285740000000000194e+01 2.290065437555313110e-01 -6.533048301935195923e-02 2.082345485687255859e-01 1.910594999790191650e-01
4.131768800952423589e+03 -6.257311969781789230e+03 2.330917107240463793e+03 2.285940000000000083e+01 -1.422871053218841553e-01 -1.486524641513824463e-01 2.082345485687255859e-01 1.910594999790191650e-01
4.146148199031015793e+03 -6.249504048298568705e+03 2.326326575203504490e+03 2.286139999999999972e+01 2.848787419497966766e-02 4.092576727271080017e-02 2.082345485687255859e-01 1.910594999790191650e-01
4.160507748611124953e+03 -6.241668987850961457e+03 2.321720179602430562e+03 2.286340000000000217e+01 5.106257647275924683e-02 -9.118505567312240601e-02 2.082345485687255859e-01 1.910594999790191650e-01
4.174847380871412497e+03 -6.233806825989665413e+03 2.317097942514112674e+03 2.286540000000000106e+01 -1.764022395946085453e-03 -5.828681960701942444e-02 2.082345485687255859e-01 1.910594999790191650e-01
4.189167026986576275e+03 -6.225917600450661666e+03 2.312459886123910564e+03 2.286739999999999995e+01 -1.941926591098308563e-02 -2.128120958805084229e-01 2.082345485687255859e-01 1.910594999790191650e-01
4.202276009730476289e+03 -6.218662411483378492e+03 2.308194657383846334e+03 2.286940000000000239e+01 -5.853263288736343384e-02 -1.574698984622955322e-01 2.082345485687255859e-01 1.910594999790191650e-01
4.246244382487294388e+03 -6.194090817671240075e+03 2.293749912079138085e+03 2.287140000000000128e+01 3.332616388797760010e-02 -1.448353677988052368e-01 2.082345485687255859e-01 1.910594999790191650e-01
4.260463072700560588e+03 -6.186066842199724306e+03 2.289033093365093464e+03 2.287340000000000018e+01 9.838271141052246094e-02 -1.183163672685623169e-01 2.082345485687255859e-01 1.910594999790191650e-01
4.274661367036355841e+03 -6.178016031523769016e+03 2.284300589661645517e+03 2.287540000000000262e+01 2.923163473606109619e-01 1.517484933137893677e-01 2.082345485687255859e-01 1.910594999790191650e-01
4.288839197891717049e+03 -6.169938423976361264e+03 2.279552423502079819e+03 2.287740000000000151e+01 1.874938607215881348e-01 1.215284690260887146e-01 2.082345485687255859e-01 1.910594999790191650e-01
4.302996497020217248e+03 -6.161834058439816545e+03 2.274788617742162842e+03 2.287940000000000040e+01 -2.220439314842224121e-01 -1.278606355190277100e-01 2.082345485687255859e-01 1.910594999790191650e-01
4.317133197063056286e+03 -6.153702973473912607e+03 2.270009195047550747e+03 2.288140000000000285e+01 2.195124030113220215e-01 7.224629167467355728e-03 2.082345485687255859e-01 1.910594999790191650e-01
4.331249229972222565e+03 -6.145545208218473817e+03 2.265214178424614147e+03 2.288340000000000174e+01 -3.041114099323749542e-02 -1.095084194093942642e-02 2.082345485687255859e-01 1.910594999790191650e-01
4.344170978729266608e+03 -6.138044190702932610e+03 2.260805265137586048e+03 2.288540000000000063e+01 -1.732226163148880005e-01 5.120093934237957001e-03 2.082345485687255859e-01 1.910594999790191650e-01
4.246244382487294388e+03 -6.194090817671240075e+03 2.293749912079138085e+03 2.288740000000000308e+01 -2.335647866129875183e-02 1.208914816379547119e-01 2.082345485687255859e-01 1.910594999790191650e-01
4.260463072700560588e+03 -6.186066842199724306e+03 2.289033093365093464e+03 2.288940000000000197e+01 4.508899990469217300e-03 1.095823049545288086e-01 2.082345485687255859e-01 1.910594999790191650e-01
4.274661367036355841e+03 -6.178016031523769016e+03 2.284300589661645517e+03 2.289140000000000086e+01 -5.702166818082332611e-04 -2.002454996109008789e-01 2.082345485687255859e-01 1.910594999790191650e-01
4.288839197891717049e+03 -6.169938423976361264e+03 2.279552423502079819e+03 2.289339999999999975e+01 -2.287210971117019653e-01 -3.630701899528503418e-01 2.082345485687255859e-01 1.910594999790191650e-01
4.302996497020217248e+03 -6.161834058439816545e+03 2.274788617742162842e+03 2.289540000000000219e+01 -3.881233278661966324e-03 7.909348607063293457e-02 2.082345485687255859e-01 1.910594999790191650e-01
4.317133197063056286e+03 -6.153702973473912607e+03 2.270009195047550747e+03 2.289740000000000109e+01 2.967475354671478271e-01 -2.195273637771606445e-01 2.082345485687255859e-01 1.910594999790191650e-01
4.331249229972222565e+03 -6.145545208218473817e+03 2.265214178424614147e+03 2.289939999999999998e+01 1.231674253940582275e-01 -1.091414690017700195e-01 2.082345485687255859e-01 1.910594999790191650e-01
4.344170978729266608e+03 -6.138044190702932610e+03 2.260805265137586048e+03 2.290140000000000242e+01 2.248383611440658569e-01 1.062387824058532715e-01 2.082345485687255859e-01 1.910594999790191650e-01
4.387505343061997337e+03 -6.112648125639833779e+03 2.245878631903745827e+03 2.290340000000000131e+01 -3.700190782546997070e-02 -8.899347856640815735e-03 2.082345485687255859e-01 1.910594999790191650e-01
4.401517030041165526e+03 -6.104357546473624097e+03 2.241005990976953854e+03 2.290540000000000020e+01 -2.973201572895050049e-01 3.505570814013481140e-02 2.082345485687255859e-01 1.910594999790191650e-01
4.415507646147762898e+03 -6.096040523117107114e+03 2.236117894891377091e+03 2.290740000000000265e+01 3.533420339226722717e-02 -4.293833971023559570e-01 2.082345485687255859e-01 1.910594999790191650e-01
4.429477124669806472e+03 -6.087697095228223588e+03 2.231214366954874549e+03 2.290940000000000154e+01 -6.242656148970127106e-03 9.498071856796741486e-03 2.082345485687255859e-01 1.910594999790191650e-01
4.443425398655450408e+03 -6.079327302794142270e+03 2.226295430668395511e+03 2.291140000000000043e+01 4.450195282697677612e-02 8.846676349639892578e-02 2.082345485687255859e-01 1.910594999790191650e-01
4.457352401109325001e+03 -6.070931186016597167e+03 2.221361109658569148e+03 2.291340000000000288e+01 1.748263686895370483e-01 -1.657136678695678711e-01 2.082345485687255859e-01 1.910594999790191650e-01
4.471258065768781307e+03 -6.062508784843540525e+03 2.216411427402465506e+03 2.291540000000000177e+01 7.342035323381423950e-02 -2.298870980739593506e-01 2.082345485687255859e-01 1.910594999790191650e-01
4.483986394613506491e+03 -6.054765529750191490e+03 2.211860940254831348e+03 2.291740000000000066e+01 -6.506504118442535400e-02 -1.771143376827239990e-01 2.082345485687255859e-01 1.910594999790191650e-01
4.387505343061997337e+03 -6.112648125639833779e+03 2.245878631903745827e+03 2.291940000000000310e+01 -1.394340395927429199e-01 -1.045507416129112244e-01 2.082345485687255859e-01 1.910594999790191650e-01
4.401517030041165526e+03 -6.104357546473624097e+03 2.241005990976953854e+03 2.292140000000000200e+01 -4.666883498430252075e-02 -6.246296316385269165e-02 2.082345485687255859e-01 1.910594999790191650e-01
4.415507646147762898e+03 -6.096040523117107114e+03 2.236117894891377091e+03 2.292340000000000089e+01 5.254661664366722107e-02 -3.399059176445007324e-02 2.082345485687255859e-01 1.910594999790191650e-01
4.429477124669806472e+03 -6.087697095228223588e+03 2.231214366954874549e+03 2.292539999999999978e+01 2.246454954147338867e-01 1.760146617889404297e-01 2.082345485687255859e-01 1.910594999790191650e-01
4.443425398655450408e+03 -6.079327302794142270e+03 2.226295430668395511e+03 2.292740000000000222e+01 -1.215814203023910522e-01 1.172074526548385620e-01 2.082345485687255859e-01 1.910594999790191650e-01
4.457352401109325001e+03 -6.070931186016597167e+03 2.221361109658569148e+03 2.292940000000000111e+01 9.340184181928634644e-02 -2.301835082471370697e-02 2.082345485687255859e-01 1.910594999790191650e-01
4.471258065768781307e+03 -6.062508784843540525e+03 2.216411427402465506e+03 2.293140000000000001e+01 1.197560951113700867e-01 -7.119136303663253784e-02 2.082345485687255859e-01 1.910594999790191650e-01
4.483986394613506491e+03 -6.054765529750191490e+03 2.211860940254831348e+03 2.293340000000000245e+01 -7.936205714941024780e-02 -2.001249492168426514e-01 2.082345485687255859e-01 1.910594999790191650e-01
