# Baseline: 5-23
# Entries: 128
# u [m], v [m], w [m], frequency [GHz], real, imag, std(real), std(imag)
3.706387418865131622e+03 -1.364037690201872010e+03 3.535025193848626714e+03 2.267940000000000111e+01 6.823396682739257812e-02 2.329231500625610352e-01 6.227492913603782654e-02 6.245688721537590027e-02
3.712861026234579185e+03 -1.357043292828749145e+03 3.530921429515908130e+03 2.268140000000000001e+01 1.248716609552502632e-03 -6.573165953159332275e-02 6.227492913603782654e-02 6.245688721537590027e-02
3.719316877703098726e+03 -1.350036680794204358e+03 3.526810537000964814e+03 2.268340000000000245e+01 8.164776116609573364e-02 5.432749539613723755e-02 6.227492913603782654e-02 6.245688721537590027e-02
3.725754942419808231e+03 -1.343017887581346486e+03 3.522692535948885507e+03 2.268540000000000134e+01 -6.361690908670425415e-02 -7.226248830556869507e-02 6.227492913603782654e-02 6.245688721537590027e-02
3.730572357452645065e+03 -1.337746197724909052e+03 3.519599603054868567e+03 2.268740000000000023e+01 1.778709888458251953e-01 1.914224773645401001e-01 6.227492913603782654e-02 6.245688721537590027e-02
3.738577588438573457e+03 -1.328943892038577587e+03 3.514435287097592209e+03 2.268940000000000268e+01 -3.179051727056503296e-02 -2.066300064325332642e-01 6.227492913603782654e-02 6.245688721537590027e-02
3.744962108241403257e+03 -1.321888757210560243e+03 3.510296078901929377e+03 2.269140000000000157e+01 -5.809419229626655579e-02 5.057937651872634888e-02 6.227492913603782654e-02 6.245688721537590027e-02
3.752918296467904838e+03 -1.313053388333303474e+03 3.505112469358975886e+03 2.269340000000000046e+01 1.186376661062240601e-01 1.940919086337089539e-02 6.227492913603782654e-02 6.245688721537590027e-02
3.706387418865131622e+03 -1.364037690201872010e+03 3.535025193848626714e+03 2.269540000000000290e+01 9.944494813680648804e-02 9.508080780506134033e-02 6.227492913603782654e-02 6.245688721537590027e-02
3.712861026234579185e+03 -1.357043292828749145e+03 3.530921429515908130e+03 2.269740000000000180e+01 6.399089097976684570e-02 2.516708150506019592e-02 6.227492913603782654e-02 6.245688721537590027e-02
3.719316877703098726e+03 -1.350036680794204358e+03 3.526810537000964814e+03 2.269940000000000069e+01 -5.938604846596717834e-02 -6.106496974825859070e-02 6.227492913603782654e-02 6.245688721537590027e-02
3.725754942419808231e+03 -1.343017887581346486e+03 3.522692535948885507e+03 2.270140000000000313e+01 -8.384624868631362915e-02 -1.476231664419174194e-01 6.227492913603782654e-02 6.245688721537590027e-02
3.730572357452645065e+03 -1.337746197724909052e+03 3.519599603054868567e+03 2.270340000000000202e+01 2.805962972342967987e-02 1.514375396072864532e-02 6.227492913603782654e-02 6.245688721537590027e-02
3.738577588438573457e+03 -1.328943892038577587e+03 3.514435287097592209e+03 2.270540000000000092e+01 2.265783259645104408e-03 -1.475955545902252197e-01 6.227492913603782654e-02 6.245688721537590027e-02
3.744962108241403257e+03 -1.321888757210560243e+03 3.510296078901929377e+03 2.270739999999999981e+01 6.938712298870086670e-02 -1.031280215829610825e-02 6.227492913603782654e-02 6.245688721537590027e-02
3.752918296467904838e+03 -1.313053388333303474e+03 3.505112469358975886e+03 2.270940000000000225e+01 7.158381491899490356e-02 -5.105379968881607056e-02 6.227492913603782654e-02 6.245688721537590027e-02
3.770320788406211705e+03 -1.293548091656140286e+03 3.493669149653970635e+03 2.271140000000000114e+01 3.188920766115188599e-02 -6.137194111943244934e-02 6.227492913603782654e-02 6.245688721537590027e-02
3.776615456962872486e+03 -1.286433063269911145e+03 3.489494992705068398e+03 2.271340000000000003e+01 -2.106584049761295319e-02 -1.465385430492460728e-03 6.227492913603782654e-02 6.245688721537590027e-02
3.782892064464025680e+03 -1.279306158194663794e+03 3.485313905859643455e+03 2.271540000000000248e+01 -3.800655901432037354e-02 1.122271120548248291e-01 6.227492913603782654e-02 6.245688721537590027e-02
3.789150580959138097e+03 -1.272167410438750494e+03 3.481125909069123281e+03 2.271740000000000137e+01 -8.651434630155563354e-02 -1.884163357317447662e-02 6.227492913603782654e-02 6.245688721537590027e-02
3.795390976474857780e+03 -1.265016854191245329e+03 3.476931022390779162e+03 2.271940000000000026e+01 4.219692200422286987e-02 2.440900076180696487e-03 6.227492913603782654e-02 6.245688721537590027e-02
3.801613221146262731e+03 -1.257854523672809364e+03 3.472729265900231439e+03 2.272140000000000271e+01 -5.423435941338539124e-02 -1.152478531002998352e-02 6.227492913603782654e-02 6.245688721537590027e-02
3.807817285173915479e+03 -1.250680453185595752e+03 3.468520659720730237e+03 2.272340000000000160e+01 -6.065861508250236511e-02 -1.962159574031829834e-02 6.227492913603782654e-02 6.245688721537590027e-02
3.813488579572524486e+03 -1.244094086542393597e+03 3.464656857332216987e+03 2.272540000000000049e+01 1.404907461255788803e-02 -5.393701791763305664e-02 6.227492913603782654e-02 6.245688721537590027e-02
3.770320788406211705e+03 -1.293548091656140286e+03 3.493669149653970635e+03 2.272740000000000293e+01 3.333450108766555786e-02 4.413564130663871765e-02 6.227492913603782654e-02 6.245688721537590027e-02
3.776615456962872486e+03 -1.286433063269911145e+03 3.489494992705068398e+03 2.272940000000000182e+01 -1.559113711118698120e-01 -1.679992489516735077e-02 6.227492913603782654e-02 6.245688721537590027e-02
3.782892064464025680e+03 -1.279306158194663794e+03 3.485313905859643455e+03 2.273140000000000072e+01 -2.494116313755512238e-02 -9.216645732522010803e-03 6.227492913603782654e-02 6.245688721537590027e-02
3.789150580959138097e+03 -1.272167410438750494e+03 3.481125909069123281e+03 2.273340000000000316e+01 2.757700346410274506e-02 4.028555750846862793e-02 6.227492913603782654e-02 6.245688721537590027e-02
3.795390976474857780e+03 -1.265016854191245329e+03 3.476931022390779162e+03 2.273540000000000205e+01 1.950917579233646393e-02 1.873758062720298767e-02 6.227492913603782654e-02 6.245688721537590027e-02
3.801613221146262731e+03 -1.257854523672809364e+03 3.472729265900231439e+03 2.273740000000000094e+01 -2.031176723539829254e-02 7.526641339063644409e-02 6.227492913603782654e-02 6.245688721537590027e-02
3.807817285173915479e+03 -1.250680453185595752e+03 3.468520659720730237e+03 2.273939999999999984e+01 -4.150222614407539368e-02 2.717458829283714294e-02 6.227492913603782654e-02 6.245688721537590027e-02
3.813488579572524486e+03 -1.244094086542393597e+03 3.464656857332216987e+03 2.274140000000000228e+01 -3.286050260066986084e-02 -1.431395020335912704e-02 6.227492913603782654e-02 6.245688721537590027e-02
3.832451142679602071e+03 -1.221867458652252935e+03 3.451618141193853717e+03 2.274340000000000117e+01 2.094149030745029449e-02 -1.135854870080947876e-01 6.227492913603782654e-02 6.245688721537590027e-02
3.838563859955652788e+03 -1.214635204337944742e+03 3.447375589282901728e+03 2.274540000000000006e+01 -2.070830017328262329e-02 -5.945903435349464417e-02 6.227492913603782654e-02 6.245688721537590027e-02
3.844658219837600882e+03 -1.207391416790745097e+03 3.443126308960175720e+03 2.274740000000000251e+01 -6.429101526737213135e-02 5.467822775244712830e-02 6.227492913603782654e-02 6.245688721537590027e-02
3.850734193053337549e+03 -1.200136130803680999e+03 3.438870320635627650e+03 2.274940000000000140e+01 -1.697223931550979614e-01 -1.891645230352878571e-02 6.227492913603782654e-02 6.245688721537590027e-02
3.856791750651579605e+03 -1.192869380946872980e+03 3.434607644588283620e+03 2.275140000000000029e+01 4.118816554546356201e-02 4.613441880792379379e-03 6.227492913603782654e-02 6.245688721537590027e-02
3.862830863452774338e+03 -1.185591202224990866e+03 3.430338301351890095e+03 2.275340000000000273e+01 4.800664260983467102e-02 -1.025340426713228226e-02 6.227492913603782654e-02 6.245688721537590027e-02
3.868851502702934795e+03 -1.178301629292274583e+03 3.426062311254462202e+03 2.275540000000000163e+01 3.689213097095489502e-02 3.829931141808629036e-03 6.227492913603782654e-02 6.245688721537590027e-02
3.874354404705466095e+03 -1.171609685397698058e+03 3.422136916252839910e+03 2.275740000000000052e+01 5.722570791840553284e-02 7.662402931600809097e-03 6.227492913603782654e-02 6.245688721537590027e-02
3.832451142679602071e+03 -1.221867458652252935e+03 3.451618141193853717e+03 2.275940000000000296e+01 -5.430159717798233032e-02 -3.563037607818841934e-03 6.227492913603782654e-02 6.245688721537590027e-02
3.838563859955652788e+03 -1.214635204337944742e+03 3.447375589282901728e+03 2.276140000000000185e+01 8.043997921049594879e-03 7.776274811476469040e-03 6.227492913603782654e-02 6.245688721537590027e-02
3.844658219837600882e+03 -1.207391416790745097e+03 3.443126308960175720e+03 2.276340000000000074e+01 -8.440484851598739624e-02 -1.345268543809652328e-02 6.227492913603782654e-02 6.245688721537590027e-02
3.850734193053337549e+03 -1.200136130803680999e+03 3.438870320635627650e+03 2.276540000000000319e+01 5.263584479689598083e-02 -7.642616517841815948e-03 6.227492913603782654e-02 6.245688721537590027e-02
3.856791750651579605e+03 -1.192869380946872980e+03 3.434607644588283620e+03 2.276740000000000208e+01 3.595751151442527771e-02 -3.416358307003974915e-02 6.227492913603782654e-02 6.245688721537590027e-02
3.862830863452774338e+03 -1.185591202224990866e+03 3.430338301351890095e+03 2.276940000000000097e+01 -2.840140461921691895e-02 -5.460854247212409973e-02 6.227492913603782654e-02 6.245688721537590027e-02
3.868851502702934795e+03 -1.178301629292274583e+03 3.426062311254462202e+03 2.277139999999999986e+01 -2.798685058951377869e-02 3.020574152469635010e-02 6.227492913603782654e-02 6.245688721537590027e-02
3.874354404705466095e+03 -1.171609685397698058e+03 3.422136916252839910e+03 2.277340000000000231e+01 -8.928959071636199951e-02 2.311979047954082489e-02 6.227492913603782654e-02 6.245688721537590027e-02
3.892748748838537722e+03 -1.149030094494637069e+03 3.408892292302655733e+03 2.277540000000000120e+01 1.959268189966678619e-02 4.813982546329498291e-02 6.227492913603782654e-02 6.245688721537590027e-02
3.898676589719520052e+03 -1.141684075110477124e+03 3.404583375623321899e+03 2.277740000000000009e+01 3.947637602686882019e-02 5.354624614119529724e-02 6.227492913603782654e-02 6.245688721537590027e-02
3.904585785397701329e+03 -1.134326871771186461e+03 3.400267935414232397e+03 2.277940000000000254e+01 1.403931621462106705e-02 9.056061506271362305e-02 6.227492913603782654e-02 6.245688721537590027e-02
3.910476307737314983e+03 -1.126958519507041501e+03 3.395945992222749283e+03 2.278140000000000143e+01 7.201391458511352539e-02 6.465834379196166992e-02 6.227492913603782654e-02 6.245688721537590027e-02
3.916348128383800031e+03 -1.119579053786385202e+03 3.391617566853010885e+03 2.278340000000000032e+01 5.790432170033454895e-02 -2.177386917173862457e-02 6.227492913603782654e-02 6.245688721537590027e-02
3.922201219399821639e+03 -1.112188509719806461e+03 3.387282679899139112e+03 2.278540000000000276e+01 8.341795951128005981e-02 7.358923554420471191e-02 6.227492913603782654e-02 6.245688721537590027e-02
3.928035552610980176e+03 -1.104786922882455883e+03 3.382941352227571770e+03 2.278740000000000165e+01 2.315072529017925262e-02 -3.548073396086692810e-02 6.227492913603782654e-02 6.245688721537590027e-02
3.933367428998759806e+03 -1.097992603936651449e+03 3.378956242976701560e+03 2.278940000000000055e+01 -3.822158649563789368e-02 3.681002929806709290e-02 6.227492913603782654e-02 6.245688721537590027e-02
3.892748748838537722e+03 -1.149030094494637069e+03 3.408892292302655733e+03 2.279140000000000299e+01 -2.453722432255744934e-02 -1.671733334660530090e-02 6.227492913603782654e-02 6.245688721537590027e-02
3.898676589719520052e+03 -1.141684075110477124e+03 3.404583375623321899e+03 2.279340000000000188e+01 -1.829687878489494324e-02 3.570692986249923706e-02 6.227492913603782654e-02 6.245688721537590027e-02
3.904585785397701329e+03 -1.134326871771186461e+03 3.400267935414232397e+03 2.279540000000000077e+01 -1.112557053565979004e-01 -2.482204325497150421e-02 6.227492913603782654e-02 6.245688721537590027e-02
3.910476307737314983e+03 -1.126958519507041501e+03 3.395945992222749283e+03 2.279739999999999966e+01 -4.454179201275110245e-03 -6.712183356285095215e-03 6.227492913603782654e-02 6.245688721537590027e-02
3.916348128383800031e+03 -1.119579053786385202e+03 3.391617566853010885e+03 2.279940000000000211e+01 2.569429110735654831e-03 5.138187855482101440e-02 6.227492913603782654e-02 6.245688721537590027e-02
3.922201219399821639e+03 -1.112188509719806461e+03 3.387282679899139112e+03 2.280140000000000100e+01 3.146890550851821899e-02 9.650235064327716827e-03 6.227492913603782654e-02 6.245688721537590027e-02
3.928035552610980176e+03 -1.104786922882455883e+03 3.382941352227571770e+03 2.280339999999999989e+01 7.074870634824037552e-03 2.293006749823689461e-03 6.227492913603782654e-02 6.245688721537590027e-02
3.933367428998759806e+03 -1.097992603936651449e+03 3.378956242976701560e+03 2.280540000000000234e+01 -2.429846115410327911e-02 3.777967300266027451e-03 6.227492913603782654e-02 6.245688721537590027e-02
3.950226225447967408e+03 -1.076312511949550071e+03 3.366240304042901698e+03 2.280740000000000123e+01 -2.693632841110229492e-01 1.370465308427810669e-01 6.227492913603782654e-02 6.245688721537590027e-02
3.955969504395166950e+03 -1.068858051444420425e+03 3.361868139341122514e+03 2.280940000000000012e+01 2.736659348011016846e-01 -2.047818154096603394e-01 6.227492913603782654e-02 6.245688721537590027e-02
3.961693864032949932e+03 -1.061392755407783397e+03 3.357489655473385938e+03 2.281140000000000256e+01 -2.422765344381332397e-01 1.013661399483680725e-01 6.227492913603782654e-02 6.245688721537590027e-02
3.967399276866618038e+03 -1.053916659696741817e+03 3.353104873470311304e+03 2.281340000000000146e+01 1.980846524238586426e-01 -2.118861973285675049e-01 6.227492913603782654e-02 6.245688721537590027e-02
3.973085715750766212e+03 -1.046429799881742838e+03 3.348713814194221868e+03 2.281540000000000035e+01 -1.323160529136657715e-01 1.207764521241188049e-01 6.227492913603782654e-02 6.245688721537590027e-02
3.978753153332809234e+03 -1.038932211975374457e+03 3.344316498766582299e+03 2.281740000000000279e+01 2.854509949684143066e-01 -1.485375165939331055e-01 6.227492913603782654e-02 6.245688721537590027e-02
3.984401562569209091e+03 -1.031423931754874957e+03 3.339912948170657728e+03 2.281940000000000168e+01 -2.080668956041336060e-01 2.844021916389465332e-01 6.227492913603782654e-02 6.245688721537590027e-02
3.989562774934029676e+03 -1.024532114668759959e+03 3.335870979614260705e+03 2.282140000000000057e+01 1.652467846870422363e-01 -4.846467077732086182e-02 6.227492913603782654e-02 6.245688721537590027e-02
3.950226225447967408e+03 -1.076312511949550071e+03 3.366240304042901698e+03 2.282340000000000302e+01 -1.031533405184745789e-01 1.368736326694488525e-01 6.227492913603782654e-02 6.245688721537590027e-02
3.955969504395166950e+03 -1.068858051444420425e+03 3.361868139341122514e+03 2.282540000000000191e+01 5.621933564543724060e-02 8.492463082075119019e-02 6.227492913603782654e-02 6.245688721537590027e-02
3.961693864032949932e+03 -1.061392755407783397e+03 3.357489655473385938e+03 2.282740000000000080e+01 -1.092374473810195923e-01 1.000673249363899231e-01 6.227492913603782654e-02 6.245688721537590027e-02
3.967399276866618038e+03 -1.053916659696741817e+03 3.353104873470311304e+03 2.282939999999999969e+01 4.953781515359878540e-02 9.791669249534606934e-02 6.227492913603782654e-02 6.245688721537590027e-02
3.973085715750766212e+03 -1.046429799881742838e+03 3.348713814194221868e+03 2.283140000000000214e+01 -2.162528038024902344e-02 5.816148221492767334e-02 6.227492913603782654e-02 6.245688721537590027e-02
3.978753153332809234e+03 -1.038932211975374457e+03 3.344316498766582299e+03 2.283340000000000103e+01 9.369827806949615479e-02 -9.063870646059513092e-03 6.227492913603782654e-02 6.245688721537590027e-02
3.984401562569209091e+03 -1.031423931754874957e+03 3.339912948170657728e+03 2.283539999999999992e+01 -8.564456552267074585e-02 1.330517977476119995e-01 6.227492913603782654e-02 6.245688721537590027e-02
3.989562774934029676e+03 -1.024532114668759959e+03 3.335870979614260705e+03 2.283740000000000236e+01 1.649941690266132355e-02 4.728931933641433716e-02 6.227492913603782654e-02 6.245688721537590027e-02
4.006804376613111799e+03 -1.001284607383425623e+03 3.322236816172136514e+03 2.283940000000000126e+01 -3.881281241774559021e-02 3.425060957670211792e-02 6.227492913603782654e-02 6.245688721537590027e-02
4.012357240313805960e+03 -9.937234058092516307e+02 3.317802406564705052e+03 2.284140000000000015e+01 7.754486799240112305e-02 -9.247627854347229004e-02 6.227492913603782654e-02 6.245688721537590027e-02
4.017890914925688321e+03 -9.861517281729331899e+02 3.313361888616648685e+03 2.284340000000000259e+01 -2.922888658940792084e-02 7.084875553846359253e-02 6.227492913603782654e-02 6.245688721537590027e-02
4.023405373792626960e+03 -9.785696109478901690e+02 3.308915283718329192e+03 2.284540000000000148e+01 4.163111746311187744e-02 -5.371020734310150146e-02 6.227492913603782654e-02 6.245688721537590027e-02
4.028900590658353394e+03 -9.709770902353045585e+02 3.304462613041634995e+03 2.284740000000000038e+01 -3.261621668934822083e-02 8.830808103084564209e-02 6.227492913603782654e-02 6.245688721537590027e-02
4.034376539185644560e+03 -9.633742024237155874e+02 3.300003897926809259e+03 2.284940000000000282e+01 6.344463676214218140e-02 -6.184111908078193665e-02 6.227492913603782654e-02 6.245688721537590027e-02
4.039833193091930752e+03 -9.557609840045519149e+02 3.295539159774264135e+03 2.285140000000000171e+01 1.533903554081916809e-02 -9.751752018928527832e-02 6.227492913603782654e-02 6.245688721537590027e-02
4.044818400089318857e+03 -9.487732869731649998e+02 3.291441286425095313e+03 2.285340000000000060e+01 1.565657369792461395e-02 3.351670131087303162e-02 6.227492913603782654e-02 6.245688721537590027e-02
4.006804376613111799e+03 -1.001284607383425623e+03 3.322236816172136514e+03 2.285540000000000305e+01 -6.221977993845939636e-02 7.057754322886466980e-03 6.227492913603782654e-02 6.245688721537590027e-02
4.012357240313805960e+03 -9.937234058092516307e+02 3.317802406564705052e+03 2.285740000000000194e+01 4.974416270852088928e-02 -9.933956712484359741e-02 6.227492913603782654e-02 6.245688721537590027e-02
4.017890914925688321e+03 -9.861517281729331899e+02 3.313361888616648685e+03 2.285940000000000083e+01 -7.357925921678543091e-02 -3.915301989763975143e-03 6.227492913603782654e-02 6.245688721537590027e-02
4.023405373792626960e+03 -9.785696109478901690e+02 3.308915283718329192e+03 2.286139999999999972e+01 -1.062905788421630859e-02 -5.369109287858009338e-02 6.227492913603782654e-02 6.245688721537590027e-02
4.028900590658353394e+03 -9.709770902353045585e+02 3.304462613041634995e+03 2.286340000000000217e+01 -2.159793488681316376e-02 -5.392249301075935364e-02 6.227492913603782654e-02 6.245688721537590027e-02
4.034376539185644560e+03 -9.633742024237155874e+02 3.300003897926809259e+03 2.286540000000000106e+01 -1.358296070247888565e-02 2.215099148452281952e-02 6.227492913603782654e-02 6.245688721537590027e-02
4.039833193091930752e+03 -9.557609840045519149e+02 3.295539159774264135e+03 2.286739999999999995e+01 1.296869851648807526e-02 1.195349171757698059e-01 6.227492913603782654e-02 6.245688721537590027e-02
4.044818400089318857e+03 -9.487732869731649998e+02 3.291441286425095313e+03 2.286940000000000239e+01 7.323214784264564514e-03 -6.020608358085155487e-03 6.227492913603782654e-02 6.245688721537590027e-02
4.061466342244410043e+03 -9.252055328147609998e+02 3.277620404046795556e+03 2.287140000000000128e+01 -9.874152950942516327e-03 2.761559560894966125e-02 6.227492913603782654e-02 6.245688721537590027e-02
4.066826133510381624e+03 -9.175412084136593194e+02 3.273125871520900091e+03 2.287340000000000018e+01 -5.936342477798461914e-02 -1.898308098316192627e-02 6.227492913603782654e-02 6.245688721537590027e-02
4.072166474861840925e+03 -9.098667727505269340e+02 3.268625444589006747e+03 2.287540000000000262e+01 1.202912069857120514e-02 3.829958662390708923e-02 6.227492913603782654e-02 6.245688721537590027e-02
4.077487340871680772e+03 -9.021822623661687430e+02 3.264119144679310011e+03 2.287740000000000151e+01 -3.385602030903100967e-03 5.064247921109199524e-02 6.227492913603782654e-02 6.245688721537590027e-02
4.082788705927355750e+03 -8.944877142507284589e+02 3.259606993483328097e+03 2.287940000000000040e+01 -3.587070107460021973e-02 7.069732248783111572e-02 6.227492913603782654e-02 6.245688721537590027e-02
4.088070544805657846e+03 -8.867831650140828970e+02 3.255089012469349200e+03 2.288140000000000285e+01 2.499893680214881897e-02 -2.428258303552865982e-03 6.227492913603782654e-02 6.245688721537590027e-02
4.093332832082133791e+03 -8.790686517427717490e+02 3.250565223385163335e+03 2.288340000000000174e+01 -4.534510150551795959e-02 7.632617652416229248e-02 6.227492913603782654e-02 6.245688721537590027e-02
4.098139648035907157e+03 -8.719884187423729145e+02 3.246413406289246723e+03 2.288540000000000063e+01 -7.957656681537628174e-02 -4.814020171761512756e-02 6.227492913603782654e-02 6.245688721537590027e-02
4.061466342244410043e+03 -9.252055328147609998e+02 3.277620404046795556e+03 2.288740000000000308e+01 1.087522059679031372e-01 5.770943313837051392e-02 6.227492913603782654e-02 6.245688721537590027e-02
4.066826133510381624e+03 -9.175412084136593194e+02 3.273125871520900091e+03 2.288940000000000197e+01 1.916733337566256523e-03 5.116552487015724182e-02 6.227492913603782654e-02 6.245688721537590027e-02
4.072166474861840925e+03 -9.098667727505269340e+02 3.268625444589006747e+03 2.289140000000000086e+01 -3.976020961999893188e-03 -4.595379531383514404e-02 6.227492913603782654e-02 6.245688721537590027e-02
4.077487340871680772e+03 -9.021822623661687430e+02 3.264119144679310011e+03 2.289339999999999975e+01 -7.387124747037887573e-02 9.239656478166580200e-02 6.227492913603782654e-02 6.245688721537590027e-02
4.082788705927355750e+03 -8.944877142507284589e+02 3.259606993483328097e+03 2.289540000000000219e+01 -3.187017887830734253e-02 2.406015805900096893e-02 6.227492913603782654e-02 6.245688721537590027e-02
4.088070544805657846e+03 -8.867831650140828970e+02 3.255089012469349200e+03 2.289740000000000109e+01 -1.066763550043106079e-01 -3.254814445972442627e-02 6.227492913603782654e-02 6.245688721537590027e-02
4.093332832082133791e+03 -8.790686517427717490e+02 3.250565223385163335e+03 2.289939999999999998e+01 8.896451443433761597e-02 5.153643898665904999e-03 6.227492913603782654e-02 6.245688721537590027e-02
4.098139648035907157e+03 -8.719884187423729145e+02 3.246413406289246723e+03 2.290140000000000242e+01 3.751295432448387146e-02 -1.669005863368511200e-02 6.227492913603782654e-02 6.245688721537590027e-02
4.114185963797162913e+03 -8.481116960985276592e+02 3.232412418982858071e+03 2.290340000000000131e+01 -1.095956005156040192e-02 -7.875494658946990967e-02 6.227492913603782654e-02 6.245688721537590027e-02
4.119350117585665430e+03 -8.403479168051171655e+02 3.227859914498641047e+03 2.290540000000000020e+01 -1.628332957625389099e-02 3.439809428527951241e-03 6.227492913603782654e-02 6.245688721537590027e-02
4.124494570114640737e+03 -8.325743956508860038e+02 3.223301732224451371e+03 2.290740000000000265e+01 5.083056911826133728e-02 8.237125724554061890e-02 6.227492913603782654e-02 6.245688721537590027e-02
4.129619296853469677e+03 -8.247911697023755551e+02 3.218737893895107845e+03 2.290940000000000154e+01 1.022102078422904015e-03 -1.098024174571037292e-01 6.227492913603782654e-02 6.245688721537590027e-02
4.134724273240582988e+03 -8.169982762621350503e+02 3.214168421383657005e+03 2.291140000000000043e+01 -2.888580597937107086e-02 5.873981490731239319e-02 6.227492913603782654e-02 6.245688721537590027e-02
4.139809474756283635e+03 -8.091957527607434031e+02 3.209593336638050459e+03 2.291340000000000288e+01 2.229579910635948181e-02 -1.290278136730194092e-02 6.227492913603782654e-02 6.245688721537590027e-02
4.144874877206060773e+03 -8.013836363217313874e+02 3.205012661426031173e+03 2.291540000000000177e+01 -3.857584297657012939e-02 3.830592334270477295e-02 6.227492913603782654e-02 6.245688721537590027e-02
4.149501001008822641e+03 -7.942142568542138861e+02 3.200808888172663501e+03 2.291740000000000066e+01 -1.894277520477771759e-02 8.785643614828586578e-03 6.227492913603782654e-02 6.245688721537590027e-02
4.114185963797162913e+03 -8.481116960985276592e+02 3.232412418982858071e+03 2.291940000000000310e+01 -3.031403757631778717e-02 -7.842999696731567383e-02 6.227492913603782654e-02 6.245688721537590027e-02
4.119350117585665430e+03 -8.403479168051171655e+02 3.227859914498641047e+03 2.292140000000000200e+01 -6.950483471155166626e-02 -1.436974760144948959e-02 6.227492913603782654e-02 6.245688721537590027e-02
4.124494570114640737e+03 -8.325743956508860038e+02 3.223301732224451371e+03 2.292340000000000089e+01 6.371481344103813171e-03 -1.614194177091121674e-02 6.227492913603782654e-02 6.245688721537590027e-02
4.129619296853469677e+03 -8.247911697023755551e+02 3.218737893895107845e+03 2.292539999999999978e+01 -9.274902194738388062e-02 -1.011172891594469547e-03 6.227492913603782654e-02 6.245688721537590027e-02
4.134724273240582988e+03 -8.169982762621350503e+02 3.214168421383657005e+03 2.292740000000000222e+01 -5.386109650135040283e-02 -5.307701975107192993e-02 6.227492913603782654e-02 6.245688721537590027e-02
4.139809474756283635e+03 -8.091957527607434031e+02 3.209593336638050459e+03 2.292940000000000111e+01 -7.368450053036212921e-03 -4.085892811417579651e-02 6.227492913603782654e-02 6.245688721537590027e-02
4.144874877206060773e+03 -8.013836363217313874e+02 3.205012661426031173e+03 2.293140000000000001e+01 -1.815805770456790924e-02 -7.494308054447174072e-02 6.227492913603782654e-02 6.245688721537590027e-02
4.149501001008822641e+03 -7.942142568542138861e+02 3.200808888172663501e+03 2.293340000000000245e+01 -1.326599437743425369e-02 -2.259144745767116547e-02 6.227492913603782654e-02 6.245688721537590027e-02
