# Baseline: 11-20
# Entries: 128
# u [m], v [m], w [m], frequency [GHz], real, imag, std(real), std(imag)
-3.856434987846391778e+03 -1.998455309983110510e+03 -4.110771240800039777e+03 2.267940000000000111e+01 3.050051629543304443e-02 1.333672106266021729e-01 6.605485081672668457e-02 6.650039553642272949e-02
-3.857196757029509627e+03 -2.005726146437026500e+03 -4.106513172843147913e+03 2.268140000000000001e+01 8.401426486670970917e-03 -8.053337037563323975e-02 6.605485081672668457e-02 6.650039553642272949e-02
-3.857940091572198526e+03 -2.012998414193399640e+03 -4.102254291236618883e+03 2.268340000000000245e+01 2.352814190089702606e-02 1.193298101425170898e-01 6.605485081672668457e-02 6.650039553642272949e-02
-3.858664987922389628e+03 -2.020272078499695681e+03 -4.097994616332680380e+03 2.268540000000000134e+01 7.405894249677658081e-02 -1.963355988264083862e-01 6.605485081672668457e-02 6.650039553642272949e-02
-3.859197134420043767e+03 -2.025728180616045620e+03 -4.094799375445682927e+03 2.268740000000000023e+01 -3.244933439418673515e-03 1.616261154413223267e-01 6.605485081672668457e-02 6.650039553642272949e-02
-3.860059452255893575e+03 -2.034823457516184362e+03 -4.089472968178989959e+03 2.268940000000000268e+01 -3.511190414428710938e-02 -8.121631294488906860e-02 6.605485081672668457e-02 6.650039553642272949e-02
-3.860729013551683238e+03 -2.042101102435191024e+03 -4.085211035800673471e+03 2.269140000000000157e+01 -6.964418571442365646e-03 2.260135263204574585e-01 6.605485081672668457e-02 6.650039553642272949e-02
-3.861540764964373921e+03 -2.051199873617720186e+03 -4.079882649499729268e+03 2.269340000000000046e+01 1.843346655368804932e-01 -4.089127108454704285e-02 6.605485081672668457e-02 6.650039553642272949e-02
-3.856434987846391778e+03 -1.998455309983110510e+03 -4.110771240800039777e+03 2.269540000000000290e+01 -1.228261068463325500e-01 6.587790697813034058e-02 6.605485081672668457e-02 6.650039553642272949e-02
-3.857196757029509627e+03 -2.005726146437026500e+03 -4.106513172843147913e+03 2.269740000000000180e+01 3.268702328205108643e-02 1.309024170041084290e-02 6.605485081672668457e-02 6.650039553642272949e-02
-3.857940091572198526e+03 -2.012998414193399640e+03 -4.102254291236618883e+03 2.269940000000000069e+01 3.454328107181936502e-04 -7.360851764678955078e-02 6.605485081672668457e-02 6.650039553642272949e-02
-3.858664987922389628e+03 -2.020272078499695681e+03 -4.097994616332680380e+03 2.270140000000000313e+01 4.843538627028465271e-02 1.360160391777753830e-02 6.605485081672668457e-02 6.650039553642272949e-02
-3.859197134420043767e+03 -2.025728180616045620e+03 -4.094799375445682927e+03 2.270340000000000202e+01 -2.313221842050552368e-01 1.233265325427055359e-01 6.605485081672668457e-02 6.650039553642272949e-02
-3.860059452255893575e+03 -2.034823457516184362e+03 -4.089472968178989959e+03 2.270540000000000092e+01 -5.877343192696571350e-02 -6.019341573119163513e-02 6.605485081672668457e-02 6.650039553642272949e-02
-3.860729013551683238e+03 -2.042101102435191024e+03 -4.085211035800673471e+03 2.270739999999999981e+01 3.045992366969585419e-02 4.537326842546463013e-02 6.605485081672668457e-02 6.650039553642272949e-02
-3.861540764964373921e+03 -2.051199873617720186e+03 -4.079882649499729268e+03 2.270940000000000225e+01 -1.757266186177730560e-02 1.541025005280971527e-02 6.605485081672668457e-02 6.650039553642272949e-02
-3.863222712625470194e+03 -2.071223906504148999e+03 -4.068156392944555591e+03 2.271140000000000114e+01 1.114318147301673889e-02 6.028538197278976440e-02 6.605485081672668457e-02 6.650039553642272949e-02
-3.863799985945843673e+03 -2.078507489376565900e+03 -4.063891105933490053e+03 2.271340000000000003e+01 -2.098561637103557587e-02 -7.120335474610328674e-03 6.605485081672668457e-02 6.650039553642272949e-02
-3.864358793021685869e+03 -2.085792155188116340e+03 -4.059625209280576200e+03 2.271540000000000248e+01 -1.266349405050277710e-01 4.152990132570266724e-02 6.605485081672668457e-02 6.650039553642272949e-02
-3.864899131186702107e+03 -2.093077869177765479e+03 -4.055358723341850691e+03 2.271740000000000137e+01 3.166023269295692444e-02 1.335363239049911499e-01 6.605485081672668457e-02 6.650039553642272949e-02
-3.865420997853148492e+03 -2.100364596452611750e+03 -4.051091668550459872e+03 2.271940000000000026e+01 1.073284968733787537e-01 3.535529598593711853e-02 6.605485081672668457e-02 6.650039553642272949e-02
-3.865924390523477086e+03 -2.107652302140285883e+03 -4.046824065327402877e+03 2.272140000000000271e+01 -7.083050161600112915e-02 5.749178677797317505e-02 6.605485081672668457e-02 6.650039553642272949e-02
-3.866409306787100832e+03 -2.114940951338333434e+03 -4.042555934111180250e+03 2.272340000000000160e+01 -8.935568481683731079e-02 7.219294458627700806e-02 6.605485081672668457e-02 6.650039553642272949e-02
-3.866837815661163404e+03 -2.121623001077258778e+03 -4.038643040291905436e+03 2.272540000000000049e+01 -5.622403323650360107e-02 -3.701502829790115356e-02 6.605485081672668457e-02 6.650039553642272949e-02
-3.863222712625470194e+03 -2.071223906504148999e+03 -4.068156392944555591e+03 2.272740000000000293e+01 -6.744656711816787720e-02 4.893418401479721069e-02 6.605485081672668457e-02 6.650039553642272949e-02
-3.863799985945843673e+03 -2.078507489376565900e+03 -4.063891105933490053e+03 2.272940000000000182e+01 -2.094769105315208435e-02 -9.791423380374908447e-02 6.605485081672668457e-02 6.650039553642272949e-02
-3.864358793021685869e+03 -2.085792155188116340e+03 -4.059625209280576200e+03 2.273140000000000072e+01 6.205208137544104829e-06 -1.290070712566375732e-01 6.605485081672668457e-02 6.650039553642272949e-02
-3.864899131186702107e+03 -2.093077869177765479e+03 -4.055358723341850691e+03 2.273340000000000316e+01 4.138631373643875122e-02 6.181673333048820496e-02 6.605485081672668457e-02 6.650039553642272949e-02
-3.865420997853148492e+03 -2.100364596452611750e+03 -4.051091668550459872e+03 2.273540000000000205e+01 -8.497198671102523804e-02 -7.213264703750610352e-02 6.605485081672668457e-02 6.650039553642272949e-02
-3.865924390523477086e+03 -2.107652302140285883e+03 -4.046824065327402877e+03 2.273740000000000094e+01 -1.079966649413108826e-01 7.015245966613292694e-03 6.605485081672668457e-02 6.650039553642272949e-02
-3.866409306787100832e+03 -2.114940951338333434e+03 -4.042555934111180250e+03 2.273939999999999984e+01 3.962954878807067871e-02 4.711000248789787292e-02 6.605485081672668457e-02 6.650039553642272949e-02
-3.866837815661163404e+03 -2.121623001077258778e+03 -4.038643040291905436e+03 2.274140000000000228e+01 -9.302175045013427734e-02 -7.081348448991775513e-02 6.605485081672668457e-02 6.650039553642272949e-02
-3.868164162713555015e+03 -2.144104285944853018e+03 -4.025478537635730845e+03 2.274340000000000117e+01 -1.414781250059604645e-02 1.041197497397661209e-02 6.605485081672668457e-02 6.650039553642272949e-02
-3.868556663909879717e+03 -2.151397129488255359e+03 -4.021208072833690494e+03 2.274540000000000006e+01 4.421630129218101501e-02 -7.190300524234771729e-02 6.605485081672668457e-02 6.650039553642272949e-02
-3.868930676108118860e+03 -2.158690707292298612e+03 -4.016937202570415593e+03 2.274740000000000251e+01 9.880366735160350800e-03 -1.516370754688978195e-02 6.605485081672668457e-02 6.650039553642272949e-02
-3.869286197511859427e+03 -2.165984984324809830e+03 -4.012665947359545498e+03 2.274940000000000140e+01 -7.501581311225891113e-02 -5.354870110750198364e-03 6.605485081672668457e-02 6.650039553642272949e-02
-3.869623226426849669e+03 -2.173279925829728654e+03 -4.008394327552920913e+03 2.275140000000000029e+01 -8.344572037458419800e-02 -6.548055261373519897e-02 6.605485081672668457e-02 6.650039553642272949e-02
-3.869941761229802069e+03 -2.180575496666693198e+03 -4.004122363727295578e+03 2.275340000000000273e+01 6.335742026567459106e-02 2.043890533968806267e-03 6.605485081672668457e-02 6.650039553642272949e-02
-3.870241800404435253e+03 -2.187871662098868001e+03 -3.999850076223021915e+03 2.275540000000000163e+01 -6.015634164214134216e-02 6.531914323568344116e-02 6.605485081672668457e-02 6.650039553642272949e-02
-3.870500822697206331e+03 -2.194560299423147171e+03 -3.995933549487707296e+03 2.275740000000000052e+01 4.327555745840072632e-02 -6.117518991231918335e-02 6.605485081672668457e-02 6.650039553642272949e-02
-3.868164162713555015e+03 -2.144104285944853018e+03 -4.025478537635730845e+03 2.275940000000000296e+01 3.257791744545102119e-03 -3.287839516997337341e-02 6.605485081672668457e-02 6.650039553642272949e-02
-3.868556663909879717e+03 -2.151397129488255359e+03 -4.021208072833690494e+03 2.276140000000000185e+01 -3.554075956344604492e-02 4.376017674803733826e-02 6.605485081672668457e-02 6.650039553642272949e-02
-3.868930676108118860e+03 -2.158690707292298612e+03 -4.016937202570415593e+03 2.276340000000000074e+01 3.512213379144668579e-02 2.530384249985218048e-02 6.605485081672668457e-02 6.650039553642272949e-02
-3.869286197511859427e+03 -2.165984984324809830e+03 -4.012665947359545498e+03 2.276540000000000319e+01 1.265007406473159790e-01 1.468200609087944031e-02 6.605485081672668457e-02 6.650039553642272949e-02
-3.869623226426849669e+03 -2.173279925829728654e+03 -4.008394327552920913e+03 2.276740000000000208e+01 -1.079889163374900818e-01 1.998532563447952271e-02 6.605485081672668457e-02 6.650039553642272949e-02
-3.869941761229802069e+03 -2.180575496666693198e+03 -4.004122363727295578e+03 2.276940000000000097e+01 8.620321750640869141e-02 -6.222424283623695374e-02 6.605485081672668457e-02 6.650039553642272949e-02
-3.870241800404435253e+03 -2.187871662098868001e+03 -3.999850076223021915e+03 2.277139999999999986e+01 -7.383779156953096390e-03 -2.421710081398487091e-02 6.605485081672668457e-02 6.650039553642272949e-02
-3.870500822697206331e+03 -2.194560299423147171e+03 -3.995933549487707296e+03 2.277340000000000231e+01 -2.433216758072376251e-02 1.861768811941146851e-01 6.605485081672668457e-02 6.650039553642272949e-02
-3.871256973408121667e+03 -2.217061570881456191e+03 -3.982758098659092866e+03 2.277540000000000120e+01 2.296529337763786316e-02 -3.645713999867439270e-02 6.605485081672668457e-02 6.650039553642272949e-02
-3.871464514663279260e+03 -2.224360185246820038e+03 -3.978484499613708522e+03 2.277740000000000009e+01 -2.353545278310775757e-03 4.536210745573043823e-02 6.605485081672668457e-02 6.650039553642272949e-02
-3.871653552998679515e+03 -2.231659184538229965e+03 -3.974210699660168757e+03 2.277940000000000254e+01 1.012401580810546875e-01 1.901692739920690656e-04 6.605485081672668457e-02 6.650039553642272949e-02
-3.871824087514257371e+03 -2.238958534002538727e+03 -3.969936719147560780e+03 2.278140000000000143e+01 4.809113219380378723e-02 3.241673484444618225e-02 6.605485081672668457e-02 6.650039553642272949e-02
-3.871976117389182491e+03 -2.246258198503579024e+03 -3.965662578649115858e+03 2.278340000000000032e+01 -5.223620310425758362e-02 1.442677825689315796e-01 6.605485081672668457e-02 6.650039553642272949e-02
-3.872109641900158749e+03 -2.253558143310462128e+03 -3.961388298500656219e+03 2.278540000000000276e+01 -4.057236760854721069e-02 1.188833191990852356e-01 6.605485081672668457e-02 6.650039553642272949e-02
-3.872224660404493079e+03 -2.260858333284159016e+03 -3.957113899276858319e+03 2.278740000000000165e+01 -1.546468306332826614e-02 -3.056384623050689697e-02 6.605485081672668457e-02 6.650039553642272949e-02
-3.872314072173753175e+03 -2.267550357577353225e+03 -3.953195613743584545e+03 2.278940000000000055e+01 -2.353677712380886078e-02 2.555412240326404572e-02 6.605485081672668457e-02 6.650039553642272949e-02
-3.871256973408121667e+03 -2.217061570881456191e+03 -3.982758098659092866e+03 2.279140000000000299e+01 7.590027153491973877e-02 -9.966576099395751953e-02 6.605485081672668457e-02 6.650039553642272949e-02
-3.871464514663279260e+03 -2.224360185246820038e+03 -3.978484499613708522e+03 2.279340000000000188e+01 -9.998368471860885620e-02 6.532610952854156494e-02 6.605485081672668457e-02 6.650039553642272949e-02
-3.871653552998679515e+03 -2.231659184538229965e+03 -3.974210699660168757e+03 2.279540000000000077e+01 -7.648254930973052979e-02 -2.005545049905776978e-02 6.605485081672668457e-02 6.650039553642272949e-02
-3.871824087514257371e+03 -2.238958534002538727e+03 -3.969936719147560780e+03 2.279739999999999966e+01 7.430813461542129517e-02 -1.725668609142303467e-01 6.605485081672668457e-02 6.650039553642272949e-02
-3.871976117389182491e+03 -2.246258198503579024e+03 -3.965662578649115858e+03 2.279940000000000211e+01 -2.556272782385349274e-02 4.030284658074378967e-02 6.605485081672668457e-02 6.650039553642272949e-02
-3.872109641900158749e+03 -2.253558143310462128e+03 -3.961388298500656219e+03 2.280140000000000100e+01 -8.377892524003982544e-02 1.461741887032985687e-02 6.605485081672668457e-02 6.650039553642272949e-02
-3.872224660404493079e+03 -2.260858333284159016e+03 -3.957113899276858319e+03 2.280339999999999989e+01 -2.032007463276386261e-02 1.128633692860603333e-01 6.605485081672668457e-02 6.650039553642272949e-02
-3.872314072173753175e+03 -2.267550357577353225e+03 -3.953195613743584545e+03 2.280540000000000234e+01 -3.669257462024688721e-02 -2.581272087991237640e-02 6.605485081672668457e-02 6.650039553642272949e-02
-3.872494118316817094e+03 -2.288844037822800601e+03 -3.940727966987783020e+03 2.280740000000000123e+01 1.131533682346343994e-01 -1.101602520793676376e-02 6.605485081672668457e-02 6.650039553642272949e-02
-3.872519684968230194e+03 -2.296144920809436826e+03 -3.936453280282855303e+03 2.280940000000000012e+01 -4.342680051922798157e-02 -9.363071061670780182e-03 6.605485081672668457e-02 6.650039553642272949e-02
-3.872526743652602818e+03 -2.303445845280839421e+03 -3.932178593760589138e+03 2.281140000000000256e+01 6.445910781621932983e-02 4.241887480020523071e-02 6.605485081672668457e-02 6.650039553642272949e-02
-3.872515294336288662e+03 -2.310746776169552504e+03 -3.927903927952950198e+03 2.281340000000000146e+01 -1.484810709953308105e-01 -6.680291146039962769e-02 6.605485081672668457e-02 6.650039553642272949e-02
-3.872485337073983828e+03 -2.318047678738658760e+03 -3.923629303198257276e+03 2.281540000000000035e+01 5.279106646776199341e-02 3.466860577464103699e-02 6.605485081672668457e-02 6.650039553642272949e-02
-3.872436872009634044e+03 -2.325348517869949774e+03 -3.919354740057955951e+03 2.281740000000000279e+01 -7.177225500345230103e-02 3.738631680607795715e-02 6.605485081672668457e-02 6.650039553642272949e-02
-3.872369899374866691e+03 -2.332649258725234176e+03 -3.915080258929426236e+03 2.281940000000000168e+01 1.487784236669540405e-01 -1.479194313287734985e-01 6.605485081672668457e-02 6.650039553642272949e-02
-3.872292485299561122e+03 -2.339341490364559832e+03 -3.911162072578599236e+03 2.282140000000000057e+01 1.101778596639633179e-01 2.637627907097339630e-02 6.605485081672668457e-02 6.650039553642272949e-02
-3.872494118316817094e+03 -2.288844037822800601e+03 -3.940727966987783020e+03 2.282340000000000302e+01 7.044254988431930542e-02 -2.146938117220997810e-03 6.605485081672668457e-02 6.650039553642272949e-02
-3.872519684968230194e+03 -2.296144920809436826e+03 -3.936453280282855303e+03 2.282540000000000191e+01 -7.550625014118850231e-05 -6.289760023355484009e-02 6.605485081672668457e-02 6.650039553642272949e-02
-3.872526743652602818e+03 -2.303445845280839421e+03 -3.932178593760589138e+03 2.282740000000000080e+01 5.956465844064950943e-03 -8.036173135042190552e-02 6.605485081672668457e-02 6.650039553642272949e-02
-3.872515294336288662e+03 -2.310746776169552504e+03 -3.927903927952950198e+03 2.282939999999999969e+01 -7.210700958967208862e-02 -1.315463520586490631e-02 6.605485081672668457e-02 6.650039553642272949e-02
-3.872485337073983828e+03 -2.318047678738658760e+03 -3.923629303198257276e+03 2.283140000000000214e+01 4.138671606779098511e-02 1.883212849497795105e-02 6.605485081672668457e-02 6.650039553642272949e-02
-3.872436872009634044e+03 -2.325348517869949774e+03 -3.919354740057955951e+03 2.283340000000000103e+01 -6.110015138983726501e-02 -3.959152474999427795e-02 6.605485081672668457e-02 6.650039553642272949e-02
-3.872369899374866691e+03 -2.332649258725234176e+03 -3.915080258929426236e+03 2.283539999999999992e+01 -1.480880659073591232e-02 2.140243165194988251e-02 6.605485081672668457e-02 6.650039553642272949e-02
-3.872292485299561122e+03 -2.339341490364559832e+03 -3.911162072578599236e+03 2.283740000000000236e+01 -4.356661066412925720e-02 5.766249075531959534e-02 6.605485081672668457e-02 6.650039553642272949e-02
-3.871916940871591123e+03 -2.361850540379326503e+03 -3.897983563789896834e+03 2.283940000000000126e+01 3.984843194484710693e-02 3.289544954895973206e-02 6.605485081672668457e-02 6.650039553642272949e-02
-3.871757436966677687e+03 -2.369150265574910463e+03 -3.893709799676154944e+03 2.284140000000000015e+01 -5.912334099411964417e-02 -1.737237907946109772e-02 6.605485081672668457e-02 6.650039553642272949e-02
-3.871579428740493768e+03 -2.376449682972484425e+03 -3.889436240244575401e+03 2.284340000000000259e+01 4.287561774253845215e-02 -3.397795930504798889e-02 6.605485081672668457e-02 6.650039553642272949e-02
-3.871382917050552805e+03 -2.383748757410141479e+03 -3.885162906081247002e+03 2.284540000000000148e+01 -3.500738367438316345e-02 -4.168934002518653870e-02 6.605485081672668457e-02 6.650039553642272949e-02
-3.871167902832547497e+03 -2.391047454134373311e+03 -3.880889817533035057e+03 2.284740000000000038e+01 -9.064958244562149048e-02 -1.082807034254074097e-01 6.605485081672668457e-02 6.650039553642272949e-02
-3.870934387116702965e+03 -2.398345738164686281e+03 -3.876616995079584740e+03 2.284940000000000282e+01 6.521187722682952881e-03 9.645286016166210175e-03 6.605485081672668457e-02 6.650039553642272949e-02
-3.870682371023971882e+03 -2.405643574471727334e+03 -3.872344459229022505e+03 2.285140000000000171e+01 8.607807755470275879e-02 -5.265195854008197784e-03 6.605485081672668457e-02 6.650039553642272949e-02
-3.870435340738283685e+03 -2.412332841241274764e+03 -3.868428233075826029e+03 2.285340000000000060e+01 3.530522435903549194e-02 -2.262219227850437164e-02 6.605485081672668457e-02 6.650039553642272949e-02
-3.871916940871591123e+03 -2.361850540379326503e+03 -3.897983563789896834e+03 2.285540000000000305e+01 -2.103732153773307800e-02 -1.054153591394424438e-01 6.605485081672668457e-02 6.650039553642272949e-02
-3.871757436966677687e+03 -2.369150265574910463e+03 -3.893709799676154944e+03 2.285740000000000194e+01 -1.122460216283798218e-01 -2.359337359666824341e-02 6.605485081672668457e-02 6.650039553642272949e-02
-3.871579428740493768e+03 -2.376449682972484425e+03 -3.889436240244575401e+03 2.285940000000000083e+01 -4.771646484732627869e-02 1.365991532802581787e-01 6.605485081672668457e-02 6.650039553642272949e-02
-3.871382917050552805e+03 -2.383748757410141479e+03 -3.885162906081247002e+03 2.286139999999999972e+01 -9.542499482631683350e-02 7.538328319787979126e-02 6.605485081672668457e-02 6.650039553642272949e-02
-3.871167902832547497e+03 -2.391047454134373311e+03 -3.880889817533035057e+03 2.286340000000000217e+01 -6.416318565607070923e-02 -6.090446934103965759e-02 6.605485081672668457e-02 6.650039553642272949e-02
-3.870934387116702965e+03 -2.398345738164686281e+03 -3.876616995079584740e+03 2.286540000000000106e+01 1.856475323438644409e-01 3.840773925185203552e-02 6.605485081672668457e-02 6.650039553642272949e-02
-3.870682371023971882e+03 -2.405643574471727334e+03 -3.872344459229022505e+03 2.286739999999999995e+01 4.742067679762840271e-02 4.963764175772666931e-02 6.605485081672668457e-02 6.650039553642272949e-02
-3.870435340738283685e+03 -2.412332841241274764e+03 -3.868428233075826029e+03 2.286940000000000239e+01 -3.321096673607826233e-02 2.410998754203319550e-02 6.605485081672668457e-02 6.650039553642272949e-02
-3.869489328309273787e+03 -2.434829744831043627e+03 -3.855257590286505092e+03 2.287140000000000128e+01 4.897157475352287292e-02 1.790717542171478271e-01 6.605485081672668457e-02 6.650039553642272949e-02
-3.869144830180968256e+03 -2.442124819119571839e+03 -3.850986793874982595e+03 2.287340000000000018e+01 -6.826393306255340576e-02 -8.064872026443481445e-02 6.605485081672668457e-02 6.650039553642272949e-02
-3.868781840241733789e+03 -2.449419236169660508e+03 -3.846716406725702200e+03 2.287540000000000262e+01 -6.966473162174224854e-02 1.934435404837131500e-02 6.605485081672668457e-02 6.650039553642272949e-02
-3.868400360220049151e+03 -2.456712961249984346e+03 -3.842446449171499808e+03 2.287740000000000151e+01 -7.029446959495544434e-02 -8.155668526887893677e-02 6.605485081672668457e-02 6.650039553642272949e-02
-3.868000391952175960e+03 -2.464005959251460354e+03 -3.838176941766234449e+03 2.287940000000000040e+01 4.457874223589897156e-02 -1.024901419878005981e-01 6.605485081672668457e-02 6.650039553642272949e-02
-3.867581937341242337e+03 -2.471298195474764725e+03 -3.833907904823707668e+03 2.288140000000000285e+01 -5.491456761956214905e-02 1.334470361471176147e-01 6.605485081672668457e-02 6.650039553642272949e-02
-3.867144998401593966e+03 -2.478589634818139075e+03 -3.829639358893325607e+03 2.288340000000000174e+01 -4.149243608117103577e-02 7.289999723434448242e-02 6.605485081672668457e-02 6.650039553642272949e-02
-3.866728470125121930e+03 -2.485272735556813132e+03 -3.825726967054416946e+03 2.288540000000000063e+01 1.163297519087791443e-02 5.730744078755378723e-02 6.605485081672668457e-02 6.650039553642272949e-02
-3.869489328309273787e+03 -2.434829744831043627e+03 -3.855257590286505092e+03 2.288740000000000308e+01 -4.991951864212751389e-03 2.350308373570442200e-02 6.605485081672668457e-02 6.650039553642272949e-02
-3.869144830180968256e+03 -2.442124819119571839e+03 -3.850986793874982595e+03 2.288940000000000197e+01 -5.106994882225990295e-02 -1.021388396620750427e-01 6.605485081672668457e-02 6.650039553642272949e-02
-3.868781840241733789e+03 -2.449419236169660508e+03 -3.846716406725702200e+03 2.289140000000000086e+01 -6.561739719472825527e-04 -7.442674785852432251e-02 6.605485081672668457e-02 6.650039553642272949e-02
-3.868400360220049151e+03 -2.456712961249984346e+03 -3.842446449171499808e+03 2.289339999999999975e+01 -3.622793825343251228e-03 -6.109237670898437500e-02 6.605485081672668457e-02 6.650039553642272949e-02
-3.868000391952175960e+03 -2.464005959251460354e+03 -3.838176941766234449e+03 2.289540000000000219e+01 2.934759855270385742e-02 -5.018438771367073059e-02 6.605485081672668457e-02 6.650039553642272949e-02
-3.867581937341242337e+03 -2.471298195474764725e+03 -3.833907904823707668e+03 2.289740000000000109e+01 4.165502637624740601e-02 6.095988303422927856e-02 6.605485081672668457e-02 6.650039553642272949e-02
-3.867144998401593966e+03 -2.478589634818139075e+03 -3.829639358893325607e+03 2.289939999999999998e+01 1.048405375331640244e-02 -9.497933089733123779e-02 6.605485081672668457e-02 6.650039553642272949e-02
-3.866728470125121930e+03 -2.485272735556813132e+03 -3.825726967054416946e+03 2.290140000000000242e+01 3.552709519863128662e-02 -8.441923558712005615e-02 6.605485081672668457e-02 6.650039553642272949e-02
-3.865212442430510237e+03 -2.507746726799744465e+03 -3.812570493090025138e+03 2.290340000000000131e+01 -4.518418014049530029e-02 3.059838339686393738e-02 6.605485081672668457e-02 6.650039553642272949e-02
-3.864683114949726132e+03 -2.515033658960708181e+03 -3.808304708264832698e+03 2.290540000000000020e+01 -4.976304993033409119e-02 3.492636233568191528e-02 6.605485081672668457e-02 6.650039553642272949e-02
-3.864135317011518509e+03 -2.522319584986130849e+03 -3.804039536952149774e+03 2.290740000000000265e+01 -6.730453670024871826e-02 1.170960441231727600e-02 6.605485081672668457e-02 6.650039553642272949e-02
-3.863569051227756972e+03 -2.529604470134353505e+03 -3.799774999489692163e+03 2.290940000000000154e+01 1.726422607898712158e-01 4.380569979548454285e-02 6.605485081672668457e-02 6.650039553642272949e-02
-3.862984320312118598e+03 -2.536888279491062349e+03 -3.795511116316124117e+03 2.291140000000000043e+01 -5.538746342062950134e-02 7.982718199491500854e-02 6.605485081672668457e-02 6.650039553642272949e-02
-3.862381127073409516e+03 -2.544170978071025729e+03 -3.791247907911509174e+03 2.291340000000000288e+01 1.109007671475410461e-01 6.443677842617034912e-02 6.605485081672668457e-02 6.650039553642272949e-02
-3.861759474381762629e+03 -2.551452531224091217e+03 -3.786985394559643737e+03 2.291540000000000177e+01 -1.991180330514907837e-02 4.802139848470687866e-02 6.605485081672668457e-02 6.650039553642272949e-02
-3.861173647549931047e+03 -2.558126266565487640e+03 -3.783078709993438224e+03 2.291740000000000066e+01 -4.424671828746795654e-02 -4.817208391614258289e-04 6.605485081672668457e-02 6.650039553642272949e-02
-3.865212442430510237e+03 -2.507746726799744465e+03 -3.812570493090025138e+03 2.291940000000000310e+01 -1.550136655569076538e-01 -6.824032217264175415e-02 6.605485081672668457e-02 6.650039553642272949e-02
-3.864683114949726132e+03 -2.515033658960708181e+03 -3.808304708264832698e+03 2.292140000000000200e+01 1.521793603897094727e-01 -4.088040441274642944e-02 6.605485081672668457e-02 6.650039553642272949e-02
-3.864135317011518509e+03 -2.522319584986130849e+03 -3.804039536952149774e+03 2.292340000000000089e+01 5.385926738381385803e-02 9.120677411556243896e-02 6.605485081672668457e-02 6.650039553642272949e-02
-3.863569051227756972e+03 -2.529604470134353505e+03 -3.799774999489692163e+03 2.292539999999999978e+01 -5.435500666499137878e-02 -1.882639527320861816e-02 6.605485081672668457e-02 6.650039553642272949e-02
-3.862984320312118598e+03 -2.536888279491062349e+03 -3.795511116316124117e+03 2.292740000000000222e+01 -8.904255181550979614e-02 6.287477165460586548e-02 6.605485081672668457e-02 6.650039553642272949e-02
-3.862381127073409516e+03 -2.544170978071025729e+03 -3.791247907911509174e+03 2.292940000000000111e+01 3.049391508102416992e-02 -5.448803305625915527e-02 6.605485081672668457e-02 6.650039553642272949e-02
-3.861759474381762629e+03 -2.551452531224091217e+03 -3.786985394559643737e+03 2.293140000000000001e+01 -1.524919643998146057e-02 -6.455219537019729614e-02 6.605485081672668457e-02 6.650039553642272949e-02
-3.861173647549931047e+03 -2.558126266565487640e+03 -3.783078709993438224e+03 2.293340000000000245e+01 -8.759716153144836426e-02 -4.504232201725244522e-03 6.605485081672668457e-02 6.650039553642272949e-02
