# Baseline: 8-19
# u [m], v [m], w [m], frequency [GHz], real, imag
-3.752146555748817605e+02 -6.393016173969235751e+02 -4.598114107435815185e+02 2.267940000000000000e+19 7.959514856338500977e-03 -3.803799301385879517e-02
-3.745150994616083153e+02 -6.400081590729517984e+02 -4.593986567348869698e+02 2.268140000000000000e+19 1.073283404111862183e-01 -9.737996757030487061e-02
-3.738137549516347349e+02 -6.407133794299589908e+02 -4.589866787205356218e+02 2.268340000000000000e+19 -7.881598919630050659e-02 2.129895798861980438e-02
-3.731106253965409678e+02 -6.414172750978669910e+02 -4.585754786692683069e+02 2.268540000000000000e+19 -2.226746827363967896e-02 3.091791644692420959e-03
-3.725821644090796099e+02 -6.419443670831489044e+02 -4.582675659296891695e+02 2.268740000000000000e+19 7.045402191579341888e-03 1.060456186532974243e-01
-3.716990246193984717e+02 -6.428210788980210282e+02 -4.577554203238726700e+02 2.268940000000000000e+19 4.312944039702415466e-02 -2.282232344150543213e-01
-3.709905601677057803e+02 -6.435209802974003424e+02 -4.573465659628698745e+02 2.269140000000000000e+19 2.395761013031005859e-01 2.398871332406997681e-01
-3.701025603490219282e+02 -6.443940293148366436e+02 -4.568365713437619888e+02 2.269340000000000000e+19 1.105781421065330505e-01 -1.259882897138595581e-01
-3.752146555748817605e+02 -6.393016173969235751e+02 -4.598114107435815185e+02 2.269540000000000000e+19 -6.100353226065635681e-02 1.464698314666748047e-01
-3.745150994616083153e+02 -6.400081590729517984e+02 -4.593986567348869698e+02 2.269740000000000000e+19 3.974190726876258850e-02 -4.954003170132637024e-02
-3.738137549516347349e+02 -6.407133794299589908e+02 -4.589866787205356218e+02 2.269940000000000000e+19 7.078603655099868774e-02 -7.594344764947891235e-02
-3.731106253965409678e+02 -6.414172750978669910e+02 -4.585754786692683069e+02 2.270140000000000000e+19 3.984550014138221741e-03 -8.577524870634078979e-02
-3.725821644090796099e+02 -6.419443670831489044e+02 -4.582675659296891695e+02 2.270340000000000000e+19 1.616543382406234741e-01 2.364753335714340210e-01
-3.716990246193984717e+02 -6.428210788980210282e+02 -4.577554203238726700e+02 2.270540000000000000e+19 -3.561244904994964600e-02 -1.701959073543548584e-01
-3.709905601677057803e+02 -6.435209802974003424e+02 -4.573465659628698745e+02 2.270740000000000000e+19 2.500827312469482422e-01 -6.501157581806182861e-02
-3.701025603490219282e+02 -6.443940293148366436e+02 -4.568365713437619888e+02 2.270940000000000000e+19 7.898277789354324341e-02 2.861703000962734222e-02
-3.681390210478166978e+02 -6.463071712450150699e+02 -4.557190261485044971e+02 2.271140000000000000e+19 -1.947534643113613129e-02 -2.447787439450621605e-03
-3.674217330003729671e+02 -6.470003486494655363e+02 -4.553141203399981123e+02 2.271340000000000000e+19 9.963931888341903687e-02 -1.367619931697845459e-01
-3.667026905083303063e+02 -6.476921712673499769e+02 -4.549100100761096996e+02 2.271540000000000000e+19 2.766699530184268951e-02 -5.362368654459714890e-03
-3.659818970028410376e+02 -6.483826357974410257e+02 -4.545066972851636820e+02 2.271740000000000000e+19 -3.515945374965667725e-02 5.933035165071487427e-02
-3.652593559359486335e+02 -6.490717389329533944e+02 -4.541041838987106303e+02 2.271940000000000000e+19 6.018429528921842575e-03 4.961374029517173767e-02
-3.645350707655416613e+02 -6.497594773760162070e+02 -4.537024718430740222e+02 2.272140000000000000e+19 5.591075867414474487e-02 2.233701199293136597e-02
-3.638090449604061405e+02 -6.504458478329152058e+02 -4.533015630421285209e+02 2.272340000000000000e+19 -9.012393653392791748e-02 -1.187685504555702209e-01
-3.631420172419444157e+02 -6.510738337123046904e+02 -4.529347603058689629e+02 2.272540000000000000e+19 -3.324675559997558594e-02 -1.530205458402633667e-02
-3.681390210478166978e+02 -6.463071712450150699e+02 -4.557190261485044971e+02 2.272740000000000000e+19 5.870884284377098083e-02 -7.438677549362182617e-02
-3.674217330003729671e+02 -6.470003486494655363e+02 -4.553141203399981123e+02 2.272940000000000000e+19 -5.610307678580284119e-02 5.467959865927696228e-02
-3.667026905083303063e+02 -6.476921712673499769e+02 -4.549100100761096996e+02 2.273140000000000000e+19 -5.562196671962738037e-02 4.544386267662048340e-02
-3.659818970028410376e+02 -6.483826357974410257e+02 -4.545066972851636820e+02 2.273340000000000000e+19 -8.387603610754013062e-02 -1.535432040691375732e-02
-3.652593559359486335e+02 -6.490717389329533944e+02 -4.541041838987106303e+02 2.273540000000000000e+19 -1.844811998307704926e-02 -1.108423918485641479e-01
-3.645350707655416613e+02 -6.497594773760162070e+02 -4.537024718430740222e+02 2.273740000000000000e+19 1.791604161262512207e-01 5.441100522875785828e-02
-3.638090449604061405e+02 -6.504458478329152058e+02 -4.533015630421285209e+02 2.273940000000000000e+19 -6.039015948772430420e-02 2.040925063192844391e-02
-3.631420172419444157e+02 -6.510738337123046904e+02 -4.529347603058689629e+02 2.274140000000000000e+19 4.621518775820732117e-02 -2.817193269729614258e-01
-3.608876049680020515e+02 -6.531775842397764791e+02 -4.517059986779601672e+02 2.274340000000000000e+19 1.653320342302322388e-02 6.889788806438446045e-02
-3.601529282637369533e+02 -6.538570656351106436e+02 -4.513091348472867139e+02 2.274540000000000000e+19 2.088645845651626587e-02 1.157488152384757996e-01
-3.594165318863372818e+02 -6.545351594437928497e+02 -4.509130857196275883e+02 2.274740000000000000e+19 9.489711374044418335e-02 -1.134935021400451660e-01
-3.586784193728278751e+02 -6.552118624088359411e+02 -4.505178531972641167e+02 2.274940000000000000e+19 5.258221551775932312e-02 3.756155073642730713e-02
-3.579385942401734155e+02 -6.558871713058372279e+02 -4.501234391634257008e+02 2.275140000000000000e+19 -1.297694537788629532e-02 -9.420097619295120239e-02
-3.571970600521920574e+02 -6.565610828817915490e+02 -4.497298455180269912e+02 2.275340000000000000e+19 3.762619942426681519e-02 -9.756980836391448975e-02
-3.564538203396272706e+02 -6.572335939279913646e+02 -4.493370741350902335e+02 2.275540000000000000e+19 -7.647244632244110107e-02 2.812382206320762634e-02
-3.557710436904916946e+02 -6.578488472101084881e+02 -4.489777471327819853e+02 2.275740000000000000e+19 1.515198647975921631e-01 9.376831352710723877e-03
-3.608876049680020515e+02 -6.531775842397764791e+02 -4.517059986779601672e+02 2.275940000000000000e+19 -5.773870740085840225e-03 1.009035930037498474e-01
-3.601529282637369533e+02 -6.538570656351106436e+02 -4.513091348472867139e+02 2.276140000000000000e+19 6.888962537050247192e-02 7.727281004190444946e-02
-3.594165318863372818e+02 -6.545351594437928497e+02 -4.509130857196275883e+02 2.276340000000000000e+19 -4.371524229645729065e-02 -1.840008608996868134e-02
-3.586784193728278751e+02 -6.552118624088359411e+02 -4.505178531972641167e+02 2.276540000000000000e+19 2.730456739664077759e-02 1.240490600466728210e-01
-3.579385942401734155e+02 -6.558871713058372279e+02 -4.501234391634257008e+02 2.276740000000000000e+19 1.057570353150367737e-01 1.028267368674278259e-01
-3.571970600521920574e+02 -6.565610828817915490e+02 -4.497298455180269912e+02 2.276940000000000000e+19 2.297520823776721954e-02 1.344749480485916138e-01
-3.564538203396272706e+02 -6.572335939279913646e+02 -4.493370741350902335e+02 2.277140000000000000e+19 3.196920454502105713e-02 1.084377989172935486e-02
-3.557710436904916946e+02 -6.578488472101084881e+02 -4.489777471327819853e+02 2.277340000000000000e+19 -4.443382471799850464e-02 2.455006539821624756e-02
-3.534638775563270769e+02 -6.599095684999646210e+02 -4.477742487901106756e+02 2.277540000000000000e+19 -1.930253393948078156e-02 -3.215885162353515625e-02
-3.527121637609959066e+02 -6.605750287339253646e+02 -4.473856168482839166e+02 2.277740000000000000e+19 2.073734998703002930e-01 7.840720564126968384e-02
-3.519587659176737588e+02 -6.612390692168152100e+02 -4.469978183945559067e+02 2.277940000000000000e+19 5.885470658540725708e-02 -2.020370773971080780e-02
-3.512036876135570651e+02 -6.619016867869003136e+02 -4.466108552753725007e+02 2.278140000000000000e+19 2.565738186240196228e-02 1.763528287410736084e-01
-3.504469324832965640e+02 -6.625628782546061757e+02 -4.462247293534140908e+02 2.278340000000000000e+19 -3.300393000245094299e-02 -4.043132439255714417e-02
-3.496885041274398986e+02 -6.632226404740687258e+02 -4.458394424658163757e+02 2.278540000000000000e+19 -4.537950456142425537e-02 2.646517008543014526e-02
-3.489284061967618982e+02 -6.638809702694570660e+02 -4.454549964671938369e+02 2.278740000000000000e+19 -4.846259206533432007e-02 -7.047007977962493896e-02
-3.482302073363558179e+02 -6.644831965462843755e+02 -4.451033171420211829e+02 2.278940000000000000e+19 1.237452961504459381e-02 4.753731936216354370e-02
-3.534638775563270769e+02 -6.599095684999646210e+02 -4.477742487901106756e+02 2.279140000000000000e+19 -1.458803117275238037e-01 1.182016506791114807e-01
-3.527121637609959066e+02 -6.605750287339253646e+02 -4.473856168482839166e+02 2.279340000000000000e+19 -1.870992481708526611e-01 -3.643840923905372620e-02
-3.519587659176737588e+02 -6.612390692168152100e+02 -4.469978183945559067e+02 2.279540000000000000e+19 -7.192452996969223022e-02 1.065176278352737427e-01
-3.512036876135570651e+02 -6.619016867869003136e+02 -4.466108552753725007e+02 2.279740000000000000e+19 -1.961367279291152954e-01 -3.682008013129234314e-02
-3.504469324832965640e+02 -6.625628782546061757e+02 -4.462247293534140908e+02 2.279940000000000000e+19 -5.842142179608345032e-02 -1.052470654249191284e-01
-3.496885041274398986e+02 -6.632226404740687258e+02 -4.458394424658163757e+02 2.280140000000000000e+19 9.896646440029144287e-02 -1.764907389879226685e-01
-3.489284061967618982e+02 -6.638809702694570660e+02 -4.454549964671938369e+02 2.280340000000000000e+19 -9.748232364654541016e-02 -2.559985406696796417e-02
-3.482302073363558179e+02 -6.644831965462843755e+02 -4.451033171420211829e+02 2.280540000000000000e+19 -8.344935253262519836e-03 1.453446689993143082e-02
-3.459992962184749103e+02 -6.663912414367522388e+02 -4.439891097394349231e+02 2.280740000000000000e+19 -1.737683312967419624e-03 -1.735957711935043335e-01
-3.452311800409993907e+02 -6.670426036097267115e+02 -4.436087538716626000e+02 2.280940000000000000e+19 -6.346714496612548828e-02 3.557225316762924194e-02
-3.444614156070399531e+02 -6.676925150887368545e+02 -4.432292495616536598e+02 2.281140000000000000e+19 -1.941687613725662231e-01 -5.068165063858032227e-02
-3.436900066139143064e+02 -6.683409727521768673e+02 -4.428505986322114154e+02 2.281340000000000000e+19 6.077956780791282654e-02 1.495783478021621704e-01
-3.429169567319077601e+02 -6.689879735147832207e+02 -4.424728028848981012e+02 2.281540000000000000e+19 -4.591909423470497131e-02 -1.215498000383377075e-01
-3.421422696794679723e+02 -6.696335142643920335e+02 -4.420958641369609268e+02 2.281740000000000000e+19 -5.501914769411087036e-03 1.740489900112152100e-01
-3.413659491532815196e+02 -6.702775919206342223e+02 -4.417197841870609523e+02 2.281940000000000000e+19 -1.026924178004264832e-01 3.373460844159126282e-02
-3.406529109297129025e+02 -6.708667272151627685e+02 -4.413757892266559679e+02 2.282140000000000000e+19 -7.475629448890686035e-02 -3.428888693451881409e-02
-3.459992962184749103e+02 -6.663912414367522388e+02 -4.439891097394349231e+02 2.282340000000000000e+19 -5.450037121772766113e-02 1.114934757351875305e-01
-3.452311800409993907e+02 -6.670426036097267115e+02 -4.436087538716626000e+02 2.282540000000000000e+19 -9.340243041515350342e-02 6.381365656852722168e-02
-3.444614156070399531e+02 -6.676925150887368545e+02 -4.432292495616536598e+02 2.282740000000000000e+19 3.128298372030258179e-02 1.431362330913543701e-01
-3.436900066139143064e+02 -6.683409727521768673e+02 -4.428505986322114154e+02 2.282940000000000000e+19 -1.162234321236610413e-01 -8.092133328318595886e-03
-3.429169567319077601e+02 -6.689879735147832207e+02 -4.424728028848981012e+02 2.283140000000000000e+19 -7.651264779269695282e-03 1.340945959091186523e-01
-3.421422696794679723e+02 -6.696335142643920335e+02 -4.420958641369609268e+02 2.283340000000000000e+19 7.792691886425018311e-02 8.936782181262969971e-02
-3.413659491532815196e+02 -6.702775919206342223e+02 -4.417197841870609523e+02 2.283540000000000000e+19 1.337386295199394226e-02 -1.077767461538314819e-02
-3.406529109297129025e+02 -6.708667272151627685e+02 -4.413757892266559679e+02 2.283740000000000000e+19 -3.333872556686401367e-02 4.636082425713539124e-02
-3.382444067575134454e+02 -6.728392100492523014e+02 -4.402240883141924428e+02 2.283940000000000000e+19 8.930887095630168915e-03 -2.421801835298538208e-01
-3.374599747690151048e+02 -6.734759261255281899e+02 -4.398523292796818964e+02 2.284140000000000000e+19 1.152356993407011032e-02 1.913138031959533691e-01
-3.366739317040496076e+02 -6.741111607285058653e+02 -4.394814397749983073e+02 2.284340000000000000e+19 1.132520064711570740e-01 -1.404065936803817749e-01
-3.358862813490547978e+02 -6.747449107982074565e+02 -4.391114215867446546e+02 2.284540000000000000e+19 1.432121992111206055e-01 6.793310493230819702e-02
-3.350970274543165601e+02 -6.753771733171239475e+02 -4.387422764767069339e+02 2.284740000000000000e+19 1.579428277909755707e-02 -4.839416965842247009e-02
-3.343061738024700276e+02 -6.760079452549844063e+02 -4.383740062140993814e+02 2.284940000000000000e+19 -9.473004192113876343e-02 7.774990051984786987e-02
-3.335137241893630176e+02 -6.766372235843035696e+02 -4.380066125664886272e+02 2.285140000000000000e+19 1.465499699115753174e-01 6.937351822853088379e-02
-3.327859334932729212e+02 -6.772127664829616833e+02 -4.376705954324760341e+02 2.285340000000000000e+19 -4.471649229526519775e-02 1.063774302601814270e-01
-3.382444067575134454e+02 -6.728392100492523014e+02 -4.402240883141924428e+02 2.285540000000000000e+19 -8.322267979383468628e-02 -6.952901184558868408e-02
-3.374599747690151048e+02 -6.734759261255281899e+02 -4.398523292796818964e+02 2.285740000000000000e+19 4.592849314212799072e-02 5.097840726375579834e-02
-3.366739317040496076e+02 -6.741111607285058653e+02 -4.394814397749983073e+02 2.285940000000000000e+19 -1.350858062505722046e-01 8.926701731979846954e-03
-3.358862813490547978e+02 -6.747449107982074565e+02 -4.391114215867446546e+02 2.286140000000000000e+19 -3.265467286109924316e-02 -1.228716224431991577e-01
-3.350970274543165601e+02 -6.753771733171239475e+02 -4.387422764767069339e+02 2.286340000000000000e+19 -4.074765369296073914e-02 -2.270376123487949371e-02
-3.343061738024700276e+02 -6.760079452549844063e+02 -4.383740062140993814e+02 2.286540000000000000e+19 -1.344618201255798340e-01 5.031931772828102112e-02
-3.335137241893630176e+02 -6.766372235843035696e+02 -4.380066125664886272e+02 2.286740000000000000e+19 1.007316447794437408e-02 -1.858532130718231201e-01
-3.327859334932729212e+02 -6.772127664829616833e+02 -4.376705954324760341e+02 2.286940000000000000e+19 9.714802354574203491e-02 1.627151854336261749e-02
-3.303280419969178752e+02 -6.791393407651225971e+02 -4.365458391854265301e+02 2.287140000000000000e+19 1.643795706331729889e-02 -6.050037965178489685e-02
-3.295276695697037894e+02 -6.797611060591792693e+02 -4.361828548804711545e+02 2.287340000000000000e+19 1.010722443461418152e-01 6.573698669672012329e-02
-3.287257240500272815e+02 -6.803813597831732523e+02 -4.358207576767010778e+02 2.287540000000000000e+19 7.514947652816772461e-02 9.471908211708068848e-03
-3.279222092562496300e+02 -6.810000989838646319e+02 -4.354595492981816847e+02 2.287740000000000000e+19 -1.134494021534919739e-01 -6.792244315147399902e-02
-3.271171290561663341e+02 -6.816173206828877937e+02 -4.350992314836250898e+02 2.287940000000000000e+19 -2.057651616632938385e-02 1.886929273605346680e-01
-3.263104872802745717e+02 -6.822330219435680192e+02 -4.347398059473772491e+02 2.288140000000000000e+19 4.473203793168067932e-02 -6.909842789173126221e-02
-3.255022878114136233e+02 -6.828471998021890386e+02 -4.343812744195575988e+02 2.288340000000000000e+19 -1.179188117384910583e-02 -2.782343886792659760e-02
-3.247600929285015923e+02 -6.834088748779565776e+02 -4.340533959132628752e+02 2.288540000000000000e+19 -6.845992803573608398e-02 5.713279359042644501e-03
-3.303280419969178752e+02 -6.791393407651225971e+02 -4.365458391854265301e+02 2.288740000000000000e+19 -8.859441429376602173e-02 6.596201658248901367e-02
-3.295276695697037894e+02 -6.797611060591792693e+02 -4.361828548804711545e+02 2.288940000000000000e+19 -1.437911838293075562e-01 9.736718982458114624e-02
-3.287257240500272815e+02 -6.803813597831732523e+02 -4.358207576767010778e+02 2.289140000000000000e+19 -6.198964267969131470e-02 8.870446681976318359e-02
-3.279222092562496300e+02 -6.810000989838646319e+02 -4.354595492981816847e+02 2.289340000000000000e+19 8.025274425745010376e-02 -4.921968653798103333e-02
-3.271171290561663341e+02 -6.816173206828877937e+02 -4.350992314836250898e+02 2.289540000000000000e+19 8.201213926076889038e-02 1.502000819891691208e-02
-3.263104872802745717e+02 -6.822330219435680192e+02 -4.347398059473772491e+02 2.289740000000000000e+19 7.558934390544891357e-02 1.922898292541503906e-01
-3.255022878114136233e+02 -6.828471998021890386e+02 -4.343812744195575988e+02 2.289940000000000000e+19 -4.976743832230567932e-02 -5.114820785820484161e-03
-3.247600929285015923e+02 -6.834088748779565776e+02 -4.340533959132628752e+02 2.290140000000000000e+19 -6.251247227191925049e-02 -1.399222612380981445e-01
-3.222539903363847884e+02 -6.852886186448087074e+02 -4.329561225836628182e+02 2.290340000000000000e+19 -7.181163877248764038e-02 -5.105944722890853882e-02
-3.214380605066978092e+02 -6.858951355971618113e+02 -4.326020867221419621e+02 2.290540000000000000e+19 2.882763743400573730e-02 -8.320511132478713989e-02
-3.206205962966715219e+02 -6.865001116259205673e+02 -4.322489550970390724e+02 2.290740000000000000e+19 -3.592107817530632019e-02 8.023786544799804688e-02
-3.198016016042201954e+02 -6.871035438463454739e+02 -4.318967293922084423e+02 2.290940000000000000e+19 6.584486365318298340e-02 6.533793359994888306e-02
-3.189810803545190652e+02 -6.877054293663416047e+02 -4.315454112957747839e+02 2.291140000000000000e+19 3.539865091443061829e-02 -1.095055602490901947e-02
-3.181590364886766906e+02 -6.883057652949804606e+02 -4.311950024951575529e+02 2.291340000000000000e+19 -3.924478590488433838e-02 -6.902746111154556274e-02
-3.173354739178909085e+02 -6.889045487759565276e+02 -4.308455046575459164e+02 2.291540000000000000e+19 6.501721590757369995e-02 1.417731195688247681e-01
-3.165792301580766548e+02 -6.894520871434957598e+02 -4.305259217408622021e+02 2.291740000000000000e+19 -6.536216288805007935e-02 -1.504261884838342667e-02
-3.222539903363847884e+02 -6.852886186448087074e+02 -4.329561225836628182e+02 2.291940000000000000e+19 4.637604206800460815e-02 -3.880409896373748779e-02
-3.214380605066978092e+02 -6.858951355971618113e+02 -4.326020867221419621e+02 2.292140000000000000e+19 3.314276784658432007e-02 8.728771656751632690e-02
-3.206205962966715219e+02 -6.865001116259205673e+02 -4.322489550970390724e+02 2.292340000000000000e+19 -1.227598986588418484e-03 7.551234960556030273e-02
-3.198016016042201954e+02 -6.871035438463454739e+02 -4.318967293922084423e+02 2.292540000000000000e+19 -9.280591458082199097e-02 -2.797257713973522186e-02
-3.189810803545190652e+02 -6.877054293663416047e+02 -4.315454112957747839e+02 2.292740000000000000e+19 -9.928627312183380127e-02 -4.960845038294792175e-02
-3.181590364886766906e+02 -6.883057652949804606e+02 -4.311950024951575529e+02 2.292940000000000000e+19 8.224208652973175049e-02 -1.268438156694173813e-02
-3.173354739178909085e+02 -6.889045487759565276e+02 -4.308455046575459164e+02 2.293140000000000000e+19 1.172673478722572327e-01 -1.670220196247100830e-01
-3.165792301580766548e+02 -6.894520871434957598e+02 -4.305259217408622021e+02 2.293340000000000000e+19 -6.226536259055137634e-02 -8.314754068851470947e-02
