# Baseline: 3-24
# Entries: 128
# u [m], v [m], w [m], frequency [GHz], real, imag, std(real), std(imag)
-7.729739275695956167e+02 1.624420080079897616e+03 -5.645191546253644219e+02 2.267940000000000111e+01 -9.344407357275485992e-03 -2.806945145130157471e-02 5.725356563925743103e-02 5.713982880115509033e-02
-7.766627157591373134e+02 1.622958746998378274e+03 -5.636586703841510371e+02 2.268140000000000001e+01 2.170602092519402504e-03 -2.669140882790088654e-02 5.725356563925743103e-02 5.713982880115509033e-02
-7.803477852102214456e+02 1.621490451401431528e+03 -5.627941145211464118e+02 2.268340000000000245e+01 -1.043090447783470154e-01 -1.032738238573074341e-01 5.725356563925743103e-02 5.713982880115509033e-02
-7.840291183127758359e+02 1.620015200305763074e+03 -5.619254911679063298e+02 2.268540000000000134e+01 1.141996160149574280e-01 -3.601503372192382812e-02 5.725356563925743103e-02 5.713982880115509033e-02
-7.867877733260526156e+02 1.618904418640255926e+03 -5.612714837343060026e+02 2.268740000000000023e+01 -2.687893807888031006e-02 7.346811238676309586e-03 5.725356563925743103e-02 5.713982880115509033e-02
-7.913805050184918173e+02 1.617043859891787861e+03 -5.601760586379858751e+02 2.268940000000000268e+01 4.264206811785697937e-02 -3.620028868317604065e-02 5.725356563925743103e-02 5.713982880115509033e-02
-7.950505233631569126e+02 1.615547784824796736e+03 -5.592952578520518045e+02 2.269140000000000157e+01 4.235528875142335892e-03 -1.198674216866493225e-01 5.725356563925743103e-02 5.713982880115509033e-02
-7.996328462672552178e+02 1.613668230852215856e+03 -5.581887248529752696e+02 2.269340000000000046e+01 1.481829211115837097e-02 -2.177619561553001404e-02 5.725356563925743103e-02 5.713982880115509033e-02
-7.729739275695956167e+02 1.624420080079897616e+03 -5.645191546253644219e+02 2.269540000000000290e+01 2.173907309770584106e-02 1.049730330705642700e-01 5.725356563925743103e-02 5.713982880115509033e-02
-7.766627157591373134e+02 1.622958746998378274e+03 -5.636586703841510371e+02 2.269740000000000180e+01 1.482556015253067017e-01 -9.327107667922973633e-02 5.725356563925743103e-02 5.713982880115509033e-02
-7.803477852102214456e+02 1.621490451401431528e+03 -5.627941145211464118e+02 2.269940000000000069e+01 -7.240793108940124512e-02 -8.867190778255462646e-02 5.725356563925743103e-02 5.713982880115509033e-02
-7.840291183127758359e+02 1.620015200305763074e+03 -5.619254911679063298e+02 2.270140000000000313e+01 8.209858834743499756e-02 -1.821647584438323975e-02 5.725356563925743103e-02 5.713982880115509033e-02
-7.867877733260526156e+02 1.618904418640255926e+03 -5.612714837343060026e+02 2.270340000000000202e+01 6.026666611433029175e-02 1.017060223966836929e-02 5.725356563925743103e-02 5.713982880115509033e-02
-7.913805050184918173e+02 1.617043859891787861e+03 -5.601760586379858751e+02 2.270540000000000092e+01 1.291610300540924072e-01 6.718282401561737061e-02 5.725356563925743103e-02 5.713982880115509033e-02
-7.950505233631569126e+02 1.615547784824796736e+03 -5.592952578520518045e+02 2.270739999999999981e+01 1.346599869430065155e-02 1.355371624231338501e-01 5.725356563925743103e-02 5.713982880115509033e-02
-7.996328462672552178e+02 1.613668230852215856e+03 -5.581887248529752696e+02 2.270940000000000225e+01 2.277600020170211792e-02 6.674249470233917236e-02 5.725356563925743103e-02 5.713982880115509033e-02
-8.096923542841028620e+02 1.609494286054818303e+03 -5.557315896897455332e+02 2.271140000000000114e+01 1.143793687224388123e-01 -7.008904963731765747e-02 5.725356563925743103e-02 5.713982880115509033e-02
-8.133431637970107886e+02 1.607963647954856015e+03 -5.548305777159660011e+02 2.271340000000000003e+01 3.897201269865036011e-02 -5.366663262248039246e-02 5.725356563925743103e-02 5.713982880115509033e-02
-8.169900790033101430e+02 1.606426119113167715e+03 -5.539255363759370994e+02 2.271540000000000248e+01 5.376698449254035950e-02 -7.573416829109191895e-02 5.725356563925743103e-02 5.713982880115509033e-02
-8.206330825006774603e+02 1.604881706866622608e+03 -5.530164699883948742e+02 2.271740000000000137e+01 -5.390685517340898514e-03 3.857834264636039734e-02 5.725356563925743103e-02 5.713982880115509033e-02
-8.242721568419819960e+02 1.603330418611770028e+03 -5.521033829070770480e+02 2.271940000000000026e+01 3.812974318861961365e-02 -9.670617058873176575e-03 5.725356563925743103e-02 5.713982880115509033e-02
-8.279072846115633411e+02 1.601772261772651063e+03 -5.511862795017761982e+02 2.272140000000000271e+01 4.836197011172771454e-03 5.148486816324293613e-04 5.725356563925743103e-02 5.713982880115509033e-02
-8.315384484000549037e+02 1.600207243811719991e+03 -5.502651641647680663e+02 2.272340000000000160e+01 -1.609140262007713318e-02 4.293512925505638123e-02 5.725356563925743103e-02 5.713982880115509033e-02
-8.348635690470485997e+02 1.598766710257629484e+03 -5.494173387932746664e+02 2.272540000000000049e+01 -9.545105695724487305e-02 -3.114471398293972015e-02 5.725356563925743103e-02 5.713982880115509033e-02
-8.096923542841028620e+02 1.609494286054818303e+03 -5.557315896897455332e+02 2.272740000000000293e+01 -3.712721914052963257e-02 -9.763347357511520386e-02 5.725356563925743103e-02 5.713982880115509033e-02
-8.133431637970107886e+02 1.607963647954856015e+03 -5.548305777159660011e+02 2.272940000000000182e+01 3.786987438797950745e-02 -3.441549465060234070e-02 5.725356563925743103e-02 5.713982880115509033e-02
-8.169900790033101430e+02 1.606426119113167715e+03 -5.539255363759370994e+02 2.273140000000000072e+01 -7.699357718229293823e-02 1.183979809284210205e-01 5.725356563925743103e-02 5.713982880115509033e-02
-8.206330825006774603e+02 1.604881706866622608e+03 -5.530164699883948742e+02 2.273340000000000316e+01 -7.682337425649166107e-03 3.764804080128669739e-02 5.725356563925743103e-02 5.713982880115509033e-02
-8.242721568419819960e+02 1.603330418611770028e+03 -5.521033829070770480e+02 2.273540000000000205e+01 1.720334216952323914e-02 -1.831878721714019775e-02 5.725356563925743103e-02 5.713982880115509033e-02
-8.279072846115633411e+02 1.601772261772651063e+03 -5.511862795017761982e+02 2.273740000000000094e+01 -1.777384243905544281e-02 2.337142825126647949e-02 5.725356563925743103e-02 5.713982880115509033e-02
-8.315384484000549037e+02 1.600207243811719991e+03 -5.502651641647680663e+02 2.273939999999999984e+01 8.904315531253814697e-02 1.922470866702497005e-03 5.725356563925743103e-02 5.713982880115509033e-02
-8.348635690470485997e+02 1.598766710257629484e+03 -5.494173387932746664e+02 2.274140000000000228e+01 4.856701195240020752e-02 -2.161113731563091278e-02 5.725356563925743103e-02 5.713982880115509033e-02
-8.460231166756896073e+02 1.593878710949321658e+03 -5.465406719001188094e+02 2.274340000000000117e+01 3.540937602519989014e-02 -1.067950278520584106e-01 5.725356563925743103e-02 5.713982880115509033e-02
-8.496342003249123991e+02 1.592279500359720714e+03 -5.455995633985139648e+02 2.274540000000000006e+01 1.886180788278579712e-02 -3.228357061743736267e-02 5.725356563925743103e-02 5.713982880115509033e-02
-8.532412160641682703e+02 1.590673474056063014e+03 -5.446544696887940518e+02 2.274740000000000251e+01 -4.988096654415130615e-02 -1.978577114641666412e-02 5.725356563925743103e-02 5.713982880115509033e-02
-8.568441465684194327e+02 1.589060639752343604e+03 -5.437053953103976482e+02 2.274940000000000140e+01 -1.405636034905910492e-02 1.878035441040992737e-02 5.725356563925743103e-02 5.713982880115509033e-02
-8.604429746702271586e+02 1.587441005133362978e+03 -5.427523447854644019e+02 2.275140000000000029e+01 5.187809932976961136e-03 2.283238619565963745e-02 5.725356563925743103e-02 5.713982880115509033e-02
-8.640376830337830825e+02 1.585814578001109339e+03 -5.417953227049683846e+02 2.275340000000000273e+01 2.283507585525512695e-02 4.947751387953758240e-02 5.725356563925743103e-02 5.713982880115509033e-02
-8.676282545434852409e+02 1.584181366099719298e+03 -5.408343336257200917e+02 2.275540000000000163e+01 4.387763515114784241e-02 3.935495764017105103e-02 5.725356563925743103e-02 5.713982880115509033e-02
-8.709160160029601911e+02 1.582678387849284718e+03 -5.399499964079623169e+02 2.275740000000000052e+01 -2.831809595227241516e-02 -8.172854781150817871e-02 5.725356563925743103e-02 5.713982880115509033e-02
-8.460231166756896073e+02 1.593878710949321658e+03 -5.465406719001188094e+02 2.275940000000000296e+01 4.096009209752082825e-02 4.388900473713874817e-02 5.725356563925743103e-02 5.713982880115509033e-02
-8.496342003249123991e+02 1.592279500359720714e+03 -5.455995633985139648e+02 2.276140000000000185e+01 1.182937063276767731e-02 3.574269264936447144e-02 5.725356563925743103e-02 5.713982880115509033e-02
-8.532412160641682703e+02 1.590673474056063014e+03 -5.446544696887940518e+02 2.276340000000000074e+01 6.851152982562780380e-03 2.048698253929615021e-02 5.725356563925743103e-02 5.713982880115509033e-02
-8.568441465684194327e+02 1.589060639752343604e+03 -5.437053953103976482e+02 2.276540000000000319e+01 -2.695452049374580383e-02 -1.602538302540779114e-02 5.725356563925743103e-02 5.713982880115509033e-02
-8.604429746702271586e+02 1.587441005133362978e+03 -5.427523447854644019e+02 2.276740000000000208e+01 -1.379061788320541382e-01 9.255339205265045166e-02 5.725356563925743103e-02 5.713982880115509033e-02
-8.640376830337830825e+02 1.585814578001109339e+03 -5.417953227049683846e+02 2.276940000000000097e+01 -5.655066668987274170e-02 -2.510845474898815155e-02 5.725356563925743103e-02 5.713982880115509033e-02
-8.676282545434852409e+02 1.584181366099719298e+03 -5.408343336257200917e+02 2.277139999999999986e+01 -1.044627092778682709e-02 -6.971141695976257324e-02 5.725356563925743103e-02 5.713982880115509033e-02
-8.709160160029601911e+02 1.582678387849284718e+03 -5.399499964079623169e+02 2.277340000000000231e+01 -4.973420128226280212e-02 1.059224382042884827e-01 5.725356563925743103e-02 5.713982880115509033e-02
-8.819488284216462262e+02 1.577580827725045310e+03 -5.369507996532962579e+02 2.277540000000000120e+01 8.899130858480930328e-03 4.220758751034736633e-02 5.725356563925743103e-02 5.713982880115509033e-02
-8.855184581953370753e+02 1.575913809918907873e+03 -5.359700449749574318e+02 2.277740000000000009e+01 5.651695653796195984e-02 2.853639051318168640e-02 5.725356563925743103e-02 5.713982880115509033e-02
-8.890838482516049908e+02 1.574240054754998255e+03 -5.349853511931574985e+02 2.277940000000000254e+01 -8.382073044776916504e-02 1.258160024881362915e-01 5.725356563925743103e-02 5.713982880115509033e-02
-8.926449816143621092e+02 1.572559570202662599e+03 -5.339967229963828004e+02 2.278140000000000143e+01 3.501279279589653015e-03 -1.026874408125877380e-01 5.725356563925743103e-02 5.713982880115509033e-02
-8.962018411417511743e+02 1.570872364351100259e+03 -5.330041651435126369e+02 2.278340000000000032e+01 3.844289109110832214e-02 9.020254760980606079e-02 5.725356563925743103e-02 5.713982880115509033e-02
-8.997544099106944486e+02 1.569178445227835255e+03 -5.320076823570261695e+02 2.278540000000000276e+01 7.687508128583431244e-03 5.060473084449768066e-02 5.725356563925743103e-02 5.713982880115509033e-02
-9.033026708205576369e+02 1.567477820986727920e+03 -5.310072794336068682e+02 2.278740000000000165e+01 -4.465030133724212646e-02 -7.664319872856140137e-02 5.725356563925743103e-02 5.713982880115509033e-02
-9.065514998493649728e+02 1.565913117239196254e+03 -5.300868535398437871e+02 2.278940000000000055e+01 -1.462703105062246323e-03 -4.118107631802558899e-02 5.725356563925743103e-02 5.713982880115509033e-02
-8.819488284216462262e+02 1.577580827725045310e+03 -5.369507996532962579e+02 2.279140000000000299e+01 7.797312736511230469e-02 3.110258281230926514e-02 5.725356563925743103e-02 5.713982880115509033e-02
-8.855184581953370753e+02 1.575913809918907873e+03 -5.359700449749574318e+02 2.279340000000000188e+01 6.154716759920120239e-02 -1.557447202503681183e-02 5.725356563925743103e-02 5.713982880115509033e-02
-8.890838482516049908e+02 1.574240054754998255e+03 -5.349853511931574985e+02 2.279540000000000077e+01 -1.374904997646808624e-02 -2.804558165371417999e-02 5.725356563925743103e-02 5.713982880115509033e-02
-8.926449816143621092e+02 1.572559570202662599e+03 -5.339967229963828004e+02 2.279739999999999966e+01 5.959808826446533203e-02 -1.359668970108032227e-01 5.725356563925743103e-02 5.713982880115509033e-02
-8.962018411417511743e+02 1.570872364351100259e+03 -5.330041651435126369e+02 2.279940000000000211e+01 -8.249606937170028687e-02 -1.828585565090179443e-02 5.725356563925743103e-02 5.713982880115509033e-02
-8.997544099106944486e+02 1.569178445227835255e+03 -5.320076823570261695e+02 2.280140000000000100e+01 2.536300010979175568e-02 2.603314258158206940e-02 5.725356563925743103e-02 5.713982880115509033e-02
-9.033026708205576369e+02 1.567477820986727920e+03 -5.310072794336068682e+02 2.280339999999999989e+01 5.430998653173446655e-02 1.054092645645141602e-01 5.725356563925743103e-02 5.713982880115509033e-02
-9.065514998493649728e+02 1.565913117239196254e+03 -5.300868535398437871e+02 2.280540000000000234e+01 -2.681992948055267334e-02 6.689832359552383423e-02 5.725356563925743103e-02 5.713982880115509033e-02
-9.168641250357263743e+02 1.560896792684950242e+03 -5.271361721762081061e+02 2.280740000000000123e+01 -9.536124998703598976e-04 -7.831250317394733429e-03 5.725356563925743103e-02 5.713982880115509033e-02
-9.203913258913478330e+02 1.559163875552869058e+03 -5.261168896768324430e+02 2.280940000000000012e+01 1.048550009727478027e-03 7.095532864332199097e-02 5.725356563925743103e-02 5.713982880115509033e-02
-9.239141201868293365e+02 1.557424301200392847e+03 -5.250937152149099347e+02 2.281140000000000256e+01 3.743999823927879333e-02 -3.002763353288173676e-02 5.725356563925743103e-02 5.713982880115509033e-02
-9.274324910017199954e+02 1.555678077983050116e+03 -5.240666537049628459e+02 2.281340000000000146e+01 -6.908187270164489746e-02 1.142807453870773315e-01 5.725356563925743103e-02 5.713982880115509033e-02
-9.309464215961105538e+02 1.553925214209227306e+03 -5.230357100336709664e+02 2.281540000000000035e+01 -1.219315826892852783e-02 -9.052122011780738831e-03 5.725356563925743103e-02 5.713982880115509033e-02
-9.344558950675491360e+02 1.552165718310347074e+03 -5.220008891599688923e+02 2.281740000000000279e+01 6.970201432704925537e-02 1.057168170809745789e-01 5.725356563925743103e-02 5.713982880115509033e-02
-9.379608946696009752e+02 1.550399598682507076e+03 -5.209621960219010361e+02 2.281940000000000168e+01 1.558724045753479004e-01 -1.643818318843841553e-01 5.725356563925743103e-02 5.713982880115509033e-02
-9.411699238070635829e+02 1.548774928288120691e+03 -5.200067124027141290e+02 2.282140000000000057e+01 -6.687643378973007202e-02 1.241914108395576477e-01 5.725356563925743103e-02 5.713982880115509033e-02
-9.168641250357263743e+02 1.560896792684950242e+03 -5.271361721762081061e+02 2.282340000000000302e+01 5.806099250912666321e-02 -2.793446183204650879e-02 5.725356563925743103e-02 5.713982880115509033e-02
-9.203913258913478330e+02 1.559163875552869058e+03 -5.261168896768324430e+02 2.282540000000000191e+01 -1.685483567416667938e-02 8.672109991312026978e-02 5.725356563925743103e-02 5.713982880115509033e-02
-9.239141201868293365e+02 1.557424301200392847e+03 -5.250937152149099347e+02 2.282740000000000080e+01 1.231182441115379333e-01 3.561946377158164978e-02 5.725356563925743103e-02 5.713982880115509033e-02
-9.274324910017199954e+02 1.555678077983050116e+03 -5.240666537049628459e+02 2.282939999999999969e+01 1.609692350029945374e-02 6.115668453276157379e-03 5.725356563925743103e-02 5.713982880115509033e-02
-9.309464215961105538e+02 1.553925214209227306e+03 -5.230357100336709664e+02 2.283140000000000214e+01 8.492037653923034668e-02 5.840652808547019958e-02 5.725356563925743103e-02 5.713982880115509033e-02
-9.344558950675491360e+02 1.552165718310347074e+03 -5.220008891599688923e+02 2.283340000000000103e+01 -5.253437533974647522e-02 3.924299404025077820e-02 5.725356563925743103e-02 5.713982880115509033e-02
-9.379608946696009752e+02 1.550399598682507076e+03 -5.209621960219010361e+02 2.283539999999999992e+01 -1.378420144319534302e-01 -8.618333231424912810e-05 5.725356563925743103e-02 5.713982880115509033e-02
-9.411699238070635829e+02 1.548774928288120691e+03 -5.200067124027141290e+02 2.283740000000000236e+01 4.977581277489662170e-02 -3.910668566823005676e-02 5.725356563925743103e-02 5.713982880115509033e-02
-9.519358191166168126e+02 1.543269052454826578e+03 -5.167688005541529037e+02 2.283940000000000126e+01 -5.389657616615295410e-02 -7.104543596506118774e-02 5.725356563925743103e-02 5.713982880115509033e-02
-9.554181980952860158e+02 1.541469941647029600e+03 -5.157108210569613220e+02 2.284140000000000015e+01 4.091413691639900208e-03 3.862531157210469246e-03 5.725356563925743103e-02 5.713982880115509033e-02
-9.588960029329759891e+02 1.539664258272280449e+03 -5.146489993832595928e+02 2.284340000000000259e+01 3.665044903755187988e-02 -3.898823261260986328e-02 5.725356563925743103e-02 5.713982880115509033e-02
-9.623692168768213833e+02 1.537852011028714060e+03 -5.135833406479430323e+02 2.284540000000000148e+01 -5.283487960696220398e-02 3.344057872891426086e-02 5.725356563925743103e-02 5.713982880115509033e-02
-9.658378233896237361e+02 1.536033208545093430e+03 -5.125138499250039104e+02 2.284740000000000038e+01 4.820952564477920532e-02 3.438753075897693634e-03 5.725356563925743103e-02 5.713982880115509033e-02
-9.693018058473167002e+02 1.534207859538297953e+03 -5.114405323401416013e+02 2.284940000000000282e+01 4.147464409470558167e-02 -3.691256791353225708e-02 5.725356563925743103e-02 5.713982880115509033e-02
-9.727611476239742387e+02 1.532375972769448254e+03 -5.103633930449622085e+02 2.285140000000000171e+01 8.981709182262420654e-02 -8.071151375770568848e-02 5.725356563925743103e-02 5.713982880115509033e-02
-9.759281795930422732e+02 1.530691090477963826e+03 -5.093727110124730757e+02 2.285340000000000060e+01 -3.314670175313949585e-02 3.232694417238235474e-02 5.725356563925743103e-02 5.713982880115509033e-02
-9.519358191166168126e+02 1.543269052454826578e+03 -5.167688005541529037e+02 2.285540000000000305e+01 -4.791479092091321945e-03 -6.942580640316009521e-02 5.725356563925743103e-02 5.713982880115509033e-02
-9.554181980952860158e+02 1.541469941647029600e+03 -5.157108210569613220e+02 2.285740000000000194e+01 6.729642860591411591e-03 5.112857371568679810e-02 5.725356563925743103e-02 5.713982880115509033e-02
-9.588960029329759891e+02 1.539664258272280449e+03 -5.146489993832595928e+02 2.285940000000000083e+01 5.638561770319938660e-02 3.522845730185508728e-02 5.725356563925743103e-02 5.713982880115509033e-02
-9.623692168768213833e+02 1.537852011028714060e+03 -5.135833406479430323e+02 2.286139999999999972e+01 -2.144094556570053101e-02 4.840800911188125610e-02 5.725356563925743103e-02 5.713982880115509033e-02
-9.658378233896237361e+02 1.536033208545093430e+03 -5.125138499250039104e+02 2.286340000000000217e+01 -3.822100535035133362e-02 -4.486484080553054810e-02 5.725356563925743103e-02 5.713982880115509033e-02
-9.693018058473167002e+02 1.534207859538297953e+03 -5.114405323401416013e+02 2.286540000000000106e+01 2.874794043600559235e-02 -1.295222491025924683e-01 5.725356563925743103e-02 5.713982880115509033e-02
-9.727611476239742387e+02 1.532375972769448254e+03 -5.103633930449622085e+02 2.286739999999999995e+01 -1.573366820812225342e-01 -6.881397217512130737e-02 5.725356563925743103e-02 5.713982880115509033e-02
-9.759281795930422732e+02 1.530691090477963826e+03 -5.093727110124730757e+02 2.286940000000000239e+01 -1.256830096244812012e-01 6.126792635768651962e-03 5.725356563925743103e-02 5.713982880115509033e-02
-9.865517775438333956e+02 1.524983223671472842e+03 -5.060167220102241004e+02 2.287140000000000128e+01 -4.404178261756896973e-02 9.712848067283630371e-02 5.725356563925743103e-02 5.713982880115509033e-02
-9.899876682351373347e+02 1.523118780112753257e+03 -5.049205517886759935e+02 2.287340000000000018e+01 7.453833520412445068e-02 3.619941649958491325e-03 5.725356563925743103e-02 5.713982880115509033e-02
-9.934188192487363267e+02 1.521247851861943673e+03 -5.038205910600843254e+02 2.287540000000000262e+01 3.609914332628250122e-02 -9.729578346014022827e-02 5.725356563925743103e-02 5.713982880115509033e-02
-9.968452142477390225e+02 1.519370447827248654e+03 -5.027168450617891722e+02 2.287740000000000151e+01 -8.804321289062500000e-03 3.275486826896667480e-02 5.725356563925743103e-02 5.713982880115509033e-02
-1.000266836738846564e+03 1.517486577045728609e+03 -5.016093191067815269e+02 2.287940000000000040e+01 2.447598800063133240e-02 -6.847474724054336548e-02 5.725356563925743103e-02 5.713982880115509033e-02
-1.003683670442369930e+03 1.515596248480655731e+03 -5.004980184645465897e+02 2.288140000000000285e+01 -3.318312019109725952e-02 -2.885016612708568573e-02 5.725356563925743103e-02 5.713982880115509033e-02
-1.007095698911136765e+03 1.513699471231325106e+03 -4.993829484844746958e+02 2.288340000000000174e+01 1.622087322175502777e-02 1.060590595006942749e-01 5.725356563925743103e-02 5.713982880115509033e-02
-1.010219218124077202e+03 1.511955183346804233e+03 -4.983575421323548653e+02 2.288540000000000063e+01 2.472720481455326080e-02 2.305883355438709259e-02 5.725356563925743103e-02 5.713982880115509033e-02
-9.865517775438333956e+02 1.524983223671472842e+03 -5.060167220102241004e+02 2.288740000000000308e+01 7.017175853252410889e-02 -4.843492433428764343e-02 5.725356563925743103e-02 5.713982880115509033e-02
-9.899876682351373347e+02 1.523118780112753257e+03 -5.049205517886759935e+02 2.288940000000000197e+01 -8.476853370666503906e-02 -5.621139705181121826e-02 5.725356563925743103e-02 5.713982880115509033e-02
-9.934188192487363267e+02 1.521247851861943673e+03 -5.038205910600843254e+02 2.289140000000000086e+01 1.651886850595474243e-02 1.029829010367393494e-01 5.725356563925743103e-02 5.713982880115509033e-02
-9.968452142477390225e+02 1.519370447827248654e+03 -5.027168450617891722e+02 2.289339999999999975e+01 -3.936225548386573792e-02 -1.555438432842493057e-02 5.725356563925743103e-02 5.713982880115509033e-02
-1.000266836738846564e+03 1.517486577045728609e+03 -5.016093191067815269e+02 2.289540000000000219e+01 3.134121885523200035e-03 -1.340958941727876663e-02 5.725356563925743103e-02 5.713982880115509033e-02
-1.003683670442369930e+03 1.515596248480655731e+03 -5.004980184645465897e+02 2.289740000000000109e+01 9.589665569365024567e-03 5.783960595726966858e-02 5.725356563925743103e-02 5.713982880115509033e-02
-1.007095698911136765e+03 1.513699471231325106e+03 -4.993829484844746958e+02 2.289939999999999998e+01 -2.044572494924068451e-02 -3.499519452452659607e-02 5.725356563925743103e-02 5.713982880115509033e-02
-1.010219218124077202e+03 1.511955183346804233e+03 -4.983575421323548653e+02 2.290140000000000242e+01 3.799709305167198181e-02 3.112215362489223480e-02 5.725356563925743103e-02 5.713982880115509033e-02
-1.020695434786782130e+03 1.506048057079510500e+03 -4.948850819945866988e+02 2.290340000000000131e+01 -3.525464562699198723e-03 -6.640130281448364258e-02 5.725356563925743103e-02 5.713982880115509033e-02
-1.024083192870189123e+03 1.504119173041674230e+03 -4.937512456465285027e+02 2.290540000000000020e+01 -6.098408624529838562e-02 -6.365960091352462769e-02 5.725356563925743103e-02 5.713982880115509033e-02
-1.027466048116232514e+03 1.502183895233072917e+03 -4.926136722414447036e+02 2.290740000000000265e+01 5.924180895090103149e-02 -5.570458993315696716e-02 5.725356563925743103e-02 5.713982880115509033e-02
-1.030843984394317886e+03 1.500242232881657173e+03 -4.914723672036142830e+02 2.290940000000000154e+01 -7.573673129081726074e-02 3.991736099123954773e-02 5.725356563925743103e-02 5.713982880115509033e-02
-1.034216985514932958e+03 1.498294195293143275e+03 -4.903273360029249375e+02 2.291140000000000043e+01 -1.799380593001842499e-02 -8.075281511992216110e-04 5.725356563925743103e-02 5.713982880115509033e-02
-1.037585035277114685e+03 1.496339791824334725e+03 -4.891785841391903205e+02 2.291340000000000288e+01 -7.489053159952163696e-02 -3.297029435634613037e-02 5.725356563925743103e-02 5.713982880115509033e-02
-1.040948117656169643e+03 1.494379031774106352e+03 -4.880261170780735256e+02 2.291540000000000177e+01 -5.730187520384788513e-03 -4.892190173268318176e-02 5.725356563925743103e-02 5.713982880115509033e-02
-1.044026628815264985e+03 1.492576173341840558e+03 -4.869664773010753720e+02 2.291740000000000066e+01 -2.277950756251811981e-02 -6.954622920602560043e-03 5.725356563925743103e-02 5.713982880115509033e-02
-1.020695434786782130e+03 1.506048057079510500e+03 -4.948850819945866988e+02 2.291940000000000310e+01 -6.500744819641113281e-02 -3.025489673018455505e-02 5.725356563925743103e-02 5.713982880115509033e-02
-1.024083192870189123e+03 1.504119173041674230e+03 -4.937512456465285027e+02 2.292140000000000200e+01 -5.227671563625335693e-02 -1.272368710488080978e-03 5.725356563925743103e-02 5.713982880115509033e-02
-1.027466048116232514e+03 1.502183895233072917e+03 -4.926136722414447036e+02 2.292340000000000089e+01 -2.493941597640514374e-02 -6.306552886962890625e-02 5.725356563925743103e-02 5.713982880115509033e-02
-1.030843984394317886e+03 1.500242232881657173e+03 -4.914723672036142830e+02 2.292539999999999978e+01 5.625350400805473328e-02 -5.463835597038269043e-02 5.725356563925743103e-02 5.713982880115509033e-02
-1.034216985514932958e+03 1.498294195293143275e+03 -4.903273360029249375e+02 2.292740000000000222e+01 -6.701304018497467041e-02 4.000443965196609497e-03 5.725356563925743103e-02 5.713982880115509033e-02
-1.037585035277114685e+03 1.496339791824334725e+03 -4.891785841391903205e+02 2.292940000000000111e+01 1.208435744047164917e-02 1.718551851809024811e-02 5.725356563925743103e-02 5.713982880115509033e-02
-1.040948117656169643e+03 1.494379031774106352e+03 -4.880261170780735256e+02 2.293140000000000001e+01 1.927189342677593231e-02 -3.427717834711074829e-02 5.725356563925743103e-02 5.713982880115509033e-02
-1.044026628815264985e+03 1.492576173341840558e+03 -4.869664773010753720e+02 2.293340000000000245e+01 -4.222850501537322998e-02 -7.777648419141769409e-02 5.725356563925743103e-02 5.713982880115509033e-02
