# Baseline: 10-13
# u [m], v [m], w [m], frequency [GHz], real, imag
4.613847628700849782e+03 -1.958736585830656850e+03 4.377746616784271282e+03 2.267940000000000000e+19 6.867398973554372787e-03 1.385180512443184853e-03
4.622373253257827855e+03 -1.950029204546205619e+03 4.372637190905527859e+03 2.268140000000000000e+19 -6.473504006862640381e-03 -1.076006214134395123e-03
4.630876771551335878e+03 -1.941305736300417266e+03 4.367518375372938863e+03 2.268340000000000000e+19 9.974496439099311829e-03 3.507241839542984962e-03
4.639358142945195141e+03 -1.932566222780895941e+03 4.362390194648244687e+03 2.268540000000000000e+19 -6.367490626871585846e-03 -1.161674852482974529e-03
4.647817326849366509e+03 -1.923810705812351216e+03 4.357252673273410437e+03 2.268740000000000000e+19 8.562614209949970245e-03 2.160061616450548172e-03
4.656254282780506401e+03 -1.915039227296452964e+03 4.352105835835313883e+03 2.268940000000000000e+19 -7.964158430695533752e-03 -2.696554176509380341e-03
4.664668970185642138e+03 -1.906251829394777815e+03 4.346949707073103127e+03 2.269140000000000000e+19 1.168665383011102676e-02 -3.002271521836519241e-03
4.672363121725720703e+03 -1.898182967198338929e+03 4.342215232136430132e+03 2.269340000000000000e+19 1.331229927018284798e-03 1.675195875577628613e-03
4.613847628700849782e+03 -1.958736585830656850e+03 4.377746616784271282e+03 2.269540000000000000e+19 7.208473049104213715e-03 5.600634030997753143e-03
4.622373253257827855e+03 -1.950029204546205619e+03 4.372637190905527859e+03 2.269740000000000000e+19 -5.200238898396492004e-03 -4.410474095493555069e-03
4.630876771551335878e+03 -1.941305736300417266e+03 4.367518375372938863e+03 2.269940000000000000e+19 8.942354470491409302e-03 -6.350223906338214874e-03
4.639358142945195141e+03 -1.932566222780895941e+03 4.362390194648244687e+03 2.270140000000000000e+19 8.117980323731899261e-03 -3.889070823788642883e-03
4.647817326849366509e+03 -1.923810705812351216e+03 4.357252673273410437e+03 2.270340000000000000e+19 2.445946913212537766e-03 -6.938858423382043839e-03
4.656254282780506401e+03 -1.915039227296452964e+03 4.352105835835313883e+03 2.270540000000000000e+19 -6.438994780182838440e-03 -3.747575683519244194e-03
4.664668970185642138e+03 -1.906251829394777815e+03 4.346949707073103127e+03 2.270740000000000000e+19 -6.153316702693700790e-03 2.091692527756094933e-03
4.672363121725720703e+03 -1.898182967198338929e+03 4.342215232136430132e+03 2.270940000000000000e+19 -5.115802399814128876e-03 -7.135939784348011017e-03
4.698104232560600394e+03 -1.870943884258062326e+03 4.326232771853862687e+03 2.271140000000000000e+19 -1.535081973997876048e-04 -9.904605336487293243e-03
4.706406976297282199e+03 -1.862077520839724457e+03 4.321030556956477994e+03 2.271340000000000000e+19 -3.154376987367868423e-03 -2.180215204134583473e-03
4.714687211550860411e+03 -1.853195491436550810e+03 4.315819199418041535e+03 2.271540000000000000e+19 -1.697707735002040863e-02 3.723261877894401550e-03
4.722944898809935694e+03 -1.844297838432055187e+03 4.310598724106263944e+03 2.271740000000000000e+19 -4.171862732619047165e-03 4.985138773918151855e-03
4.731179998526698000e+03 -1.835384604439105033e+03 4.305369156023194591e+03 2.271940000000000000e+19 -2.759022405371069908e-03 -2.121149003505706787e-02
4.739392471290087087e+03 -1.826455832114066425e+03 4.300130520196164071e+03 2.272140000000000000e+19 -2.978467382490634918e-04 -8.815435692667961121e-03
4.747582277769098255e+03 -1.817511564219026923e+03 4.294882841714301321e+03 2.272340000000000000e+19 -5.938722286373376846e-03 1.131469476968050003e-02
4.755069944815839335e+03 -1.809299272250703780e+03 4.290064661956233067e+03 2.272540000000000000e+19 -6.701514590531587601e-03 9.364108555018901825e-03
4.698104232560600394e+03 -1.870943884258062326e+03 4.326232771853862687e+03 2.272740000000000000e+19 -9.420802234672009945e-04 7.732980418950319290e-03
4.706406976297282199e+03 -1.862077520839724457e+03 4.321030556956477994e+03 2.272940000000000000e+19 -2.902497071772813797e-03 -2.389458753168582916e-02
4.714687211550860411e+03 -1.853195491436550810e+03 4.315819199418041535e+03 2.273140000000000000e+19 -7.745719980448484421e-03 -6.668305955827236176e-03
4.722944898809935694e+03 -1.844297838432055187e+03 4.310598724106263944e+03 2.273340000000000000e+19 2.889475319534540176e-03 3.307671518996357918e-03
4.731179998526698000e+03 -1.835384604439105033e+03 4.305369156023194591e+03 2.273540000000000000e+19 1.030657254159450531e-02 9.798951447010040283e-03
4.739392471290087087e+03 -1.826455832114066425e+03 4.300130520196164071e+03 2.273740000000000000e+19 4.135712515562772751e-03 4.348360816948115826e-04
4.747582277769098255e+03 -1.817511564219026923e+03 4.294882841714301321e+03 2.273940000000000000e+19 3.231621813029050827e-03 -1.050375401973724365e-02
4.755069944815839335e+03 -1.809299272250703780e+03 4.290064661956233067e+03 2.274140000000000000e+19 -2.068194560706615448e-02 6.324709393084049225e-03
4.780114059042481131e+03 -1.781580393646047696e+03 4.273802203872722203e+03 2.274340000000000000e+19 -8.344300091266632080e-03 1.364726666361093521e-02
4.788189948476931932e+03 -1.772559291326846505e+03 4.268509689615665593e+03 2.274540000000000000e+19 2.319767139852046967e-03 2.961637265980243683e-02
4.796242938208278247e+03 -1.763522951247087576e+03 4.263208283959361324e+03 2.274740000000000000e+19 2.590130083262920380e-02 1.082031056284904480e-02
4.804272989556819994e+03 -1.754471416809706170e+03 4.257898012367287265e+03 2.274940000000000000e+19 -1.016266550868749619e-02 -7.892959751188755035e-03
4.812280064260347899e+03 -1.745404731143608615e+03 4.252578900141930717e+03 2.275140000000000000e+19 1.215974241495132446e-02 1.162714557722210884e-03
4.820264123748370366e+03 -1.736322937923942845e+03 4.247250972906011157e+03 2.275340000000000000e+19 -5.254578310996294022e-03 -7.207952905446290970e-03
4.828225130006410836e+03 -1.727226080392681979e+03 4.241914256027882402e+03 2.275540000000000000e+19 6.629471201449632645e-03 1.262925751507282257e-02
4.835502729215423642e+03 -1.718874288798253929e+03 4.237014677279482385e+03 2.275740000000000000e+19 -6.066573318094015121e-03 8.076926693320274353e-03
4.780114059042481131e+03 -1.781580393646047696e+03 4.273802203872722203e+03 2.275940000000000000e+19 -1.879721693694591522e-02 7.922750897705554962e-03
4.788189948476931932e+03 -1.772559291326846505e+03 4.268509689615665593e+03 2.276140000000000000e+19 7.155217230319976807e-03 3.549331333488225937e-03
4.796242938208278247e+03 -1.763522951247087576e+03 4.263208283959361324e+03 2.276340000000000000e+19 1.485877204686403275e-02 1.772972382605075836e-02
4.804272989556819994e+03 -1.754471416809706170e+03 4.257898012367287265e+03 2.276540000000000000e+19 -2.580150775611400604e-02 2.177692577242851257e-02
4.812280064260347899e+03 -1.745404731143608615e+03 4.252578900141930717e+03 2.276740000000000000e+19 9.825647808611392975e-03 1.571183837950229645e-02
4.820264123748370366e+03 -1.736322937923942845e+03 4.247250972906011157e+03 2.276940000000000000e+19 -8.303844369947910309e-03 1.395120844244956970e-02
4.828225130006410836e+03 -1.727226080392681979e+03 4.241914256027882402e+03 2.277140000000000000e+19 1.406251732259988785e-02 -3.752369200810790062e-03
4.835502729215423642e+03 -1.718874288798253929e+03 4.237014677279482385e+03 2.277340000000000000e+19 -1.009057858027517796e-03 2.190394699573516846e-02
4.859837861856781274e+03 -1.690688879565385150e+03 4.220480003895939262e+03 2.277540000000000000e+19 3.033424727618694305e-02 2.309625735506415367e-03
4.867683032438610098e+03 -1.681517355223095365e+03 4.215099722912927973e+03 2.277740000000000000e+19 1.240609679371118546e-02 6.801531184464693069e-03
4.875504922719019305e+03 -1.672331029013776288e+03 4.209710806248750487e+03 2.277940000000000000e+19 -5.180446431040763855e-03 1.682991161942481995e-02
4.883303495455221309e+03 -1.663129944676815967e+03 4.204313279561979471e+03 2.278140000000000000e+19 -3.772015497088432312e-02 -1.427903957664966583e-02
4.891078713108087868e+03 -1.653914146502604126e+03 4.198907168834190088e+03 2.278340000000000000e+19 3.390007186681032181e-03 -3.365493845194578171e-03
4.898830538684161183e+03 -1.644683678338778918e+03 4.193492499787003908e+03 2.278540000000000000e+19 -3.116563707590103149e-02 7.004116661846637726e-03
4.906558934869310178e+03 -1.635438584617155357e+03 4.188069298484506362e+03 2.278740000000000000e+19 5.740950815379619598e-03 -6.183539517223834991e-03
4.913622983803188617e+03 -1.626951289860054430e+03 4.183090665272206934e+03 2.278940000000000000e+19 -3.778976621106266975e-03 -2.352965623140335083e-02
4.859837861856781274e+03 -1.690688879565385150e+03 4.220480003895939262e+03 2.279140000000000000e+19 -1.246027927845716476e-02 8.191989734768867493e-03
4.867683032438610098e+03 -1.681517355223095365e+03 4.215099722912927973e+03 2.279340000000000000e+19 -1.438601035624742508e-02 -1.808528788387775421e-02
4.875504922719019305e+03 -1.672331029013776288e+03 4.209710806248750487e+03 2.279540000000000000e+19 4.851028788834810257e-03 -4.147840291261672974e-02
4.883303495455221309e+03 -1.663129944676815967e+03 4.204313279561979471e+03 2.279740000000000000e+19 3.157189115881919861e-03 -3.492549061775207520e-02
4.891078713108087868e+03 -1.653914146502604126e+03 4.198907168834190088e+03 2.279940000000000000e+19 5.549591034650802612e-03 1.174417976289987564e-02
4.898830538684161183e+03 -1.644683678338778918e+03 4.193492499787003908e+03 2.280140000000000000e+19 -6.363550201058387756e-03 3.273916617035865784e-02
4.906558934869310178e+03 -1.635438584617155357e+03 4.188069298484506362e+03 2.280340000000000000e+19 -2.028397098183631897e-02 4.850445780903100967e-03
4.913622983803188617e+03 -1.626951289860054430e+03 4.183090665272206934e+03 2.280540000000000000e+19 2.979657240211963654e-02 1.345807686448097229e-02
4.935966742680108837e+03 -1.599864365613959308e+03 4.167201785503422798e+03 2.280740000000000000e+19 -2.938864054158329964e-03 3.484337590634822845e-03
4.943581378036294154e+03 -1.590549205958300490e+03 4.161737711157057674e+03 2.280940000000000000e+19 -1.711088232696056366e-03 -1.128203166445018724e-05
4.951172369970364343e+03 -1.581219679657164306e+03 4.156265256431051967e+03 2.281140000000000000e+19 2.170221647247672081e-03 -6.908837240189313889e-04
4.958739682021968292e+03 -1.571875831521882674e+03 4.150784447610561074e+03 2.281340000000000000e+19 -1.224823179654777050e-03 4.880468768533319235e-04
4.966283278187077485e+03 -1.562517706009475432e+03 4.145295310772692574e+03 2.281540000000000000e+19 1.245567225851118565e-03 -5.868303123861551285e-04
4.973803122179925595e+03 -1.553145348133507241e+03 4.139797872320781607e+03 2.281740000000000000e+19 1.120681525208055973e-03 -9.769180789589881897e-03
4.981299178117748852e+03 -1.543758802617323454e+03 4.134292158487707638e+03 2.281940000000000000e+19 5.527721717953681946e-03 3.728629788383841515e-03
4.988149938595417552e+03 -1.535142223773950263e+03 4.129238111722469512e+03 2.282140000000000000e+19 -3.247107379138469696e-03 -3.128658048808574677e-03
4.935966742680108837e+03 -1.599864365613959308e+03 4.167201785503422798e+03 2.282340000000000000e+19 1.161197549663484097e-03 -4.114107694476842880e-03
4.943581378036294154e+03 -1.590549205958300490e+03 4.161737711157057674e+03 2.282540000000000000e+19 8.721851627342402935e-04 -1.063683815300464630e-02
4.951172369970364343e+03 -1.581219679657164306e+03 4.156265256431051967e+03 2.282740000000000000e+19 -2.682843711227178574e-03 -4.069302696734666824e-03
4.958739682021968292e+03 -1.571875831521882674e+03 4.150784447610561074e+03 2.282940000000000000e+19 -1.034765224903821945e-02 -2.437088871374726295e-03
4.966283278187077485e+03 -1.562517706009475432e+03 4.145295310772692574e+03 2.283140000000000000e+19 1.375836436636745930e-03 9.038529358804225922e-03
4.973803122179925595e+03 -1.553145348133507241e+03 4.139797872320781607e+03 2.283340000000000000e+19 2.997249132022261620e-03 -9.938360191881656647e-03
4.981299178117748852e+03 -1.543758802617323454e+03 4.134292158487707638e+03 2.283540000000000000e+19 -5.357572808861732483e-03 1.355890650302171707e-03
4.988149938595417552e+03 -1.535142223773950263e+03 4.129238111722469512e+03 2.283740000000000000e+19 8.299464359879493713e-03 1.039499603211879730e-02
5.011044805310900301e+03 -1.506071643888656808e+03 4.112187077085495730e+03 2.283940000000000000e+19 2.361008431762456894e-03 -5.633959081023931503e-04
5.018421384936674258e+03 -1.496614835607185569e+03 4.106640382521723041e+03 2.284140000000000000e+19 4.100925289094448090e-03 9.360115043818950653e-03
5.025773963078660927e+03 -1.487144110093738163e+03 4.101085571182497915e+03 2.284340000000000000e+19 2.695096423849463463e-03 -8.597622625529766083e-03
5.033102504318924730e+03 -1.477659512969610887e+03 4.095522669825824778e+03 2.284540000000000000e+19 -1.303355395793914795e-02 -6.916644982993602753e-03
5.040406973763722817e+03 -1.468161089394376404e+03 4.089951704938690000e+03 2.284740000000000000e+19 3.594218753278255463e-03 7.455913000740110874e-04
5.047687336404542293e+03 -1.458648884890948693e+03 4.084372703220957646e+03 2.284940000000000000e+19 7.422889582812786102e-03 -1.014527492225170135e-02
5.054943557298270207e+03 -1.449122945114870845e+03 4.078785691450067588e+03 2.285140000000000000e+19 -8.125352673232555389e-03 -7.270744536072015762e-04
5.061574163886105453e+03 -1.440378980189758067e+03 4.073657351487870528e+03 2.285340000000000000e+19 7.640438270755112171e-04 -1.837295852601528168e-02
5.011044805310900301e+03 -1.506071643888656808e+03 4.112187077085495730e+03 2.285540000000000000e+19 5.720225162804126740e-03 3.961925394833087921e-03
5.018421384936674258e+03 -1.496614835607185569e+03 4.106640382521723041e+03 2.285740000000000000e+19 -2.393938833847641945e-03 -2.666509710252285004e-03
5.025773963078660927e+03 -1.487144110093738163e+03 4.101085571182497915e+03 2.285940000000000000e+19 -1.077979244291782379e-02 1.617280766367912292e-02
5.033102504318924730e+03 -1.477659512969610887e+03 4.095522669825824778e+03 2.286140000000000000e+19 -1.152407750487327576e-02 9.682905860245227814e-03
5.040406973763722817e+03 -1.468161089394376404e+03 4.089951704938690000e+03 2.286340000000000000e+19 1.392531208693981171e-02 -4.579445812851190567e-03
5.047687336404542293e+03 -1.458648884890948693e+03 4.084372703220957646e+03 2.286540000000000000e+19 8.394433185458183289e-03 1.790363341569900513e-02
5.054943557298270207e+03 -1.449122945114870845e+03 4.078785691450067588e+03 2.286740000000000000e+19 1.487820525653660297e-03 -2.238630317151546478e-03
5.061574163886105453e+03 -1.440378980189758067e+03 4.073657351487870528e+03 2.286940000000000000e+19 -1.506324578076601028e-02 -1.992087624967098236e-02
5.083726331451420265e+03 -1.410882744946755338e+03 4.056358078526563531e+03 2.287140000000000000e+19 6.406270433217287064e-03 -3.588849445804953575e-03
5.090861325463062713e+03 -1.401288813381532464e+03 4.050731417991795752e+03 2.287340000000000000e+19 1.455198880285024643e-02 9.128547273576259613e-03
5.097971971110407139e+03 -1.391681421055053988e+03 4.045096908402953432e+03 2.287540000000000000e+19 1.384902716381475329e-04 2.980888122692704201e-03
5.105058234537340468e+03 -1.382060613711648557e+03 4.039454576588018881e+03 2.287740000000000000e+19 -5.350328050553798676e-03 -1.031439099460840225e-02
5.112120081633392147e+03 -1.372426437662011949e+03 4.033804449706915420e+03 2.287940000000000000e+19 -6.622777436859905720e-04 5.965749267488718033e-03
5.119157478799199453e+03 -1.362778938744575953e+03 4.028146554642285537e+03 2.288140000000000000e+19 5.387688986957073212e-03 -4.251970443874597549e-03
5.126170392159810035e+03 -1.353118163398448132e+03 4.022480918629023563e+03 2.288340000000000000e+19 -9.994758293032646179e-03 -7.906059734523296356e-03
5.132577671773645307e+03 -1.344250996833398631e+03 4.017280739648022973e+03 2.288540000000000000e+19 -3.577654017135500908e-03 -8.207782171666622162e-03
5.083726331451420265e+03 -1.410882744946755338e+03 4.056358078526563531e+03 2.288740000000000000e+19 9.039268828928470612e-03 -7.810756098479032516e-03
5.090861325463062713e+03 -1.401288813381532464e+03 4.050731417991795752e+03 2.288940000000000000e+19 3.018691204488277435e-03 -7.617488503456115723e-03
5.097971971110407139e+03 -1.391681421055053988e+03 4.045096908402953432e+03 2.289140000000000000e+19 1.992706581950187683e-02 6.593180354684591293e-03
5.105058234537340468e+03 -1.382060613711648557e+03 4.039454576588018881e+03 2.289340000000000000e+19 -4.522980190813541412e-03 -6.601151078939437866e-03
5.112120081633392147e+03 -1.372426437662011949e+03 4.033804449706915420e+03 2.289540000000000000e+19 2.005234546959400177e-02 -1.845326973125338554e-03
5.119157478799199453e+03 -1.362778938744575953e+03 4.028146554642285537e+03 2.289740000000000000e+19 -1.713155396282672882e-02 -1.243970822542905807e-03
5.126170392159810035e+03 -1.353118163398448132e+03 4.022480918629023563e+03 2.289940000000000000e+19 1.361909508705139160e-02 -9.523714892566204071e-03
5.132577671773645307e+03 -1.344250996833398631e+03 4.017280739648022973e+03 2.290140000000000000e+19 -7.429592311382293701e-03 -8.941893465816974640e-03
5.153976539271155161e+03 -1.314343221705390761e+03 3.999741506961252526e+03 2.290340000000000000e+19 -2.351816184818744659e-02 1.178230810910463333e-02
5.160866533064367104e+03 -1.304616758247984990e+03 3.994037573221249204e+03 2.290540000000000000e+19 1.811957801692187786e-03 -1.144455373287200928e-02
5.167731843494494569e+03 -1.294877296644418266e+03 3.988326061730355377e+03 2.290740000000000000e+19 -1.683872006833553314e-02 -4.343682155013084412e-02
5.174572437825260749e+03 -1.285124883335431150e+03 3.982606999722818273e+03 2.290940000000000000e+19 -3.757553640753030777e-03 6.075512501411139965e-04
5.181388283271381624e+03 -1.275359565061256717e+03 3.976880414608301635e+03 2.291140000000000000e+19 -1.944218389689922333e-02 -1.199505204567685723e-04
5.188179347095668163e+03 -1.265581388726371642e+03 3.971146333892571420e+03 2.291340000000000000e+19 -3.140186145901679993e-02 1.032436266541481018e-02
5.194945596987393401e+03 -1.255790400854249810e+03 3.965404784857752020e+03 2.291540000000000000e+19 -1.075103133916854858e-02 3.116107545793056488e-03
5.201126482346891862e+03 -1.246804277606668620e+03 3.960135256327873321e+03 2.291740000000000000e+19 -3.257731348276138306e-02 1.386947929859161377e-02
5.153976539271155161e+03 -1.314343221705390761e+03 3.999741506961252526e+03 2.291940000000000000e+19 1.992823183536529541e-02 -6.134378723800182343e-03
5.160866533064367104e+03 -1.304616758247984990e+03 3.994037573221249204e+03 2.292140000000000000e+19 1.961988396942615509e-02 1.085395459085702896e-02
5.167731843494494569e+03 -1.294877296644418266e+03 3.988326061730355377e+03 2.292340000000000000e+19 2.422085776925086975e-02 7.469733711332082748e-03
5.174572437825260749e+03 -1.285124883335431150e+03 3.982606999722818273e+03 2.292540000000000000e+19 -2.005177922546863556e-02 -2.064781635999679565e-02
5.181388283271381624e+03 -1.275359565061256717e+03 3.976880414608301635e+03 2.292740000000000000e+19 2.515696734189987183e-02 3.424453735351562500e-02
5.188179347095668163e+03 -1.265581388726371642e+03 3.971146333892571420e+03 2.292940000000000000e+19 3.908016905188560486e-02 -7.240077480673789978e-03
5.194945596987393401e+03 -1.255790400854249810e+03 3.965404784857752020e+03 2.293140000000000000e+19 8.486690931022167206e-03 -1.129268296062946320e-02
5.201126482346891862e+03 -1.246804277606668620e+03 3.960135256327873321e+03 2.293340000000000000e+19 2.257116325199604034e-02 1.540147513151168823e-02
