# Baseline: 0-3
# Entries: 128
# u [m], v [m], w [m], frequency [GHz], real, imag, std(real), std(imag)
5.285134424153470718e+02 2.064736656909733767e+02 5.544977345897376608e+02 2.267940000000000111e+01 3.555590808391571045e-01 -4.328932985663414001e-02 7.510583102703094482e-02 7.440842688083648682e-02
5.287352921981131431e+02 2.074702461463079146e+02 5.539139453479302801e+02 2.268140000000000001e+01 -2.378691434860229492e-01 5.767825059592723846e-03 7.510583102703094482e-02 7.440842688083648682e-02
5.289546147755111178e+02 2.084672444883647699e+02 5.533299147758635854e+02 2.268340000000000245e+01 8.560391515493392944e-02 2.346420437097549438e-01 7.510583102703094482e-02 7.440842688083648682e-02
5.291714090994702246e+02 2.094646559527116096e+02 5.527456456644888476e+02 2.268540000000000134e+01 -2.868725359439849854e-01 7.458333470822253730e-07 7.510583102703094482e-02 7.440842688083648682e-02
5.293324241182696142e+02 2.102129701529519537e+02 5.523072962666116155e+02 2.268740000000000023e+01 2.025971263647079468e-01 3.498683217912912369e-03 7.510583102703094482e-02 7.440842688083648682e-02
5.295974088489584801e+02 2.114606991529402364e+02 5.515764030095664339e+02 2.268940000000000268e+01 -3.232466056942939758e-02 -1.641327142715454102e-02 7.510583102703094482e-02 7.440842688083648682e-02
5.298066122313940696e+02 2.124593213154118132e+02 5.509914350739321662e+02 2.269140000000000157e+01 3.203387558460235596e-02 7.189766317605972290e-02 7.510583102703094482e-02 7.440842688083648682e-02
5.300646578927990049e+02 2.137081368593046022e+02 5.502599148227402566e+02 2.269340000000000046e+01 -6.052350159734487534e-03 -9.964996576309204102e-02 7.510583102703094482e-02 7.440842688083648682e-02
5.285134424153470718e+02 2.064736656909733767e+02 5.544977345897376608e+02 2.269540000000000290e+01 -4.677188023924827576e-02 -9.332829713821411133e-02 7.510583102703094482e-02 7.440842688083648682e-02
5.287352921981131431e+02 2.074702461463079146e+02 5.539139453479302801e+02 2.269740000000000180e+01 -2.368359267711639404e-01 -1.114777848124504089e-01 7.510583102703094482e-02 7.440842688083648682e-02
5.289546147755111178e+02 2.084672444883647699e+02 5.533299147758635854e+02 2.269940000000000069e+01 2.837304398417472839e-02 2.125100791454315186e-01 7.510583102703094482e-02 7.440842688083648682e-02
5.291714090994702246e+02 2.094646559527116096e+02 5.527456456644888476e+02 2.270140000000000313e+01 -1.688804477453231812e-01 -6.817310303449630737e-02 7.510583102703094482e-02 7.440842688083648682e-02
5.293324241182696142e+02 2.102129701529519537e+02 5.523072962666116155e+02 2.270340000000000202e+01 -1.180084422230720520e-01 1.234124749898910522e-01 7.510583102703094482e-02 7.440842688083648682e-02
5.295974088489584801e+02 2.114606991529402364e+02 5.515764030095664339e+02 2.270540000000000092e+01 2.152446471154689789e-02 3.902474883943796158e-03 7.510583102703094482e-02 7.440842688083648682e-02
5.298066122313940696e+02 2.124593213154118132e+02 5.509914350739321662e+02 2.270739999999999981e+01 -4.513233900070190430e-02 8.465462364256381989e-03 7.510583102703094482e-02 7.440842688083648682e-02
5.300646578927990049e+02 2.137081368593046022e+02 5.502599148227402566e+02 2.270940000000000225e+01 -8.381116390228271484e-02 -1.043131668120622635e-02 7.510583102703094482e-02 7.440842688083648682e-02
5.306180926237673248e+02 2.164577023251908372e+02 5.486493178590261550e+02 2.271140000000000114e+01 -9.348878264427185059e-02 -6.865602731704711914e-02 7.510583102703094482e-02 7.440842688083648682e-02
5.308146245822824767e+02 2.174582467451246544e+02 5.480632412001925786e+02 2.271340000000000003e+01 5.818228796124458313e-02 2.512564882636070251e-02 7.510583102703094482e-02 7.440842688083648682e-02
5.310086193830926504e+02 2.184591612448240596e+02 5.474769512151347044e+02 2.271540000000000248e+01 3.746036812663078308e-02 1.696237325668334961e-01 7.510583102703094482e-02 7.440842688083648682e-02
5.312000761005226650e+02 2.194604410481134664e+02 5.468904507015170111e+02 2.271740000000000137e+01 2.139988914132118225e-02 6.387769430875778198e-02 7.510583102703094482e-02 7.440842688083648682e-02
5.313889938176522492e+02 2.204620813596413882e+02 5.463037424682211167e+02 2.271940000000000026e+01 1.591188907623291016e-01 -1.205537989735603333e-01 7.510583102703094482e-02 7.440842688083648682e-02
5.315753716303663623e+02 2.214640773858197349e+02 5.457168293230776044e+02 2.272140000000000271e+01 1.766322925686836243e-02 4.830079153180122375e-02 7.510583102703094482e-02 7.440842688083648682e-02
5.317592086460978180e+02 2.224664243278623701e+02 5.451297140769463567e+02 2.272340000000000160e+01 2.227940596640110016e-03 -1.019843574613332748e-02 7.510583102703094482e-02 7.440842688083648682e-02
5.319255255107258336e+02 2.233855421912051327e+02 5.445913524590854422e+02 2.272540000000000049e+01 -1.157082766294479370e-01 7.439368963241577148e-02 7.510583102703094482e-02 7.440842688083648682e-02
5.306180926237673248e+02 2.164577023251908372e+02 5.486493178590261550e+02 2.272740000000000293e+01 1.199601143598556519e-01 4.127523303031921387e-02 7.510583102703094482e-02 7.440842688083648682e-02
5.308146245822824767e+02 2.174582467451246544e+02 5.480632412001925786e+02 2.272940000000000182e+01 -9.116963297128677368e-02 -7.294318079948425293e-02 7.510583102703094482e-02 7.440842688083648682e-02
5.310086193830926504e+02 2.184591612448240596e+02 5.474769512151347044e+02 2.273140000000000072e+01 2.759974077343940735e-02 1.347565799951553345e-01 7.510583102703094482e-02 7.440842688083648682e-02
5.312000761005226650e+02 2.194604410481134664e+02 5.468904507015170111e+02 2.273340000000000316e+01 2.141231670975685120e-02 5.511775985360145569e-02 7.510583102703094482e-02 7.440842688083648682e-02
5.313889938176522492e+02 2.204620813596413882e+02 5.463037424682211167e+02 2.273540000000000205e+01 6.476106494665145874e-02 1.281041465699672699e-02 7.510583102703094482e-02 7.440842688083648682e-02
5.315753716303663623e+02 2.214640773858197349e+02 5.457168293230776044e+02 2.273740000000000094e+01 -9.773635305464267731e-03 -1.216601859778165817e-02 7.510583102703094482e-02 7.440842688083648682e-02
5.317592086460978180e+02 2.224664243278623701e+02 5.451297140769463567e+02 2.273939999999999984e+01 9.327346086502075195e-02 6.208406388759613037e-02 7.510583102703094482e-02 7.440842688083648682e-02
5.319255255107258336e+02 2.233855421912051327e+02 5.445913524590854422e+02 2.274140000000000228e+01 -7.048030197620391846e-02 7.256294786930084229e-02 7.510583102703094482e-02 7.440842688083648682e-02
5.324691313358817979e+02 2.264792253464352996e+02 5.427792882596340860e+02 2.274340000000000117e+01 -6.190393585711717606e-03 2.720267698168754578e-02 7.510583102703094482e-02 7.440842688083648682e-02
5.326402514157831547e+02 2.274832548944087591e+02 5.421912046659610951e+02 2.274540000000000006e+01 2.348232083022594452e-02 -4.567768424749374390e-02 7.510583102703094482e-02 7.440842688083648682e-02
5.328088256049234133e+02 2.284876065660154723e+02 5.416029358358277932e+02 2.274740000000000251e+01 1.145069152116775513e-01 -2.340505458414554596e-02 7.510583102703094482e-02 7.440842688083648682e-02
5.329748530936179804e+02 2.294922755371999870e+02 5.410144845947785370e+02 2.274940000000000140e+01 -2.713350113481283188e-03 -4.915115237236022949e-02 7.510583102703094482e-02 7.440842688083648682e-02
5.331383330907387972e+02 2.304972570208791751e+02 5.404258537466874941e+02 2.275140000000000029e+01 4.295862279832363129e-03 -6.038799416273832321e-03 7.510583102703094482e-02 7.440842688083648682e-02
5.332992648088170426e+02 2.315025461759685186e+02 5.398370461270405940e+02 2.275340000000000273e+01 -4.824332147836685181e-02 2.926327101886272430e-02 7.510583102703094482e-02 7.440842688083648682e-02
5.334576474816520886e+02 2.325081382159201553e+02 5.392480645393648047e+02 2.275540000000000163e+01 5.340043082833290100e-02 -3.817753866314888000e-02 7.510583102703094482e-02 7.440842688083648682e-02
5.336006241543818760e+02 2.334301891300680438e+02 5.387080164874931825e+02 2.275740000000000052e+01 3.960571810603141785e-02 -5.383296310901641846e-02 7.510583102703094482e-02 7.440842688083648682e-02
5.324691313358817979e+02 2.264792253464352996e+02 5.427792882596340860e+02 2.275940000000000296e+01 7.903272658586502075e-02 7.952769100666046143e-02 7.510583102703094482e-02 7.440842688083648682e-02
5.326402514157831547e+02 2.274832548944087591e+02 5.421912046659610951e+02 2.276140000000000185e+01 1.194386258721351624e-01 -7.512007653713226318e-02 7.510583102703094482e-02 7.440842688083648682e-02
5.328088256049234133e+02 2.284876065660154723e+02 5.416029358358277932e+02 2.276340000000000074e+01 -2.690034918487071991e-02 4.686264321208000183e-02 7.510583102703094482e-02 7.440842688083648682e-02
5.329748530936179804e+02 2.294922755371999870e+02 5.410144845947785370e+02 2.276540000000000319e+01 3.290862217545509338e-02 4.862551763653755188e-02 7.510583102703094482e-02 7.440842688083648682e-02
5.331383330907387972e+02 2.304972570208791751e+02 5.404258537466874941e+02 2.276740000000000208e+01 3.861278295516967773e-02 1.389224920421838760e-02 7.510583102703094482e-02 7.440842688083648682e-02
5.332992648088170426e+02 2.315025461759685186e+02 5.398370461270405940e+02 2.276940000000000097e+01 1.308819558471441269e-02 5.636379122734069824e-02 7.510583102703094482e-02 7.440842688083648682e-02
5.334576474816520886e+02 2.325081382159201553e+02 5.392480645393648047e+02 2.277139999999999986e+01 1.482693757861852646e-02 -6.763609498739242554e-02 7.510583102703094482e-02 7.440842688083648682e-02
5.336006241543818760e+02 2.334301891300680438e+02 5.387080164874931825e+02 2.277340000000000231e+01 -2.653804607689380646e-02 -3.418947011232376099e-02 7.510583102703094482e-02 7.440842688083648682e-02
5.340656727329695741e+02 2.365334388830425780e+02 5.368904549358252325e+02 2.277540000000000120e+01 4.635202139616012573e-02 2.941861189901828766e-02 7.510583102703094482e-02 7.440842688083648682e-02
5.342112990490109041e+02 2.375404731001008543e+02 5.363006458233110152e+02 2.277740000000000009e+01 -5.420190840959548950e-02 1.440315879881381989e-02 7.510583102703094482e-02 7.440842688083648682e-02
5.343543719524718654e+02 2.385477812885514197e+02 5.357106796773192627e+02 2.277940000000000254e+01 8.461674302816390991e-02 -6.638528406620025635e-02 7.510583102703094482e-02 7.440842688083648682e-02
5.344948907621335366e+02 2.395553586522392209e+02 5.351205593068893904e+02 2.278140000000000143e+01 2.460087835788726807e-02 1.187776476144790649e-01 7.510583102703094482e-02 7.440842688083648682e-02
5.346328548016022069e+02 2.405632003410873665e+02 5.345302875526259641e+02 2.278340000000000032e+01 -3.326391102746129036e-03 -6.605040282011032104e-02 7.510583102703094482e-02 7.440842688083648682e-02
5.347682634144684926e+02 2.415713015599106654e+02 5.339398672229675640e+02 2.278540000000000276e+01 7.799757272005081177e-02 -1.505295280367136002e-02 7.510583102703094482e-02 7.440842688083648682e-02
5.349011159489346028e+02 2.425796574561110219e+02 5.333493011599624651e+02 2.278740000000000165e+01 5.308004468679428101e-02 1.064441725611686707e-02 7.510583102703094482e-02 7.440842688083648682e-02
5.350206840137838071e+02 2.435042002054070167e+02 5.328078250953958559e+02 2.278940000000000055e+01 -2.921273000538349152e-02 -1.415204852819442749e-01 7.510583102703094482e-02 7.440842688083648682e-02
5.340656727329695741e+02 2.365334388830425780e+02 5.368904549358252325e+02 2.279140000000000299e+01 -1.446208334527909756e-04 -3.091085329651832581e-02 7.510583102703094482e-02 7.440842688083648682e-02
5.342112990490109041e+02 2.375404731001008543e+02 5.363006458233110152e+02 2.279340000000000188e+01 -2.776196040213108063e-02 -1.994366198778152466e-02 7.510583102703094482e-02 7.440842688083648682e-02
5.343543719524718654e+02 2.385477812885514197e+02 5.357106796773192627e+02 2.279540000000000077e+01 -7.273693569004535675e-03 7.359734270721673965e-03 7.510583102703094482e-02 7.440842688083648682e-02
5.344948907621335366e+02 2.395553586522392209e+02 5.351205593068893904e+02 2.279739999999999966e+01 6.291281431913375854e-02 -4.060648009181022644e-02 7.510583102703094482e-02 7.440842688083648682e-02
5.346328548016022069e+02 2.405632003410873665e+02 5.345302875526259641e+02 2.279940000000000211e+01 -4.988187551498413086e-02 1.040818691253662109e-01 7.510583102703094482e-02 7.440842688083648682e-02
5.347682634144684926e+02 2.415713015599106654e+02 5.339398672229675640e+02 2.280140000000000100e+01 4.083547741174697876e-02 -1.158822514116764069e-02 7.510583102703094482e-02 7.440842688083648682e-02
5.349011159489346028e+02 2.425796574561110219e+02 5.333493011599624651e+02 2.280339999999999989e+01 -1.189580634236335754e-01 -1.675268751569092274e-03 7.510583102703094482e-02 7.440842688083648682e-02
5.350206840137838071e+02 2.435042002054070167e+02 5.328078250953958559e+02 2.280540000000000234e+01 -4.762546741403639317e-04 -1.167173776775598526e-02 7.510583102703094482e-02 7.440842688083648682e-02
5.353866934954174894e+02 2.464472942391898016e+02 5.310841653570379322e+02 2.280740000000000123e+01 1.805793642997741699e-01 -1.006961241364479065e-02 7.510583102703094482e-02 7.440842688083648682e-02
5.355071829189309938e+02 2.474568131038669208e+02 5.304929347253042806e+02 2.280940000000000012e+01 -2.984429895877838135e-01 2.879337035119533539e-02 7.510583102703094482e-02 7.440842688083648682e-02
5.356251127300778307e+02 2.484665584969639838e+02 5.299015748460520854e+02 2.281140000000000256e+01 1.811906397342681885e-01 -2.090934105217456818e-02 7.510583102703094482e-02 7.440842688083648682e-02
5.357404823624594883e+02 2.494765255685167631e+02 5.293100885596743410e+02 2.281340000000000146e+01 -2.778593301773071289e-01 3.099599294364452362e-02 7.510583102703094482e-02 7.440842688083648682e-02
5.358532912671920485e+02 2.504867095132254065e+02 5.287184786803895804e+02 2.281540000000000035e+01 2.385789602994918823e-01 9.141162782907485962e-02 7.510583102703094482e-02 7.440842688083648682e-02
5.359635389016312956e+02 2.514971054719873393e+02 5.281267480539095232e+02 2.281740000000000279e+01 -1.629275828599929810e-01 -1.136895492672920227e-01 7.510583102703094482e-02 7.440842688083648682e-02
5.360712247397465262e+02 2.525077086233845307e+02 5.275348995038606290e+02 2.281940000000000168e+01 2.520983219146728516e-01 -4.058897122740745544e-02 7.510583102703094482e-02 7.440842688083648682e-02
5.361677184775697924e+02 2.534342701975738805e+02 5.269922719311201718e+02 2.282140000000000057e+01 -1.365454196929931641e-01 7.114973664283752441e-02 7.510583102703094482e-02 7.440842688083648682e-02
5.353866934954174894e+02 2.464472942391898016e+02 5.310841653570379322e+02 2.282340000000000302e+01 3.154227435588836670e-01 -8.171296864748001099e-02 7.510583102703094482e-02 7.440842688083648682e-02
5.355071829189309938e+02 2.474568131038669208e+02 5.304929347253042806e+02 2.282540000000000191e+01 7.750537991523742676e-02 1.089231818914413452e-01 7.510583102703094482e-02 7.440842688083648682e-02
5.356251127300778307e+02 2.484665584969639838e+02 5.299015748460520854e+02 2.282740000000000080e+01 -2.210527360439300537e-01 2.376953363418579102e-01 7.510583102703094482e-02 7.440842688083648682e-02
5.357404823624594883e+02 2.494765255685167631e+02 5.293100885596743410e+02 2.282939999999999969e+01 -6.351877003908157349e-02 -2.434072457253932953e-02 7.510583102703094482e-02 7.440842688083648682e-02
5.358532912671920485e+02 2.504867095132254065e+02 5.287184786803895804e+02 2.283140000000000214e+01 8.962205052375793457e-02 -4.387677088379859924e-02 7.510583102703094482e-02 7.440842688083648682e-02
5.359635389016312956e+02 2.514971054719873393e+02 5.281267480539095232e+02 2.283340000000000103e+01 1.260935794562101364e-02 5.790422484278678894e-02 7.510583102703094482e-02 7.440842688083648682e-02
5.360712247397465262e+02 2.525077086233845307e+02 5.275348995038606290e+02 2.283539999999999992e+01 2.911042980849742889e-02 4.041478410363197327e-02 7.510583102703094482e-02 7.440842688083648682e-02
5.361677184775697924e+02 2.534342701975738805e+02 5.269922719311201718e+02 2.283740000000000236e+01 2.751814574003219604e-02 -1.100834682583808899e-01 7.510583102703094482e-02 7.440842688083648682e-02
5.364763400022942506e+02 2.565520963796307115e+02 5.251663827433266079e+02 2.283940000000000126e+01 2.925675362348556519e-02 2.763678506016731262e-02 7.510583102703094482e-02 7.440842688083648682e-02
5.365712093708730208e+02 2.575636628997849584e+02 5.245739870892114141e+02 2.284140000000000015e+01 -1.415911018848419189e-01 -5.924160405993461609e-02 7.510583102703094482e-02 7.440842688083648682e-02
5.366635140362678840e+02 2.585754075937148286e+02 5.239814905058517525e+02 2.284340000000000259e+01 5.494234710931777954e-02 -1.257886993698775768e-03 7.510583102703094482e-02 7.440842688083648682e-02
5.367532535538437060e+02 2.595873255877609154e+02 5.233888958473531829e+02 2.284540000000000148e+01 2.557945996522903442e-02 1.440562009811401367e-01 7.510583102703094482e-02 7.440842688083648682e-02
5.368404274963231728e+02 2.605994120638193294e+02 5.227962059352697679e+02 2.284740000000000038e+01 -4.005608707666397095e-02 -4.870280250906944275e-02 7.510583102703094482e-02 7.440842688083648682e-02
5.369250354458698666e+02 2.616116621712619690e+02 5.222034236101868601e+02 2.284940000000000282e+01 -6.069333292543888092e-03 1.219510063529014587e-01 7.510583102703094482e-02 7.440842688083648682e-02
5.370070769964142983e+02 2.626240710516214563e+02 5.216105517172636610e+02 2.285140000000000171e+01 -3.039987199008464813e-02 -2.216145861893892288e-03 7.510583102703094482e-02 7.440842688083648682e-02
5.370800595897416088e+02 2.635522459723241582e+02 5.210670106206634955e+02 2.285340000000000060e+01 -5.253792554140090942e-02 4.840042442083358765e-02 7.510583102703094482e-02 7.440842688083648682e-02
5.364763400022942506e+02 2.565520963796307115e+02 5.251663827433266079e+02 2.285540000000000305e+01 3.257155418395996094e-02 -4.896947368979454041e-02 7.510583102703094482e-02 7.440842688083648682e-02
5.365712093708730208e+02 2.575636628997849584e+02 5.245739870892114141e+02 2.285740000000000194e+01 -1.161269620060920715e-01 -4.612253606319427490e-02 7.510583102703094482e-02 7.440842688083648682e-02
5.366635140362678840e+02 2.585754075937148286e+02 5.239814905058517525e+02 2.285940000000000083e+01 1.966221630573272705e-02 9.520551562309265137e-02 7.510583102703094482e-02 7.440842688083648682e-02
5.367532535538437060e+02 2.595873255877609154e+02 5.233888958473531829e+02 2.286139999999999972e+01 -5.928890779614448547e-02 7.381001114845275879e-02 7.510583102703094482e-02 7.440842688083648682e-02
5.368404274963231728e+02 2.605994120638193294e+02 5.227962059352697679e+02 2.286340000000000217e+01 -1.226338148117065430e-01 7.745145261287689209e-02 7.510583102703094482e-02 7.440842688083648682e-02
5.369250354458698666e+02 2.616116621712619690e+02 5.222034236101868601e+02 2.286540000000000106e+01 1.219478994607925415e-01 -6.535235792398452759e-02 7.510583102703094482e-02 7.440842688083648682e-02
5.370070769964142983e+02 2.626240710516214563e+02 5.216105517172636610e+02 2.286739999999999995e+01 3.667265921831130981e-02 -1.397241000086069107e-02 7.510583102703094482e-02 7.440842688083648682e-02
5.370800595897416088e+02 2.635522459723241582e+02 5.210670106206634955e+02 2.286940000000000239e+01 4.201893880963325500e-02 -2.576812403276562691e-04 7.510583102703094482e-02 7.440842688083648682e-02
5.373095715503109204e+02 2.666751975051664090e+02 5.192382251517693703e+02 2.287140000000000128e+01 -1.255917698144912720e-01 5.163664743304252625e-02 7.510583102703094482e-02 7.440842688083648682e-02
5.373787754672498522e+02 2.676883276187963929e+02 5.186449479525809920e+02 2.287340000000000018e+01 3.212020546197891235e-02 7.192944735288619995e-02 7.510583102703094482e-02 7.440842688083648682e-02
5.374454108139306072e+02 2.687015874240021844e+02 5.180515982154871608e+02 2.287540000000000262e+01 8.168486505746841431e-02 4.511455819010734558e-02 7.510583102703094482e-02 7.440842688083648682e-02
5.375094772731001740e+02 2.697149720962903530e+02 5.174581787656378538e+02 2.287740000000000151e+01 -5.163497477769851685e-02 2.053864672780036926e-02 7.510583102703094482e-02 7.440842688083648682e-02
5.375709745363640195e+02 2.707284767576319950e+02 5.168646924595165046e+02 2.287940000000000040e+01 6.216992810368537903e-02 4.903673753142356873e-02 7.510583102703094482e-02 7.440842688083648682e-02
5.376299023111416773e+02 2.717420965858768227e+02 5.162711421208592810e+02 2.288140000000000285e+01 8.581770816817879677e-05 -1.294228993356227875e-02 7.510583102703094482e-02 7.440842688083648682e-02
5.376862603137905126e+02 2.727558267018840752e+02 5.156775306067772817e+02 2.288340000000000174e+01 -7.509442418813705444e-02 -2.704983204603195190e-02 7.510583102703094482e-02 7.440842688083648682e-02
5.377356968370742152e+02 2.736851707892435002e+02 5.151333360988660388e+02 2.288540000000000063e+01 1.078993529081344604e-01 1.257637050002813339e-02 7.510583102703094482e-02 7.440842688083648682e-02
5.373095715503109204e+02 2.666751975051664090e+02 5.192382251517693703e+02 2.288740000000000308e+01 4.568153247237205505e-02 -6.670737266540527344e-02 7.510583102703094482e-02 7.440842688083648682e-02
5.373787754672498522e+02 2.676883276187963929e+02 5.186449479525809920e+02 2.288940000000000197e+01 3.035309538245201111e-02 -2.384482510387897491e-02 7.510583102703094482e-02 7.440842688083648682e-02
5.374454108139306072e+02 2.687015874240021844e+02 5.180515982154871608e+02 2.289140000000000086e+01 -1.703816652297973633e-01 9.496926516294479370e-02 7.510583102703094482e-02 7.440842688083648682e-02
5.375094772731001740e+02 2.697149720962903530e+02 5.174581787656378538e+02 2.289339999999999975e+01 -5.467559210956096649e-03 5.478980392217636108e-02 7.510583102703094482e-02 7.440842688083648682e-02
5.375709745363640195e+02 2.707284767576319950e+02 5.168646924595165046e+02 2.289540000000000219e+01 3.416795283555984497e-03 -2.477801591157913208e-02 7.510583102703094482e-02 7.440842688083648682e-02
5.376299023111416773e+02 2.717420965858768227e+02 5.162711421208592810e+02 2.289740000000000109e+01 1.168811414390802383e-02 -2.400486916303634644e-02 7.510583102703094482e-02 7.440842688083648682e-02
5.376862603137905126e+02 2.727558267018840752e+02 5.156775306067772817e+02 2.289939999999999998e+01 9.513939917087554932e-02 4.200754687190055847e-02 7.510583102703094482e-02 7.440842688083648682e-02
5.377356968370742152e+02 2.736851707892435002e+02 5.151333360988660388e+02 2.290140000000000242e+01 -8.764410018920898438e-02 -1.799882650375366211e-01 7.510583102703094482e-02 7.440842688083648682e-02
5.378859894030861142e+02 2.768117531802595295e+02 5.133025295163603232e+02 2.290340000000000131e+01 9.045145474374294281e-03 -5.159224849194288254e-03 7.510583102703094482e-02 7.440842688083648682e-02
5.379294947498361807e+02 2.778259620313278333e+02 5.127086546980727917e+02 2.290540000000000020e+01 3.153837472200393677e-02 6.093733385205268860e-02 7.510583102703094482e-02 7.440842688083648682e-02
5.379704288912658967e+02 2.788402520614283731e+02 5.121147357493550771e+02 2.290740000000000265e+01 4.083698987960815430e-02 -6.646086275577545166e-02 7.510583102703094482e-02 7.440842688083648682e-02
5.380087916321595003e+02 2.798546184340997911e+02 5.115207755022025822e+02 2.290940000000000154e+01 -4.896513000130653381e-02 -3.589554876089096069e-02 7.510583102703094482e-02 7.440842688083648682e-02
5.380445827886190955e+02 2.808690562877857815e+02 5.109267768032901245e+02 2.291140000000000043e+01 -1.617134897969663143e-03 1.907968893647193909e-02 7.510583102703094482e-02 7.440842688083648682e-02
5.380778021887696241e+02 2.818835607499856906e+02 5.103327425056830293e+02 2.291340000000000288e+01 -5.784992501139640808e-02 -9.654510021209716797e-02 7.510583102703094482e-02 7.440842688083648682e-02
5.381084496745874048e+02 2.828981269938141168e+02 5.097386754357215750e+02 2.291540000000000177e+01 -6.455390155315399170e-02 3.779920935630798340e-02 7.510583102703094482e-02 7.440842688083648682e-02
5.381343164659200511e+02 2.838281953473442627e+02 5.091940880360728556e+02 2.291740000000000066e+01 5.414098501205444336e-02 -1.043289341032505035e-02 7.510583102703094482e-02 7.440842688083648682e-02
5.378859894030861142e+02 2.768117531802595295e+02 5.133025295163603232e+02 2.291940000000000310e+01 7.287751883268356323e-02 -3.865757957100868225e-02 7.510583102703094482e-02 7.440842688083648682e-02
5.379294947498361807e+02 2.778259620313278333e+02 5.127086546980727917e+02 2.292140000000000200e+01 8.236757479608058929e-03 6.598114501684904099e-03 7.510583102703094482e-02 7.440842688083648682e-02
5.379704288912658967e+02 2.788402520614283731e+02 5.121147357493550771e+02 2.292340000000000089e+01 -3.446171758696436882e-03 -1.626115664839744568e-02 7.510583102703094482e-02 7.440842688083648682e-02
5.380087916321595003e+02 2.798546184340997911e+02 5.115207755022025822e+02 2.292539999999999978e+01 -6.119245663285255432e-02 2.036286517977714539e-02 7.510583102703094482e-02 7.440842688083648682e-02
5.380445827886190955e+02 2.808690562877857815e+02 5.109267768032901245e+02 2.292740000000000222e+01 -1.951841451227664948e-02 4.660239070653915405e-02 7.510583102703094482e-02 7.440842688083648682e-02
5.380778021887696241e+02 2.818835607499856906e+02 5.103327425056830293e+02 2.292940000000000111e+01 -1.044837385416030884e-02 3.635947406291961670e-02 7.510583102703094482e-02 7.440842688083648682e-02
5.381084496745874048e+02 2.828981269938141168e+02 5.097386754357215750e+02 2.293140000000000001e+01 -1.664079725742340088e-02 4.667583270929753780e-04 7.510583102703094482e-02 7.440842688083648682e-02
5.381343164659200511e+02 2.838281953473442627e+02 5.091940880360728556e+02 2.293340000000000245e+01 -9.009215235710144043e-02 8.584519475698471069e-02 7.510583102703094482e-02 7.440842688083648682e-02
