# Baseline: 6-8
# Entries: 128
# u [m], v [m], w [m], frequency [GHz], real, imag
-5.287859198948166295e+02 -8.995204643233752222e+02 -6.461396920841176552e+02 2.267940000000000000e+19 -8.052510023117065430e-02 1.803704164922237396e-02
-5.278006979945067769e+02 -9.005161910767993731e+02 -6.455579984069263446e+02 2.268140000000000000e+19 -1.271048747003078461e-02 -1.439598798751831055e-01
-5.268129557103352454e+02 -9.015100569460875022e+02 -6.449773976062405154e+02 2.268340000000000000e+19 -6.479713320732116699e-02 1.829763054847717285e-01
-5.258226977625180325e+02 -9.025020571817927930e+02 -6.443978924566077922e+02 2.268540000000000000e+19 -6.826771050691604614e-02 -2.225459069013595581e-01
-5.250784345920704936e+02 -9.032448887515711249e+02 -6.439639498869838690e+02 2.268740000000000000e+19 -1.393559575080871582e-01 1.675913035869598389e-01
-5.238346538442855262e+02 -9.044804417714852889e+02 -6.432421801987361505e+02 2.268940000000000000e+19 2.173244506120681763e-01 -8.674219995737075806e-02
-5.228368774089775570e+02 -9.054668166368251150e+02 -6.426659786334695355e+02 2.269140000000000000e+19 1.403224170207977295e-01 1.698719114065170288e-01
-5.215862473931766772e+02 -9.066972111042592815e+02 -6.419472383237709892e+02 2.269340000000000000e+19 2.051832377910614014e-01 6.792739778757095337e-02
-5.287859198948166295e+02 -8.995204643233752222e+02 -6.461396920841176552e+02 2.269540000000000000e+19 -1.141314953565597534e-02 2.089915573596954346e-01
-5.278006979945067769e+02 -9.005161910767993731e+02 -6.455579984069263446e+02 2.269740000000000000e+19 -6.025070790201425552e-03 6.168370600789785385e-03
-5.268129557103352454e+02 -9.015100569460875022e+02 -6.449773976062405154e+02 2.269940000000000000e+19 -8.684709668159484863e-02 1.330565661191940308e-01
-5.258226977625180325e+02 -9.025020571817927930e+02 -6.443978924566077922e+02 2.270140000000000000e+19 5.437522381544113159e-02 -1.742180623114109039e-02
-5.250784345920704936e+02 -9.032448887515711249e+02 -6.439639498869838690e+02 2.270340000000000000e+19 -1.098277047276496887e-02 6.055366620421409607e-02
-5.238346538442855262e+02 -9.044804417714852889e+02 -6.432421801987361505e+02 2.270540000000000000e+19 -4.714301973581314087e-02 -1.231827680021524429e-02
-5.228368774089775570e+02 -9.054668166368251150e+02 -6.426659786334695355e+02 2.270740000000000000e+19 1.941362582147121429e-02 -5.806779116392135620e-02
-5.215862473931766772e+02 -9.066972111042592815e+02 -6.419472383237709892e+02 2.270940000000000000e+19 -1.281542629003524780e-01 -5.676831677556037903e-02
-5.188208532390561913e+02 -9.093934233390835971e+02 -6.403722669932376448e+02 2.271140000000000000e+19 -1.055964678525924683e-01 1.781905442476272583e-02
-5.178106416173457092e+02 -9.103703283317080377e+02 -6.398016264618100877e+02 2.271340000000000000e+19 3.914004936814308167e-02 -7.572119683027267456e-02
-5.167979574287600144e+02 -9.113453252741732058e+02 -6.392321063592570454e+02 2.271540000000000000e+19 -4.816354252398014069e-03 -8.007147163152694702e-02
-5.157828055056600078e+02 -9.123184095140028376e+02 -6.386637094032022333e+02 2.271740000000000000e+19 -2.073606401681900024e-01 -5.305373668670654297e-02
-5.147651907098397714e+02 -9.132895763908855997e+02 -6.380964383158188866e+02 2.271940000000000000e+19 -1.766748912632465363e-02 -1.902831904590129852e-02
-5.137451179113306807e+02 -9.142588212570644828e+02 -6.375302958119176537e+02 2.272140000000000000e+19 2.051820904016494751e-01 2.833233401179313660e-02
-5.127225919955219524e+02 -9.152261394706386000e+02 -6.369652846028617432e+02 2.272340000000000000e+19 1.114076003432273865e-01 6.920766551047563553e-03
-5.117831568577238386e+02 -9.161111760207720636e+02 -6.364483393067507677e+02 2.272540000000000000e+19 2.005479782819747925e-01 -3.097785077989101410e-02
-5.188208532390561913e+02 -9.093934233390835971e+02 -6.403722669932376448e+02 2.272740000000000000e+19 -2.418286800384521484e-01 -8.503988385200500488e-02
-5.178106416173457092e+02 -9.103703283317080377e+02 -6.398016264618100877e+02 2.272940000000000000e+19 -1.560404896736145020e-01 3.839557245373725891e-02
-5.167979574287600144e+02 -9.113453252741732058e+02 -6.392321063592570454e+02 2.273140000000000000e+19 8.335331082344055176e-02 1.153215691447257996e-01
-5.157828055056600078e+02 -9.123184095140028376e+02 -6.386637094032022333e+02 2.273340000000000000e+19 1.214964836835861206e-01 -1.978611201047897339e-01
-5.147651907098397714e+02 -9.132895763908855997e+02 -6.380964383158188866e+02 2.273540000000000000e+19 -9.857511520385742188e-02 9.583730250597000122e-02
-5.137451179113306807e+02 -9.142588212570644828e+02 -6.375302958119176537e+02 2.273740000000000000e+19 -1.496965140104293823e-01 -1.709705889225006104e-01
-5.127225919955219524e+02 -9.152261394706386000e+02 -6.369652846028617432e+02 2.273940000000000000e+19 1.667128317058086395e-02 -4.522748664021492004e-02
-5.117831568577238386e+02 -9.161111760207720636e+02 -6.364483393067507677e+02 2.274140000000000000e+19 3.898860141634941101e-02 -4.075731709599494934e-02
-5.086080551485858336e+02 -9.190760534047824422e+02 -6.347166066820477681e+02 2.274340000000000000e+19 3.552107512950897217e-02 1.403306722640991211e-01
-5.075733372692221224e+02 -9.200336691140718131e+02 -6.341572923904617483e+02 2.274540000000000000e+19 3.444073954597115517e-03 5.052826181054115295e-02
-5.065361957947289397e+02 -9.209893305472289740e+02 -6.335991255281944632e+02 2.274740000000000000e+19 1.185949370265007019e-01 6.983843445777893066e-02
-5.054966357066571732e+02 -9.219430331140667931e+02 -6.330421087762020989e+02 2.274940000000000000e+19 -4.000222682952880859e-02 -1.898085884749889374e-02
-5.044546619583104530e+02 -9.228947722703157979e+02 -6.324862447885947176e+02 2.275140000000000000e+19 -1.506454050540924072e-01 1.221320219337940216e-02
-5.034102795689901768e+02 -9.238445434313877058e+02 -6.319315362430011191e+02 2.275340000000000000e+19 -2.625626325607299805e-02 6.205515563488006592e-02
-5.023634935114218933e+02 -9.247923420751209278e+02 -6.313779857805608344e+02 2.275540000000000000e+19 1.333311200141906738e-01 -9.501270949840545654e-03
-5.014018628446692105e+02 -9.256594460311451940e+02 -6.308715693300373459e+02 2.275740000000000000e+19 -1.333243306726217270e-02 -8.740670979022979736e-03
-5.086080551485858336e+02 -9.190760534047824422e+02 -6.347166066820477681e+02 2.275940000000000000e+19 3.537514479830861092e-03 -7.323328405618667603e-02
-5.075733372692221224e+02 -9.200336691140718131e+02 -6.341572923904617483e+02 2.276140000000000000e+19 -2.125531248748302460e-02 -6.838589441031217575e-03
-5.065361957947289397e+02 -9.209893305472289740e+02 -6.335991255281944632e+02 2.276340000000000000e+19 5.773271992802619934e-02 -6.298191100358963013e-02
-5.054966357066571732e+02 -9.219430331140667931e+02 -6.330421087762020989e+02 2.276540000000000000e+19 4.029654711484909058e-02 -7.929518073797225952e-02
-5.044546619583104530e+02 -9.228947722703157979e+02 -6.324862447885947176e+02 2.276740000000000000e+19 8.076071739196777344e-02 1.178243532776832581e-01
-5.034102795689901768e+02 -9.238445434313877058e+02 -6.319315362430011191e+02 2.276940000000000000e+19 -1.755089126527309418e-02 -2.808811888098716736e-02
-5.023634935114218933e+02 -9.247923420751209278e+02 -6.313779857805608344e+02 2.277140000000000000e+19 1.456670463085174561e-01 1.075379922986030579e-01
-5.014018628446692105e+02 -9.256594460311451940e+02 -6.308715693300373459e+02 2.277340000000000000e+19 7.376664876937866211e-02 8.112928271293640137e-02
-4.981524130364186362e+02 -9.285637208342863005e+02 -6.291754177004248731e+02 2.277540000000000000e+19 -1.438340097665786743e-01 5.109022930264472961e-02
-4.970936840442334983e+02 -9.295015890123601139e+02 -6.286276972970161978e+02 2.277740000000000000e+19 -1.284444481134414673e-01 -5.984668061137199402e-02
-4.960325816317573526e+02 -9.304374575835765881e+02 -6.280811507976139865e+02 2.277940000000000000e+19 1.198071986436843872e-01 -3.999250009655952454e-02
-4.949691108512781739e+02 -9.313713220919294145e+02 -6.275357808045180263e+02 2.278140000000000000e+19 6.783597171306610107e-02 -1.530119478702545166e-01
-4.939032768219261129e+02 -9.323031780421720214e+02 -6.269915899429163346e+02 2.278340000000000000e+19 4.194981977343559265e-02 5.335807055234909058e-02
-4.928350846148094320e+02 -9.332330210006525704e+02 -6.264485808019959450e+02 2.278540000000000000e+19 4.315945878624916077e-02 2.125790901482105255e-02
-4.917645393717832576e+02 -9.341608464914800152e+02 -6.259067559955813067e+02 2.278740000000000000e+19 -8.162961155176162720e-02 -2.338553369045257568e-01
-4.907811733315280094e+02 -9.350096029310145695e+02 -6.254111107182653768e+02 2.278940000000000000e+19 5.782002210617065430e-02 -3.037824667990207672e-02
-4.981524130364186362e+02 -9.285637208342863005e+02 -6.291754177004248731e+02 2.279140000000000000e+19 7.056435942649841309e-02 4.829632490873336792e-02
-4.970936840442334983e+02 -9.295015890123601139e+02 -6.286276972970161978e+02 2.279340000000000000e+19 -4.922284185886383057e-02 9.718123078346252441e-02
-4.960325816317573526e+02 -9.304374575835765881e+02 -6.280811507976139865e+02 2.279540000000000000e+19 -1.663344353437423706e-02 -8.991079032421112061e-02
-4.949691108512781739e+02 -9.313713220919294145e+02 -6.275357808045180263e+02 2.279740000000000000e+19 8.222728222608566284e-02 8.085750788450241089e-02
-4.939032768219261129e+02 -9.323031780421720214e+02 -6.269915899429163346e+02 2.279940000000000000e+19 -5.234916508197784424e-02 8.218844980001449585e-02
-4.928350846148094320e+02 -9.332330210006525704e+02 -6.264485808019959450e+02 2.280140000000000000e+19 8.422326296567916870e-02 1.101398766040802002e-01
-4.917645393717832576e+02 -9.341608464914800152e+02 -6.259067559955813067e+02 2.280340000000000000e+19 6.201603263616561890e-02 -4.267599061131477356e-02
-4.907811733315280094e+02 -9.350096029310145695e+02 -6.254111107182653768e+02 2.280540000000000000e+19 -3.545065596699714661e-02 -7.160620298236608505e-03
-4.876390766122942182e+02 -9.376987415572104965e+02 -6.238407790012259966e+02 2.280740000000000000e+19 -7.229977287352085114e-03 -2.717524999752640724e-03
-4.865572307063205812e+02 -9.386167536049198361e+02 -6.233047148880588111e+02 2.280940000000000000e+19 1.791322417557239532e-02 1.483132690191268921e-01
-4.854730617899426761e+02 -9.395327224359824640e+02 -6.227698501456696931e+02 2.281140000000000000e+19 2.916486747562885284e-02 -7.316466420888900757e-02
-4.843865750706201538e+02 -9.404466436508878360e+02 -6.222361873430764945e+02 2.281340000000000000e+19 1.275392323732376099e-01 1.081197634339332581e-01
-4.832977757177463332e+02 -9.413585129013351889e+02 -6.217037290193634362e+02 2.281540000000000000e+19 7.015216350555419922e-02 2.186984717845916748e-01
-4.822066689685539700e+02 -9.422683258011062435e+02 -6.211724777357241010e+02 2.281740000000000000e+19 2.250440418720245361e-02 -1.591461896896362305e-01
-4.811132600296367627e+02 -9.431760780087890907e+02 -6.206424360271623755e+02 2.281940000000000000e+19 -4.972733929753303528e-02 2.785133123397827148e-01
-4.801089797552610889e+02 -9.440063965601877953e+02 -6.201576137495683270e+02 2.282140000000000000e+19 -1.024462655186653137e-01 -1.325591057538986206e-01
-4.876390766122942182e+02 -9.376987415572104965e+02 -6.238407790012259966e+02 2.282340000000000000e+19 -1.453722864389419556e-01 3.992669284343719482e-02
-4.865572307063205812e+02 -9.386167536049198361e+02 -6.233047148880588111e+02 2.282540000000000000e+19 1.932797953486442566e-02 -1.194479316473007202e-01
-4.854730617899426761e+02 -9.395327224359824640e+02 -6.227698501456696931e+02 2.282740000000000000e+19 -1.669507771730422974e-01 -2.241574972867965698e-01
-4.843865750706201538e+02 -9.404466436508878360e+02 -6.222361873430764945e+02 2.282940000000000000e+19 -3.908744454383850098e-02 -7.033025473356246948e-02
-4.832977757177463332e+02 -9.413585129013351889e+02 -6.217037290193634362e+02 2.283140000000000000e+19 -9.278815239667892456e-02 -1.455705165863037109e-01
-4.822066689685539700e+02 -9.422683258011062435e+02 -6.211724777357241010e+02 2.283340000000000000e+19 -9.063998609781265259e-02 1.894786022603511810e-02
-4.811132600296367627e+02 -9.431760780087890907e+02 -6.206424360271623755e+02 2.283540000000000000e+19 8.664880879223346710e-03 -1.936087608337402344e-01
-4.801089797552610889e+02 -9.440063965601877953e+02 -6.201576137495683270e+02 2.283740000000000000e+19 3.777777031064033508e-02 -1.519657820463180542e-01
-4.767167072309487708e+02 -9.467863931531165917e+02 -6.185344156060419891e+02 2.283940000000000000e+19 5.434018373489379883e-02 3.898287191987037659e-02
-4.756118660849716093e+02 -9.476837769091474684e+02 -6.180104597209442545e+02 2.284140000000000000e+19 6.155299767851829529e-02 -2.466612495481967926e-03
-4.745047542948362320e+02 -9.485790740686246636e+02 -6.174877285362134671e+02 2.284340000000000000e+19 -3.096419274806976318e-01 7.175550609827041626e-02
-4.733953771935950954e+02 -9.494722803188278704e+02 -6.169662245698858669e+02 2.284540000000000000e+19 -4.246452078223228455e-02 1.167629063129425049e-01
-4.722837400633910079e+02 -9.503633914068841477e+02 -6.164459503050231888e+02 2.284740000000000000e+19 1.587234064936637878e-02 -5.279999598860740662e-02
-4.711698482319361574e+02 -9.512524030619298401e+02 -6.159269082351620455e+02 2.284940000000000000e+19 -6.010758876800537109e-02 -9.029253572225570679e-02
-4.700537070455596904e+02 -9.521393110170171212e+02 -6.154091008515191561e+02 2.285140000000000000e+19 -1.491597108542919159e-02 -6.739030033349990845e-02
-4.690286346862137066e+02 -9.529504852046828773e+02 -6.149355150520021880e+02 2.285340000000000000e+19 6.363695859909057617e-02 -1.478202342987060547e-01
-4.767167072309487708e+02 -9.467863931531165917e+02 -6.185344156060419891e+02 2.285540000000000000e+19 -1.050602868199348450e-01 9.272291936213150620e-05
-4.756118660849716093e+02 -9.476837769091474684e+02 -6.180104597209442545e+02 2.285740000000000000e+19 1.020405590534210205e-01 -6.531772017478942871e-02
-4.745047542948362320e+02 -9.485790740686246636e+02 -6.174877285362134671e+02 2.285940000000000000e+19 5.011404305696487427e-02 2.333288080990314484e-02
-4.733953771935950954e+02 -9.494722803188278704e+02 -6.169662245698858669e+02 2.286140000000000000e+19 6.614171434193849564e-03 3.147826716303825378e-02
-4.722837400633910079e+02 -9.503633914068841477e+02 -6.164459503050231888e+02 2.286340000000000000e+19 7.430868595838546753e-02 -3.889116272330284119e-02
-4.711698482319361574e+02 -9.512524030619298401e+02 -6.159269082351620455e+02 2.286540000000000000e+19 5.028782412409782410e-02 -5.572866648435592651e-02
-4.700537070455596904e+02 -9.521393110170171212e+02 -6.154091008515191561e+02 2.286740000000000000e+19 -1.315937042236328125e-01 -1.004918590188026428e-01
-4.690286346862137066e+02 -9.529504852046828773e+02 -6.149355150520021880e+02 2.286940000000000000e+19 1.049054190516471863e-01 -1.512911617755889893e-01
-4.655667556151781241e+02 -9.556658212014560831e+02 -6.133502675922031813e+02 2.287140000000000000e+19 4.361301660537719727e-02 7.526009529829025269e-02
-4.644394479261103470e+02 -9.565421472438938508e+02 -6.128386706615908679e+02 2.287340000000000000e+19 4.633547365665435791e-02 1.810303516685962677e-02
-4.633099230922357492e+02 -9.574163442712172127e+02 -6.123283231965691584e+02 2.287540000000000000e+19 -7.259927690029144287e-02 1.170491520315408707e-02
-4.621781864916414406e+02 -9.582884081210767135e+02 -6.118192276270732464e+02 2.287740000000000000e+19 -1.203099191188812256e-01 1.124157756567001343e-01
-4.610442435720507319e+02 -9.591583345957005804e+02 -6.113113864036848781e+02 2.287940000000000000e+19 9.850386530160903931e-02 2.880885452032089233e-02
-4.599080997286589536e+02 -9.600261195560723309e+02 -6.108048019426478277e+02 2.288140000000000000e+19 1.066305935382843018e-01 6.329500675201416016e-02
-4.587697604303920684e+02 -9.608917588250554900e+02 -6.102994766824401722e+02 2.288340000000000000e+19 2.849998883903026581e-02 -6.991399079561233521e-02
-4.577243865365139186e+02 -9.616834004602196728e+02 -6.098373539959459322e+02 2.288540000000000000e+19 3.307741507887840271e-02 -9.364329278469085693e-02
-4.655667556151781241e+02 -9.556658212014560831e+02 -6.133502675922031813e+02 2.288740000000000000e+19 7.540488243103027344e-02 -1.046724468469619751e-01
-4.644394479261103470e+02 -9.565421472438938508e+02 -6.128386706615908679e+02 2.288940000000000000e+19 -1.449131965637207031e-01 8.428443223237991333e-02
-4.633099230922357492e+02 -9.574163442712172127e+02 -6.123283231965691584e+02 2.289140000000000000e+19 8.885734528303146362e-02 6.759285926818847656e-02
-4.621781864916414406e+02 -9.582884081210767135e+02 -6.118192276270732464e+02 2.289340000000000000e+19 -1.340075433254241943e-01 7.507149875164031982e-02
-4.610442435720507319e+02 -9.591583345957005804e+02 -6.113113864036848781e+02 2.289540000000000000e+19 -9.388636797666549683e-02 -3.115850500762462616e-02
-4.599080997286589536e+02 -9.600261195560723309e+02 -6.108048019426478277e+02 2.289740000000000000e+19 -2.226464152336120605e-01 3.133782744407653809e-02
-4.587697604303920684e+02 -9.608917588250554900e+02 -6.102994766824401722e+02 2.289940000000000000e+19 -1.225401014089584351e-01 -7.326788455247879028e-02
-4.577243865365139186e+02 -9.616834004602196728e+02 -6.098373539959459322e+02 2.290140000000000000e+19 -2.198635041713714600e-02 8.279000967741012573e-02
-4.541945576072082531e+02 -9.643327764350250391e+02 -6.082908158399507101e+02 2.290340000000000000e+19 1.886934973299503326e-02 -1.028650104999542236e-01
-4.530453228735233324e+02 -9.651876253787291944e+02 -6.077918226994424913e+02 2.290540000000000000e+19 -1.071639060974121094e-01 8.154610544443130493e-02
-4.518939255206284997e+02 -9.660403039356053796e+02 -6.072941031754651249e+02 2.290740000000000000e+19 1.586827784776687622e-01 7.558423094451427460e-03
-4.507403710387318370e+02 -9.668908080397809499e+02 -6.067976596413182051e+02 2.290940000000000000e+19 1.517593744210898876e-03 -3.112909011542797089e-02
-4.495846649564458062e+02 -9.677391336150084271e+02 -6.063024944763243411e+02 2.291140000000000000e+19 -8.586050570011138916e-02 -2.198759466409683228e-02
-4.484268128248294261e+02 -9.685852765866785603e+02 -6.058086100588163845e+02 2.291340000000000000e+19 -9.315141476690769196e-03 3.467887639999389648e-02
-4.472668201528205145e+02 -9.694292329289739882e+02 -6.053160087386173700e+02 2.291540000000000000e+19 1.041576191782951355e-01 -4.120626673102378845e-02
-4.462016451747959991e+02 -9.702009630366052306e+02 -6.048655703923707279e+02 2.291740000000000000e+19 -3.249841742217540741e-03 -4.913396760821342468e-02
-4.541945576072082531e+02 -9.643327764350250391e+02 -6.082908158399507101e+02 2.291940000000000000e+19 7.517926394939422607e-02 -1.854519546031951904e-01
-4.530453228735233324e+02 -9.651876253787291944e+02 -6.077918226994424913e+02 2.292140000000000000e+19 -9.931828826665878296e-02 7.909616827964782715e-02
-4.518939255206284997e+02 -9.660403039356053796e+02 -6.072941031754651249e+02 2.292340000000000000e+19 1.339116841554641724e-01 8.731115609407424927e-02
-4.507403710387318370e+02 -9.668908080397809499e+02 -6.067976596413182051e+02 2.292540000000000000e+19 -4.903462529182434082e-02 -1.337570548057556152e-01
-4.495846649564458062e+02 -9.677391336150084271e+02 -6.063024944763243411e+02 2.292740000000000000e+19 -4.450813308358192444e-02 3.617000952363014221e-02
-4.484268128248294261e+02 -9.685852765866785603e+02 -6.058086100588163845e+02 2.292940000000000000e+19 5.157218500971794128e-02 3.608981519937515259e-02
-4.472668201528205145e+02 -9.694292329289739882e+02 -6.053160087386173700e+02 2.293140000000000000e+19 2.503058873116970062e-02 -1.401499658823013306e-01
-4.462016451747959991e+02 -9.702009630366052306e+02 -6.048655703923707279e+02 2.293340000000000000e+19 8.935802034102380276e-04 -5.810999497771263123e-02
