# Baseline: 12-25
# Entries: 128
# u [m], v [m], w [m], frequency [GHz], real, imag, std(real), std(imag)
-1.301306977013555752e+03 -8.236066386495749612e+02 -1.405122721145512060e+03 2.267940000000000111e+01 1.169410645961761475e-01 -3.421986103057861328e-02 6.619083136320114136e-02 6.665632128715515137e-02
-1.301302149743460177e+03 -8.260598016818283895e+02 -1.403686405237875306e+03 2.268140000000000001e+01 -1.881118267774581909e-01 2.137652933597564697e-01 6.619083136320114136e-02 6.665632128715515137e-02
-1.301291103679568778e+03 -8.285129533051366479e+02 -1.402250104232916101e+03 2.268340000000000245e+01 2.024103105068206787e-01 8.912270888686180115e-03 6.619083136320114136e-02 6.665632128715515137e-02
-1.301273838874722060e+03 -8.309660817964424950e+02 -1.400813824994387232e+03 2.268540000000000134e+01 -1.629710644483566284e-01 1.162739917635917664e-01 6.619083136320114136e-02 6.665632128715515137e-02
-1.301257003601176621e+03 -8.328059073137815176e+02 -1.399736632912915638e+03 2.268740000000000023e+01 2.287281304597854614e-01 -1.245683655142784119e-01 6.619083136320114136e-02 6.665632128715515137e-02
-1.301220653402089056e+03 -8.358722224230837128e+02 -1.397941359311108727e+03 2.268940000000000268e+01 2.578540332615375519e-02 2.155496776103973389e-01 6.619083136320114136e-02 6.665632128715515137e-02
-1.301184732989587474e+03 -8.383252110276483791e+02 -1.396505186643237721e+03 2.269140000000000157e+01 8.620402961969375610e-02 -3.126587271690368652e-01 6.619083136320114136e-02 6.665632128715515137e-02
-1.301131339992582753e+03 -8.413913503584038835e+02 -1.394710038494137279e+03 2.269340000000000046e+01 -1.982554942369461060e-01 -2.011384256184101105e-02 6.619083136320114136e-02 6.665632128715515137e-02
-1.301306977013555752e+03 -8.236066386495749612e+02 -1.405122721145512060e+03 2.269540000000000290e+01 2.258075475692749023e-01 -2.052977494895458221e-02 6.619083136320114136e-02 6.665632128715515137e-02
-1.301302149743460177e+03 -8.260598016818283895e+02 -1.403686405237875306e+03 2.269740000000000180e+01 -2.316227555274963379e-02 3.558329492807388306e-02 6.619083136320114136e-02 6.665632128715515137e-02
-1.301291103679568778e+03 -8.285129533051366479e+02 -1.402250104232916101e+03 2.269940000000000069e+01 -2.370275091379880905e-03 -1.246867980808019638e-02 6.619083136320114136e-02 6.665632128715515137e-02
-1.301273838874722060e+03 -8.309660817964424950e+02 -1.400813824994387232e+03 2.270140000000000313e+01 -3.323592618107795715e-02 1.318062394857406616e-01 6.619083136320114136e-02 6.665632128715515137e-02
-1.301257003601176621e+03 -8.328059073137815176e+02 -1.399736632912915638e+03 2.270340000000000202e+01 1.394965797662734985e-01 3.040555864572525024e-02 6.619083136320114136e-02 6.665632128715515137e-02
-1.301220653402089056e+03 -8.358722224230837128e+02 -1.397941359311108727e+03 2.270540000000000092e+01 -4.384271800518035889e-02 -1.170509010553359985e-01 6.619083136320114136e-02 6.665632128715515137e-02
-1.301184732989587474e+03 -8.383252110276483791e+02 -1.396505186643237721e+03 2.270739999999999981e+01 1.872336491942405701e-03 -6.401937454938888550e-02 6.619083136320114136e-02 6.665632128715515137e-02
-1.301131339992582753e+03 -8.413913503584038835e+02 -1.394710038494137279e+03 2.270940000000000225e+01 4.672755673527717590e-02 -2.123611606657505035e-02 6.619083136320114136e-02 6.665632128715515137e-02
-1.300978871185898015e+03 -8.481363471656702586e+02 -1.390761057290445706e+03 2.271140000000000114e+01 -3.454992780461907387e-03 -8.040414005517959595e-02 6.619083136320114136e-02 6.665632128715515137e-02
-1.300911861927959990e+03 -8.505888679296208466e+02 -1.389325199649308843e+03 2.271340000000000003e+01 2.927401661872863770e-02 1.048482302576303482e-02 6.619083136320114136e-02 6.665632128715515137e-02
-1.300838635744924886e+03 -8.530412598778366373e+02 -1.387889425649805389e+03 2.271540000000000248e+01 1.348457019776105881e-02 1.377973705530166626e-02 6.619083136320114136e-02 6.665632128715515137e-02
-1.300759192986288554e+03 -8.554935113079774283e+02 -1.386453742143168711e+03 2.271740000000000137e+01 9.315920621156692505e-02 8.548435755074024200e-03 6.619083136320114136e-02 6.665632128715515137e-02
-1.300673534032539692e+03 -8.579456104756675359e+02 -1.385018156005203082e+03 2.271940000000000026e+01 -5.666099488735198975e-02 -1.026207804679870605e-01 6.619083136320114136e-02 6.665632128715515137e-02
-1.300581659293607117e+03 -8.603975456458011877e+02 -1.383582674106245577e+03 2.272140000000000271e+01 1.448153331875801086e-02 -2.540539484471082687e-03 6.619083136320114136e-02 6.665632128715515137e-02
-1.300483569209590996e+03 -8.628493050755182594e+02 -1.382147303321134359e+03 2.272340000000000160e+01 -7.058903574943542480e-02 -7.268050312995910645e-02 6.619083136320114136e-02 6.665632128715515137e-02
-1.300388272809281034e+03 -8.650965893653287822e+02 -1.380831648647668999e+03 2.272540000000000049e+01 5.925958231091499329e-02 -5.205944553017616272e-02 6.619083136320114136e-02 6.665632128715515137e-02
-1.300978871185898015e+03 -8.481363471656702586e+02 -1.390761057290445706e+03 2.272740000000000293e+01 -3.922563418745994568e-02 -5.922046676278114319e-02 6.619083136320114136e-02 6.665632128715515137e-02
-1.300911861927959990e+03 -8.505888679296208466e+02 -1.389325199649308843e+03 2.272940000000000182e+01 -2.467242442071437836e-02 -1.888725161552429199e-02 6.619083136320114136e-02 6.665632128715515137e-02
-1.300838635744924886e+03 -8.530412598778366373e+02 -1.387889425649805389e+03 2.273140000000000072e+01 9.991789236664772034e-03 -4.926120489835739136e-02 6.619083136320114136e-02 6.665632128715515137e-02
-1.300759192986288554e+03 -8.554935113079774283e+02 -1.386453742143168711e+03 2.273340000000000316e+01 -2.572813630104064941e-02 7.351446896791458130e-02 6.619083136320114136e-02 6.665632128715515137e-02
-1.300673534032539692e+03 -8.579456104756675359e+02 -1.385018156005203082e+03 2.273540000000000205e+01 1.182452142238616943e-01 -1.015486568212509155e-01 6.619083136320114136e-02 6.665632128715515137e-02
-1.300581659293607117e+03 -8.603975456458011877e+02 -1.383582674106245577e+03 2.273740000000000094e+01 -1.051448136568069458e-01 1.233645752072334290e-01 6.619083136320114136e-02 6.665632128715515137e-02
-1.300483569209590996e+03 -8.628493050755182594e+02 -1.382147303321134359e+03 2.273939999999999984e+01 4.257785901427268982e-02 2.458066679537296295e-03 6.619083136320114136e-02 6.665632128715515137e-02
-1.300388272809281034e+03 -8.650965893653287822e+02 -1.380831648647668999e+03 2.274140000000000228e+01 2.964359521865844727e-02 1.129309087991714478e-02 6.619083136320114136e-02 6.665632128715515137e-02
-1.300029065251696011e+03 -8.726543508710343531e+02 -1.376407068616643073e+03 2.274340000000000117e+01 -9.422309696674346924e-02 -3.721218183636665344e-02 6.619083136320114136e-02 6.665632128715515137e-02
-1.299899906077500191e+03 -8.751050556494194552e+02 -1.374972356408580936e+03 2.274540000000000006e+01 -9.061565250158309937e-02 -2.874956233426928520e-03 6.619083136320114136e-02 6.665632128715515137e-02
-1.299764534819287064e+03 -8.775555143352352161e+02 -1.373537796501089133e+03 2.274740000000000251e+01 5.883953720331192017e-02 1.692408695816993713e-02 6.619083136320114136e-02 6.665632128715515137e-02
-1.299622952127273720e+03 -8.800057151585533575e+02 -1.372103395784576151e+03 2.274940000000000140e+01 -4.049141891300678253e-03 1.903882250189781189e-02 6.619083136320114136e-02 6.665632128715515137e-02
-1.299475158675994862e+03 -8.824556464445522579e+02 -1.370669161093733464e+03 2.275140000000000029e+01 1.461189892143011093e-02 1.416722591966390610e-02 6.619083136320114136e-02 6.665632128715515137e-02
-1.299321155177453647e+03 -8.849052963917072248e+02 -1.369235099337386828e+03 2.275340000000000273e+01 -9.135178476572036743e-02 -9.202938526868820190e-02 6.619083136320114136e-02 6.665632128715515137e-02
-1.299160942365042956e+03 -8.873546533363636399e+02 -1.367801217343612734e+03 2.275540000000000163e+01 7.154012471437454224e-02 -1.485090851783752441e-01 6.619083136320114136e-02 6.665632128715515137e-02
-1.299008705602317605e+03 -8.895996337733377004e+02 -1.366486986860170873e+03 2.275740000000000052e+01 -2.054951712489128113e-02 6.344705075025558472e-02 6.619083136320114136e-02 6.665632128715515137e-02
-1.300029065251696011e+03 -8.726543508710343531e+02 -1.376407068616643073e+03 2.275940000000000296e+01 -5.830903351306915283e-02 1.860429532825946808e-02 6.619083136320114136e-02 6.665632128715515137e-02
-1.299899906077500191e+03 -8.751050556494194552e+02 -1.374972356408580936e+03 2.276140000000000185e+01 6.618808954954147339e-02 -4.915868863463401794e-02 6.619083136320114136e-02 6.665632128715515137e-02
-1.299764534819287064e+03 -8.775555143352352161e+02 -1.373537796501089133e+03 2.276340000000000074e+01 2.509155124425888062e-02 3.378379344940185547e-02 6.619083136320114136e-02 6.665632128715515137e-02
-1.299622952127273720e+03 -8.800057151585533575e+02 -1.372103395784576151e+03 2.276540000000000319e+01 8.668171614408493042e-02 -1.380624435842037201e-02 6.619083136320114136e-02 6.665632128715515137e-02
-1.299475158675994862e+03 -8.824556464445522579e+02 -1.370669161093733464e+03 2.276740000000000208e+01 -3.980637341737747192e-02 4.062623903155326843e-02 6.619083136320114136e-02 6.665632128715515137e-02
-1.299321155177453647e+03 -8.849052963917072248e+02 -1.369235099337386828e+03 2.276940000000000097e+01 2.608252316713333130e-02 -9.153911843895912170e-03 6.619083136320114136e-02 6.665632128715515137e-02
-1.299160942365042956e+03 -8.873546533363636399e+02 -1.367801217343612734e+03 2.277139999999999986e+01 -2.325893007218837738e-02 4.220382869243621826e-02 6.619083136320114136e-02 6.665632128715515137e-02
-1.299008705602317605e+03 -8.895996337733377004e+02 -1.366486986860170873e+03 2.277340000000000231e+01 -6.493228673934936523e-02 3.802124410867691040e-02 6.619083136320114136e-02 6.665632128715515137e-02
-1.298458013768095498e+03 -8.971489165019411303e+02 -1.362067624324162352e+03 2.277540000000000120e+01 3.581625595688819885e-02 1.532935816794633865e-02 6.619083136320114136e-02 6.665632128715515137e-02
-1.298266766486463212e+03 -8.995966325575940346e+02 -1.360634744102569357e+03 2.277740000000000009e+01 -1.681827381253242493e-02 9.707096964120864868e-02 6.619083136320114136e-02 6.665632128715515137e-02
-1.298069314940207732e+03 -9.020439852592204488e+02 -1.359202084827541057e+03 2.277940000000000254e+01 -8.488664403557777405e-03 1.861337013542652130e-02 6.619083136320114136e-02 6.665632128715515137e-02
-1.297865660069470778e+03 -9.044909629540992455e+02 -1.357769653320478483e+03 2.278140000000000143e+01 -3.713939338922500610e-02 -1.098224148154258728e-02 6.619083136320114136e-02 6.665632128715515137e-02
-1.297655802854584863e+03 -9.069375538634534450e+02 -1.356337456476533816e+03 2.278340000000000032e+01 7.301756646484136581e-03 -3.836203366518020630e-02 6.619083136320114136e-02 6.665632128715515137e-02
-1.297439744294036927e+03 -9.093837463467103817e+02 -1.354905501109916031e+03 2.278540000000000276e+01 1.304891332983970642e-02 -4.547066241502761841e-02 6.619083136320114136e-02 6.665632128715515137e-02
-1.297217485427860311e+03 -9.118295286288739590e+02 -1.353473794113486292e+03 2.278740000000000165e+01 5.204381421208381653e-02 -5.266204010695219040e-03 6.619083136320114136e-02 6.665632128715515137e-02
-1.297008381151642652e+03 -9.140711309552071953e+02 -1.352161616699400383e+03 2.278940000000000055e+01 4.103814717382192612e-03 -7.768373191356658936e-02 6.619083136320114136e-02 6.665632128715515137e-02
-1.298458013768095498e+03 -8.971489165019411303e+02 -1.362067624324162352e+03 2.279140000000000299e+01 -6.210359930992126465e-02 -5.904345959424972534e-02 6.619083136320114136e-02 6.665632128715515137e-02
-1.298266766486463212e+03 -8.995966325575940346e+02 -1.360634744102569357e+03 2.279340000000000188e+01 7.519402354955673218e-02 3.910678252577781677e-02 6.619083136320114136e-02 6.665632128715515137e-02
-1.298069314940207732e+03 -9.020439852592204488e+02 -1.359202084827541057e+03 2.279540000000000077e+01 6.807691603899002075e-02 -6.364021450281143188e-02 6.619083136320114136e-02 6.665632128715515137e-02
-1.297865660069470778e+03 -9.044909629540992455e+02 -1.357769653320478483e+03 2.279739999999999966e+01 -5.014991015195846558e-02 -2.076799422502517700e-02 6.619083136320114136e-02 6.665632128715515137e-02
-1.297655802854584863e+03 -9.069375538634534450e+02 -1.356337456476533816e+03 2.279940000000000211e+01 -1.862418465316295624e-02 -5.583373084664344788e-02 6.619083136320114136e-02 6.665632128715515137e-02
-1.297439744294036927e+03 -9.093837463467103817e+02 -1.354905501109916031e+03 2.280140000000000100e+01 -6.376831326633691788e-03 2.212885394692420959e-02 6.619083136320114136e-02 6.665632128715515137e-02
-1.297217485427860311e+03 -9.118295286288739590e+02 -1.353473794113486292e+03 2.280339999999999989e+01 -2.841053903102874756e-02 8.431226760149002075e-02 6.619083136320114136e-02 6.665632128715515137e-02
-1.297008381151642652e+03 -9.140711309552071953e+02 -1.352161616699400383e+03 2.280540000000000234e+01 2.589508425444364548e-03 -9.643171727657318115e-02 6.619083136320114136e-02 6.665632128715515137e-02
-1.296308073670887552e+03 -9.212010168756495432e+02 -1.347988008023145312e+03 2.280740000000000123e+01 -1.529715955257415771e-01 -5.697907134890556335e-02 6.619083136320114136e-02 6.665632128715515137e-02
-1.296055862173154082e+03 -9.236446517403337566e+02 -1.346557597939781772e+03 2.280940000000000012e+01 -1.271651238203048706e-01 8.648837357759475708e-02 6.619083136320114136e-02 6.665632128715515137e-02
-1.295797456988802196e+03 -9.260878081975504301e+02 -1.345127476152538975e+03 2.281140000000000256e+01 3.349415957927703857e-02 -3.648747503757476807e-02 6.619083136320114136e-02 6.665632128715515137e-02
-1.295532859359076838e+03 -9.285304745124523151e+02 -1.343697649530505032e+03 2.281340000000000146e+01 7.949837483465671539e-03 -7.596719264984130859e-02 6.619083136320114136e-02 6.665632128715515137e-02
-1.295262070542974016e+03 -9.309726390631436743e+02 -1.342268124876609591e+03 2.281540000000000035e+01 -4.770548269152641296e-02 8.488823473453521729e-02 6.619083136320114136e-02 6.665632128715515137e-02
-1.294985091842969496e+03 -9.334142901025177252e+02 -1.340838909067035274e+03 2.281740000000000279e+01 3.016533255577087402e-01 -1.252736598253250122e-01 6.619083136320114136e-02 6.665632128715515137e-02
-1.294701924580871491e+03 -9.358554159794992984e+02 -1.339410008921715189e+03 2.281940000000000168e+01 1.134542897343635559e-01 -1.251184791326522827e-01 6.619083136320114136e-02 6.665632128715515137e-02
-1.294436998026754054e+03 -9.380926503277711390e+02 -1.338100462760180108e+03 2.282140000000000057e+01 -8.579637855291366577e-03 -3.611715883016586304e-02 6.619083136320114136e-02 6.665632128715515137e-02
-1.296308073670887552e+03 -9.212010168756495432e+02 -1.347988008023145312e+03 2.282340000000000302e+01 -1.147956997156143188e-01 1.255066841840744019e-01 6.619083136320114136e-02 6.665632128715515137e-02
-1.296055862173154082e+03 -9.236446517403337566e+02 -1.346557597939781772e+03 2.282540000000000191e+01 1.925677433609962463e-02 -8.443360775709152222e-02 6.619083136320114136e-02 6.665632128715515137e-02
-1.295797456988802196e+03 -9.260878081975504301e+02 -1.345127476152538975e+03 2.282740000000000080e+01 2.650059573352336884e-02 1.209582835435867310e-01 6.619083136320114136e-02 6.665632128715515137e-02
-1.295532859359076838e+03 -9.285304745124523151e+02 -1.343697649530505032e+03 2.282939999999999969e+01 3.027132339775562286e-02 -3.815212519839406013e-03 6.619083136320114136e-02 6.665632128715515137e-02
-1.295262070542974016e+03 -9.309726390631436743e+02 -1.342268124876609591e+03 2.283140000000000214e+01 -9.505933523178100586e-02 1.433466374874114990e-02 6.619083136320114136e-02 6.665632128715515137e-02
-1.294985091842969496e+03 -9.334142901025177252e+02 -1.340838909067035274e+03 2.283340000000000103e+01 4.980335384607315063e-02 8.012674003839492798e-02 6.619083136320114136e-02 6.665632128715515137e-02
-1.294701924580871491e+03 -9.358554159794992984e+02 -1.339410008921715189e+03 2.283539999999999992e+01 4.154123365879058838e-02 -3.217306360602378845e-02 6.619083136320114136e-02 6.665632128715515137e-02
-1.294436998026754054e+03 -9.380926503277711390e+02 -1.338100462760180108e+03 2.283740000000000236e+01 -1.814283430576324463e-01 9.963029995560646057e-03 6.619083136320114136e-02 6.665632128715515137e-02
-1.293507397467501050e+03 -9.456144341740175605e+02 -1.333697701771221091e+03 2.283940000000000126e+01 6.016424857079982758e-03 -4.715197160840034485e-02 6.619083136320114136e-02 6.665632128715515137e-02
-1.293193308322722260e+03 -9.480527589844190288e+02 -1.332270482530697791e+03 2.284140000000000015e+01 -1.029455661773681641e-01 -7.152347266674041748e-02 6.619083136320114136e-02 6.665632128715515137e-02
-1.292873039186402821e+03 -9.504904886105074411e+02 -1.330843619940778353e+03 2.284340000000000259e+01 -7.640095800161361694e-02 2.350967004895210266e-02 6.619083136320114136e-02 6.665632128715515137e-02
-1.292546591601315640e+03 -9.529276113095346545e+02 -1.329417120874777765e+03 2.284540000000000148e+01 -5.649233236908912659e-03 -4.188681766390800476e-02 6.619083136320114136e-02 6.665632128715515137e-02
-1.292213967121803307e+03 -9.553641154774868482e+02 -1.327990992124764261e+03 2.284740000000000038e+01 -1.957496441900730133e-02 -4.524964466691017151e-02 6.619083136320114136e-02 6.665632128715515137e-02
-1.291875167341945598e+03 -9.577999894369128242e+02 -1.326565240525754234e+03 2.284940000000000282e+01 -1.675509847700595856e-02 -4.191472381353378296e-02 6.619083136320114136e-02 6.665632128715515137e-02
-1.291530193887919268e+03 -9.602352214964258792e+02 -1.325139872920877679e+03 2.285140000000000171e+01 -4.109668359160423279e-02 4.422414302825927734e-02 6.619083136320114136e-02 6.665632128715515137e-02
-1.291208624785910388e+03 -9.624669521884341066e+02 -1.323833624033631850e+03 2.285340000000000060e+01 2.377672493457794189e-02 1.938661374151706696e-02 6.619083136320114136e-02 6.665632128715515137e-02
-1.293507397467501050e+03 -9.456144341740175605e+02 -1.333697701771221091e+03 2.285540000000000305e+01 -9.651400148868560791e-03 1.515599619597196579e-02 6.619083136320114136e-02 6.665632128715515137e-02
-1.293193308322722260e+03 -9.480527589844190288e+02 -1.332270482530697791e+03 2.285740000000000194e+01 -4.106310196220874786e-03 1.094030961394309998e-02 6.619083136320114136e-02 6.665632128715515137e-02
-1.292873039186402821e+03 -9.504904886105074411e+02 -1.330843619940778353e+03 2.285940000000000083e+01 -5.505048483610153198e-02 -4.290941357612609863e-02 6.619083136320114136e-02 6.665632128715515137e-02
-1.292546591601315640e+03 -9.529276113095346545e+02 -1.329417120874777765e+03 2.286139999999999972e+01 -3.844551369547843933e-02 4.822311922907829285e-02 6.619083136320114136e-02 6.665632128715515137e-02
-1.292213967121803307e+03 -9.553641154774868482e+02 -1.327990992124764261e+03 2.286340000000000217e+01 -2.867865562438964844e-02 7.129481993615627289e-03 6.619083136320114136e-02 6.665632128715515137e-02
-1.291875167341945598e+03 -9.577999894369128242e+02 -1.326565240525754234e+03 2.286540000000000106e+01 2.356093376874923706e-02 4.045207053422927856e-02 6.619083136320114136e-02 6.665632128715515137e-02
-1.291530193887919268e+03 -9.602352214964258792e+02 -1.325139872920877679e+03 2.286739999999999995e+01 7.058952003717422485e-02 4.562327638268470764e-02 6.619083136320114136e-02 6.665632128715515137e-02
-1.291208624785910388e+03 -9.624669521884341066e+02 -1.323833624033631850e+03 2.286940000000000239e+01 1.623751409351825714e-02 4.626751691102981567e-02 6.619083136320114136e-02 6.665632128715515137e-02
-1.290088596754032324e+03 -9.699694979749812092e+02 -1.319442378679208332e+03 2.287140000000000128e+01 -5.341642349958419800e-02 4.777243360877037048e-02 6.619083136320114136e-02 6.665632128715515137e-02
-1.289712780264317871e+03 -9.724013459268267070e+02 -1.318019033244168440e+03 2.287340000000000018e+01 -5.160388723015785217e-02 -8.122950047254562378e-02 6.619083136320114136e-02 6.665632128715515137e-02
-1.289330800449587286e+03 -9.748324821005472813e+02 -1.316596112703119161e+03 2.287540000000000262e+01 -6.204745918512344360e-02 3.302364796400070190e-02 6.619083136320114136e-02 6.665632128715515137e-02
-1.288942659128632386e+03 -9.772628949206389279e+02 -1.315173623831089117e+03 2.287740000000000151e+01 -7.896555960178375244e-02 -2.705736085772514343e-02 6.619083136320114136e-02 6.665632128715515137e-02
-1.288548358169800849e+03 -9.796925726880630236e+02 -1.313751573475369241e+03 2.287940000000000040e+01 2.409213595092296600e-02 -6.908866018056869507e-02 6.619083136320114136e-02 6.665632128715515137e-02
-1.288147899449174929e+03 -9.821215038426666979e+02 -1.312329968401901851e+03 2.288140000000000285e+01 7.526153326034545898e-02 -8.917082846164703369e-02 6.619083136320114136e-02 6.665632128715515137e-02
-1.287741284894421369e+03 -9.845496766926008831e+02 -1.310908815453711668e+03 2.288340000000000174e+01 1.910933665931224823e-02 -2.964928373694419861e-02 6.619083136320114136e-02 6.665632128715515137e-02
-1.287363227132901557e+03 -9.867748357294952939e+02 -1.309606488948288870e+03 2.288540000000000063e+01 1.279880758374929428e-02 2.677853219211101532e-03 6.619083136320114136e-02 6.665632128715515137e-02
-1.290088596754032324e+03 -9.699694979749812092e+02 -1.319442378679208332e+03 2.288740000000000308e+01 -8.914371579885482788e-02 6.694681197404861450e-02 6.619083136320114136e-02 6.665632128715515137e-02
-1.289712780264317871e+03 -9.724013459268267070e+02 -1.318019033244168440e+03 2.288940000000000197e+01 -1.151539618149399757e-03 1.536441617645323277e-03 6.619083136320114136e-02 6.665632128715515137e-02
-1.289330800449587286e+03 -9.748324821005472813e+02 -1.316596112703119161e+03 2.289140000000000086e+01 5.551040917634963989e-02 4.332407563924789429e-02 6.619083136320114136e-02 6.665632128715515137e-02
-1.288942659128632386e+03 -9.772628949206389279e+02 -1.315173623831089117e+03 2.289339999999999975e+01 1.920205354690551758e-02 8.084201812744140625e-02 6.619083136320114136e-02 6.665632128715515137e-02
-1.288548358169800849e+03 -9.796925726880630236e+02 -1.313751573475369241e+03 2.289540000000000219e+01 3.814873471856117249e-02 2.106522582471370697e-02 6.619083136320114136e-02 6.665632128715515137e-02
-1.288147899449174929e+03 -9.821215038426666979e+02 -1.312329968401901851e+03 2.289740000000000109e+01 -6.597805023193359375e-02 -4.723215475678443909e-02 6.619083136320114136e-02 6.665632128715515137e-02
-1.287741284894421369e+03 -9.845496766926008831e+02 -1.310908815453711668e+03 2.289939999999999998e+01 2.424762584269046783e-02 9.724192321300506592e-02 6.619083136320114136e-02 6.665632128715515137e-02
-1.287363227132901557e+03 -9.867748357294952939e+02 -1.309606488948288870e+03 2.290140000000000242e+01 -3.027969412505626678e-02 2.940040081739425659e-02 6.619083136320114136e-02 6.665632128715515137e-02
-1.286053307625760681e+03 -9.942545531039161233e+02 -1.305228860663238493e+03 2.290340000000000131e+01 -3.037194907665252686e-02 -2.681582048535346985e-02 6.619083136320114136e-02 6.665632128715515137e-02
-1.285615943647642780e+03 -9.966787603821848052e+02 -1.303810070207031458e+03 2.290540000000000020e+01 2.696153521537780762e-02 -3.850276395678520203e-02 6.619083136320114136e-02 6.665632128715515137e-02
-1.285172435950280260e+03 -9.991021397055382067e+02 -1.302391772640149611e+03 2.290740000000000265e+01 3.105874545872211456e-02 5.988757684826850891e-02 6.619083136320114136e-02 6.665632128715515137e-02
-1.284722786648392457e+03 -1.001524679518510652e+03 -1.300973974725496646e+03 2.290940000000000154e+01 -4.821046814322471619e-02 -2.392156794667243958e-02 6.619083136320114136e-02 6.665632128715515137e-02
-1.284266997896926114e+03 -1.003946368210573496e+03 -1.299556683258161684e+03 2.291140000000000043e+01 -6.695764511823654175e-02 -1.366656215395778418e-04 6.619083136320114136e-02 6.665632128715515137e-02
-1.283805071885188227e+03 -1.006367194149998454e+03 -1.298139905045601836e+03 2.291340000000000288e+01 -1.052324399352073669e-01 -5.918660387396812439e-02 6.619083136320114136e-02 6.665632128715515137e-02
-1.283337010811034816e+03 -1.008787145818809108e+03 -1.296723646828661003e+03 2.291540000000000177e+01 1.103372499346733093e-01 7.182718068361282349e-02 6.619083136320114136e-02 6.665632128715515137e-02
-1.282902645386636777e+03 -1.011004667962500662e+03 -1.295425866160311216e+03 2.291740000000000066e+01 -5.724684894084930420e-02 -2.112271264195442200e-02 6.619083136320114136e-02 6.665632128715515137e-02
-1.286053307625760681e+03 -9.942545531039161233e+02 -1.305228860663238493e+03 2.291940000000000310e+01 5.602971091866493225e-02 -5.389074236154556274e-02 6.619083136320114136e-02 6.665632128715515137e-02
-1.285615943647642780e+03 -9.966787603821848052e+02 -1.303810070207031458e+03 2.292140000000000200e+01 -5.932023376226425171e-02 -2.368822897551581264e-04 6.619083136320114136e-02 6.665632128715515137e-02
-1.285172435950280260e+03 -9.991021397055382067e+02 -1.302391772640149611e+03 2.292340000000000089e+01 1.419457644224166870e-01 1.017557233572006226e-01 6.619083136320114136e-02 6.665632128715515137e-02
-1.284722786648392457e+03 -1.001524679518510652e+03 -1.300973974725496646e+03 2.292539999999999978e+01 1.044506672769784927e-02 4.508979152888059616e-03 6.619083136320114136e-02 6.665632128715515137e-02
-1.284266997896926114e+03 -1.003946368210573496e+03 -1.299556683258161684e+03 2.292740000000000222e+01 -1.612554304301738739e-02 -2.460151910781860352e-02 6.619083136320114136e-02 6.665632128715515137e-02
-1.283805071885188227e+03 -1.006367194149998454e+03 -1.298139905045601836e+03 2.292940000000000111e+01 -6.093477085232734680e-02 4.445965588092803955e-02 6.619083136320114136e-02 6.665632128715515137e-02
-1.283337010811034816e+03 -1.008787145818809108e+03 -1.296723646828661003e+03 2.293140000000000001e+01 -6.980498135089874268e-02 -1.094124913215637207e-01 6.619083136320114136e-02 6.665632128715515137e-02
-1.282902645386636777e+03 -1.011004667962500662e+03 -1.295425866160311216e+03 2.293340000000000245e+01 1.937278918921947479e-02 -1.250375527888536453e-02 6.619083136320114136e-02 6.665632128715515137e-02
