# Baseline: 11-18
# Entries: 128
# u [m], v [m], w [m], frequency [GHz], real, imag
-3.359975371709104365e+03 4.695485046888752549e+03 -2.778058685155457169e+03 2.267940000000000000e+19 1.165335625410079956e-02 8.497658371925354004e-02
-3.371902368645883143e+03 4.689137587259728207e+03 -2.774326492373269502e+03 2.268140000000000000e+19 -3.344520181417465210e-02 -1.187975928187370300e-01
-3.383813228639199679e+03 4.682767617176104977e+03 -2.770581141101865796e+03 2.268340000000000000e+19 1.840181276202201843e-02 2.905888017266988754e-03
-3.395707894769918312e+03 4.676375167078702361e+03 -2.766822649239561088e+03 2.268540000000000000e+19 2.384579330682754517e-01 -1.159548982977867126e-01
-3.404618742197847496e+03 4.671566796151237213e+03 -2.763995577265524389e+03 2.268740000000000000e+19 -1.646659970283508301e-01 1.027054619044065475e-02
-3.419448417821482053e+03 4.663522949319107283e+03 -2.759266315753041908e+03 2.268940000000000000e+19 1.004459857940673828e-01 -7.006649672985076904e-02
-3.431294160878887851e+03 4.657063243299242458e+03 -2.755468510370865260e+03 2.269140000000000000e+19 -2.082690298557281494e-01 -6.240111589431762695e-02
-3.446078909371128702e+03 4.648958078753747031e+03 -2.750703406864501630e+03 2.269340000000000000e+19 1.558053344488143921e-01 7.434920873492956161e-03
-3.359975371709104365e+03 4.695485046888752549e+03 -2.778058685155457169e+03 2.269540000000000000e+19 1.224526837468147278e-01 8.572084456682205200e-02
-3.371902368645883143e+03 4.689137587259728207e+03 -2.774326492373269502e+03 2.269740000000000000e+19 1.362927407026290894e-01 1.102197077125310898e-02
-3.383813228639199679e+03 4.682767617176104977e+03 -2.770581141101865796e+03 2.269940000000000000e+19 -1.008589640259742737e-01 -1.389759331941604614e-01
-3.395707894769918312e+03 4.676375167078702361e+03 -2.766822649239561088e+03 2.270140000000000000e+19 -4.540289193391799927e-02 -9.917416609823703766e-04
-3.404618742197847496e+03 4.671566796151237213e+03 -2.763995577265524389e+03 2.270340000000000000e+19 6.300595402717590332e-02 -4.464700818061828613e-02
-3.419448417821482053e+03 4.663522949319107283e+03 -2.759266315753041908e+03 2.270540000000000000e+19 -4.138507321476936340e-02 5.176926963031291962e-03
-3.431294160878887851e+03 4.657063243299242458e+03 -2.755468510370865260e+03 2.270740000000000000e+19 -1.001323293894529343e-02 5.310973152518272400e-02
-3.446078909371128702e+03 4.648958078753747031e+03 -2.750703406864501630e+03 2.270940000000000000e+19 -1.117407158017158508e-01 2.354709990322589874e-02
-3.478512356527024167e+03 4.631001159929287496e+03 -2.740146788849219320e+03 2.271140000000000000e+19 -1.070297807455062866e-01 -1.326761487871408463e-02
-3.490275428784377254e+03 4.624429980193775009e+03 -2.736283825140647423e+03 2.271340000000000000e+19 -1.748801209032535553e-02 1.845527440309524536e-02
-3.502021797515099479e+03 4.617836599724477310e+03 -2.732407885033057028e+03 2.271540000000000000e+19 2.026167511940002441e-01 -1.737680286169052124e-01
-3.513751406668010077e+03 4.611221049983988451e+03 -2.728518987021860539e+03 2.271740000000000000e+19 -3.013360686600208282e-02 -1.810802370309829712e-01
-3.525464200067483944e+03 4.604583362655692326e+03 -2.724617149731904647e+03 2.271940000000000000e+19 1.100572571158409119e-01 -4.782673344016075134e-02
-3.537160121659146171e+03 4.597923569505764135e+03 -2.720702391836351126e+03 2.272140000000000000e+19 -1.106675248593091965e-02 2.613901160657405853e-02
-3.548839115428904279e+03 4.591241702429742872e+03 -2.716774732084047628e+03 2.272340000000000000e+19 -3.268972411751747131e-02 4.199858382344245911e-02
-3.559530158364017552e+03 4.585097573768378425e+03 -2.713163223198860578e+03 2.272540000000000000e+19 1.454090583138167858e-03 7.380068302154541016e-02
-3.478512356527024167e+03 4.631001159929287496e+03 -2.740146788849219320e+03 2.272740000000000000e+19 -1.026216596364974976e-01 -1.942231692373752594e-02
-3.490275428784377254e+03 4.624429980193775009e+03 -2.736283825140647423e+03 2.272940000000000000e+19 -2.650107722729444504e-03 3.534285351634025574e-02
-3.502021797515099479e+03 4.617836599724477310e+03 -2.732407885033057028e+03 2.273140000000000000e+19 1.837247982621192932e-02 1.291003916412591934e-02
-3.513751406668010077e+03 4.611221049983988451e+03 -2.728518987021860539e+03 2.273340000000000000e+19 -7.731952238827943802e-03 1.928585954010486603e-02
-3.525464200067483944e+03 4.604583362655692326e+03 -2.724617149731904647e+03 2.273540000000000000e+19 -4.211958497762680054e-02 1.091384142637252808e-01
-3.537160121659146171e+03 4.597923569505764135e+03 -2.720702391836351126e+03 2.273740000000000000e+19 8.893360383808612823e-03 1.030694991350173950e-01
-3.548839115428904279e+03 4.591241702429742872e+03 -2.716774732084047628e+03 2.273940000000000000e+19 1.307120174169540405e-01 6.221934035420417786e-02
-3.559530158364017552e+03 4.585097573768378425e+03 -2.713163223198860578e+03 2.274140000000000000e+19 -5.224891752004623413e-02 5.234221927821636200e-03
-3.595384696307851300e+03 4.564294135625636955e+03 -2.700935451147407093e+03 2.274340000000000000e+19 -1.211598515510559082e-02 5.630285292863845825e-02
-3.606978214372332332e+03 4.557502380599285061e+03 -2.696943565240469525e+03 2.274540000000000000e+19 -2.010911703109741211e-01 -4.265496134757995605e-02
-3.618554470645897709e+03 4.550688744997980393e+03 -2.692938891125143073e+03 2.274740000000000000e+19 6.285455077886581421e-02 1.277991980314254761e-01
-3.630113409526058149e+03 4.543853261548669252e+03 -2.688921448036521269e+03 2.274940000000000000e+19 -8.691720664501190186e-03 -5.745737627148628235e-02
-3.641654975936096889e+03 4.536995962821031753e+03 -2.684891255116922366e+03 2.275140000000000000e+19 -4.524376615881919861e-02 -7.494159787893295288e-02
-3.653179114279521855e+03 4.530116881847480727e+03 -2.680848331780282479e+03 2.275340000000000000e+19 -1.406954973936080933e-02 -6.104940921068191528e-02
-3.664685769686167532e+03 4.523216051382218211e+03 -2.676792697276681338e+03 2.275540000000000000e+19 1.909638755023479462e-02 4.762303456664085388e-02
-3.675218355576569138e+03 4.516871488209915697e+03 -2.673064043906837014e+03 2.275740000000000000e+19 -4.005736112594604492e-02 -1.534228324890136719e-01
-3.595384696307851300e+03 4.564294135625636955e+03 -2.700935451147407093e+03 2.275940000000000000e+19 3.783801570534706116e-02 -4.850660450756549835e-03
-3.606978214372332332e+03 4.557502380599285061e+03 -2.696943565240469525e+03 2.276140000000000000e+19 -1.081921905279159546e-01 -4.682630673050880432e-02
-3.618554470645897709e+03 4.550688744997980393e+03 -2.692938891125143073e+03 2.276340000000000000e+19 8.919633179903030396e-02 -4.670712351799011230e-02
-3.630113409526058149e+03 4.543853261548669252e+03 -2.688921448036521269e+03 2.276540000000000000e+19 -1.731865480542182922e-02 3.273386508226394653e-02
-3.641654975936096889e+03 4.536995962821031753e+03 -2.684891255116922366e+03 2.276740000000000000e+19 -2.555569866672158241e-03 3.192347660660743713e-02
-3.653179114279521855e+03 4.530116881847480727e+03 -2.680848331780282479e+03 2.276940000000000000e+19 -2.431672997772693634e-02 -1.899600028991699219e-02
-3.664685769686167532e+03 4.523216051382218211e+03 -2.676792697276681338e+03 2.277140000000000000e+19 6.182123720645904541e-02 7.170036435127258301e-02
-3.675218355576569138e+03 4.516871488209915697e+03 -2.673064043906837014e+03 2.277340000000000000e+19 -7.134885340929031372e-02 3.813284263014793396e-02
-3.710536461047095145e+03 4.495395897153235637e+03 -2.660443436969764207e+03 2.277540000000000000e+19 7.396978884935379028e-02 -9.119567275047302246e-02
-3.721954877074048909e+03 4.488386816904760963e+03 -2.656324539109888065e+03 2.277740000000000000e+19 6.452910602092742920e-02 5.014985427260398865e-02
-3.733355480822379377e+03 4.481356186995324606e+03 -2.652193047519087941e+03 2.277940000000000000e+19 -2.672994742169976234e-03 1.315077543258666992e-01
-3.744738218009767024e+03 4.474304040900265136e+03 -2.648048981868894771e+03 2.278140000000000000e+19 4.013006761670112610e-02 2.238892484456300735e-03
-3.756103033844324727e+03 4.467230412565859297e+03 -2.643892362107241297e+03 2.278340000000000000e+19 -4.624527320265769958e-02 1.738006994128227234e-02
-3.767449874253742109e+03 4.460135335647576539e+03 -2.639723208010845610e+03 2.278540000000000000e+19 2.744627557694911957e-02 4.105715081095695496e-02
-3.778778684618905118e+03 4.453018844298317163e+03 -2.635541539648392700e+03 2.278740000000000000e+19 -1.278174221515655518e-01 2.465510740876197815e-02
-3.789147773465233058e+03 4.446476882589586239e+03 -2.631697526015968378e+03 2.278940000000000000e+19 -1.418967843055725098e-01 -2.984100021421909332e-02
-3.710536461047095145e+03 4.495395897153235637e+03 -2.660443436969764207e+03 2.279140000000000000e+19 5.242053791880607605e-02 6.135075911879539490e-02
-3.721954877074048909e+03 4.488386816904760963e+03 -2.656324539109888065e+03 2.279340000000000000e+19 -5.791187658905982971e-02 3.843144327402114868e-02
-3.733355480822379377e+03 4.481356186995324606e+03 -2.652193047519087941e+03 2.279540000000000000e+19 -1.712861284613609314e-02 3.669014945626258850e-02
-3.744738218009767024e+03 4.474304040900265136e+03 -2.648048981868894771e+03 2.279740000000000000e+19 1.026576533913612366e-01 -1.395795345306396484e-01
-3.756103033844324727e+03 4.467230412565859297e+03 -2.643892362107241297e+03 2.279940000000000000e+19 9.527174383401870728e-02 -5.424294248223304749e-02
-3.767449874253742109e+03 4.460135335647576539e+03 -2.639723208010845610e+03 2.280140000000000000e+19 1.107699498534202576e-01 -3.837570780888199806e-03
-3.778778684618905118e+03 4.453018844298317163e+03 -2.635541539648392700e+03 2.280340000000000000e+19 1.436894666403532028e-02 -4.056074470281600952e-02
-3.789147773465233058e+03 4.446476882589586239e+03 -2.631697526015968378e+03 2.280540000000000000e+19 2.716119214892387390e-02 7.316280156373977661e-02
-3.822037788907102367e+03 4.425541193596512130e+03 -2.619396240770791792e+03 2.280740000000000000e+19 5.371880531311035156e-02 4.863068461418151855e-02
-3.833278692198248336e+03 4.418321680571424622e+03 -2.615154369659530857e+03 2.280940000000000000e+19 7.908277213573455811e-03 -1.294344961643218994e-01
-3.844501250603012977e+03 4.411080953100492479e+03 -2.610900101789462497e+03 2.281140000000000000e+19 -1.882997713983058929e-02 1.781936883926391602e-01
-3.855705410218013640e+03 4.403819045962318341e+03 -2.606633457594671199e+03 2.281340000000000000e+19 -9.501618146896362305e-02 -7.445427775382995605e-02
-3.866891117735496664e+03 4.396535993708382193e+03 -2.602354457375473430e+03 2.281540000000000000e+19 2.044434398412704468e-01 1.082271561026573181e-01
-3.878058319350757756e+03 4.389231831370836517e+03 -2.598063121714282261e+03 2.281740000000000000e+19 1.236488893628120422e-01 1.291905492544174194e-01
-3.889206961776450953e+03 4.381906593804130353e+03 -2.593759471088768805e+03 2.281940000000000000e+19 2.249011993408203125e-01 2.711028419435024261e-02
-3.899410438836802314e+03 4.375173576174799564e+03 -2.589803813579687358e+03 2.282140000000000000e+19 -1.553069204092025757e-01 6.213416159152984619e-02
-3.822037788907102367e+03 4.425541193596512130e+03 -2.619396240770791792e+03 2.282340000000000000e+19 -8.024896681308746338e-02 5.145625211298465729e-03
-3.833278692198248336e+03 4.418321680571424622e+03 -2.615154369659530857e+03 2.282540000000000000e+19 -2.376878261566162109e-02 -2.573643028736114502e-01
-3.844501250603012977e+03 4.411080953100492479e+03 -2.610900101789462497e+03 2.282740000000000000e+19 4.284986481070518494e-02 2.523934282362461090e-02
-3.855705410218013640e+03 4.403819045962318341e+03 -2.606633457594671199e+03 2.282940000000000000e+19 -1.364330947399139404e-01 5.280895158648490906e-02
-3.866891117735496664e+03 4.396535993708382193e+03 -2.602354457375473430e+03 2.283140000000000000e+19 7.544977217912673950e-02 3.339265659451484680e-02
-3.878058319350757756e+03 4.389231831370836517e+03 -2.598063121714282261e+03 2.283340000000000000e+19 -6.607783585786819458e-02 1.010418012738227844e-01
-3.889206961776450953e+03 4.381906593804130353e+03 -2.593759471088768805e+03 2.283540000000000000e+19 -4.314731433987617493e-02 1.980867236852645874e-02
-3.899410438836802314e+03 4.375173576174799564e+03 -2.589803813579687358e+03 2.283740000000000000e+19 -4.927739873528480530e-02 -1.047517359256744385e-01
-3.933614873481546056e+03 4.352395594116627763e+03 -2.576422131882882240e+03 2.283940000000000000e+19 1.152682155370712280e-01 -7.579196989536285400e-02
-3.944669921118158982e+03 4.344965508470433633e+03 -2.572057216673945277e+03 2.284140000000000000e+19 -1.145458593964576721e-01 -2.677845582365989685e-02
-3.955706090933435007e+03 4.337514559338231265e+03 -2.567680110897243594e+03 2.284340000000000000e+19 6.992115825414657593e-02 5.931927636265754700e-02
-3.966723329765269682e+03 4.330042782611887560e+03 -2.563290835637699729e+03 2.284540000000000000e+19 -1.160529032349586487e-01 -2.201173268258571625e-02
-3.977721585156700712e+03 4.322550213867224556e+03 -2.558889411794251828e+03 2.284740000000000000e+19 -8.836463838815689087e-02 5.907291173934936523e-02
-3.988700804396084095e+03 4.315036889013577820e+03 -2.554475860461452157e+03 2.284940000000000000e+19 1.008030865341424942e-02 -9.653441607952117920e-02
-3.999660934786978487e+03 4.307502844112582352e+03 -2.550050202823001655e+03 2.285140000000000000e+19 -2.887776121497154236e-02 -6.014519557356834412e-02
-4.009691151580392670e+03 4.300578727930228524e+03 -2.545982886590116777e+03 2.285340000000000000e+19 -4.028581827878952026e-02 -3.781644254922866821e-02
-3.933614873481546056e+03 4.352395594116627763e+03 -2.576422131882882240e+03 2.285540000000000000e+19 -1.175030693411827087e-01 2.888360247015953064e-02
-3.944669921118158982e+03 4.344965508470433633e+03 -2.572057216673945277e+03 2.285740000000000000e+19 -9.010419994592666626e-02 -3.382110223174095154e-02
-3.955706090933435007e+03 4.337514559338231265e+03 -2.567680110897243594e+03 2.285940000000000000e+19 1.847605779767036438e-02 7.687647640705108643e-02
-3.966723329765269682e+03 4.330042782611887560e+03 -2.563290835637699729e+03 2.286140000000000000e+19 -1.367288231849670410e-01 -1.149679627269506454e-02
-3.977721585156700712e+03 4.322550213867224556e+03 -2.558889411794251828e+03 2.286340000000000000e+19 -1.130823139101266861e-02 -3.877368755638599396e-03
-3.988700804396084095e+03 4.315036889013577820e+03 -2.554475860461452157e+03 2.286540000000000000e+19 -3.381677344441413879e-02 -4.625639412552118301e-03
-3.999660934786978487e+03 4.307502844112582352e+03 -2.550050202823001655e+03 2.286740000000000000e+19 3.802094236016273499e-02 -9.110338240861892700e-02
-4.009691151580392670e+03 4.300578727930228524e+03 -2.545982886590116777e+03 2.286940000000000000e+19 -1.881984025239944458e-01 7.192020863294601440e-02
-4.043309521459694224e+03 4.277160185776926483e+03 -2.532226933174852093e+03 2.287140000000000000e+19 -3.975227009505033493e-03 5.078618600964546204e-02
-4.054173423310608996e+03 4.269523083011719791e+03 -2.527741062603337923e+03 2.287340000000000000e+19 7.699721027165651321e-03 9.502065926790237427e-02
-4.065017922980033291e+03 4.261865478018007707e+03 -2.523243213673024911e+03 2.287540000000000000e+19 -1.706864498555660248e-02 -1.114742755889892578e-01
-4.075842968833608211e+03 4.254187407256537881e+03 -2.518733407799886209e+03 2.287740000000000000e+19 2.604704117402434349e-03 -3.817224875092506409e-02
-4.086648508763871178e+03 4.246488907686428320e+03 -2.514211666692319341e+03 2.287940000000000000e+19 1.062901988625526428e-01 -1.837224699556827545e-02
-4.097434491359329513e+03 4.238770015936379423e+03 -2.509678011864254586e+03 2.288140000000000000e+19 -8.838674984872341156e-03 -1.219760440289974213e-02
-4.108200864700906095e+03 4.231030769162041906e+03 -2.505132465138996395e+03 2.288340000000000000e+19 5.789383500814437866e-02 -2.061605453491210938e-02
-4.118053021253294901e+03 4.223918867976968613e+03 -2.500955436606906915e+03 2.288540000000000000e+19 3.323325514793395996e-02 -8.222541958093643188e-02
-4.043309521459694224e+03 4.277160185776926483e+03 -2.532226933174852093e+03 2.288740000000000000e+19 1.057593300938606262e-01 7.669895142316818237e-02
-4.054173423310608996e+03 4.269523083011719791e+03 -2.527741062603337923e+03 2.288940000000000000e+19 4.743440076708793640e-02 8.758461475372314453e-02
-4.065017922980033291e+03 4.261865478018007707e+03 -2.523243213673024911e+03 2.289140000000000000e+19 1.196086965501308441e-02 8.400628343224525452e-03
-4.075842968833608211e+03 4.254187407256537881e+03 -2.518733407799886209e+03 2.289340000000000000e+19 -1.329134404659271240e-01 5.000601708889007568e-02
-4.086648508763871178e+03 4.246488907686428320e+03 -2.514211666692319341e+03 2.289540000000000000e+19 -1.935468055307865143e-02 4.539324343204498291e-02
-4.097434491359329513e+03 4.238770015936379423e+03 -2.509678011864254586e+03 2.289740000000000000e+19 -5.618848279118537903e-02 4.080594331026077271e-02
-4.108200864700906095e+03 4.231030769162041906e+03 -2.505132465138996395e+03 2.289940000000000000e+19 -3.481688350439071655e-02 1.460989564657211304e-01
-4.118053021253294901e+03 4.223918867976968613e+03 -2.500955436606906915e+03 2.290140000000000000e+19 -1.810309360735118389e-03 1.786125451326370239e-02
-4.151069238280392710e+03 4.199870972719127167e+03 -2.486831794418739264e+03 2.290340000000000000e+19 1.111624855548143387e-02 1.708410680294036865e-01
-4.161736795188990982e+03 4.192030507743191265e+03 -2.482227115301512185e+03 2.290540000000000000e+19 -1.228072401136159897e-02 -7.647845894098281860e-02
-4.172384435186294468e+03 4.184169911373444847e+03 -2.477610675629134221e+03 2.290740000000000000e+19 7.549419999122619629e-02 1.901156269013881683e-03
-4.183012107500711863e+03 4.176289221091507898e+03 -2.472982497414155659e+03 2.290940000000000000e+19 -5.930019170045852661e-02 4.803051427006721497e-02
-4.193619761196694526e+03 4.168388474666887305e+03 -2.468342602837906270e+03 2.291140000000000000e+19 6.524141132831573486e-02 2.839583437889814377e-03
-4.204207345324362905e+03 4.160467710048334993e+03 -2.463691014186679240e+03 2.291340000000000000e+19 -1.100902482867240906e-01 2.249954501166939735e-03
-4.214774809509575789e+03 4.152526964922065417e+03 -2.459027753592291447e+03 2.291540000000000000e+19 4.923939332365989685e-02 -5.634158384054899216e-03
-4.224444189383679259e+03 4.145230683414217310e+03 -2.454743012431269108e+03 2.291740000000000000e+19 5.482224002480506897e-02 -7.413267344236373901e-02
-4.151069238280392710e+03 4.199870972719127167e+03 -2.486831794418739264e+03 2.291940000000000000e+19 -8.900790475308895111e-03 -4.698105156421661377e-02
-4.161736795188990982e+03 4.192030507743191265e+03 -2.482227115301512185e+03 2.292140000000000000e+19 1.034804582595825195e-01 -1.106698513031005859e-01
-4.172384435186294468e+03 4.184169911373444847e+03 -2.477610675629134221e+03 2.292340000000000000e+19 -8.080431818962097168e-02 5.907497927546501160e-02
-4.183012107500711863e+03 4.176289221091507898e+03 -2.472982497414155659e+03 2.292540000000000000e+19 4.651061072945594788e-02 6.656691431999206543e-02
-4.193619761196694526e+03 4.168388474666887305e+03 -2.468342602837906270e+03 2.292740000000000000e+19 4.223058745265007019e-02 -4.701711609959602356e-02
-4.204207345324362905e+03 4.160467710048334993e+03 -2.463691014186679240e+03 2.292940000000000000e+19 6.227258220314979553e-02 -1.095582079142332077e-02
-4.214774809509575789e+03 4.152526964922065417e+03 -2.459027753592291447e+03 2.293140000000000000e+19 -1.364979892969131470e-01 1.832053810358047485e-02
-4.224444189383679259e+03 4.145230683414217310e+03 -2.454743012431269108e+03 2.293340000000000000e+19 7.270248979330062866e-02 -2.822612039744853973e-02
