# Baseline: 2-18
# Entries: 128
# u [m], v [m], w [m], frequency [GHz], real, imag
-2.587136613981258506e+02 9.179300407494997671e+02 -1.493900021463985581e+02 2.267940000000000000e+19 4.255811497569084167e-02 3.956764191389083862e-02
-2.606110791518362930e+02 9.174402095786961127e+02 -1.491006985806250782e+02 2.268140000000000000e+19 -8.357751369476318359e-02 -5.227193981409072876e-02
-2.625072478537146026e+02 9.169467968240143136e+02 -1.488092996561995278e+02 2.268340000000000000e+19 1.049463823437690735e-01 5.143171921372413635e-02
-2.644021584424169760e+02 9.164498048433929398e+02 -1.485158067656722949e+02 2.268540000000000000e+19 -2.405597828328609467e-03 -9.503809362649917603e-02
-2.658225501241041684e+02 9.160748251359883625e+02 -1.482943791332901071e+02 2.268740000000000000e+19 6.659156084060668945e-02 -2.381634432822465897e-03
-2.681881690121137467e+02 9.154450927351377914e+02 -1.479225447145467172e+02 2.268940000000000000e+19 -1.375662237405776978e-01 -1.902456022799015045e-02
-2.700792508347391845e+02 9.149373774263998484e+02 -1.476227783994170011e+02 2.269140000000000000e+19 6.906402856111526489e-02 9.413435310125350952e-02
-2.724413348267787569e+02 9.142978582747518885e+02 -1.472452185316574287e+02 2.269340000000000000e+19 -4.825981706380844116e-02 -3.039182536303997040e-02
-2.587136613981258506e+02 9.179300407494997671e+02 -1.493900021463985581e+02 2.269540000000000000e+19 1.374548673629760742e-01 7.565542124211788177e-03
-2.606110791518362930e+02 9.174402095786961127e+02 -1.491006985806250782e+02 2.269740000000000000e+19 -3.444112837314605713e-02 -6.466070562601089478e-02
-2.625072478537146026e+02 9.169467968240143136e+02 -1.488092996561995278e+02 2.269940000000000000e+19 1.731206104159355164e-02 2.550237579271197319e-03
-2.644021584424169760e+02 9.164498048433929398e+02 -1.485158067656722949e+02 2.270140000000000000e+19 -1.784513443708419800e-01 -9.772278368473052979e-02
-2.658225501241041684e+02 9.160748251359883625e+02 -1.482943791332901071e+02 2.270340000000000000e+19 8.982227742671966553e-02 1.070275977253913879e-01
-2.681881690121137467e+02 9.154450927351377914e+02 -1.479225447145467172e+02 2.270540000000000000e+19 -1.102599799633026123e-01 5.144993774592876434e-03
-2.700792508347391845e+02 9.149373774263998484e+02 -1.476227783994170011e+02 2.270740000000000000e+19 1.103351861238479614e-01 -1.893947832286357880e-02
-2.724413348267787569e+02 9.142978582747518885e+02 -1.472452185316574287e+02 2.270940000000000000e+19 -6.697844713926315308e-02 -2.534751966595649719e-02
-2.776305442214892878e+02 9.128708446480775365e+02 -1.464028447556599417e+02 2.271140000000000000e+19 1.717910170555114746e-02 -5.855578184127807617e-02
-2.795150639124551049e+02 9.123453059316450435e+02 -1.460926515477529790e+02 2.271340000000000000e+19 -1.005466189235448837e-02 1.352888997644186020e-02
-2.813982440690506337e+02 9.118162100180878724e+02 -1.457803773792493587e+02 2.271540000000000000e+19 5.654923245310783386e-02 -6.303433328866958618e-03
-2.832800757051243181e+02 9.112835594321888948e+02 -1.454660237402895859e+02 2.271740000000000000e+19 5.323923379182815552e-02 4.522148147225379944e-02
-2.851605498081744372e+02 9.107473567249388680e+02 -1.451495921363915045e+02 2.271940000000000000e+19 -1.853271014988422394e-02 -5.357505753636360168e-02
-2.870396573787436978e+02 9.102076044624536735e+02 -1.448310840819124223e+02 2.272140000000000000e+19 -1.879154518246650696e-02 5.607860907912254333e-02
-2.889173894173941903e+02 9.096643052297754366e+02 -1.445105011022922383e+02 2.272340000000000000e+19 8.136738836765289307e-02 1.315162517130374908e-02
-2.906374454965238670e+02 9.091632123273716388e+02 -1.442148382928778574e+02 2.272540000000000000e+19 -1.447346899658441544e-02 3.938763216137886047e-02
-2.776305442214892878e+02 9.128708446480775365e+02 -1.464028447556599417e+02 2.272740000000000000e+19 -6.677917391061782837e-02 1.089565008878707886e-01
-2.795150639124551049e+02 9.123453059316450435e+02 -1.460926515477529790e+02 2.272940000000000000e+19 -1.435101125389337540e-02 -3.479389101266860962e-02
-2.813982440690506337e+02 9.118162100180878724e+02 -1.457803773792493587e+02 2.273140000000000000e+19 -6.384906917810440063e-02 1.442467868328094482e-01
-2.832800757051243181e+02 9.112835594321888948e+02 -1.454660237402895859e+02 2.273340000000000000e+19 -1.705496199429035187e-02 -1.175117641687393188e-01
-2.851605498081744372e+02 9.107473567249388680e+02 -1.451495921363915045e+02 2.273540000000000000e+19 -1.448405981063842773e-01 2.555748075246810913e-02
-2.870396573787436978e+02 9.102076044624536735e+02 -1.448310840819124223e+02 2.273740000000000000e+19 4.631550237536430359e-02 -3.792605549097061157e-02
-2.889173894173941903e+02 9.096643052297754366e+02 -1.445105011022922383e+02 2.273940000000000000e+19 -1.595547199249267578e-01 -4.485302418470382690e-02
-2.906374454965238670e+02 9.091632123273716388e+02 -1.442148382928778574e+02 2.274140000000000000e+19 -8.831737190485000610e-02 3.851836547255516052e-02
-2.964143827303935836e+02 9.074556908227517624e+02 -1.432074507477970542e+02 2.274340000000000000e+19 -5.790311377495527267e-03 1.453233063220977783e-01
-2.982851024738665728e+02 9.068946960720471679e+02 -1.428765163498746915e+02 2.274540000000000000e+19 1.726704835891723633e-02 -8.699791505932807922e-04
-3.001543928937816759e+02 9.063301701981317819e+02 -1.425435163763246180e+02 2.274740000000000000e+19 -2.866219170391559601e-02 3.382721170783042908e-02
-3.020222450116571622e+02 9.057621159125119448e+02 -1.422084524266021504e+02 2.274940000000000000e+19 -4.583335667848587036e-02 -5.365367233753204346e-02
-3.038886499274586868e+02 9.051905359218231979e+02 -1.418713260972069179e+02 2.275140000000000000e+19 -5.837079882621765137e-02 -2.304234169423580170e-02
-3.057535986505740766e+02 9.046154329794543401e+02 -1.415321390121323475e+02 2.275340000000000000e+19 4.245562851428985596e-02 -6.541266292333602905e-02
-3.076170823013500808e+02 9.040368098237441927e+02 -1.411908927864137979e+02 2.275540000000000000e+19 -5.286944285035133362e-02 -9.160790592432022095e-02
-3.093239998458545301e+02 9.035033599785853085e+02 -1.408763024244109943e+02 2.275740000000000000e+19 3.587565943598747253e-02 -8.352670818567276001e-03
-2.964143827303935836e+02 9.074556908227517624e+02 -1.432074507477970542e+02 2.275940000000000000e+19 3.174285963177680969e-02 1.230952050536870956e-02
-2.982851024738665728e+02 9.068946960720471679e+02 -1.428765163498746915e+02 2.276140000000000000e+19 1.112396568059921265e-01 -8.629048615694046021e-02
-3.001543928937816759e+02 9.063301701981317819e+02 -1.425435163763246180e+02 2.276340000000000000e+19 -4.858627170324325562e-02 2.609595656394958496e-02
-3.020222450116571622e+02 9.057621159125119448e+02 -1.422084524266021504e+02 2.276540000000000000e+19 8.865404129028320312e-02 1.194150075316429138e-01
-3.038886499274586868e+02 9.051905359218231979e+02 -1.418713260972069179e+02 2.276740000000000000e+19 -3.741896525025367737e-02 1.952831260859966278e-02
-3.057535986505740766e+02 9.046154329794543401e+02 -1.415321390121323475e+02 2.276940000000000000e+19 3.857729583978652954e-02 3.409825265407562256e-02
-3.076170823013500808e+02 9.040368098237441927e+02 -1.411908927864137979e+02 2.277140000000000000e+19 6.206269189715385437e-02 -1.704307496547698975e-01
-3.093239998458545301e+02 9.035033599785853085e+02 -1.408763024244109943e+02 2.277340000000000000e+19 2.867252938449382782e-02 1.883065700531005859e-01
-3.150561877944295475e+02 9.016871707428616673e+02 -1.398053493108250507e+02 2.277540000000000000e+19 7.193046808242797852e-02 6.548564415425062180e-03
-3.169122123946523857e+02 9.010909884120254674e+02 -1.394538320861211673e+02 2.277740000000000000e+19 1.060475781559944153e-01 1.389176212251186371e-02
-3.187667184879997535e+02 9.004913027452217875e+02 -1.391002656731060938e+02 2.277940000000000000e+19 -2.575983293354511261e-02 -3.498662263154983521e-02
-3.206196972445105757e+02 8.998881165977669525e+02 -1.387446517552416196e+02 2.278140000000000000e+19 -5.729390308260917664e-02 -8.939526975154876709e-02
-3.224711397446907313e+02 8.992814328731695923e+02 -1.383869920443188732e+02 2.278340000000000000e+19 -5.489608645439147949e-02 7.088109105825424194e-02
-3.243210371796134268e+02 8.986712544579569339e+02 -1.380272882420452163e+02 2.278540000000000000e+19 -4.445390775799751282e-02 2.690609311684966087e-03
-3.261693806446187978e+02 8.980575842892905030e+02 -1.376655420798988416e+02 2.278740000000000000e+19 7.094791624695062637e-03 -1.682305708527565002e-02
-3.278623428687188834e+02 8.974920327658521728e+02 -1.373321747023218791e+02 2.278940000000000000e+19 -6.945608556270599365e-02 9.118010848760604858e-02
-3.150561877944295475e+02 9.016871707428616673e+02 -1.398053493108250507e+02 2.279140000000000000e+19 3.336286172270774841e-02 -7.692222949117422104e-03
-3.169122123946523857e+02 9.010909884120254674e+02 -1.394538320861211673e+02 2.279340000000000000e+19 -6.250706035643815994e-03 4.847633466124534607e-02
-3.187667184879997535e+02 9.004913027452217875e+02 -1.391002656731060938e+02 2.279540000000000000e+19 -1.153589505702257156e-02 -6.987780332565307617e-02
-3.206196972445105757e+02 8.998881165977669525e+02 -1.387446517552416196e+02 2.279740000000000000e+19 5.927155725657939911e-03 4.683905094861984253e-02
-3.224711397446907313e+02 8.992814328731695923e+02 -1.383869920443188732e+02 2.279940000000000000e+19 -4.935987666249275208e-02 8.837930858135223389e-02
-3.243210371796134268e+02 8.986712544579569339e+02 -1.380272882420452163e+02 2.280140000000000000e+19 2.923734299838542938e-02 -3.386897593736648560e-02
-3.261693806446187978e+02 8.980575842892905030e+02 -1.376655420798988416e+02 2.280340000000000000e+19 3.502624854445457458e-02 -2.113427035510540009e-02
-3.278623428687188834e+02 8.974920327658521728e+02 -1.373321747023218791e+02 2.280540000000000000e+19 -1.226013712584972382e-02 -3.862674534320831299e-02
-3.332401424937115166e+02 8.956728877824925803e+02 -1.362599595181600307e+02 2.280740000000000000e+19 2.586308680474758148e-02 4.460928589105606079e-02
-3.350808506836723950e+02 8.950423824601508613e+02 -1.358883665032361705e+02 2.280940000000000000e+19 6.756608374416828156e-03 -2.199555188417434692e-02
-3.369199534422672855e+02 8.944084027404747985e+02 -1.355147413584687683e+02 2.281140000000000000e+19 -6.239937618374824524e-03 2.800750173628330231e-02
-3.387574419360320235e+02 8.937709516686149982e+02 -1.351390858784679097e+02 2.281340000000000000e+19 3.609015047550201416e-02 -2.554981037974357605e-02
-3.405933074224465713e+02 8.931300322775177847e+02 -1.347614018505806257e+02 2.281540000000000000e+19 8.750662207603454590e-03 -1.929571293294429779e-02
-3.424275410707717811e+02 8.924856476500536928e+02 -1.343816910914993343e+02 2.281740000000000000e+19 -3.223117068409919739e-02 -1.290748119354248047e-01
-3.442601341284350838e+02 8.918378008611661016e+02 -1.339999554131709374e+02 2.281940000000000000e+19 4.996069148182868958e-02 1.075225248932838440e-01
-3.459385834763106686e+02 8.912409465490295588e+02 -1.336482795056598718e+02 2.282140000000000000e+19 7.415518164634704590e-02 -4.403218626976013184e-02
-3.332401424937115166e+02 8.956728877824925803e+02 -1.362599595181600307e+02 2.282340000000000000e+19 3.377849934622645378e-03 -5.577596276998519897e-02
-3.350808506836723950e+02 8.950423824601508613e+02 -1.358883665032361705e+02 2.282540000000000000e+19 -6.878421455621719360e-02 -1.986253075301647186e-02
-3.369199534422672855e+02 8.944084027404747985e+02 -1.355147413584687683e+02 2.282740000000000000e+19 -8.012152463197708130e-02 1.279656291007995605e-01
-3.387574419360320235e+02 8.937709516686149982e+02 -1.351390858784679097e+02 2.282940000000000000e+19 -1.089837998151779175e-01 3.835900127887725830e-02
-3.405933074224465713e+02 8.931300322775177847e+02 -1.347614018505806257e+02 2.283140000000000000e+19 -9.894169867038726807e-02 5.010803043842315674e-02
-3.424275410707717811e+02 8.924856476500536928e+02 -1.343816910914993343e+02 2.283340000000000000e+19 -5.059838667511940002e-02 -4.860328976064920425e-03
-3.442601341284350838e+02 8.918378008611661016e+02 -1.339999554131709374e+02 2.283540000000000000e+19 1.862340606749057770e-02 8.545791357755661011e-02
-3.459385834763106686e+02 8.912409465490295588e+02 -1.336482795056598718e+02 2.283740000000000000e+19 3.873389214277267456e-02 -5.887598171830177307e-02
-3.515739251074492131e+02 8.892118543681639267e+02 -1.324528002022168494e+02 2.283940000000000000e+19 -2.518507279455661774e-02 1.802201848477125168e-03
-3.533981837647214093e+02 8.885467436275811224e+02 -1.320609675352472436e+02 2.284140000000000000e+19 9.905683994293212891e-02 4.394727572798728943e-02
-3.552207493541238250e+02 8.878781895668099651e+02 -1.316671210499353037e+02 2.284340000000000000e+19 1.182158738374710083e-01 -2.120252884924411774e-02
-3.570416130962107104e+02 8.872061954063369740e+02 -1.312712626434807248e+02 2.284540000000000000e+19 7.034538686275482178e-02 1.190127655863761902e-01
-3.588607663212054035e+02 8.865307643457693985e+02 -1.308733942007123972e+02 2.284740000000000000e+19 -9.846919029951095581e-02 3.737260028719902039e-02
-3.606782003104220848e+02 8.858518996221930593e+02 -1.304735176284667659e+02 2.284940000000000000e+19 1.319951284676790237e-02 -1.122209057211875916e-02
-3.624939063407979916e+02 8.851696044939606054e+02 -1.300716348460391885e+02 2.285140000000000000e+19 -1.229224801063537598e-01 8.886333554983139038e-03
-3.641568003805206217e+02 8.845412001535402169e+02 -1.297015070288387051e+02 2.285340000000000000e+19 -1.389385163784027100e-01 1.168408691883087158e-01
-3.515739251074492131e+02 8.892118543681639267e+02 -1.324528002022168494e+02 2.285540000000000000e+19 1.219978258013725281e-01 1.213343348354101181e-02
-3.533981837647214093e+02 8.885467436275811224e+02 -1.320609675352472436e+02 2.285740000000000000e+19 5.792763829231262207e-02 -1.340518146753311157e-01
-3.552207493541238250e+02 8.878781895668099651e+02 -1.316671210499353037e+02 2.285940000000000000e+19 -8.017443120479583740e-02 1.991043984889984131e-02
-3.570416130962107104e+02 8.872061954063369740e+02 -1.312712626434807248e+02 2.286140000000000000e+19 -4.315136745572090149e-02 3.106522932648658752e-02
-3.588607663212054035e+02 8.865307643457693985e+02 -1.308733942007123972e+02 2.286340000000000000e+19 6.716176867485046387e-02 1.526533812284469604e-01
-3.606782003104220848e+02 8.858518996221930593e+02 -1.304735176284667659e+02 2.286540000000000000e+19 2.608990669250488281e-02 4.687686637043952942e-02
-3.624939063407979916e+02 8.851696044939606054e+02 -1.300716348460391885e+02 2.286740000000000000e+19 1.984681002795696259e-02 -1.438883366063237190e-03
-3.641568003805206217e+02 8.845412001535402169e+02 -1.297015070288387051e+02 2.286940000000000000e+19 -6.856179237365722656e-02 5.138802528381347656e-02
-3.697392774180995048e+02 8.824061854084665129e+02 -1.284440801787883970e+02 2.287140000000000000e+19 5.796588212251663208e-02 -5.054013431072235107e-02
-3.715462135864535753e+02 8.817067875239621344e+02 -1.280321953631924998e+02 2.287340000000000000e+19 4.449816793203353882e-02 5.915938690304756165e-02
-3.733513697846735795e+02 8.810039790725022613e+02 -1.276183160211317755e+02 2.287540000000000000e+19 5.922907963395118713e-02 2.189062163233757019e-02
-3.751547374177856682e+02 8.802977634004366791e+02 -1.272024441232517091e+02 2.287740000000000000e+19 5.357550829648971558e-02 1.589301973581314087e-01
-3.769563078050973672e+02 8.795881439071947625e+02 -1.267845816713927718e+02 2.287940000000000000e+19 -1.101802941411733627e-02 1.465823315083980560e-02
-3.787560723749379576e+02 8.788751239690816419e+02 -1.263647306537002493e+02 2.288140000000000000e+19 8.585521578788757324e-02 9.698490053415298462e-02
-3.805540224640090514e+02 8.781587070182986281e+02 -1.259428930911867894e+02 2.288340000000000000e+19 -1.762027293443679810e-02 -3.486409410834312439e-02
-3.822005654151232648e+02 8.774990533739223793e+02 -1.255544904901693286e+02 2.288540000000000000e+19 -6.868494302034378052e-02 6.784074008464813232e-02
-3.697392774180995048e+02 8.824061854084665129e+02 -1.284440801787883970e+02 2.288740000000000000e+19 -1.438516657799482346e-03 -3.619070351123809814e-02
-3.715462135864535753e+02 8.817067875239621344e+02 -1.280321953631924998e+02 2.288940000000000000e+19 8.185913413763046265e-02 4.923624917864799500e-02
-3.733513697846735795e+02 8.810039790725022613e+02 -1.276183160211317755e+02 2.289140000000000000e+19 6.327296793460845947e-02 -6.642497330904006958e-02
-3.751547374177856682e+02 8.802977634004366791e+02 -1.272024441232517091e+02 2.289340000000000000e+19 9.733258187770843506e-02 9.338445961475372314e-02
-3.769563078050973672e+02 8.795881439071947625e+02 -1.267845816713927718e+02 2.289540000000000000e+19 -5.614166730083525181e-05 -8.979903161525726318e-02
-3.787560723749379576e+02 8.788751239690816419e+02 -1.263647306537002493e+02 2.289740000000000000e+19 -1.000615768134593964e-02 -1.133996248245239258e-01
-3.805540224640090514e+02 8.781587070182986281e+02 -1.259428930911867894e+02 2.289940000000000000e+19 1.268834471702575684e-01 4.905962571501731873e-02
-3.822005654151232648e+02 8.774990533739223793e+02 -1.255544904901693286e+02 2.290140000000000000e+19 -1.225065737962722778e-01 -1.030505672097206116e-01
-3.877275063605492846e+02 8.752591377815283522e+02 -1.242357178396205910e+02 2.290340000000000000e+19 3.256414830684661865e-02 1.010634973645210266e-01
-3.895162552910723548e+02 8.745257874659569097e+02 -1.238039779926886297e+02 2.290540000000000000e+19 -4.120310768485069275e-02 3.807495906949043274e-02
-3.913031382580900299e+02 8.737890609477358339e+02 -1.233702638532451346e+02 2.290740000000000000e+19 1.406835019588470459e-02 2.713796682655811310e-02
-3.930881467411504673e+02 8.730489617397768143e+02 -1.229345774893579772e+02 2.290940000000000000e+19 -3.628426790237426758e-02 -3.226421831641346216e-04
-3.948712721852142522e+02 8.723054933891011160e+02 -1.224969209891178394e+02 2.291140000000000000e+19 2.158606611192226410e-02 -5.212500036577694118e-05
-3.966525060256860797e+02 8.715586594667488498e+02 -1.220572964546850017e+02 2.291340000000000000e+19 -5.138850957155227661e-02 -1.924858614802360535e-02
-3.984318397877046323e+02 8.708084635260943287e+02 -1.216157059777622322e+02 2.291540000000000000e+19 9.048882871866226196e-02 4.696330428123474121e-02
-4.000612434124050196e+02 8.701178763762768540e+02 -1.212092145347208145e+02 2.291740000000000000e+19 -2.348287496715784073e-03 -1.100680530071258545e-01
-3.877275063605492846e+02 8.752591377815283522e+02 -1.242357178396205910e+02 2.291940000000000000e+19 3.713670745491981506e-02 2.188491262495517731e-02
-3.895162552910723548e+02 8.745257874659569097e+02 -1.238039779926886297e+02 2.292140000000000000e+19 -3.281583311036229134e-03 -1.147496849298477173e-01
-3.913031382580900299e+02 8.737890609477358339e+02 -1.233702638532451346e+02 2.292340000000000000e+19 -9.546171128749847412e-02 -4.957444220781326294e-02
-3.930881467411504673e+02 8.730489617397768143e+02 -1.229345774893579772e+02 2.292540000000000000e+19 -1.026574149727821350e-02 9.858174249529838562e-03
-3.948712721852142522e+02 8.723054933891011160e+02 -1.224969209891178394e+02 2.292740000000000000e+19 1.883948408067226410e-02 -4.731101170182228088e-02
-3.966525060256860797e+02 8.715586594667488498e+02 -1.220572964546850017e+02 2.292940000000000000e+19 1.379802972078323364e-01 9.216487407684326172e-03
-3.984318397877046323e+02 8.708084635260943287e+02 -1.216157059777622322e+02 2.293140000000000000e+19 -3.726921975612640381e-02 -3.724499419331550598e-02
-4.000612434124050196e+02 8.701178763762768540e+02 -1.212092145347208145e+02 2.293340000000000000e+19 4.486590996384620667e-02 5.246955435723066330e-03
