# Baseline: 8-16
# Entries: 128
# u [m], v [m], w [m], frequency [GHz], real, imag, std(real), std(imag)
-8.164653270501198676e+02 7.618790916873231254e+03 1.264855814301221244e+02 2.267940000000000111e+01 -1.194746568799018860e-01 -4.489129036664962769e-02 7.532656192779541016e-02 7.497508823871612549e-02
-8.307066723692111054e+02 7.617235793098261638e+03 1.274149302059734055e+02 2.268140000000000001e+01 -1.443448364734649658e-01 -7.930050790309906006e-02 7.532656192779541016e-02 7.497508823871612549e-02
-8.449440204727634409e+02 7.615653785238566343e+03 1.283600142744199957e+02 2.268340000000000245e+01 -3.377542644739151001e-02 -1.266683340072631836e-01 7.532656192779541016e-02 7.497508823871612549e-02
-8.591773033237797108e+02 7.614044900854410116e+03 1.293208291189602903e+02 2.268540000000000134e+01 -1.054888516664505005e-01 1.480385661125183105e-01 7.532656192779541016e-02 7.497508823871612549e-02
-8.698496875815778822e+02 7.612821443923930929e+03 1.300512694878040634e+02 2.268740000000000023e+01 1.414359509944915771e-01 -3.101531565189361572e-01 7.532656192779541016e-02 7.497508823871612549e-02
-8.876314008207704092e+02 7.610746533438580627e+03 1.312896326689810564e+02 2.268940000000000268e+01 -2.133161202073097229e-02 4.775180667638778687e-02 7.532656192779541016e-02 7.497508823871612549e-02
-9.018520789957414081e+02 7.609057066227309406e+03 1.322976119311647096e+02 2.269140000000000157e+01 -2.478581368923187256e-01 -1.440295726060867310e-01 7.532656192779541016e-02 7.497508823871612549e-02
-9.196219986267250306e+02 7.606908569451145922e+03 1.335790441443311920e+02 2.269340000000000046e+01 -1.570119559764862061e-01 1.193675957620143890e-02 7.532656192779541016e-02 7.497508823871612549e-02
-8.164653270501198676e+02 7.618790916873231254e+03 1.264855814301221244e+02 2.269540000000000290e+01 6.188070867210626602e-03 -4.246771708130836487e-02 7.532656192779541016e-02 7.497508823871612549e-02
-8.307066723692111054e+02 7.617235793098261638e+03 1.274149302059734055e+02 2.269740000000000180e+01 -9.390984475612640381e-02 -1.752423346042633057e-01 7.532656192779541016e-02 7.497508823871612549e-02
-8.449440204727634409e+02 7.615653785238566343e+03 1.283600142744199957e+02 2.269940000000000069e+01 -1.209348589181900024e-01 8.381482213735580444e-03 7.532656192779541016e-02 7.497508823871612549e-02
-8.591773033237797108e+02 7.614044900854410116e+03 1.293208291189602903e+02 2.270140000000000313e+01 -9.182591736316680908e-02 9.311527758836746216e-02 7.532656192779541016e-02 7.497508823871612549e-02
-8.698496875815778822e+02 7.612821443923930929e+03 1.300512694878040634e+02 2.270340000000000202e+01 8.816739427857100964e-04 -2.481266483664512634e-02 7.532656192779541016e-02 7.497508823871612549e-02
-8.876314008207704092e+02 7.610746533438580627e+03 1.312896326689810564e+02 2.270540000000000092e+01 -5.723809450864791870e-02 4.216898605227470398e-02 7.532656192779541016e-02 7.497508823871612549e-02
-9.018520789957414081e+02 7.609057066227309406e+03 1.322976119311647096e+02 2.270739999999999981e+01 5.526632815599441528e-02 1.120361313223838806e-01 7.532656192779541016e-02 7.497508823871612549e-02
-9.196219986267250306e+02 7.606908569451145922e+03 1.335790441443311920e+02 2.270940000000000225e+01 2.292964607477188110e-02 -5.620796978473663330e-02 7.532656192779541016e-02 7.497508823871612549e-02
-9.586907355484704567e+02 7.602030830607185635e+03 1.364865989364283507e+02 2.271140000000000114e+01 5.074570327997207642e-02 1.362827271223068237e-01 7.532656192779541016e-02 7.497508823871612549e-02
-9.728890455814397455e+02 7.600207222045403796e+03 1.375730881145546221e+02 2.271340000000000003e+01 -4.738539457321166992e-03 1.573852598667144775e-01 7.532656192779541016e-02 7.497508823871612549e-02
-9.870826778528195291e+02 7.598356810907477666e+03 1.386752639621421110e+02 2.271540000000000248e+01 -2.566575072705745697e-02 -7.839456945657730103e-02 7.532656192779541016e-02 7.497508823871612549e-02
-1.001271564633414300e+03 7.596479606023523957e+03 1.397931212196061495e+02 2.271740000000000137e+01 -1.187149155884981155e-02 -7.973228394985198975e-02 7.532656192779541016e-02 7.497508823871612549e-02
-1.015455637969545023e+03 7.594575616383951456e+03 1.409266545332119165e+02 2.271940000000000026e+01 7.312891632318496704e-02 -9.459398686885833740e-02 7.532656192779541016e-02 7.497508823871612549e-02
-1.029634829979959704e+03 7.592644851100682899e+03 1.420758584781723926e+02 2.272140000000000271e+01 5.800981819629669189e-02 -1.210470274090766907e-01 7.532656192779541016e-02 7.497508823871612549e-02
-1.043809072757465174e+03 7.590687319420954736e+03 1.432407275504452571e+02 2.272340000000000160e+01 1.493136882781982422e-01 -1.374857723712921143e-01 7.532656192779541016e-02 7.497508823871612549e-02
-1.056797787756658408e+03 7.588869750368723544e+03 1.443220815286235563e+02 2.272540000000000049e+01 -7.004875689744949341e-02 -8.834131807088851929e-02 7.532656192779541016e-02 7.497508823871612549e-02
-9.586907355484704567e+02 7.602030830607185635e+03 1.364865989364283507e+02 2.272740000000000293e+01 -1.082427427172660828e-01 -1.533823926001787186e-02 7.532656192779541016e-02 7.497508823871612549e-02
-9.728890455814397455e+02 7.600207222045403796e+03 1.375730881145546221e+02 2.272940000000000182e+01 -1.528010070323944092e-01 1.902017556130886078e-02 7.532656192779541016e-02 7.497508823871612549e-02
-9.870826778528195291e+02 7.598356810907477666e+03 1.386752639621421110e+02 2.273140000000000072e+01 1.734772175550460815e-01 -3.417251631617546082e-02 7.532656192779541016e-02 7.497508823871612549e-02
-1.001271564633414300e+03 7.596479606023523957e+03 1.397931212196061495e+02 2.273340000000000316e+01 -1.229347139596939087e-01 -9.994581341743469238e-02 7.532656192779541016e-02 7.497508823871612549e-02
-1.015455637969545023e+03 7.594575616383951456e+03 1.409266545332119165e+02 2.273540000000000205e+01 8.062465488910675049e-02 2.068537622690200806e-01 7.532656192779541016e-02 7.497508823871612549e-02
-1.029634829979959704e+03 7.592644851100682899e+03 1.420758584781723926e+02 2.273740000000000094e+01 4.547401517629623413e-02 -3.914202377200126648e-02 7.532656192779541016e-02 7.497508823871612549e-02
-1.043809072757465174e+03 7.590687319420954736e+03 1.432407275504452571e+02 2.273939999999999984e+01 -6.279403716325759888e-02 -1.286769807338714600e-01 7.532656192779541016e-02 7.497508823871612549e-02
-1.056797787756658408e+03 7.588869750368723544e+03 1.443220815286235563e+02 2.274140000000000228e+01 -3.297957032918930054e-02 7.692473381757736206e-02 7.532656192779541016e-02 7.497508823871612549e-02
-1.100455196006218557e+03 7.582589717911771913e+03 1.480567425587750847e+02 2.274340000000000117e+01 1.156813744455575943e-02 3.018508432433009148e-03 7.532656192779541016e-02 7.497508823871612549e-02
-1.114603675789032422e+03 7.580498497307275102e+03 1.492998521629565687e+02 2.274540000000000006e+01 7.486355025321245193e-03 -7.901783287525177002e-02 7.532656192779541016e-02 7.497508823871612549e-02
-1.128746799897670144e+03 7.578380568407084866e+03 1.505585923390540870e+02 2.274740000000000251e+01 1.211644858121871948e-01 1.282090693712234497e-01 7.532656192779541016e-02 7.497508823871612549e-02
-1.142884500400568641e+03 7.576235941383952195e+03 1.518329570411009399e+02 2.274940000000000140e+01 5.827533826231956482e-02 -7.125163078308105469e-02 7.532656192779541016e-02 7.497508823871612549e-02
-1.157016709933790253e+03 7.574064626456300175e+03 1.531229401971434925e+02 2.275140000000000029e+01 -3.868144005537033081e-02 -4.155383259057998657e-02 7.532656192779541016e-02 7.497508823871612549e-02
-1.171143360421365287e+03 7.571866634083811732e+03 1.544285355930285561e+02 2.275340000000000273e+01 2.382386662065982819e-02 -2.892641583457589149e-03 7.532656192779541016e-02 7.497508823871612549e-02
-1.185264384601398206e+03 7.569641974732444396e+03 1.557497370120080404e+02 2.275540000000000163e+01 -3.810566663742065430e-02 -1.908770203590393066e-01 7.532656192779541016e-02 7.497508823871612549e-02
-1.198203729546560680e+03 7.567579625836058767e+03 1.569743438174012624e+02 2.275740000000000052e+01 1.386424303054809570e-01 5.159284546971321106e-02 7.532656192779541016e-02 7.497508823871612549e-02
-1.100455196006218557e+03 7.582589717911771913e+03 1.480567425587750847e+02 2.275940000000000296e+01 -1.644657701253890991e-01 1.158448234200477600e-01 7.532656192779541016e-02 7.497508823871612549e-02
-1.114603675789032422e+03 7.580498497307275102e+03 1.492998521629565687e+02 2.276140000000000185e+01 -6.682611256837844849e-02 5.858090892434120178e-02 7.532656192779541016e-02 7.497508823871612549e-02
-1.128746799897670144e+03 7.578380568407084866e+03 1.505585923390540870e+02 2.276340000000000074e+01 9.317592531442642212e-02 -1.091915071010589600e-01 7.532656192779541016e-02 7.497508823871612549e-02
-1.142884500400568641e+03 7.576235941383952195e+03 1.518329570411009399e+02 2.276540000000000319e+01 -1.496583223342895508e-02 -6.699735671281814575e-02 7.532656192779541016e-02 7.497508823871612549e-02
-1.157016709933790253e+03 7.574064626456300175e+03 1.531229401971434925e+02 2.276740000000000208e+01 2.324605882167816162e-01 3.377803415060043335e-02 7.532656192779541016e-02 7.497508823871612549e-02
-1.171143360421365287e+03 7.571866634083811732e+03 1.544285355930285561e+02 2.276940000000000097e+01 -8.641999959945678711e-02 3.743529692292213440e-02 7.532656192779541016e-02 7.497508823871612549e-02
-1.185264384601398206e+03 7.569641974732444396e+03 1.557497370120080404e+02 2.277139999999999986e+01 -3.108342885971069336e-01 3.738908097147941589e-02 7.532656192779541016e-02 7.497508823871612549e-02
-1.198203729546560680e+03 7.567579625836058767e+03 1.569743438174012624e+02 2.277340000000000231e+01 6.563726067543029785e-02 -1.474445611238479614e-01 7.532656192779541016e-02 7.497508823871612549e-02
-1.241690866082951516e+03 7.560476882538045174e+03 1.611904752486464929e+02 2.277540000000000120e+01 -3.068741224706172943e-02 3.874086588621139526e-02 7.532656192779541016e-02 7.497508823871612549e-02
-1.255782745139823646e+03 7.558119050611326202e+03 1.625896104051636257e+02 2.277740000000000009e+01 -8.396637439727783203e-02 -4.405018314719200134e-02 7.532656192779541016e-02 7.497508823871612549e-02
-1.269868592581846542e+03 7.555734617538523707e+03 1.640043125037907998e+02 2.277940000000000254e+01 1.427199691534042358e-01 -1.542312949895858765e-01 7.532656192779541016e-02 7.497508823871612549e-02
-1.283948341341291325e+03 7.553323594672773652e+03 1.654345748085938226e+02 2.278140000000000143e+01 -3.980347886681556702e-03 -5.995962396264076233e-02 7.532656192779541016e-02 7.497508823871612549e-02
-1.298021923643903847e+03 7.550885993619841429e+03 1.668803904347897458e+02 2.278340000000000032e+01 -1.658169031143188477e-01 -6.389813870191574097e-02 7.532656192779541016e-02 7.497508823871612549e-02
-1.312089272529374512e+03 7.548421825977565277e+03 1.683417525033131597e+02 2.278540000000000276e+01 -7.276945561170578003e-02 -1.306972354650497437e-01 7.532656192779541016e-02 7.497508823871612549e-02
-1.326150320283128849e+03 7.545931103607503246e+03 1.698186539796965064e+02 2.278740000000000165e+01 9.904378652572631836e-02 -1.712902449071407318e-02 7.532656192779541016e-02 7.497508823871612549e-02
-1.339034103501470554e+03 7.543624961736413752e+03 1.711859276138198140e+02 2.278940000000000055e+01 -8.930756896734237671e-02 -2.797110006213188171e-02 7.532656192779541016e-02 7.497508823871612549e-02
-1.241690866082951516e+03 7.560476882538045174e+03 1.611904752486464929e+02 2.279140000000000299e+01 2.347322553396224976e-02 3.977962583303451538e-02 7.532656192779541016e-02 7.497508823871612549e-02
-1.255782745139823646e+03 7.558119050611326202e+03 1.625896104051636257e+02 2.279340000000000188e+01 -1.166543066501617432e-01 1.134567260742187500e-01 7.532656192779541016e-02 7.497508823871612549e-02
-1.269868592581846542e+03 7.555734617538523707e+03 1.640043125037907998e+02 2.279540000000000077e+01 2.557484433054924011e-02 9.403164684772491455e-02 7.532656192779541016e-02 7.497508823871612549e-02
-1.283948341341291325e+03 7.553323594672773652e+03 1.654345748085938226e+02 2.279739999999999966e+01 2.616208419203758240e-02 1.482905596494674683e-01 7.532656192779541016e-02 7.497508823871612549e-02
-1.298021923643903847e+03 7.550885993619841429e+03 1.668803904347897458e+02 2.279940000000000211e+01 -1.244128309190273285e-02 -3.006708063185214996e-02 7.532656192779541016e-02 7.497508823871612549e-02
-1.312089272529374512e+03 7.548421825977565277e+03 1.683417525033131597e+02 2.280140000000000100e+01 -3.462040796875953674e-02 3.058623336255550385e-02 7.532656192779541016e-02 7.497508823871612549e-02
-1.326150320283128849e+03 7.545931103607503246e+03 1.698186539796965064e+02 2.280339999999999989e+01 8.911219984292984009e-02 -7.497768849134445190e-02 7.532656192779541016e-02 7.497508823871612549e-02
-1.339034103501470554e+03 7.543624961736413752e+03 1.711859276138198140e+02 2.280540000000000234e+01 1.600472629070281982e-01 9.076934307813644409e-02 7.532656192779541016e-02 7.497508823871612549e-02
-1.379991420732384768e+03 7.536137550436223137e+03 1.756239369421569165e+02 2.280740000000000123e+01 8.738663047552108765e-02 -5.302384123206138611e-02 7.532656192779541016e-02 7.497508823871612549e-02
-1.394021066026577500e+03 7.533518650348534720e+03 1.771758446914197691e+02 2.280940000000000012e+01 -2.255968600511550903e-01 4.169774055480957031e-02 7.532656192779541016e-02 7.497508823871612549e-02
-1.408044018329936307e+03 7.530873266812194743e+03 1.787432495965259989e+02 2.281140000000000256e+01 1.378214657306671143e-01 -1.827405393123626709e-01 7.532656192779541016e-02 7.497508823871612549e-02
-1.422060210288201461e+03 7.528201412533727307e+03 1.803261441287548337e+02 2.281340000000000146e+01 -2.688507735729217529e-01 -1.241278350353240967e-01 7.532656192779541016e-02 7.497508823871612549e-02
-1.436069575214187125e+03 7.525503100225781054e+03 1.819245207566861779e+02 2.281540000000000035e+01 1.633741557598114014e-01 -1.732131391763687134e-01 7.532656192779541016e-02 7.497508823871612549e-02
-1.450072045721165978e+03 7.522778342867314677e+03 1.835383717920445577e+02 2.281740000000000279e+01 -4.466558340936899185e-03 1.699282675981521606e-01 7.532656192779541016e-02 7.497508823871612549e-02
-1.464067554992212081e+03 7.520027153460841873e+03 1.851676895335234008e+02 2.281940000000000168e+01 3.020970523357391357e-01 -4.384410008788108826e-02 7.532656192779541016e-02 7.497508823871612549e-02
-1.476890689483627966e+03 7.517482357486148430e+03 1.866746144700204866e+02 2.282140000000000057e+01 -1.790862828493118286e-01 -3.809479996562004089e-02 7.532656192779541016e-02 7.497508823871612549e-02
-1.379991420732384768e+03 7.536137550436223137e+03 1.756239369421569165e+02 2.282340000000000302e+01 5.168030038475990295e-02 -1.774503737688064575e-01 7.532656192779541016e-02 7.497508823871612549e-02
-1.394021066026577500e+03 7.533518650348534720e+03 1.771758446914197691e+02 2.282540000000000191e+01 5.519774183630943298e-02 2.481285184621810913e-01 7.532656192779541016e-02 7.497508823871612549e-02
-1.408044018329936307e+03 7.530873266812194743e+03 1.787432495965259989e+02 2.282740000000000080e+01 -1.171724498271942139e-01 4.915699735283851624e-02 7.532656192779541016e-02 7.497508823871612549e-02
-1.422060210288201461e+03 7.528201412533727307e+03 1.803261441287548337e+02 2.282939999999999969e+01 1.399757564067840576e-01 1.293706446886062622e-01 7.532656192779541016e-02 7.497508823871612549e-02
-1.436069575214187125e+03 7.525503100225781054e+03 1.819245207566861779e+02 2.283140000000000214e+01 2.020186632871627808e-01 9.134201705455780029e-02 7.532656192779541016e-02 7.497508823871612549e-02
-1.450072045721165978e+03 7.522778342867314677e+03 1.835383717920445577e+02 2.283340000000000103e+01 2.326729297637939453e-01 -9.438852965831756592e-02 7.532656192779541016e-02 7.497508823871612549e-02
-1.464067554992212081e+03 7.520027153460841873e+03 1.851676895335234008e+02 2.283539999999999992e+01 6.085411086678504944e-02 -4.915858060121536255e-02 7.532656192779541016e-02 7.497508823871612549e-02
-1.476890689483627966e+03 7.517482357486148430e+03 1.866746144700204866e+02 2.283740000000000236e+01 1.978671923279762268e-02 8.883236348628997803e-02 7.532656192779541016e-02 7.497508823871612549e-02
-1.519978640208171100e+03 7.508758340664871866e+03 1.918394704507068127e+02 2.283940000000000126e+01 -7.956285774707794189e-02 -2.012208662927150726e-02 7.532656192779541016e-02 7.497508823871612549e-02
-1.533938338905267756e+03 7.505875191120891031e+03 1.935460032348727850e+02 2.284140000000000015e+01 -6.192202121019363403e-02 1.470523774623870850e-01 7.532656192779541016e-02 7.497508823871612549e-02
-1.547890675198872486e+03 7.502965690382336106e+03 1.952679548551021185e+02 2.284340000000000259e+01 -3.483884036540985107e-02 3.258568048477172852e-02 7.532656192779541016e-02 7.497508823871612549e-02
-1.561835581879442771e+03 7.500029852464536816e+03 1.970053170165629695e+02 2.284540000000000148e+01 1.977251470088958740e-01 7.897567003965377808e-02 7.532656192779541016e-02 7.497508823871612549e-02
-1.575772992550332901e+03 7.497067691346095671e+03 1.987580814470069583e+02 2.284740000000000038e+01 -4.785317182540893555e-02 -1.365291029214859009e-01 7.532656192779541016e-02 7.497508823871612549e-02
-1.589702840413573313e+03 7.494079221223358218e+03 2.005262397461631281e+02 2.284940000000000282e+01 -1.497275680303573608e-01 -4.943300038576126099e-02 7.532656192779541016e-02 7.497508823871612549e-02
-1.603625058610587303e+03 7.491064456440188223e+03 2.023097834273061437e+02 2.285140000000000171e+01 -2.091746218502521515e-02 2.295142039656639099e-02 7.532656192779541016e-02 7.497508823871612549e-02
-1.616380431511880715e+03 7.488278169632460958e+03 2.039580111591457694e+02 2.285340000000000060e+01 4.378412663936614990e-02 -1.018369570374488831e-02 7.532656192779541016e-02 7.497508823871612549e-02
-1.519978640208171100e+03 7.508758340664871866e+03 1.918394704507068127e+02 2.285540000000000305e+01 3.853395755868405104e-04 -1.292530633509159088e-02 7.532656192779541016e-02 7.497508823871612549e-02
-1.533938338905267756e+03 7.505875191120891031e+03 1.935460032348727850e+02 2.285740000000000194e+01 -5.328446626663208008e-02 -1.594192683696746826e-01 7.532656192779541016e-02 7.497508823871612549e-02
-1.547890675198872486e+03 7.502965690382336106e+03 1.952679548551021185e+02 2.285940000000000083e+01 -1.363430824130773544e-02 4.437842592597007751e-02 7.532656192779541016e-02 7.497508823871612549e-02
-1.561835581879442771e+03 7.500029852464536816e+03 1.970053170165629695e+02 2.286139999999999972e+01 -7.962474599480628967e-03 4.735390841960906982e-02 7.532656192779541016e-02 7.497508823871612549e-02
-1.575772992550332901e+03 7.497067691346095671e+03 1.987580814470069583e+02 2.286340000000000217e+01 5.699096992611885071e-02 4.529958590865135193e-02 7.532656192779541016e-02 7.497508823871612549e-02
-1.589702840413573313e+03 7.494079221223358218e+03 2.005262397461631281e+02 2.286540000000000106e+01 4.196289181709289551e-02 -2.500675432384014130e-02 7.532656192779541016e-02 7.497508823871612549e-02
-1.603625058610587303e+03 7.491064456440188223e+03 2.023097834273061437e+02 2.286739999999999995e+01 -3.467831388115882874e-02 4.105833431822247803e-05 7.532656192779541016e-02 7.497508823871612549e-02
-1.616380431511880715e+03 7.488278169632460958e+03 2.039580111591457694e+02 2.286940000000000239e+01 -1.084146350622177124e-01 6.649772822856903076e-02 7.532656192779541016e-02 7.497508823871612549e-02
-1.659236304331514475e+03 7.478742740806238544e+03 2.095976403576018186e+02 2.287140000000000128e+01 5.394156649708747864e-02 -1.075603589415550232e-01 7.532656192779541016e-02 7.497508823871612549e-02
-1.673119376343023077e+03 7.475596721477392748e+03 2.114579815475775320e+02 2.287340000000000018e+01 5.996955931186676025e-02 3.491708263754844666e-02 7.532656192779541016e-02 7.497508823871612549e-02
-1.686994419479460703e+03 7.472424495942671456e+03 2.133336558016339666e+02 2.287540000000000262e+01 -9.312332421541213989e-02 -1.651666015386581421e-01 7.532656192779541016e-02 7.497508823871612549e-02
-1.700861367676875716e+03 7.469226079306368774e+03 2.152246541888731883e+02 2.287740000000000151e+01 -3.754065930843353271e-02 -6.944821029901504517e-02 7.532656192779541016e-02 7.497508823871612549e-02
-1.714720154185328283e+03 7.466001486964322794e+03 2.171309676067876069e+02 2.287940000000000040e+01 5.013614147901535034e-02 4.331206157803535461e-02 7.532656192779541016e-02 7.497508823871612549e-02
-1.728570713066224243e+03 7.462750734258856937e+03 2.190525869853256609e+02 2.288140000000000285e+01 5.796383321285247803e-02 3.014459647238254547e-02 7.532656192779541016e-02 7.497508823871612549e-02
-1.742412977648862352e+03 7.459473836837921226e+03 2.209895030744248743e+02 2.288340000000000174e+01 -1.623364835977554321e-01 2.129625063389539719e-04 7.532656192779541016e-02 7.497508823871612549e-02
-1.755094484856164854e+03 7.456447392581898384e+03 2.227782448350220079e+02 2.288540000000000063e+01 -3.257731720805168152e-02 7.174897193908691406e-02 7.532656192779541016e-02 7.497508823871612549e-02
-1.659236304331514475e+03 7.478742740806238544e+03 2.095976403576018186e+02 2.288740000000000308e+01 -1.285452302545309067e-02 7.522507011890411377e-02 7.532656192779541016e-02 7.497508823871612549e-02
-1.673119376343023077e+03 7.475596721477392748e+03 2.114579815475775320e+02 2.288940000000000197e+01 -2.277383953332901001e-01 9.261420369148254395e-02 7.532656192779541016e-02 7.497508823871612549e-02
-1.686994419479460703e+03 7.472424495942671456e+03 2.133336558016339666e+02 2.289140000000000086e+01 -1.117556467652320862e-01 3.207135945558547974e-02 7.532656192779541016e-02 7.497508823871612549e-02
-1.700861367676875716e+03 7.469226079306368774e+03 2.152246541888731883e+02 2.289339999999999975e+01 -1.762866228818893433e-02 4.446829110383987427e-02 7.532656192779541016e-02 7.497508823871612549e-02
-1.714720154185328283e+03 7.466001486964322794e+03 2.171309676067876069e+02 2.289540000000000219e+01 -7.408355921506881714e-02 -3.016234561800956726e-02 7.532656192779541016e-02 7.497508823871612549e-02
-1.728570713066224243e+03 7.462750734258856937e+03 2.190525869853256609e+02 2.289740000000000109e+01 -1.316436678171157837e-01 -3.001351468265056610e-02 7.532656192779541016e-02 7.497508823871612549e-02
-1.742412977648862352e+03 7.459473836837921226e+03 2.209895030744248743e+02 2.289939999999999998e+01 -1.257780045270919800e-01 -1.886704936623573303e-02 7.532656192779541016e-02 7.497508823871612549e-02
-1.755094484856164854e+03 7.456447392581898384e+03 2.227782448350220079e+02 2.290140000000000242e+01 2.146943286061286926e-02 -1.994006633758544922e-01 7.532656192779541016e-02 7.497508823871612549e-02
-1.797697771054536361e+03 7.446105114964134373e+03 2.288899483767963829e+02 2.290340000000000131e+01 -5.756434053182601929e-02 1.402454823255538940e-01 7.532656192779541016e-02 7.497508823871612549e-02
-1.811497572330898038e+03 7.442697731451163236e+03 2.309032076598300591e+02 2.290540000000000020e+01 -2.070397883653640747e-02 -4.771951586008071899e-02 7.532656192779541016e-02 7.497508823871612549e-02
-1.825288682539993715e+03 7.439264299170058621e+03 2.329317069517376240e+02 2.290740000000000265e+01 6.101587787270545959e-02 1.886961050331592560e-02 7.532656192779541016e-02 7.497508823871612549e-02
-1.839071035921286011e+03 7.435804834492220834e+03 2.349754365801340725e+02 2.290940000000000154e+01 -1.775992959737777710e-01 -6.014612317085266113e-02 7.532656192779541016e-02 7.497508823871612549e-02
-1.852844566419939156e+03 7.432319353997437247e+03 2.370343867502286059e+02 2.291140000000000043e+01 5.591156426817178726e-03 6.524931639432907104e-02 7.532656192779541016e-02 7.497508823871612549e-02
-1.866609207879738051e+03 7.428807874427347087e+03 2.391085475723390346e+02 2.291340000000000288e+01 4.795582219958305359e-02 5.329212546348571777e-02 7.532656192779541016e-02 7.497508823871612549e-02
-1.880364894810377109e+03 7.425270412489403498e+03 2.411979091776763653e+02 2.291540000000000177e+01 -2.309517003595829010e-02 5.482905730605125427e-02 7.532656192779541016e-02 7.497508823871612549e-02
-1.892966465385748279e+03 7.422005259664298137e+03 2.431263086225708889e+02 2.291740000000000066e+01 -2.042659074068069458e-01 9.488602168858051300e-03 7.532656192779541016e-02 7.497508823871612549e-02
-1.797697771054536361e+03 7.446105114964134373e+03 2.288899483767963829e+02 2.291940000000000310e+01 8.634094893932342529e-02 1.305016689002513885e-03 7.532656192779541016e-02 7.497508823871612549e-02
-1.811497572330898038e+03 7.442697731451163236e+03 2.309032076598300591e+02 2.292140000000000200e+01 2.146068513393402100e-01 6.244422495365142822e-02 7.532656192779541016e-02 7.497508823871612549e-02
-1.825288682539993715e+03 7.439264299170058621e+03 2.329317069517376240e+02 2.292340000000000089e+01 -6.461841985583305359e-03 -1.713112369179725647e-02 7.532656192779541016e-02 7.497508823871612549e-02
-1.839071035921286011e+03 7.435804834492220834e+03 2.349754365801340725e+02 2.292539999999999978e+01 1.172831803560256958e-01 -1.013024523854255676e-01 7.532656192779541016e-02 7.497508823871612549e-02
-1.852844566419939156e+03 7.432319353997437247e+03 2.370343867502286059e+02 2.292740000000000222e+01 6.358716636896133423e-02 1.247413828969001770e-01 7.532656192779541016e-02 7.497508823871612549e-02
-1.866609207879738051e+03 7.428807874427347087e+03 2.391085475723390346e+02 2.292940000000000111e+01 2.868144400417804718e-02 6.409750133752822876e-02 7.532656192779541016e-02 7.497508823871612549e-02
-1.880364894810377109e+03 7.425270412489403498e+03 2.411979091776763653e+02 2.293140000000000001e+01 -3.890170902013778687e-02 1.254707109183073044e-02 7.532656192779541016e-02 7.497508823871612549e-02
-1.892966465385748279e+03 7.422005259664298137e+03 2.431263086225708889e+02 2.293340000000000245e+01 3.075738251209259033e-02 -7.397930324077606201e-02 7.532656192779541016e-02 7.497508823871612549e-02
