# Baseline: 11-18
# Entries: 128
# u [m], v [m], w [m], frequency [GHz], real, imag
-3.359975371709104365e+03 4.695485046888752549e+03 -2.778058685155457169e+03 2.267940000000000000e+19 2.247658185660839081e-02 -2.217504940927028656e-02
-3.371902368645883143e+03 4.689137587259728207e+03 -2.774326492373269502e+03 2.268140000000000000e+19 -2.746912837028503418e-02 3.042284585535526276e-02
-3.383813228639199679e+03 4.682767617176104977e+03 -2.770581141101865796e+03 2.268340000000000000e+19 3.497688472270965576e-02 -5.089407414197921753e-02
-3.395707894769918312e+03 4.676375167078702361e+03 -2.766822649239561088e+03 2.268540000000000000e+19 -1.913364231586456299e-02 -8.281616494059562683e-03
-3.404618742197847496e+03 4.671566796151237213e+03 -2.763995577265524389e+03 2.268740000000000000e+19 2.886742819100618362e-03 -6.887366529554128647e-03
-3.419448417821482053e+03 4.663522949319107283e+03 -2.759266315753041908e+03 2.268940000000000000e+19 -1.304482948035001755e-02 -1.083862874656915665e-02
-3.431294160878887851e+03 4.657063243299242458e+03 -2.755468510370865260e+03 2.269140000000000000e+19 3.691444918513298035e-02 1.009361632168292999e-02
-3.446078909371128702e+03 4.648958078753747031e+03 -2.750703406864501630e+03 2.269340000000000000e+19 -5.411914084106683731e-03 -1.483029276132583618e-01
-3.359975371709104365e+03 4.695485046888752549e+03 -2.778058685155457169e+03 2.269540000000000000e+19 2.774470485746860504e-02 6.788220256567001343e-02
-3.371902368645883143e+03 4.689137587259728207e+03 -2.774326492373269502e+03 2.269740000000000000e+19 5.517208483070135117e-03 4.367779940366744995e-02
-3.383813228639199679e+03 4.682767617176104977e+03 -2.770581141101865796e+03 2.269940000000000000e+19 -8.841312676668167114e-02 2.556734159588813782e-02
-3.395707894769918312e+03 4.676375167078702361e+03 -2.766822649239561088e+03 2.270140000000000000e+19 3.010674193501472473e-02 -3.713270276784896851e-02
-3.404618742197847496e+03 4.671566796151237213e+03 -2.763995577265524389e+03 2.270340000000000000e+19 3.129632771015167236e-02 2.328908257186412811e-02
-3.419448417821482053e+03 4.663522949319107283e+03 -2.759266315753041908e+03 2.270540000000000000e+19 -2.950270473957061768e-02 -7.901852577924728394e-02
-3.431294160878887851e+03 4.657063243299242458e+03 -2.755468510370865260e+03 2.270740000000000000e+19 1.588296703994274139e-02 1.713089793920516968e-01
-3.446078909371128702e+03 4.648958078753747031e+03 -2.750703406864501630e+03 2.270940000000000000e+19 -5.719361826777458191e-02 6.184598430991172791e-02
-3.478512356527024167e+03 4.631001159929287496e+03 -2.740146788849219320e+03 2.271140000000000000e+19 -1.141671612858772278e-01 -6.796422600746154785e-02
-3.490275428784377254e+03 4.624429980193775009e+03 -2.736283825140647423e+03 2.271340000000000000e+19 1.403529196977615356e-03 -4.164572432637214661e-02
-3.502021797515099479e+03 4.617836599724477310e+03 -2.732407885033057028e+03 2.271540000000000000e+19 3.735691681504249573e-02 6.034478917717933655e-02
-3.513751406668010077e+03 4.611221049983988451e+03 -2.728518987021860539e+03 2.271740000000000000e+19 3.825528174638748169e-02 1.190543696284294128e-01
-3.525464200067483944e+03 4.604583362655692326e+03 -2.724617149731904647e+03 2.271940000000000000e+19 7.405562698841094971e-02 9.548416361212730408e-03
-3.537160121659146171e+03 4.597923569505764135e+03 -2.720702391836351126e+03 2.272140000000000000e+19 -1.149639580398797989e-02 8.591631054878234863e-02
-3.548839115428904279e+03 4.591241702429742872e+03 -2.716774732084047628e+03 2.272340000000000000e+19 5.313687399029731750e-02 -3.065876290202140808e-02
-3.559530158364017552e+03 4.585097573768378425e+03 -2.713163223198860578e+03 2.272540000000000000e+19 7.382845878601074219e-02 1.561988294124603271e-01
-3.478512356527024167e+03 4.631001159929287496e+03 -2.740146788849219320e+03 2.272740000000000000e+19 -6.807985901832580566e-02 4.716794565320014954e-02
-3.490275428784377254e+03 4.624429980193775009e+03 -2.736283825140647423e+03 2.272940000000000000e+19 1.103277429938316345e-01 -9.984473884105682373e-02
-3.502021797515099479e+03 4.617836599724477310e+03 -2.732407885033057028e+03 2.273140000000000000e+19 4.813406988978385925e-02 -3.505707532167434692e-02
-3.513751406668010077e+03 4.611221049983988451e+03 -2.728518987021860539e+03 2.273340000000000000e+19 -1.004053428769111633e-01 -7.265333086252212524e-02
-3.525464200067483944e+03 4.604583362655692326e+03 -2.724617149731904647e+03 2.273540000000000000e+19 -5.815238505601882935e-02 2.923629991710186005e-02
-3.537160121659146171e+03 4.597923569505764135e+03 -2.720702391836351126e+03 2.273740000000000000e+19 -1.661359332501888275e-02 1.140660345554351807e-01
-3.548839115428904279e+03 4.591241702429742872e+03 -2.716774732084047628e+03 2.273940000000000000e+19 -1.640129648149013519e-02 -6.417641788721084595e-02
-3.559530158364017552e+03 4.585097573768378425e+03 -2.713163223198860578e+03 2.274140000000000000e+19 5.777841433882713318e-03 1.864478923380374908e-02
-3.595384696307851300e+03 4.564294135625636955e+03 -2.700935451147407093e+03 2.274340000000000000e+19 3.672172874212265015e-02 1.009622439742088318e-01
-3.606978214372332332e+03 4.557502380599285061e+03 -2.696943565240469525e+03 2.274540000000000000e+19 3.185585141181945801e-02 -1.791427028365433216e-03
-3.618554470645897709e+03 4.550688744997980393e+03 -2.692938891125143073e+03 2.274740000000000000e+19 1.073230803012847900e-01 5.566944181919097900e-02
-3.630113409526058149e+03 4.543853261548669252e+03 -2.688921448036521269e+03 2.274940000000000000e+19 3.939657658338546753e-02 -3.783213719725608826e-02
-3.641654975936096889e+03 4.536995962821031753e+03 -2.684891255116922366e+03 2.275140000000000000e+19 6.885894387960433960e-02 -1.200480386614799500e-02
-3.653179114279521855e+03 4.530116881847480727e+03 -2.680848331780282479e+03 2.275340000000000000e+19 -7.756049185991287231e-02 -4.602254182100296021e-02
-3.664685769686167532e+03 4.523216051382218211e+03 -2.676792697276681338e+03 2.275540000000000000e+19 -6.380652636289596558e-02 9.432489424943923950e-02
-3.675218355576569138e+03 4.516871488209915697e+03 -2.673064043906837014e+03 2.275740000000000000e+19 7.883927226066589355e-02 1.273759547621011734e-02
-3.595384696307851300e+03 4.564294135625636955e+03 -2.700935451147407093e+03 2.275940000000000000e+19 2.957012876868247986e-02 4.148131608963012695e-02
-3.606978214372332332e+03 4.557502380599285061e+03 -2.696943565240469525e+03 2.276140000000000000e+19 -9.496980160474777222e-02 9.043735265731811523e-02
-3.618554470645897709e+03 4.550688744997980393e+03 -2.692938891125143073e+03 2.276340000000000000e+19 -7.938601821660995483e-02 -4.828460887074470520e-02
-3.630113409526058149e+03 4.543853261548669252e+03 -2.688921448036521269e+03 2.276540000000000000e+19 5.568460747599601746e-02 -5.469514057040214539e-02
-3.641654975936096889e+03 4.536995962821031753e+03 -2.684891255116922366e+03 2.276740000000000000e+19 2.613824605941772461e-02 -6.017627194523811340e-03
-3.653179114279521855e+03 4.530116881847480727e+03 -2.680848331780282479e+03 2.276940000000000000e+19 -1.739393621683120728e-01 -1.329395473003387451e-01
-3.664685769686167532e+03 4.523216051382218211e+03 -2.676792697276681338e+03 2.277140000000000000e+19 -2.844540774822235107e-02 4.252222552895545959e-02
-3.675218355576569138e+03 4.516871488209915697e+03 -2.673064043906837014e+03 2.277340000000000000e+19 2.198321744799613953e-02 -2.381982654333114624e-02
-3.710536461047095145e+03 4.495395897153235637e+03 -2.660443436969764207e+03 2.277540000000000000e+19 -9.408053942024707794e-03 -5.818669125437736511e-02
-3.721954877074048909e+03 4.488386816904760963e+03 -2.656324539109888065e+03 2.277740000000000000e+19 -2.194705046713352203e-02 -9.602537378668785095e-03
-3.733355480822379377e+03 4.481356186995324606e+03 -2.652193047519087941e+03 2.277940000000000000e+19 1.063191369175910950e-01 3.097376227378845215e-02
-3.744738218009767024e+03 4.474304040900265136e+03 -2.648048981868894771e+03 2.278140000000000000e+19 -9.039958566427230835e-02 -1.334362546913325787e-03
-3.756103033844324727e+03 4.467230412565859297e+03 -2.643892362107241297e+03 2.278340000000000000e+19 9.288503974676132202e-02 -7.957601547241210938e-02
-3.767449874253742109e+03 4.460135335647576539e+03 -2.639723208010845610e+03 2.278540000000000000e+19 9.231135249137878418e-02 1.114904787391424179e-02
-3.778778684618905118e+03 4.453018844298317163e+03 -2.635541539648392700e+03 2.278740000000000000e+19 7.237308472394943237e-02 2.695041708648204803e-02
-3.789147773465233058e+03 4.446476882589586239e+03 -2.631697526015968378e+03 2.278940000000000000e+19 -3.836955130100250244e-02 -1.498686894774436951e-02
-3.710536461047095145e+03 4.495395897153235637e+03 -2.660443436969764207e+03 2.279140000000000000e+19 -5.419818684458732605e-02 -1.275824308395385742e-01
-3.721954877074048909e+03 4.488386816904760963e+03 -2.656324539109888065e+03 2.279340000000000000e+19 -1.066237222403287888e-02 1.377132683992385864e-01
-3.733355480822379377e+03 4.481356186995324606e+03 -2.652193047519087941e+03 2.279540000000000000e+19 -1.330288201570510864e-01 -3.210747241973876953e-02
-3.744738218009767024e+03 4.474304040900265136e+03 -2.648048981868894771e+03 2.279740000000000000e+19 -6.084445863962173462e-03 -6.136066745966672897e-03
-3.756103033844324727e+03 4.467230412565859297e+03 -2.643892362107241297e+03 2.279940000000000000e+19 2.576627023518085480e-02 3.476833179593086243e-02
-3.767449874253742109e+03 4.460135335647576539e+03 -2.639723208010845610e+03 2.280140000000000000e+19 -2.233526669442653656e-02 5.944336298853158951e-03
-3.778778684618905118e+03 4.453018844298317163e+03 -2.635541539648392700e+03 2.280340000000000000e+19 6.037341896444559097e-03 2.425269596278667450e-02
-3.789147773465233058e+03 4.446476882589586239e+03 -2.631697526015968378e+03 2.280540000000000000e+19 1.631340011954307556e-02 -1.517093088477849960e-02
-3.822037788907102367e+03 4.425541193596512130e+03 -2.619396240770791792e+03 2.280740000000000000e+19 -8.754538372159004211e-03 -1.233393698930740356e-01
-3.833278692198248336e+03 4.418321680571424622e+03 -2.615154369659530857e+03 2.280940000000000000e+19 5.195004865527153015e-02 9.989993274211883545e-02
-3.844501250603012977e+03 4.411080953100492479e+03 -2.610900101789462497e+03 2.281140000000000000e+19 -6.566016376018524170e-02 -9.558919817209243774e-02
-3.855705410218013640e+03 4.403819045962318341e+03 -2.606633457594671199e+03 2.281340000000000000e+19 4.628893919289112091e-03 6.634414196014404297e-02
-3.866891117735496664e+03 4.396535993708382193e+03 -2.602354457375473430e+03 2.281540000000000000e+19 -5.811110138893127441e-02 -8.230175822973251343e-02
-3.878058319350757756e+03 4.389231831370836517e+03 -2.598063121714282261e+03 2.281740000000000000e+19 -6.075620651245117188e-03 5.382206290960311890e-02
-3.889206961776450953e+03 4.381906593804130353e+03 -2.593759471088768805e+03 2.281940000000000000e+19 4.299420863389968872e-03 -8.190362155437469482e-02
-3.899410438836802314e+03 4.375173576174799564e+03 -2.589803813579687358e+03 2.282140000000000000e+19 2.378045395016670227e-02 3.092721663415431976e-02
-3.822037788907102367e+03 4.425541193596512130e+03 -2.619396240770791792e+03 2.282340000000000000e+19 2.399458177387714386e-02 -9.764178842306137085e-02
-3.833278692198248336e+03 4.418321680571424622e+03 -2.615154369659530857e+03 2.282540000000000000e+19 -6.939809303730726242e-03 1.703360676765441895e-01
-3.844501250603012977e+03 4.411080953100492479e+03 -2.610900101789462497e+03 2.282740000000000000e+19 -3.103852039203047752e-03 -7.485683262348175049e-02
-3.855705410218013640e+03 4.403819045962318341e+03 -2.606633457594671199e+03 2.282940000000000000e+19 -4.004651308059692383e-02 -1.656216941773891449e-02
-3.866891117735496664e+03 4.396535993708382193e+03 -2.602354457375473430e+03 2.283140000000000000e+19 -2.411076426506042480e-02 -1.007431149482727051e-01
-3.878058319350757756e+03 4.389231831370836517e+03 -2.598063121714282261e+03 2.283340000000000000e+19 -8.812746405601501465e-02 -5.198558326810598373e-03
-3.889206961776450953e+03 4.381906593804130353e+03 -2.593759471088768805e+03 2.283540000000000000e+19 -7.948064804077148438e-02 -3.427860513329505920e-02
-3.899410438836802314e+03 4.375173576174799564e+03 -2.589803813579687358e+03 2.283740000000000000e+19 1.059700176119804382e-01 4.300118237733840942e-02
-3.933614873481546056e+03 4.352395594116627763e+03 -2.576422131882882240e+03 2.283940000000000000e+19 -1.374204363673925400e-02 -7.662054896354675293e-02
-3.944669921118158982e+03 4.344965508470433633e+03 -2.572057216673945277e+03 2.284140000000000000e+19 7.490307837724685669e-02 7.685825228691101074e-03
-3.955706090933435007e+03 4.337514559338231265e+03 -2.567680110897243594e+03 2.284340000000000000e+19 -4.643070325255393982e-02 -5.153461918234825134e-02
-3.966723329765269682e+03 4.330042782611887560e+03 -2.563290835637699729e+03 2.284540000000000000e+19 6.180051248520612717e-03 -8.386720903217792511e-03
-3.977721585156700712e+03 4.322550213867224556e+03 -2.558889411794251828e+03 2.284740000000000000e+19 -1.001004725694656372e-01 -1.932550668716430664e-01
-3.988700804396084095e+03 4.315036889013577820e+03 -2.554475860461452157e+03 2.284940000000000000e+19 1.122232759371399879e-03 -8.492109924554824829e-02
-3.999660934786978487e+03 4.307502844112582352e+03 -2.550050202823001655e+03 2.285140000000000000e+19 -3.620217740535736084e-02 -1.684271357953548431e-02
-4.009691151580392670e+03 4.300578727930228524e+03 -2.545982886590116777e+03 2.285340000000000000e+19 -3.003187105059623718e-02 9.681327641010284424e-02
-3.933614873481546056e+03 4.352395594116627763e+03 -2.576422131882882240e+03 2.285540000000000000e+19 -1.323585398495197296e-03 -4.719276353716850281e-02
-3.944669921118158982e+03 4.344965508470433633e+03 -2.572057216673945277e+03 2.285740000000000000e+19 4.412094876170158386e-02 1.012321189045906067e-01
-3.955706090933435007e+03 4.337514559338231265e+03 -2.567680110897243594e+03 2.285940000000000000e+19 -4.667458310723304749e-02 3.612063080072402954e-02
-3.966723329765269682e+03 4.330042782611887560e+03 -2.563290835637699729e+03 2.286140000000000000e+19 -1.303217560052871704e-02 7.105236500501632690e-02
-3.977721585156700712e+03 4.322550213867224556e+03 -2.558889411794251828e+03 2.286340000000000000e+19 -3.603833960369229317e-03 -5.410720780491828918e-02
-3.988700804396084095e+03 4.315036889013577820e+03 -2.554475860461452157e+03 2.286540000000000000e+19 -3.997049108147621155e-02 -3.737886995077133179e-02
-3.999660934786978487e+03 4.307502844112582352e+03 -2.550050202823001655e+03 2.286740000000000000e+19 -1.904722303152084351e-02 1.021084263920783997e-01
-4.009691151580392670e+03 4.300578727930228524e+03 -2.545982886590116777e+03 2.286940000000000000e+19 2.606868557631969452e-02 -1.859908737242221832e-02
-4.043309521459694224e+03 4.277160185776926483e+03 -2.532226933174852093e+03 2.287140000000000000e+19 -3.403414040803909302e-02 -5.164505168795585632e-02
-4.054173423310608996e+03 4.269523083011719791e+03 -2.527741062603337923e+03 2.287340000000000000e+19 5.958646070212125778e-04 -4.961461946368217468e-02
-4.065017922980033291e+03 4.261865478018007707e+03 -2.523243213673024911e+03 2.287540000000000000e+19 2.556198835372924805e-02 7.241028547286987305e-02
-4.075842968833608211e+03 4.254187407256537881e+03 -2.518733407799886209e+03 2.287740000000000000e+19 -1.628641337156295776e-01 -6.566390395164489746e-02
-4.086648508763871178e+03 4.246488907686428320e+03 -2.514211666692319341e+03 2.287940000000000000e+19 -2.413463592529296875e-02 -3.318496793508529663e-02
-4.097434491359329513e+03 4.238770015936379423e+03 -2.509678011864254586e+03 2.288140000000000000e+19 -9.010856598615646362e-02 -7.943911850452423096e-02
-4.108200864700906095e+03 4.231030769162041906e+03 -2.505132465138996395e+03 2.288340000000000000e+19 1.699730567634105682e-02 -8.550580590963363647e-02
-4.118053021253294901e+03 4.223918867976968613e+03 -2.500955436606906915e+03 2.288540000000000000e+19 -5.026786588132381439e-03 2.027120068669319153e-02
-4.043309521459694224e+03 4.277160185776926483e+03 -2.532226933174852093e+03 2.288740000000000000e+19 -8.404493331909179688e-02 4.412909224629402161e-02
-4.054173423310608996e+03 4.269523083011719791e+03 -2.527741062603337923e+03 2.288940000000000000e+19 7.253357768058776855e-02 4.407496005296707153e-02
-4.065017922980033291e+03 4.261865478018007707e+03 -2.523243213673024911e+03 2.289140000000000000e+19 5.970260128378868103e-02 -5.889470688998699188e-03
-4.075842968833608211e+03 4.254187407256537881e+03 -2.518733407799886209e+03 2.289340000000000000e+19 -2.132358402013778687e-02 2.857159078121185303e-02
-4.086648508763871178e+03 4.246488907686428320e+03 -2.514211666692319341e+03 2.289540000000000000e+19 -1.759838312864303589e-01 8.292037993669509888e-02
-4.097434491359329513e+03 4.238770015936379423e+03 -2.509678011864254586e+03 2.289740000000000000e+19 5.189474299550056458e-02 -4.716317355632781982e-02
-4.108200864700906095e+03 4.231030769162041906e+03 -2.505132465138996395e+03 2.289940000000000000e+19 -3.022729791700839996e-02 2.466673590242862701e-02
-4.118053021253294901e+03 4.223918867976968613e+03 -2.500955436606906915e+03 2.290140000000000000e+19 -5.010577663779258728e-02 -4.883131757378578186e-02
-4.151069238280392710e+03 4.199870972719127167e+03 -2.486831794418739264e+03 2.290340000000000000e+19 1.222439855337142944e-02 8.704756945371627808e-02
-4.161736795188990982e+03 4.192030507743191265e+03 -2.482227115301512185e+03 2.290540000000000000e+19 6.755448877811431885e-02 -3.272322937846183777e-03
-4.172384435186294468e+03 4.184169911373444847e+03 -2.477610675629134221e+03 2.290740000000000000e+19 1.536175608634948730e-01 9.807958453893661499e-02
-4.183012107500711863e+03 4.176289221091507898e+03 -2.472982497414155659e+03 2.290940000000000000e+19 -5.834464728832244873e-02 -8.670395612716674805e-02
-4.193619761196694526e+03 4.168388474666887305e+03 -2.468342602837906270e+03 2.291140000000000000e+19 -9.027787297964096069e-02 -7.537327241152524948e-03
-4.204207345324362905e+03 4.160467710048334993e+03 -2.463691014186679240e+03 2.291340000000000000e+19 8.627120405435562134e-03 3.315627574920654297e-02
-4.214774809509575789e+03 4.152526964922065417e+03 -2.459027753592291447e+03 2.291540000000000000e+19 1.271305680274963379e-01 -2.053314074873924255e-02
-4.224444189383679259e+03 4.145230683414217310e+03 -2.454743012431269108e+03 2.291740000000000000e+19 -9.133608080446720123e-03 2.694645954761654139e-04
-4.151069238280392710e+03 4.199870972719127167e+03 -2.486831794418739264e+03 2.291940000000000000e+19 7.882919907569885254e-02 8.696660399436950684e-03
-4.161736795188990982e+03 4.192030507743191265e+03 -2.482227115301512185e+03 2.292140000000000000e+19 -1.937047019600868225e-02 1.370621006935834885e-02
-4.172384435186294468e+03 4.184169911373444847e+03 -2.477610675629134221e+03 2.292340000000000000e+19 2.664192952215671539e-02 8.044349029660224915e-03
-4.183012107500711863e+03 4.176289221091507898e+03 -2.472982497414155659e+03 2.292540000000000000e+19 5.710830911993980408e-02 -6.339719891548156738e-02
-4.193619761196694526e+03 4.168388474666887305e+03 -2.468342602837906270e+03 2.292740000000000000e+19 -1.173589657992124557e-02 3.678590804338455200e-02
-4.204207345324362905e+03 4.160467710048334993e+03 -2.463691014186679240e+03 2.292940000000000000e+19 3.260909020900726318e-02 -1.750148274004459381e-02
-4.214774809509575789e+03 4.152526964922065417e+03 -2.459027753592291447e+03 2.293140000000000000e+19 -3.915921598672866821e-02 -8.099354058504104614e-02
-4.224444189383679259e+03 4.145230683414217310e+03 -2.454743012431269108e+03 2.293340000000000000e+19 -1.939780823886394501e-02 6.399952620267868042e-02
