# Baseline: 12-23
# Entries: 128
# u [m], v [m], w [m], frequency [GHz], real, imag, std(real), std(imag)
2.984247599573730895e+03 -9.965869344372875958e+02 2.860796410104109327e+03 2.267940000000000111e+01 1.142225228250026703e-02 -1.347749978303909302e-01 6.761286407709121704e-02 6.735078990459442139e-02
2.989283996507061147e+03 -9.909555037687657659e+02 2.857492560146853975e+03 2.268140000000000001e+01 2.599833719432353973e-02 1.057396978139877319e-01 6.761286407709121704e-02 6.735078990459442139e-02
2.994306098229908912e+03 -9.853145704026654812e+02 2.854183165280908270e+03 2.268340000000000245e+01 -6.969086080789566040e-02 -1.979757100343704224e-02 6.761286407709121704e-02 6.735078990459442139e-02
2.999313880742921356e+03 -9.796641612958035239e+02 2.850868241321170444e+03 2.268540000000000134e+01 2.871678769588470459e-02 1.862359642982482910e-01 6.761286407709121704e-02 6.735078990459442139e-02
3.003060755065499052e+03 -9.754204468516796851e+02 2.848378601305884786e+03 2.268740000000000023e+01 1.232769861817359924e-01 -1.141235679388046265e-01 6.761286407709121704e-02 6.735078990459442139e-02
3.009286392343597981e+03 -9.683350240700082168e+02 2.844221869603863979e+03 2.268940000000000268e+01 1.904129683971405029e-01 2.104480266571044922e-01 6.761286407709121704e-02 6.735078990459442139e-02
3.014251073601699318e+03 -9.626563502880297847e+02 2.840890453723723567e+03 2.269140000000000157e+01 2.446541637182235718e-01 -1.564620733261108398e-01 6.761286407709121704e-02 6.735078990459442139e-02
3.020437237071933851e+03 -9.555452163708383750e+02 2.836718720397272591e+03 2.269340000000000046e+01 6.415862590074539185e-02 2.246868014335632324e-01 6.761286407709121704e-02 6.735078990459442139e-02
2.984247599573730895e+03 -9.965869344372875958e+02 2.860796410104109327e+03 2.269540000000000290e+01 5.728570744395256042e-03 -1.763591170310974121e-02 6.761286407709121704e-02 6.735078990459442139e-02
2.989283996507061147e+03 -9.909555037687657659e+02 2.857492560146853975e+03 2.269740000000000180e+01 -1.561879366636276245e-01 -6.207238882780075073e-02 6.761286407709121704e-02 6.735078990459442139e-02
2.994306098229908912e+03 -9.853145704026654812e+02 2.854183165280908270e+03 2.269940000000000069e+01 2.935518883168697357e-02 -1.546567976474761963e-01 6.761286407709121704e-02 6.735078990459442139e-02
2.999313880742921356e+03 -9.796641612958035239e+02 2.850868241321170444e+03 2.270140000000000313e+01 3.467951342463493347e-02 3.979926556348800659e-02 6.761286407709121704e-02 6.735078990459442139e-02
3.003060755065499052e+03 -9.754204468516796851e+02 2.848378601305884786e+03 2.270340000000000202e+01 -1.248595863580703735e-01 -8.852174878120422363e-02 6.761286407709121704e-02 6.735078990459442139e-02
3.009286392343597981e+03 -9.683350240700082168e+02 2.844221869603863979e+03 2.270540000000000092e+01 -1.095450818538665771e-01 -1.885017007589340210e-02 6.761286407709121704e-02 6.735078990459442139e-02
3.014251073601699318e+03 -9.626563502880297847e+02 2.840890453723723567e+03 2.270739999999999981e+01 -1.016178503632545471e-01 -1.136535182595252991e-01 6.761286407709121704e-02 6.735078990459442139e-02
3.020437237071933851e+03 -9.555452163708383750e+02 2.836718720397272591e+03 2.270940000000000225e+01 8.939705044031143188e-02 -8.434900082647800446e-03 6.761286407709121704e-02 6.735078990459442139e-02
3.033965415495309117e+03 -9.398482545141101809e+02 2.827510295221479282e+03 2.271140000000000114e+01 -9.417441487312316895e-02 1.319267600774765015e-01 6.761286407709121704e-02 6.735078990459442139e-02
3.038857787231582734e+03 -9.341230168705948245e+02 2.824151711904392414e+03 2.271340000000000003e+01 -6.335461884737014771e-02 8.091625059023499489e-04 6.761286407709121704e-02 6.735078990459442139e-02
3.043735626477138794e+03 -9.283885485553839771e+02 2.820787743263003449e+03 2.271540000000000248e+01 -1.081928163766860962e-01 -6.859610974788665771e-02 6.761286407709121704e-02 6.735078990459442139e-02
3.048598909956051102e+03 -9.226448769323609440e+02 2.817418405349591012e+03 2.271740000000000137e+01 8.468478918075561523e-02 -3.761147335171699524e-02 6.761286407709121704e-02 6.735078990459442139e-02
3.053447614377036643e+03 -9.168920295092641481e+02 2.814043714300681131e+03 2.271940000000000026e+01 -6.375900655984878540e-02 -6.273326929658651352e-03 6.761286407709121704e-02 6.735078990459442139e-02
3.058281716535444048e+03 -9.111300338176931746e+02 2.810663686266652803e+03 2.272140000000000271e+01 3.393347188830375671e-02 3.339938074350357056e-02 6.761286407709121704e-02 6.735078990459442139e-02
3.063101193279905601e+03 -9.053589174532500010e+02 2.807278337435295725e+03 2.272340000000000160e+01 -5.628175288438796997e-02 3.814133256673812866e-02 6.761286407709121704e-02 6.735078990459442139e-02
3.067506366059395532e+03 -9.000608541654287365e+02 2.804170507979985814e+03 2.272540000000000049e+01 -1.706778258085250854e-02 8.300945907831192017e-02 6.761286407709121704e-02 6.735078990459442139e-02
3.033965415495309117e+03 -9.398482545141101809e+02 2.827510295221479282e+03 2.272740000000000293e+01 -6.899304687976837158e-02 -8.759423159062862396e-03 6.761286407709121704e-02 6.735078990459442139e-02
3.038857787231582734e+03 -9.341230168705948245e+02 2.824151711904392414e+03 2.272940000000000182e+01 -5.704798176884651184e-02 -7.487595081329345703e-02 6.761286407709121704e-02 6.735078990459442139e-02
3.043735626477138794e+03 -9.283885485553839771e+02 2.820787743263003449e+03 2.273140000000000072e+01 -1.501364260911941528e-01 9.510572999715805054e-04 6.761286407709121704e-02 6.735078990459442139e-02
3.048598909956051102e+03 -9.226448769323609440e+02 2.817418405349591012e+03 2.273340000000000316e+01 -1.251987814903259277e-01 2.667018584907054901e-02 6.761286407709121704e-02 6.735078990459442139e-02
3.053447614377036643e+03 -9.168920295092641481e+02 2.814043714300681131e+03 2.273540000000000205e+01 -1.266115009784698486e-01 3.744310513138771057e-02 6.761286407709121704e-02 6.735078990459442139e-02
3.058281716535444048e+03 -9.111300338176931746e+02 2.810663686266652803e+03 2.273740000000000094e+01 -3.559025470167398453e-03 1.636990718543529510e-02 6.761286407709121704e-02 6.735078990459442139e-02
3.063101193279905601e+03 -9.053589174532500010e+02 2.807278337435295725e+03 2.273939999999999984e+01 5.528823286294937134e-02 -6.127708405256271362e-02 6.761286407709121704e-02 6.735078990459442139e-02
3.067506366059395532e+03 -9.000608541654287365e+02 2.804170507979985814e+03 2.274140000000000228e+01 -1.580125093460083008e-02 1.240220665931701660e-02 6.761286407709121704e-02 6.735078990459442139e-02
3.082232386143429721e+03 -8.821837979776109933e+02 2.793684058355909656e+03 2.274340000000000117e+01 -1.483857072889804840e-02 -2.563215792179107666e-02 6.761286407709121704e-02 6.735078990459442139e-02
3.086978391318519243e+03 -8.763674933228999180e+02 2.790272349018504428e+03 2.274540000000000006e+01 -3.809176012873649597e-02 -7.062386721372604370e-02 6.761286407709121704e-02 6.735078990459442139e-02
3.091709633811469303e+03 -8.705422342789341883e+02 2.786855416424014493e+03 2.274740000000000251e+01 -2.939102007076144218e-03 1.664354203967377543e-04 6.761286407709121704e-02 6.735078990459442139e-02
3.096426090897427002e+03 -8.647080488253308204e+02 2.783433276984497297e+03 2.274940000000000140e+01 1.737671047449111938e-01 -9.840761311352252960e-03 6.761286407709121704e-02 6.735078990459442139e-02
3.101127740103030192e+03 -8.588649647609285012e+02 2.780005947005838607e+03 2.275140000000000029e+01 1.346611417829990387e-02 -4.346814006567001343e-02 6.761286407709121704e-02 6.735078990459442139e-02
3.105814558780211883e+03 -8.530130102324508243e+02 2.776573442997834718e+03 2.275340000000000273e+01 4.163355380296707153e-02 -5.206618458032608032e-02 6.761286407709121704e-02 6.735078990459442139e-02
3.110486524613661913e+03 -8.471522131033242431e+02 2.773135781303978547e+03 2.275540000000000163e+01 1.177749484777450562e-01 -5.280035361647605896e-02 6.761286407709121704e-02 6.735078990459442139e-02
3.114756282621815899e+03 -8.417721836992071758e+02 2.769980139903309919e+03 2.275740000000000052e+01 -2.392320148646831512e-02 -1.127254962921142578e-01 6.761286407709121704e-02 6.735078990459442139e-02
3.082232386143429721e+03 -8.821837979776109933e+02 2.793684058355909656e+03 2.275940000000000296e+01 8.366486430168151855e-02 1.313841044902801514e-01 6.761286407709121704e-02 6.735078990459442139e-02
3.086978391318519243e+03 -8.763674933228999180e+02 2.790272349018504428e+03 2.276140000000000185e+01 1.428708340972661972e-02 -5.396186560392379761e-02 6.761286407709121704e-02 6.735078990459442139e-02
3.091709633811469303e+03 -8.705422342789341883e+02 2.786855416424014493e+03 2.276340000000000074e+01 -7.226937264204025269e-02 3.899108245968818665e-02 6.761286407709121704e-02 6.735078990459442139e-02
3.096426090897427002e+03 -8.647080488253308204e+02 2.783433276984497297e+03 2.276540000000000319e+01 4.186564683914184570e-02 -5.100759118795394897e-02 6.761286407709121704e-02 6.735078990459442139e-02
3.101127740103030192e+03 -8.588649647609285012e+02 2.780005947005838607e+03 2.276740000000000208e+01 2.990101464092731476e-02 2.924510091543197632e-02 6.761286407709121704e-02 6.735078990459442139e-02
3.105814558780211883e+03 -8.530130102324508243e+02 2.776573442997834718e+03 2.276940000000000097e+01 2.131086960434913635e-02 -6.258118152618408203e-02 6.761286407709121704e-02 6.735078990459442139e-02
3.110486524613661913e+03 -8.471522131033242431e+02 2.773135781303978547e+03 2.277139999999999986e+01 9.230075404047966003e-03 -4.248437657952308655e-02 6.761286407709121704e-02 6.735078990459442139e-02
3.114756282621815899e+03 -8.417721836992071758e+02 2.769980139903309919e+03 2.277340000000000231e+01 4.406386241316795349e-02 -1.535697467625141144e-02 6.761286407709121704e-02 6.735078990459442139e-02
3.129025413076858968e+03 -8.236211605850382966e+02 2.759333887312989191e+03 2.277540000000000120e+01 4.416002333164215088e-02 -1.163757313042879105e-02 6.761286407709121704e-02 6.735078990459442139e-02
3.133622780588306796e+03 -8.177165722013974118e+02 2.755870684564704788e+03 2.277740000000000009e+01 8.165206760168075562e-02 1.194749325513839722e-01 6.761286407709121704e-02 6.735078990459442139e-02
3.138205162092871433e+03 -8.118033102392589626e+02 2.752402423268787061e+03 2.277940000000000254e+01 -1.521660685539245605e-01 -1.415354199707508087e-03 6.761286407709121704e-02 6.735078990459442139e-02
3.142772535772217452e+03 -8.058814028537786953e+02 2.748929119938876283e+03 2.278140000000000143e+01 -1.790885464288294315e-03 -2.350645326077938080e-02 6.761286407709121704e-02 6.735078990459442139e-02
3.147324879640881136e+03 -7.999508785506831146e+02 2.745450791294088958e+03 2.278340000000000032e+01 -7.351757586002349854e-02 3.007927909493446350e-02 6.761286407709121704e-02 6.735078990459442139e-02
3.151862172039423058e+03 -7.940117655466759743e+02 2.741967453883890812e+03 2.278540000000000276e+01 -8.854165673255920410e-02 7.687330245971679688e-03 6.761286407709121704e-02 6.735078990459442139e-02
3.156384391127164236e+03 -7.880640924302937265e+02 2.738479124475693880e+03 2.278740000000000165e+01 2.063006721436977386e-02 6.576617714017629623e-03 6.761286407709121704e-02 6.735078990459442139e-02
3.160516691222758254e+03 -7.826046713383169617e+02 2.735277181154140180e+03 2.278940000000000055e+01 -9.161259233951568604e-02 -3.870875388383865356e-02 6.761286407709121704e-02 6.735078990459442139e-02
3.129025413076858968e+03 -8.236211605850382966e+02 2.759333887312989191e+03 2.279140000000000299e+01 -4.442201182246208191e-02 -9.625333547592163086e-02 6.761286407709121704e-02 6.735078990459442139e-02
3.133622780588306796e+03 -8.177165722013974118e+02 2.755870684564704788e+03 2.279340000000000188e+01 -2.441451884806156158e-02 -1.043682098388671875e-01 6.761286407709121704e-02 6.735078990459442139e-02
3.138205162092871433e+03 -8.118033102392589626e+02 2.752402423268787061e+03 2.279540000000000077e+01 1.672567054629325867e-02 1.058651655912399292e-01 6.761286407709121704e-02 6.735078990459442139e-02
3.142772535772217452e+03 -8.058814028537786953e+02 2.748929119938876283e+03 2.279739999999999966e+01 6.604304071515798569e-03 -1.001938944682478905e-03 6.761286407709121704e-02 6.735078990459442139e-02
3.147324879640881136e+03 -7.999508785506831146e+02 2.745450791294088958e+03 2.279940000000000211e+01 -2.644330449402332306e-02 -7.557784765958786011e-02 6.761286407709121704e-02 6.735078990459442139e-02
3.151862172039423058e+03 -7.940117655466759743e+02 2.741967453883890812e+03 2.280140000000000100e+01 -4.910963401198387146e-02 -2.711703814566135406e-02 6.761286407709121704e-02 6.735078990459442139e-02
3.156384391127164236e+03 -7.880640924302937265e+02 2.738479124475693880e+03 2.280339999999999989e+01 2.393991686403751373e-03 -5.401548370718955994e-02 6.761286407709121704e-02 6.735078990459442139e-02
3.160516691222758254e+03 -7.826046713383169617e+02 2.735277181154140180e+03 2.280540000000000234e+01 -1.320443116128444672e-02 -2.093942835927009583e-02 6.761286407709121704e-02 6.735078990459442139e-02
3.173579538588349806e+03 -7.651858912323189088e+02 2.725061250253007074e+03 2.280740000000000123e+01 -5.183818750083446503e-03 -1.340873390436172485e-01 6.761286407709121704e-02 6.735078990459442139e-02
3.178028599901779216e+03 -7.591972457745042675e+02 2.721549028353698759e+03 2.280940000000000012e+01 -1.464339345693588257e-01 2.047108672559261322e-02 6.761286407709121704e-02 6.735078990459442139e-02
3.182462462757497178e+03 -7.532002067138616894e+02 2.718031912112885493e+03 2.281140000000000256e+01 1.285562217235565186e-01 -1.898027658462524414e-01 6.761286407709121704e-02 6.735078990459442139e-02
3.186881105859203217e+03 -7.471948028551991001e+02 2.714509918423884301e+03 2.281340000000000146e+01 -8.323350548744201660e-02 1.653029024600982666e-01 6.761286407709121704e-02 6.735078990459442139e-02
3.191284508183737216e+03 -7.411810627715686906e+02 2.710983064043961804e+03 2.281540000000000035e+01 1.161417141556739807e-01 -1.191026866436004639e-01 6.761286407709121704e-02 6.735078990459442139e-02
3.195672648550097620e+03 -7.351590153896989932e+02 2.707451365937665287e+03 2.281740000000000279e+01 -1.934531033039093018e-01 5.045967549085617065e-02 6.761286407709121704e-02 6.735078990459442139e-02
3.200045506019230743e+03 -7.291286894457907692e+02 2.703914840957674187e+03 2.281940000000000168e+01 -6.339333485811948776e-03 -2.592102885246276855e-01 6.761286407709121704e-02 6.735078990459442139e-02
3.204040710262918310e+03 -7.235937475802020344e+02 2.700668861649231076e+03 2.282140000000000057e+01 -4.323475807905197144e-02 -4.143862426280975342e-02 6.761286407709121704e-02 6.735078990459442139e-02
3.173579538588349806e+03 -7.651858912323189088e+02 2.725061250253007074e+03 2.282340000000000302e+01 1.717279106378555298e-01 -1.903646141290664673e-01 6.761286407709121704e-02 6.735078990459442139e-02
3.178028599901779216e+03 -7.591972457745042675e+02 2.721549028353698759e+03 2.282540000000000191e+01 -4.858637601137161255e-02 9.681850671768188477e-02 6.761286407709121704e-02 6.735078990459442139e-02
3.182462462757497178e+03 -7.532002067138616894e+02 2.718031912112885493e+03 2.282740000000000080e+01 -2.545956335961818695e-02 -9.180465340614318848e-02 6.761286407709121704e-02 6.735078990459442139e-02
3.186881105859203217e+03 -7.471948028551991001e+02 2.714509918423884301e+03 2.282939999999999969e+01 -2.139305509626865387e-02 -4.812399297952651978e-02 6.761286407709121704e-02 6.735078990459442139e-02
3.191284508183737216e+03 -7.411810627715686906e+02 2.710983064043961804e+03 2.283140000000000214e+01 -7.581274956464767456e-03 -6.704286485910415649e-02 6.761286407709121704e-02 6.735078990459442139e-02
3.195672648550097620e+03 -7.351590153896989932e+02 2.707451365937665287e+03 2.283340000000000103e+01 1.013193726539611816e-01 -6.633216887712478638e-02 6.761286407709121704e-02 6.735078990459442139e-02
3.200045506019230743e+03 -7.291286894457907692e+02 2.703914840957674187e+03 2.283539999999999992e+01 -1.404968649148941040e-02 1.576550677418708801e-02 6.761286407709121704e-02 6.735078990459442139e-02
3.204040710262918310e+03 -7.235937475802020344e+02 2.700668861649231076e+03 2.283740000000000236e+01 1.169705465435981750e-01 -7.084284722805023193e-02 6.761286407709121704e-02 6.735078990459442139e-02
3.217383689337997566e+03 -7.049251780208462606e+02 2.689720811253836473e+03 2.283940000000000126e+01 7.075763493776321411e-02 6.182900443673133850e-02 6.761286407709121704e-02 6.735078990459442139e-02
3.221679819756140660e+03 -6.988538931160630909e+02 2.686160406336582582e+03 2.284140000000000015e+01 1.582100614905357361e-02 1.078450679779052734e-01 6.761286407709121704e-02 6.735078990459442139e-02
3.225960542873260692e+03 -6.927745033113253612e+02 2.682595276388939055e+03 2.284340000000000259e+01 -6.296865642070770264e-02 -6.331446766853332520e-02 6.761286407709121704e-02 6.735078990459442139e-02
3.230225838068788107e+03 -6.866870378915747324e+02 2.679025438584445055e+03 2.284540000000000148e+01 -2.271013893187046051e-02 1.562560349702835083e-01 6.761286407709121704e-02 6.735078990459442139e-02
3.234475685034162325e+03 -6.805915258414189566e+02 2.675450909920385584e+03 2.284740000000000038e+01 -9.658716153353452682e-04 -1.170670092105865479e-01 6.761286407709121704e-02 6.735078990459442139e-02
3.238710063400903437e+03 -6.744879963747154079e+02 2.671871707528348907e+03 2.284940000000000282e+01 1.437451131641864777e-02 -1.012075915932655334e-01 6.761286407709121704e-02 6.735078990459442139e-02
3.242928952845533331e+03 -6.683764787864499795e+02 2.668287848587363897e+03 2.285140000000000171e+01 3.680179268121719360e-02 -1.863683573901653290e-02 6.761286407709121704e-02 6.735078990459442139e-02
3.246782842070300831e+03 -6.627673628891201361e+02 2.664998627385641612e+03 2.285340000000000060e+01 7.495803385972976685e-02 -2.046460472047328949e-02 6.761286407709121704e-02 6.735078990459442139e-02
3.217383689337997566e+03 -7.049251780208462606e+02 2.689720811253836473e+03 2.285540000000000305e+01 -7.061052322387695312e-02 1.338034272193908691e-01 6.761286407709121704e-02 6.735078990459442139e-02
3.221679819756140660e+03 -6.988538931160630909e+02 2.686160406336582582e+03 2.285740000000000194e+01 -8.071671426296234131e-02 5.896269902586936951e-02 6.761286407709121704e-02 6.735078990459442139e-02
3.225960542873260692e+03 -6.927745033113253612e+02 2.682595276388939055e+03 2.285940000000000083e+01 6.277570873498916626e-02 1.711669564247131348e-02 6.761286407709121704e-02 6.735078990459442139e-02
3.230225838068788107e+03 -6.866870378915747324e+02 2.679025438584445055e+03 2.286139999999999972e+01 -1.353770643472671509e-01 6.134542822837829590e-02 6.761286407709121704e-02 6.735078990459442139e-02
3.234475685034162325e+03 -6.805915258414189566e+02 2.675450909920385584e+03 2.286340000000000217e+01 -9.976546466350555420e-02 1.125454083085060120e-01 6.761286407709121704e-02 6.735078990459442139e-02
3.238710063400903437e+03 -6.744879963747154079e+02 2.671871707528348907e+03 2.286540000000000106e+01 5.151249840855598450e-02 -2.343738079071044922e-02 6.761286407709121704e-02 6.735078990459442139e-02
3.242928952845533331e+03 -6.683764787864499795e+02 2.668287848587363897e+03 2.286739999999999995e+01 -1.178843826055526733e-01 1.614914624951779842e-03 6.761286407709121704e-02 6.735078990459442139e-02
3.246782842070300831e+03 -6.627673628891201361e+02 2.664998627385641612e+03 2.286940000000000239e+01 -1.329256873577833176e-02 -1.392611861228942871e-01 6.761286407709121704e-02 6.735078990459442139e-02
3.259649219195635851e+03 -6.438511120500805873e+02 2.653906190283938486e+03 2.287140000000000128e+01 -5.797088891267776489e-02 9.669928997755050659e-02 6.761286407709121704e-02 6.735078990459442139e-02
3.263790362909684063e+03 -6.377000929744244786e+02 2.650299306100516787e+03 2.287340000000000018e+01 -5.683362111449241638e-02 -8.733555674552917480e-02 6.761286407709121704e-02 6.735078990459442139e-02
3.267915897675280576e+03 -6.315412618351256242e+02 2.646687868608415101e+03 2.287540000000000262e+01 -7.987024635076522827e-02 -2.509297244250774384e-02 6.761286407709121704e-02 6.735078990459442139e-02
3.272025803849413023e+03 -6.253746479566369771e+02 2.643071895003021837e+03 2.287740000000000151e+01 -6.636321544647216797e-02 -7.990892045199871063e-03 6.761286407709121704e-02 6.735078990459442139e-02
3.276120061648617593e+03 -6.192002810225599205e+02 2.639451402690179293e+03 2.287940000000000040e+01 -5.504379048943519592e-03 -7.492398470640182495e-02 6.761286407709121704e-02 6.735078990459442139e-02
3.280198651592951137e+03 -6.130181904099027861e+02 2.635826408895767145e+03 2.288140000000000285e+01 6.490228325128555298e-02 -1.721279323101043701e-02 6.761286407709121704e-02 6.735078990459442139e-02
3.284261554049872757e+03 -6.068284058767123952e+02 2.632196931069084712e+03 2.288340000000000174e+01 -3.815425094217061996e-03 2.745656855404376984e-02 6.761286407709121704e-02 6.735078990459442139e-02
3.287972283972965215e+03 -6.011478002011451736e+02 2.628866042037848729e+03 2.288540000000000063e+01 -6.902429275214672089e-03 5.075367540121078491e-02 6.761286407709121704e-02 6.735078990459442139e-02
3.259649219195635851e+03 -6.438511120500805873e+02 2.653906190283938486e+03 2.288740000000000308e+01 8.028357475996017456e-02 2.944702468812465668e-02 6.761286407709121704e-02 6.735078990459442139e-02
3.263790362909684063e+03 -6.377000929744244786e+02 2.650299306100516787e+03 2.288940000000000197e+01 -5.563274025917053223e-02 1.335433870553970337e-01 6.761286407709121704e-02 6.735078990459442139e-02
3.267915897675280576e+03 -6.315412618351256242e+02 2.646687868608415101e+03 2.289140000000000086e+01 -6.177978217601776123e-02 -2.612311579287052155e-02 6.761286407709121704e-02 6.735078990459442139e-02
3.272025803849413023e+03 -6.253746479566369771e+02 2.643071895003021837e+03 2.289339999999999975e+01 2.526673488318920135e-02 3.036348707973957062e-02 6.761286407709121704e-02 6.735078990459442139e-02
3.276120061648617593e+03 -6.192002810225599205e+02 2.639451402690179293e+03 2.289540000000000219e+01 3.943121805787086487e-02 -7.878518849611282349e-02 6.761286407709121704e-02 6.735078990459442139e-02
3.280198651592951137e+03 -6.130181904099027861e+02 2.635826408895767145e+03 2.289740000000000109e+01 -7.294485718011856079e-02 3.454068303108215332e-02 6.761286407709121704e-02 6.735078990459442139e-02
3.284261554049872757e+03 -6.068284058767123952e+02 2.632196931069084712e+03 2.289939999999999998e+01 1.057892441749572754e-01 -2.009053342044353485e-02 6.761286407709121704e-02 6.735078990459442139e-02
3.287972283972965215e+03 -6.011478002011451736e+02 2.628866042037848729e+03 2.290140000000000242e+01 -1.595370657742023468e-02 -5.665516480803489685e-03 6.761286407709121704e-02 6.735078990459442139e-02
3.300355901946633367e+03 -5.819929204852157909e+02 2.617634526535265650e+03 2.290340000000000131e+01 -6.647714227437973022e-02 5.292559042572975159e-02 6.761286407709121704e-02 6.735078990459442139e-02
3.304340077123806168e+03 -5.757651109470124311e+02 2.613982889241577141e+03 2.290540000000000020e+01 -9.866534918546676636e-02 -3.810575231909751892e-02 6.761286407709121704e-02 6.735078990459442139e-02
3.308308449308519812e+03 -5.695297857291387800e+02 2.610326872428016031e+03 2.290740000000000265e+01 -2.811773307621479034e-02 2.121076546609401703e-02 6.761286407709121704e-02 6.735078990459442139e-02
3.312260999578128121e+03 -5.632869745635479148e+02 2.606666493527602142e+03 2.290940000000000154e+01 -5.590473883785307407e-04 3.176460042595863342e-02 6.761286407709121704e-02 6.735078990459442139e-02
3.316197708989007424e+03 -5.570367073700710989e+02 2.603001770083385509e+03 2.291140000000000043e+01 3.282254934310913086e-02 2.010719105601310730e-02 6.761286407709121704e-02 6.735078990459442139e-02
3.320118558632769691e+03 -5.507790141697904573e+02 2.599332719697651100e+03 2.291340000000000288e+01 1.460411958396434784e-02 -4.935332760214805603e-02 6.761286407709121704e-02 6.735078990459442139e-02
3.324023529854697244e+03 -5.445139247361032631e+02 2.595659359827330718e+03 2.291540000000000177e+01 -2.053778059780597687e-02 6.129392236471176147e-02 6.761286407709121704e-02 6.735078990459442139e-02
3.327589324085452063e+03 -5.387645487436602707e+02 2.592288397554646963e+03 2.291740000000000066e+01 2.765561453998088837e-03 -4.127937182784080505e-02 6.761286407709121704e-02 6.735078990459442139e-02
3.300355901946633367e+03 -5.819929204852157909e+02 2.617634526535265650e+03 2.291940000000000310e+01 7.570008188486099243e-02 -9.264674037694931030e-02 6.761286407709121704e-02 6.735078990459442139e-02
3.304340077123806168e+03 -5.757651109470124311e+02 2.613982889241577141e+03 2.292140000000000200e+01 -4.966637119650840759e-03 -1.445062607526779175e-01 6.761286407709121704e-02 6.735078990459442139e-02
3.308308449308519812e+03 -5.695297857291387800e+02 2.610326872428016031e+03 2.292340000000000089e+01 -5.834164470434188843e-02 3.248113393783569336e-02 6.761286407709121704e-02 6.735078990459442139e-02
3.312260999578128121e+03 -5.632869745635479148e+02 2.606666493527602142e+03 2.292539999999999978e+01 -2.221908420324325562e-02 -6.232125684618949890e-02 6.761286407709121704e-02 6.735078990459442139e-02
3.316197708989007424e+03 -5.570367073700710989e+02 2.603001770083385509e+03 2.292740000000000222e+01 7.777491956949234009e-02 -2.381389960646629333e-02 6.761286407709121704e-02 6.735078990459442139e-02
3.320118558632769691e+03 -5.507790141697904573e+02 2.599332719697651100e+03 2.292940000000000111e+01 -5.686987191438674927e-02 3.006279096007347107e-02 6.761286407709121704e-02 6.735078990459442139e-02
3.324023529854697244e+03 -5.445139247361032631e+02 2.595659359827330718e+03 2.293140000000000001e+01 -7.646983116865158081e-02 9.839607030153274536e-02 6.761286407709121704e-02 6.735078990459442139e-02
3.327589324085452063e+03 -5.387645487436602707e+02 2.592288397554646963e+03 2.293340000000000245e+01 3.076678700745105743e-02 -1.864463835954666138e-02 6.761286407709121704e-02 6.735078990459442139e-02
