# Baseline: 17-23
# Entries: 128
# u [m], v [m], w [m], frequency [GHz], real, imag, std(real), std(imag)
6.150582070221895265e+03 3.000973232537103740e+03 6.546679966458777017e+03 2.267940000000000111e+01 1.046858131885528564e-01 -4.936786741018295288e-02 6.797499954700469971e-02 6.826165318489074707e-02
6.152138241867636680e+03 3.012569748606840221e+03 6.539888171131154195e+03 2.268140000000000001e+01 -2.734400928020477295e-01 -5.470393598079681396e-02 6.797499954700469971e-02 6.826165318489074707e-02
6.153665010132157477e+03 3.024169191644474267e+03 6.533094700948116042e+03 2.268340000000000245e+01 2.046786397695541382e-01 7.190313935279846191e-02 6.797499954700469971e-02 6.826165318489074707e-02
6.155162367719633039e+03 3.035771506218872219e+03 6.526299588374120503e+03 2.268540000000000134e+01 -1.741112768650054932e-01 -9.339129924774169922e-02 6.797499954700469971e-02 6.826165318489074707e-02
6.156267000325938170e+03 3.044475006621664761e+03 6.521202245159018275e+03 2.268740000000000023e+01 1.563044041395187378e-01 1.700793206691741943e-01 6.797499954700469971e-02 6.826165318489074707e-02
6.158068822338826976e+03 3.058984527862046434e+03 6.512704566139385861e+03 2.268940000000000268e+01 -1.978242695331573486e-01 -2.128300070762634277e-01 6.797499954700469971e-02 6.826165318489074707e-02
6.159477905431580439e+03 3.070595123596728172e+03 6.505904721682959462e+03 2.269140000000000157e+01 1.244852691888809204e-01 4.032157361507415771e-02 6.797499954700469971e-02 6.826165318489074707e-02
6.161199053547470612e+03 3.085111983287533803e+03 6.497402852685780999e+03 2.269340000000000046e+01 -1.410782784223556519e-01 -1.104235351085662842e-01 6.797499954700469971e-02 6.826165318489074707e-02
6.150582070221895265e+03 3.000973232537103740e+03 6.546679966458777017e+03 2.269540000000000290e+01 9.210607409477233887e-02 1.901068687438964844e-01 6.797499954700469971e-02 6.826165318489074707e-02
6.152138241867636680e+03 3.012569748606840221e+03 6.539888171131154195e+03 2.269740000000000180e+01 -2.310899645090103149e-01 -1.337815970182418823e-01 6.797499954700469971e-02 6.826165318489074707e-02
6.153665010132157477e+03 3.024169191644474267e+03 6.533094700948116042e+03 2.269940000000000069e+01 1.684665828943252563e-01 -5.740278586745262146e-02 6.797499954700469971e-02 6.826165318489074707e-02
6.155162367719633039e+03 3.035771506218872219e+03 6.526299588374120503e+03 2.270140000000000313e+01 -1.130897272378206253e-02 4.031874239444732666e-02 6.797499954700469971e-02 6.826165318489074707e-02
6.156267000325938170e+03 3.044475006621664761e+03 6.521202245159018275e+03 2.270340000000000202e+01 4.910724610090255737e-02 -1.742872223258018494e-02 6.797499954700469971e-02 6.826165318489074707e-02
6.158068822338826976e+03 3.058984527862046434e+03 6.512704566139385861e+03 2.270540000000000092e+01 -1.309691667556762695e-01 1.655840687453746796e-02 6.797499954700469971e-02 6.826165318489074707e-02
6.159477905431580439e+03 3.070595123596728172e+03 6.505904721682959462e+03 2.270739999999999981e+01 8.754755556583404541e-02 4.546035826206207275e-02 6.797499954700469971e-02 6.826165318489074707e-02
6.161199053547470612e+03 3.085111983287533803e+03 6.497402852685780999e+03 2.270940000000000225e+01 -3.222373500466346741e-02 7.906194031238555908e-02 6.797499954700469971e-02 6.826165318489074707e-02
6.164819787530870599e+03 3.117063444318732763e+03 6.478690546671786251e+03 2.271140000000000114e+01 7.171658426523208618e-02 3.066501021385192871e-02 6.797499954700469971e-02 6.826165318489074707e-02
6.166081613525736429e+03 3.128686730923016512e+03 6.471883466446214697e+03 2.271340000000000003e+01 -1.111167594790458679e-01 -4.744490981101989746e-02 6.797499954700469971e-02 6.826165318489074707e-02
6.167313969403258852e+03 3.140312388708503022e+03 6.465075036865426227e+03 2.271540000000000248e+01 -1.784274540841579437e-02 7.194361835718154907e-02 6.797499954700469971e-02 6.826165318489074707e-02
6.168516849283227202e+03 3.151940362199768060e+03 6.458265290417943106e+03 2.271740000000000137e+01 -2.321522682905197144e-02 -8.590478450059890747e-02 6.797499954700469971e-02 6.826165318489074707e-02
6.169690247404876573e+03 3.163570595707861685e+03 6.451454259717148489e+03 2.271940000000000026e+01 3.051620163023471832e-02 -6.458343565464019775e-02 6.797499954700469971e-02 6.826165318489074707e-02
6.170834158152583768e+03 3.175203033573532593e+03 6.444641977358839540e+03 2.272140000000000271e+01 -9.820994734764099121e-02 -1.017054095864295959e-01 6.797499954700469971e-02 6.826165318489074707e-02
6.171948576048334871e+03 3.186837620086424977e+03 6.437828475968562088e+03 2.272340000000000160e+01 -8.137158118188381195e-03 -8.517770469188690186e-02 6.797499954700469971e-02 6.826165318489074707e-02
6.172944588205393302e+03 3.197504471824570373e+03 6.431581737974959651e+03 2.272540000000000049e+01 -6.823107600212097168e-02 3.492096811532974243e-02 6.797499954700469971e-02 6.826165318489074707e-02
6.164819787530870599e+03 3.117063444318732763e+03 6.478690546671786251e+03 2.272740000000000293e+01 -1.263695396482944489e-02 -2.596881240606307983e-02 6.797499954700469971e-02 6.826165318489074707e-02
6.166081613525736429e+03 3.128686730923016512e+03 6.471883466446214697e+03 2.272940000000000182e+01 3.516024723649024963e-02 -9.221178293228149414e-02 6.797499954700469971e-02 6.826165318489074707e-02
6.167313969403258852e+03 3.140312388708503022e+03 6.465075036865426227e+03 2.273140000000000072e+01 -4.515857994556427002e-02 9.572240710258483887e-02 6.797499954700469971e-02 6.826165318489074707e-02
6.168516849283227202e+03 3.151940362199768060e+03 6.458265290417943106e+03 2.273340000000000316e+01 4.322026297450065613e-02 -9.929478168487548828e-02 6.797499954700469971e-02 6.826165318489074707e-02
6.169690247404876573e+03 3.163570595707861685e+03 6.451454259717148489e+03 2.273540000000000205e+01 -3.535396233201026917e-02 -1.152757927775382996e-02 6.797499954700469971e-02 6.826165318489074707e-02
6.170834158152583768e+03 3.175203033573532593e+03 6.444641977358839540e+03 2.273740000000000094e+01 6.030140072107315063e-02 -8.269231021404266357e-02 6.797499954700469971e-02 6.826165318489074707e-02
6.171948576048334871e+03 3.186837620086424977e+03 6.437828475968562088e+03 2.273939999999999984e+01 1.826242916285991669e-02 4.422471299767494202e-02 6.797499954700469971e-02 6.826165318489074707e-02
6.172944588205393302e+03 3.197504471824570373e+03 6.431581737974959651e+03 2.274140000000000228e+01 -7.328564766794443130e-03 9.585925377905368805e-03 6.797499954700469971e-02 6.826165318489074707e-02
6.176111214623884734e+03 3.233396339508205074e+03 6.410562931944797128e+03 2.274340000000000117e+01 2.740583382546901703e-03 -9.428407996892929077e-02 6.797499954700469971e-02 6.826165318489074707e-02
6.177078091100875099e+03 3.245040834021512183e+03 6.403743824525443415e+03 2.274540000000000006e+01 -7.044971734285354614e-02 -7.426716387271881104e-02 6.797499954700469971e-02 6.826165318489074707e-02
6.178015444858393494e+03 3.256687143118752829e+03 6.396923693706972699e+03 2.274740000000000251e+01 9.016745537519454956e-02 1.356290876865386963e-01 6.797499954700469971e-02 6.826165318489074707e-02
6.178923271394228323e+03 3.268335210860917869e+03 6.390102572247503304e+03 2.274940000000000140e+01 7.634591311216354370e-02 2.421834133565425873e-02 6.797499954700469971e-02 6.826165318489074707e-02
6.179801566382328019e+03 3.279984981746839367e+03 6.383280492648580548e+03 2.275140000000000029e+01 -1.115024760365486145e-01 3.284322097897529602e-02 6.797499954700469971e-02 6.826165318489074707e-02
6.180650325592207082e+03 3.291636399658564642e+03 6.376457487772734567e+03 2.275340000000000273e+01 9.580946527421474457e-03 -3.267491981387138367e-02 6.797499954700469971e-02 6.826165318489074707e-02
6.181469544983223386e+03 3.303289409119488027e+03 6.369633590106755946e+03 2.275540000000000163e+01 -1.523999962955713272e-04 6.628437340259552002e-02 6.797499954700469971e-02 6.826165318489074707e-02
6.182194918997547575e+03 3.313972665871382560e+03 6.363377604859177154e+03 2.275740000000000052e+01 -6.239781156182289124e-02 5.568321794271469116e-03 6.797499954700469971e-02 6.826165318489074707e-02
6.176111214623884734e+03 3.233396339508205074e+03 6.410562931944797128e+03 2.275940000000000296e+01 -7.048579398542642593e-03 -5.854074284434318542e-02 6.797499954700469971e-02 6.826165318489074707e-02
6.177078091100875099e+03 3.245040834021512183e+03 6.403743824525443415e+03 2.276140000000000185e+01 1.536064893007278442e-01 -6.939398497343063354e-02 6.797499954700469971e-02 6.826165318489074707e-02
6.178015444858393494e+03 3.256687143118752829e+03 6.396923693706972699e+03 2.276340000000000074e+01 -6.643620878458023071e-02 -7.748638093471527100e-02 6.797499954700469971e-02 6.826165318489074707e-02
6.178923271394228323e+03 3.268335210860917869e+03 6.390102572247503304e+03 2.276540000000000319e+01 6.239638477563858032e-02 -2.657991601154208183e-03 6.797499954700469971e-02 6.826165318489074707e-02
6.179801566382328019e+03 3.279984981746839367e+03 6.383280492648580548e+03 2.276740000000000208e+01 -1.157964020967483521e-01 -1.528476271778345108e-02 6.797499954700469971e-02 6.826165318489074707e-02
6.180650325592207082e+03 3.291636399658564642e+03 6.376457487772734567e+03 2.276940000000000097e+01 5.343674495816230774e-02 8.737518452107906342e-03 6.797499954700469971e-02 6.826165318489074707e-02
6.181469544983223386e+03 3.303289409119488027e+03 6.369633590106755946e+03 2.277139999999999986e+01 -4.646138474345207214e-02 -1.394603848457336426e-01 6.797499954700469971e-02 6.826165318489074707e-02
6.182194918997547575e+03 3.313972665871382560e+03 6.363377604859177154e+03 2.277340000000000231e+01 7.106860727071762085e-02 -5.448295548558235168e-02 6.797499954700469971e-02 6.826165318489074707e-02
6.184450948010444336e+03 3.349916246169700571e+03 6.342329725225183211e+03 2.277540000000000120e+01 4.078180342912673950e-02 -8.267119526863098145e-02 6.797499954700469971e-02 6.826165318489074707e-02
6.185122412300372162e+03 3.361576376344539312e+03 6.335501853763084000e+03 2.277740000000000009e+01 -1.019541770219802856e-01 -1.037818342447280884e-01 6.797499954700469971e-02 6.826165318489074707e-02
6.185764315356988845e+03 3.373237763151110812e+03 6.328673285632635270e+03 2.277940000000000254e+01 -2.239358378574252129e-03 5.531032383441925049e-02 6.797499954700469971e-02 6.826165318489074707e-02
6.186376654123990193e+03 3.384900351065375162e+03 6.321844053347085719e+03 2.278140000000000143e+01 -1.335545182228088379e-01 6.558676064014434814e-02 6.797499954700469971e-02 6.826165318489074707e-02
6.186959425653913058e+03 3.396564083948273947e+03 6.315014189779634762e+03 2.278340000000000032e+01 3.243890404701232910e-02 1.954507082700729370e-02 6.797499954700469971e-02 6.826165318489074707e-02
6.187512627174070076e+03 3.408228906305222608e+03 6.308183727425905090e+03 2.278540000000000276e+01 -7.588318549096584320e-03 -2.337760379305109382e-04 6.797499954700469971e-02 6.826165318489074707e-02
6.188036256021633562e+03 3.419894761986409321e+03 6.301352699165021477e+03 2.278740000000000165e+01 -1.086328923702239990e-02 -2.600026503205299377e-02 6.797499954700469971e-02 6.826165318489074707e-02
6.188490644796910601e+03 3.430589311648328930e+03 6.295090460248437921e+03 2.278940000000000055e+01 1.791141331195831299e-01 -9.570398926734924316e-02 6.797499954700469971e-02 6.826165318489074707e-02
6.184450948010444336e+03 3.349916246169700571e+03 6.342329725225183211e+03 2.279140000000000299e+01 9.047475643455982208e-03 -4.759458824992179871e-02 6.797499954700469971e-02 6.826165318489074707e-02
6.185122412300372162e+03 3.361576376344539312e+03 6.335501853763084000e+03 2.279340000000000188e+01 3.094216063618659973e-02 -5.230224505066871643e-02 6.797499954700469971e-02 6.826165318489074707e-02
6.185764315356988845e+03 3.373237763151110812e+03 6.328673285632635270e+03 2.279540000000000077e+01 -5.120916664600372314e-02 9.729607962071895599e-03 6.797499954700469971e-02 6.826165318489074707e-02
6.186376654123990193e+03 3.384900351065375162e+03 6.321844053347085719e+03 2.279739999999999966e+01 -6.376027315855026245e-02 1.068705990910530090e-01 6.797499954700469971e-02 6.826165318489074707e-02
6.186959425653913058e+03 3.396564083948273947e+03 6.315014189779634762e+03 2.279940000000000211e+01 -1.427621841430664062e-01 8.946530520915985107e-02 6.797499954700469971e-02 6.826165318489074707e-02
6.187512627174070076e+03 3.408228906305222608e+03 6.308183727425905090e+03 2.280140000000000100e+01 -3.245967626571655273e-02 -5.502258986234664917e-02 6.797499954700469971e-02 6.826165318489074707e-02
6.188036256021633562e+03 3.419894761986409321e+03 6.301352699165021477e+03 2.280339999999999989e+01 3.808083245530724525e-03 4.720195382833480835e-02 6.797499954700469971e-02 6.826165318489074707e-02
6.188490644796910601e+03 3.430589311648328930e+03 6.295090460248437921e+03 2.280540000000000234e+01 -8.115938305854797363e-02 -1.220268979668617249e-01 6.797499954700469971e-02 6.826165318489074707e-02
6.189769498734169247e+03 3.464622444075479962e+03 6.275162436202157551e+03 2.280740000000000123e+01 3.930725529789924622e-02 -3.810014948248863220e-02 6.797499954700469971e-02 6.826165318489074707e-02
6.190150160263102407e+03 3.476292507939489951e+03 6.268329133095414363e+03 2.280940000000000012e+01 5.601783283054828644e-03 1.126684471964836121e-01 6.797499954700469971e-02 6.826165318489074707e-02
6.190501236505951056e+03 3.487963279596305711e+03 6.261495454696159868e+03 2.281140000000000256e+01 -5.616919696331024170e-02 -7.238738238811492920e-02 6.797499954700469971e-02 6.826165318489074707e-02
6.190822725776859443e+03 3.499634702989417747e+03 6.254661433827587643e+03 2.281340000000000146e+01 6.482539698481559753e-03 6.253686547279357910e-02 6.797499954700469971e-02 6.826165318489074707e-02
6.191114626546573163e+03 3.511306722587642980e+03 6.247827103005114623e+03 2.281540000000000035e+01 3.393860906362533569e-02 -7.936087250709533691e-02 6.797499954700469971e-02 6.826165318489074707e-02
6.191376937410777828e+03 3.522979282247189985e+03 6.240992495102664179e+03 2.281740000000000279e+01 -1.294613033533096313e-01 1.284890435636043549e-02 6.797499954700469971e-02 6.826165318489074707e-02
6.191609657118349787e+03 3.534652326268852448e+03 6.234157642733664034e+03 2.281940000000000168e+01 -1.116956844925880432e-01 6.530256569385528564e-02 6.797499954700469971e-02 6.826165318489074707e-02
6.191797364316964376e+03 3.545352989485518265e+03 6.227892176959216158e+03 2.282140000000000057e+01 1.041895523667335510e-01 -6.836306303739547729e-02 6.797499954700469971e-02 6.826165318489074707e-02
6.189769498734169247e+03 3.464622444075479962e+03 6.275162436202157551e+03 2.282340000000000302e+01 4.514109343290328979e-02 1.099379360675811768e-01 6.797499954700469971e-02 6.826165318489074707e-02
6.190150160263102407e+03 3.476292507939489951e+03 6.268329133095414363e+03 2.282540000000000191e+01 9.459636360406875610e-02 5.343645438551902771e-02 6.797499954700469971e-02 6.826165318489074707e-02
6.190501236505951056e+03 3.487963279596305711e+03 6.261495454696159868e+03 2.282740000000000080e+01 1.013628467917442322e-01 -6.107133999466896057e-02 6.797499954700469971e-02 6.826165318489074707e-02
6.190822725776859443e+03 3.499634702989417747e+03 6.254661433827587643e+03 2.282939999999999969e+01 -3.500005230307579041e-03 7.065538316965103149e-02 6.797499954700469971e-02 6.826165318489074707e-02
6.191114626546573163e+03 3.511306722587642980e+03 6.247827103005114623e+03 2.283140000000000214e+01 -7.254123687744140625e-02 -1.730686426162719727e-01 6.797499954700469971e-02 6.826165318489074707e-02
6.191376937410777828e+03 3.522979282247189985e+03 6.240992495102664179e+03 2.283340000000000103e+01 3.543457761406898499e-02 -4.591111559420824051e-03 6.797499954700469971e-02 6.826165318489074707e-02
6.191609657118349787e+03 3.534652326268852448e+03 6.234157642733664034e+03 2.283539999999999992e+01 4.093246906995773315e-02 -1.185027230530977249e-02 6.797499954700469971e-02 6.826165318489074707e-02
6.191797364316964376e+03 3.545352989485518265e+03 6.227892176959216158e+03 2.283740000000000236e+01 4.489278048276901245e-02 1.812619529664516449e-02 6.797499954700469971e-02 6.826165318489074707e-02
6.192244604223164970e+03 3.581348228298946196e+03 6.206816443016698940e+03 2.283940000000000126e+01 4.969481378793716431e-02 -4.763168748468160629e-03 6.797499954700469971e-02 6.826165318489074707e-02
6.192329354269139003e+03 3.593022855806922507e+03 6.199980859170353142e+03 2.284140000000000015e+01 4.974610637873411179e-03 5.819055065512657166e-02 6.797499954700469971e-02 6.826165318489074707e-02
6.192384508601283414e+03 3.604697632629461168e+03 6.193145227033113770e+03 2.284340000000000259e+01 3.438666753936558962e-04 1.161875650286674500e-01 6.797499954700469971e-02 6.826165318489074707e-02
6.192410066953969363e+03 3.616372502528174664e+03 6.186309579532782664e+03 2.284540000000000148e+01 -2.825702726840972900e-02 -3.884305059909820557e-02 6.797499954700469971e-02 6.826165318489074707e-02
6.192406029205551931e+03 3.628047409914830041e+03 6.179473949216317124e+03 2.284740000000000038e+01 5.620735883712768555e-02 1.782798580825328827e-02 6.797499954700469971e-02 6.826165318489074707e-02
6.192372395374946791e+03 3.639722298835058155e+03 6.172638368844850447e+03 2.284940000000000282e+01 3.851672634482383728e-02 -8.883123099803924561e-02 6.797499954700469971e-02 6.826165318489074707e-02
6.192309165623831177e+03 3.651397113253244243e+03 6.165802871226906973e+03 2.285140000000000171e+01 3.490719944238662720e-02 -5.738535895943641663e-02 6.797499954700469971e-02 6.826165318489074707e-02
6.192225582871656115e+03 3.662098915737946754e+03 6.159537097122265550e+03 2.285340000000000060e+01 -5.586905777454376221e-02 -5.081406608223915100e-02 6.797499954700469971e-02 6.826165318489074707e-02
6.192244604223164970e+03 3.581348228298946196e+03 6.206816443016698940e+03 2.285540000000000305e+01 6.475793570280075073e-02 6.276979297399520874e-02 6.797499954700469971e-02 6.826165318489074707e-02
6.192329354269139003e+03 3.593022855806922507e+03 6.199980859170353142e+03 2.285740000000000194e+01 3.319675475358963013e-02 -7.886619120836257935e-02 6.797499954700469971e-02 6.826165318489074707e-02
6.192384508601283414e+03 3.604697632629461168e+03 6.193145227033113770e+03 2.285940000000000083e+01 8.729968965053558350e-02 3.711896017193794250e-02 6.797499954700469971e-02 6.826165318489074707e-02
6.192410066953969363e+03 3.616372502528174664e+03 6.186309579532782664e+03 2.286139999999999972e+01 -1.217701658606529236e-02 1.022782325744628906e-01 6.797499954700469971e-02 6.826165318489074707e-02
6.192406029205551931e+03 3.628047409914830041e+03 6.179473949216317124e+03 2.286340000000000217e+01 7.093405723571777344e-02 3.308684378862380981e-02 6.797499954700469971e-02 6.826165318489074707e-02
6.192372395374946791e+03 3.639722298835058155e+03 6.172638368844850447e+03 2.286540000000000106e+01 -3.108633868396282196e-02 -2.487432956695556641e-02 6.797499954700469971e-02 6.826165318489074707e-02
6.192309165623831177e+03 3.651397113253244243e+03 6.165802871226906973e+03 2.286739999999999995e+01 3.335928916931152344e-02 7.379843294620513916e-02 6.797499954700469971e-02 6.826165318489074707e-02
6.192225582871656115e+03 3.662098915737946754e+03 6.159537097122265550e+03 2.286940000000000239e+01 -1.664201170206069946e-02 -3.775747120380401611e-02 6.797499954700469971e-02 6.826165318489074707e-02
6.191760295590682290e+03 3.698094509806309361e+03 6.138462361753264304e+03 2.287140000000000128e+01 -2.504245378077030182e-02 1.513939350843429565e-02 6.797499954700469971e-02 6.826165318489074707e-02
6.191549093608169642e+03 3.709768114332973710e+03 6.131627768178151200e+03 2.287340000000000018e+01 -4.558420181274414062e-02 -1.562905311584472656e-01 6.797499954700469971e-02 6.826165318489074707e-02
6.191308299647833337e+03 3.721441309136688233e+03 6.124793453622467496e+03 2.287540000000000262e+01 -1.255242377519607544e-01 -4.638084024190902710e-02 6.797499954700469971e-02 6.826165318489074707e-02
6.191037914856417046e+03 3.733114038637203066e+03 6.117959450626824037e+03 2.287740000000000151e+01 -4.812943749129772186e-03 -5.732281133532524109e-02 6.797499954700469971e-02 6.826165318489074707e-02
6.190737940535400412e+03 3.744786246646653126e+03 6.111125792087362242e+03 2.287940000000000040e+01 5.687311291694641113e-02 2.087361412122845650e-03 6.797499954700469971e-02 6.826165318489074707e-02
6.190408378112225364e+03 3.756457877629890845e+03 6.104292510517809205e+03 2.288140000000000285e+01 3.874551132321357727e-02 -8.486383594572544098e-03 6.797499954700469971e-02 6.826165318489074707e-02
6.190049229173394451e+03 3.768128875404585870e+03 6.097459638810802971e+03 2.288340000000000174e+01 3.630532324314117432e-02 -5.986813828349113464e-02 6.797499954700469971e-02 6.826165318489074707e-02
6.189694396473644701e+03 3.778826695789729001e+03 6.091196554872878551e+03 2.288540000000000063e+01 -2.173715829849243164e-02 4.641809687018394470e-02 6.797499954700469971e-02 6.826165318489074707e-02
6.191760295590682290e+03 3.698094509806309361e+03 6.138462361753264304e+03 2.288740000000000308e+01 9.795662760734558105e-02 6.837346404790878296e-02 6.797499954700469971e-02 6.826165318489074707e-02
6.191549093608169642e+03 3.709768114332973710e+03 6.131627768178151200e+03 2.288940000000000197e+01 -2.263445220887660980e-02 2.390863606706261635e-03 6.797499954700469971e-02 6.826165318489074707e-02
6.191308299647833337e+03 3.721441309136688233e+03 6.124793453622467496e+03 2.289140000000000086e+01 3.253533691167831421e-02 3.355980291962623596e-02 6.797499954700469971e-02 6.826165318489074707e-02
6.191037914856417046e+03 3.733114038637203066e+03 6.117959450626824037e+03 2.289339999999999975e+01 5.296264961361885071e-02 -7.684712298214435577e-03 6.797499954700469971e-02 6.826165318489074707e-02
6.190737940535400412e+03 3.744786246646653126e+03 6.111125792087362242e+03 2.289540000000000219e+01 5.304082483053207397e-02 6.124496832489967346e-02 6.797499954700469971e-02 6.826165318489074707e-02
6.190408378112225364e+03 3.756457877629890845e+03 6.104292510517809205e+03 2.289740000000000109e+01 -5.670459568500518799e-02 4.238042607903480530e-02 6.797499954700469971e-02 6.826165318489074707e-02
6.190049229173394451e+03 3.768128875404585870e+03 6.097459638810802971e+03 2.289939999999999998e+01 -3.139784559607505798e-02 7.772373408079147339e-02 6.797499954700469971e-02 6.826165318489074707e-02
6.189694396473644701e+03 3.778826695789729001e+03 6.091196554872878551e+03 2.290140000000000242e+01 -4.825149103999137878e-02 -5.973004177212715149e-02 6.797499954700469971e-02 6.826165318489074707e-02
6.188316804701475121e+03 3.814805419375144538e+03 6.070132903415696092e+03 2.290340000000000131e+01 -1.360795646905899048e-01 1.115973591804504395e-01 6.797499954700469971e-02 6.826165318489074707e-02
6.187809751771806077e+03 3.826472414256602860e+03 6.063302570957907847e+03 2.290540000000000020e+01 2.493965439498424530e-02 3.590290993452072144e-02 6.797499954700469971e-02 6.826165318489074707e-02
6.187273124762455154e+03 3.838138440939655538e+03 6.056472844482071196e+03 2.290740000000000265e+01 7.359291613101959229e-02 6.104283407330513000e-02 6.797499954700469971e-02 6.826165318489074707e-02
6.186706926231906436e+03 3.849803443796910415e+03 6.049643756554517495e+03 2.290940000000000154e+01 5.285031348466873169e-02 2.234493196010589600e-02 6.797499954700469971e-02 6.826165318489074707e-02
6.186111158893354514e+03 3.861467366921445318e+03 6.042815339905040673e+03 2.291140000000000043e+01 8.592969179153442383e-02 4.805312678217887878e-02 6.797499954700469971e-02 6.826165318489074707e-02
6.185485825608767300e+03 3.873130154289675374e+03 6.035987627331545809e+03 2.291340000000000288e+01 8.229064196348190308e-02 1.348692458122968674e-02 6.797499954700469971e-02 6.826165318489074707e-02
6.184830929353746797e+03 3.884791750411536668e+03 6.029160651319411045e+03 2.291540000000000177e+01 -1.101263910531997681e-01 -5.242397263646125793e-02 6.797499954700469971e-02 6.826165318489074707e-02
6.184205016626449833e+03 3.895480467383549694e+03 6.022903255841597456e+03 2.291740000000000066e+01 1.670306473970413208e-01 -1.436760649085044861e-02 6.797499954700469971e-02 6.826165318489074707e-02
6.188316804701475121e+03 3.814805419375144538e+03 6.070132903415696092e+03 2.291940000000000310e+01 -5.301318597048521042e-03 5.650545936077833176e-03 6.797499954700469971e-02 6.826165318489074707e-02
6.187809751771806077e+03 3.826472414256602860e+03 6.063302570957907847e+03 2.292140000000000200e+01 1.042701154947280884e-01 -4.048644006252288818e-02 6.797499954700469971e-02 6.826165318489074707e-02
6.187273124762455154e+03 3.838138440939655538e+03 6.056472844482071196e+03 2.292340000000000089e+01 5.244768038392066956e-02 -3.418541327118873596e-02 6.797499954700469971e-02 6.826165318489074707e-02
6.186706926231906436e+03 3.849803443796910415e+03 6.049643756554517495e+03 2.292539999999999978e+01 -3.960388153791427612e-02 7.590208202600479126e-02 6.797499954700469971e-02 6.826165318489074707e-02
6.186111158893354514e+03 3.861467366921445318e+03 6.042815339905040673e+03 2.292740000000000222e+01 -2.825863286852836609e-02 5.557031556963920593e-02 6.797499954700469971e-02 6.826165318489074707e-02
6.185485825608767300e+03 3.873130154289675374e+03 6.035987627331545809e+03 2.292940000000000111e+01 2.225016057491302490e-02 1.273091323673725128e-02 6.797499954700469971e-02 6.826165318489074707e-02
6.184830929353746797e+03 3.884791750411536668e+03 6.029160651319411045e+03 2.293140000000000001e+01 5.808449909090995789e-02 -4.201966524124145508e-02 6.797499954700469971e-02 6.826165318489074707e-02
6.184205016626449833e+03 3.895480467383549694e+03 6.022903255841597456e+03 2.293340000000000245e+01 1.076261978596448898e-02 7.998743653297424316e-02 6.797499954700469971e-02 6.826165318489074707e-02
