# Baseline: 3-12
# u [m], v [m], w [m], frequency [GHz], real, imag
3.421016797989960310e+02 -1.138914097455021022e+02 3.265823545994533674e+02 2.267940000000000000e+19 1.355253718793392181e-02 -6.380098313093185425e-02
3.426768531772522692e+02 -1.132458446991813474e+02 3.262036171254747501e+02 2.268140000000000000e+19 -8.413854986429214478e-02 3.779329955577850342e-01
3.432503878172558984e+02 -1.125991944152883093e+02 3.258242464138774608e+02 2.268340000000000000e+19 2.991865873336791992e-01 -2.201944738626480103e-01
3.438222809782303671e+02 -1.119514619840268779e+02 3.254442442775942368e+02 2.268540000000000000e+19 -3.223763033747673035e-02 3.347258567810058594e-01
3.442501734335551760e+02 -1.114649880063562506e+02 3.251588490251758117e+02 2.268740000000000000e+19 -6.404157727956771851e-02 -8.808986842632293701e-02
3.449611319231514130e+02 -1.106527630840141825e+02 3.246823530083142373e+02 2.268940000000000000e+19 8.278249204158782959e-02 2.813950777053833008e-01
3.455280842450092678e+02 -1.100018028440993589e+02 3.243004675295119341e+02 2.269140000000000000e+19 -3.931996598839759827e-02 -2.283407598733901978e-01
3.462345177640730753e+02 -1.091866417738681747e+02 3.238222583870483504e+02 2.269340000000000000e+19 -2.492727637290954590e-01 1.129180863499641418e-01
3.421016797989960310e+02 -1.138914097455021022e+02 3.265823545994533674e+02 2.269540000000000000e+19 -6.959239393472671509e-02 -7.893124967813491821e-02
3.426768531772522692e+02 -1.132458446991813474e+02 3.262036171254747501e+02 2.269740000000000000e+19 5.958156660199165344e-02 7.910872995853424072e-02
3.432503878172558984e+02 -1.125991944152883093e+02 3.258242464138774608e+02 2.269940000000000000e+19 -1.190248727798461914e-01 -7.888955622911453247e-02
3.438222809782303671e+02 -1.119514619840268779e+02 3.254442442775942368e+02 2.270140000000000000e+19 -1.323547214269638062e-01 1.508520543575286865e-01
3.442501734335551760e+02 -1.114649880063562506e+02 3.251588490251758117e+02 2.270340000000000000e+19 -1.376253515481948853e-01 -8.996611088514328003e-02
3.449611319231514130e+02 -1.106527630840141825e+02 3.246823530083142373e+02 2.270540000000000000e+19 -6.273265928030014038e-02 2.529712021350860596e-02
3.455280842450092678e+02 -1.100018028440993589e+02 3.243004675295119341e+02 2.270740000000000000e+19 -3.726611658930778503e-02 4.603866487741470337e-02
3.462345177640730753e+02 -1.091866417738681747e+02 3.238222583870483504e+02 2.270940000000000000e+19 2.570941299200057983e-02 -9.304107725620269775e-02
3.477793427274051510e+02 -1.073872959405291851e+02 3.227667026096787026e+02 2.271140000000000000e+19 8.587610721588134766e-02 7.962515950202941895e-02
3.483380061772913336e+02 -1.067310183713258880e+02 3.223817148051266486e+02 2.271340000000000000e+19 -6.602996587753295898e-02 -3.864549845457077026e-02
3.488950037923551690e+02 -1.060736867474436593e+02 3.219961120563096983e+02 2.271540000000000000e+19 -3.774294629693031311e-03 -1.507776379585266113e-01
3.494503329147327690e+02 -1.054153042055540084e+02 3.216098962032582449e+02 2.271740000000000000e+19 4.278921708464622498e-02 -1.907336339354515076e-02
3.500039908848358436e+02 -1.047558738987996065e+02 3.212230690956471904e+02 2.271940000000000000e+19 -7.840009778738021851e-02 -6.952060014009475708e-02
3.505559750529998837e+02 -1.040953989830384643e+02 3.208356325847292965e+02 2.272140000000000000e+19 4.360110685229301453e-02 5.111639946699142456e-02
3.511062827756762772e+02 -1.034338826214461733e+02 3.204475885260337691e+02 2.272340000000000000e+19 1.709543913602828979e-02 -1.291405260562896729e-01
3.516092779749587862e+02 -1.028265936205402795e+02 3.200913570298459376e+02 2.272540000000000000e+19 9.043936431407928467e-02 -1.060677841305732727e-01
3.477793427274051510e+02 -1.073872959405291851e+02 3.227667026096787026e+02 2.272740000000000000e+19 -7.913570106029510498e-02 -5.617213621735572815e-02
3.483380061772913336e+02 -1.067310183713258880e+02 3.223817148051266486e+02 2.272940000000000000e+19 -6.055467203259468079e-02 1.006531119346618652e-01
3.488950037923551690e+02 -1.060736867474436593e+02 3.219961120563096983e+02 2.273140000000000000e+19 -7.993131130933761597e-02 -8.120512217283248901e-02
3.494503329147327690e+02 -1.054153042055540084e+02 3.216098962032582449e+02 2.273340000000000000e+19 -7.985846698284149170e-02 -5.629830434918403625e-02
3.500039908848358436e+02 -1.047558738987996065e+02 3.212230690956471904e+02 2.273540000000000000e+19 -1.444588005542755127e-01 1.777377910912036896e-02
3.505559750529998837e+02 -1.040953989830384643e+02 3.208356325847292965e+02 2.273740000000000000e+19 -1.096454188227653503e-01 -8.003888279199600220e-02
3.511062827756762772e+02 -1.034338826214461733e+02 3.204475885260337691e+02 2.273940000000000000e+19 1.024074032902717590e-01 -3.752684593200683594e-02
3.516092779749587862e+02 -1.028265936205402795e+02 3.200913570298459376e+02 2.274140000000000000e+19 -2.632528729736804962e-02 3.347670892253518105e-03
3.532906966901364285e+02 -1.007774660711639712e+02 3.188893739767965485e+02 2.274340000000000000e+19 -4.914364218711853027e-02 5.729554966092109680e-02
3.538325828496008398e+02 -1.001107900580534960e+02 3.184983200878388629e+02 2.274540000000000000e+19 -1.607331186532974243e-01 3.527601435780525208e-02
3.543727768901919148e+02 -9.944309165914525295e+01 3.181066698314402856e+02 2.274740000000000000e+19 5.284834653139114380e-02 7.049514446407556534e-03
3.549112762172781572e+02 -9.877437408149744158e+01 3.177144250887587873e+02 2.274940000000000000e+19 -5.449258163571357727e-02 5.037205666303634644e-02
3.554480782649739581e+02 -9.810464051142862729e+01 3.173215877287700550e+02 2.275140000000000000e+19 5.767975747585296631e-02 -1.322485134005546570e-02
3.559831804474787305e+02 -9.743389417511291128e+01 3.169281596438117958e+02 2.275340000000000000e+19 -6.839605420827865601e-02 -1.199707612395286560e-01
3.565165802170148481e+02 -9.676213826623360603e+01 3.165341427071485896e+02 2.275540000000000000e+19 -5.653705075383186340e-02 6.815562397241592407e-02
3.570040540308127675e+02 -9.614549066626257456e+01 3.161724522930335866e+02 2.275740000000000000e+19 -8.199023455381393433e-02 -1.602232009172439575e-01
3.532906966901364285e+02 -1.007774660711639712e+02 3.188893739767965485e+02 2.275940000000000000e+19 1.054944470524787903e-01 -1.478188764303922653e-02
3.538325828496008398e+02 -1.001107900580534960e+02 3.184983200878388629e+02 2.276140000000000000e+19 6.038446724414825439e-02 1.078990176320075989e-01
3.543727768901919148e+02 -9.944309165914525295e+01 3.181066698314402856e+02 2.276340000000000000e+19 1.063460931181907654e-01 -3.387396410107612610e-02
3.549112762172781572e+02 -9.877437408149744158e+01 3.177144250887587873e+02 2.276540000000000000e+19 -1.587654948234558105e-01 -3.721739351749420166e-02
3.554480782649739581e+02 -9.810464051142862729e+01 3.173215877287700550e+02 2.276740000000000000e+19 4.298504814505577087e-02 9.912392497062683105e-02
3.559831804474787305e+02 -9.743389417511291128e+01 3.169281596438117958e+02 2.276940000000000000e+19 -4.653883725404739380e-02 4.667307063937187195e-02
3.565165802170148481e+02 -9.676213826623360603e+01 3.165341427071485896e+02 2.277140000000000000e+19 -8.346966654062271118e-02 8.873216807842254639e-03
3.570040540308127675e+02 -9.614549066626257456e+01 3.161724522930335866e+02 2.277340000000000000e+19 -3.570681810379028320e-02 4.692688211798667908e-02
3.586331041965249256e+02 -9.406508332094607283e+01 3.149522242262058853e+02 2.277540000000000000e+19 -1.144289746880531311e-01 1.721283793449401855e-02
3.591579537571736864e+02 -9.338832788908683824e+01 3.145552913843362148e+02 2.277740000000000000e+19 -3.560044243931770325e-02 1.610036939382553101e-02
3.596810857020545313e+02 -9.271058225744928905e+01 3.141577810535923163e+02 2.277940000000000000e+19 -6.755335628986358643e-02 6.482081860303878784e-02
3.602024975403516009e+02 -9.203184965302274634e+01 3.137596951266634733e+02 2.278140000000000000e+19 -1.095153242349624634e-01 -4.126195237040519714e-02
3.607221867622027958e+02 -9.135213334295835352e+01 3.133610355197794206e+02 2.278340000000000000e+19 -5.176670849323272705e-03 -1.821681740693747997e-03
3.612401508949955087e+02 -9.067143656126253859e+01 3.129618041297132436e+02 2.278540000000000000e+19 7.306877523660659790e-02 4.930461570620536804e-02
3.617563874454617689e+02 -8.998976258453970445e+01 3.125620028782079771e+02 2.278740000000000000e+19 -1.246799975633621216e-01 -2.598097920417785645e-02
3.622281066104771412e+02 -8.936405146105010999e+01 3.121950266207656455e+02 2.278940000000000000e+19 3.349743410944938660e-02 -1.022832170128822327e-01
3.586331041965249256e+02 -9.406508332094607283e+01 3.149522242262058853e+02 2.279140000000000000e+19 2.108040638267993927e-02 -1.278909482061862946e-02
3.591579537571736864e+02 -9.338832788908683824e+01 3.145552913843362148e+02 2.279340000000000000e+19 3.350704535841941833e-02 -4.757473990321159363e-02
3.596810857020545313e+02 -9.271058225744928905e+01 3.141577810535923163e+02 2.279540000000000000e+19 -7.637047022581100464e-02 -8.127389848232269287e-02
3.602024975403516009e+02 -9.203184965302274634e+01 3.137596951266634733e+02 2.279740000000000000e+19 1.620753295719623566e-02 1.028610616922378540e-01
3.607221867622027958e+02 -9.135213334295835352e+01 3.133610355197794206e+02 2.279940000000000000e+19 5.394618213176727295e-02 1.085833162069320679e-01
3.612401508949955087e+02 -9.067143656126253859e+01 3.129618041297132436e+02 2.280140000000000000e+19 -1.962332427501678467e-02 4.112718254327774048e-02
3.617563874454617689e+02 -8.998976258453970445e+01 3.125620028782079771e+02 2.280340000000000000e+19 7.635531574487686157e-02 3.424811363220214844e-02
3.622281066104771412e+02 -8.936405146105010999e+01 3.121950266207656455e+02 2.280540000000000000e+19 -7.147943228483200073e-02 1.404947880655527115e-02
3.637192457730992032e+02 -8.736768510150473332e+01 3.110241867204208006e+02 2.280740000000000000e+19 3.889738395810127258e-02 2.156234383583068848e-01
3.642270977036853878e+02 -8.668133403583441066e+01 3.106216581292527508e+02 2.280940000000000000e+19 -3.323333859443664551e-01 -1.796654164791107178e-01
3.647332077661912422e+02 -8.599402485884614578e+01 3.102185708690091701e+02 2.281140000000000000e+19 1.128495186567306519e-01 2.112012356519699097e-01
3.652375735297179062e+02 -8.530576087180371303e+01 3.098149268757881600e+02 2.281340000000000000e+19 1.070662364363670349e-01 -7.570333033800125122e-02
3.657401925945774792e+02 -8.461654534939145833e+01 3.094107280700845877e+02 2.281540000000000000e+19 8.067223429679870605e-02 2.670961618423461914e-02
3.662410625431002700e+02 -8.392638160680964177e+01 3.090059763961376120e+02 2.281740000000000000e+19 -2.957446575164794922e-01 4.675723612308502197e-01
3.667401809852661927e+02 -8.323527293740310995e+01 3.086006737853552409e+02 2.281940000000000000e+19 9.639794379472732544e-02 -3.912409022450447083e-02
3.671961878863752986e+02 -8.260094134654391951e+01 3.082286710370525498e+02 2.282140000000000000e+19 -3.172719776630401611e-01 2.005005925893783569e-01
3.637192457730992032e+02 -8.736768510150473332e+01 3.110241867204208006e+02 2.282340000000000000e+19 8.204525709152221680e-02 -1.282653771340847015e-02
3.642270977036853878e+02 -8.668133403583441066e+01 3.106216581292527508e+02 2.282540000000000000e+19 -6.703606992959976196e-02 4.296428337693214417e-02
3.647332077661912422e+02 -8.599402485884614578e+01 3.102185708690091701e+02 2.282740000000000000e+19 1.020804345607757568e-01 -9.116616845130920410e-02
3.652375735297179062e+02 -8.530576087180371303e+01 3.098149268757881600e+02 2.282940000000000000e+19 -1.474611163139343262e-01 1.508967429399490356e-01
3.657401925945774792e+02 -8.461654534939145833e+01 3.094107280700845877e+02 2.283140000000000000e+19 1.783978044986724854e-01 1.480609029531478882e-01
3.662410625431002700e+02 -8.392638160680964177e+01 3.090059763961376120e+02 2.283340000000000000e+19 5.462130159139633179e-02 2.634023316204547882e-02
3.667401809852661927e+02 -8.323527293740310995e+01 3.086006737853552409e+02 2.283540000000000000e+19 8.596827834844589233e-02 3.377392515540122986e-02
3.671961878863752986e+02 -8.260094134654391951e+01 3.082286710370525498e+02 2.283740000000000000e+19 -9.772269055247306824e-03 1.365083009004592896e-01
3.687190920276178758e+02 -8.046145522993889188e+01 3.069739928193486662e+02 2.283940000000000000e+19 -3.877391573041677475e-03 -2.387375757098197937e-02
3.692094172624941280e+02 -7.976567164757241812e+01 3.065659646832039016e+02 2.284140000000000000e+19 -8.257958106696605682e-03 -3.259883448481559753e-02
3.696979767920606719e+02 -7.906896304074059856e+01 3.061573972817901677e+02 2.284340000000000000e+19 -3.759280964732170105e-02 4.314395773690193892e-04
3.701847682628886673e+02 -7.837133276554828853e+01 3.057482925832126739e+02 2.284540000000000000e+19 -2.615616843104362488e-02 -1.380995810031890869e-01
3.706697893571940199e+02 -7.767278414366404604e+01 3.053386525353661227e+02 2.284740000000000000e+19 4.528414458036422729e-02 -1.273869574069976807e-01
3.711530377503890463e+02 -7.697332052300930627e+01 3.049284791015263636e+02 2.284940000000000000e+19 -9.556116908788681030e-02 -4.932589083909988403e-02
3.716345111230565976e+02 -7.627294526078605941e+01 3.045177742503947798e+02 2.285140000000000000e+19 1.447333991527557373e-01 -6.754353642463684082e-02
3.720743231002455218e+02 -7.563014813190119412e+01 3.041408363602660643e+02 2.285340000000000000e+19 7.403163611888885498e-02 5.030914023518562317e-02
3.687190920276178758e+02 -8.046145522993889188e+01 3.069739928193486662e+02 2.285540000000000000e+19 -6.521366536617279053e-02 -6.795867532491683960e-02
3.692094172624941280e+02 -7.976567164757241812e+01 3.065659646832039016e+02 2.285740000000000000e+19 -4.824868869036436081e-03 -8.122023195028305054e-02
3.696979767920606719e+02 -7.906896304074059856e+01 3.061573972817901677e+02 2.285940000000000000e+19 7.900366187095642090e-02 2.182929776608943939e-02
3.701847682628886673e+02 -7.837133276554828853e+01 3.057482925832126739e+02 2.286140000000000000e+19 7.546567171812057495e-02 5.469704046845436096e-02
3.706697893571940199e+02 -7.767278414366404604e+01 3.053386525353661227e+02 2.286340000000000000e+19 -6.715283263474702835e-03 7.452349178493022919e-03
3.711530377503890463e+02 -7.697332052300930627e+01 3.049284791015263636e+02 2.286540000000000000e+19 6.986805051565170288e-02 -1.341434866189956665e-01
3.716345111230565976e+02 -7.627294526078605941e+01 3.045177742503947798e+02 2.286740000000000000e+19 -5.268746614456176758e-02 -1.291113942861557007e-01
3.720743231002455218e+02 -7.563014813190119412e+01 3.041408363602660643e+02 2.286940000000000000e+19 3.524595871567726135e-02 -1.298225671052932739e-02
3.735426085077834841e+02 -7.346239481726917120e+01 3.028696799743439101e+02 2.287140000000000000e+19 3.993879258632659912e-02 -1.033112108707427979e-01
3.740151724137260203e+02 -7.275751166970403006e+01 3.024563475459174242e+02 2.287340000000000000e+19 7.027020677924156189e-03 -1.177202723920345306e-02
3.744859476018759779e+02 -7.205173705640135040e+01 3.020424955312196289e+02 2.287540000000000000e+19 -3.255274519324302673e-02 2.182445116341114044e-02
3.749549318307190333e+02 -7.134507433781249119e+01 3.016281259007525932e+02 2.287740000000000000e+19 4.887685645371675491e-03 1.142408549785614014e-01
3.754221228427507526e+02 -7.063752691552780050e+01 3.012132406491251118e+02 2.287940000000000000e+19 -5.933191999793052673e-02 4.515862092375755310e-02
3.758875184151366966e+02 -6.992909815598579826e+01 3.007978417503127844e+02 2.288140000000000000e+19 -1.711585223674774170e-01 -5.099004134535789490e-02
3.763511163076680077e+02 -6.921979146927176885e+01 3.003819312038829139e+02 2.288340000000000000e+19 -9.853208810091018677e-02 4.704913496971130371e-02
3.767745228884522817e+02 -6.856883641419784681e+01 3.000002385563525422e+02 2.288540000000000000e+19 7.966193556785583496e-02 3.518386557698249817e-02
3.735426085077834841e+02 -7.346239481726917120e+01 3.028696799743439101e+02 2.288740000000000000e+19 7.352836430072784424e-02 5.484656430780887604e-03
3.740151724137260203e+02 -7.275751166970403006e+01 3.024563475459174242e+02 2.288940000000000000e+19 2.268558368086814880e-02 1.664038449525833130e-01
3.744859476018759779e+02 -7.205173705640135040e+01 3.020424955312196289e+02 2.289140000000000000e+19 -3.308907896280288696e-02 -2.620004117488861084e-02
3.749549318307190333e+02 -7.134507433781249119e+01 3.016281259007525932e+02 2.289340000000000000e+19 -6.306000798940658569e-02 9.003552794456481934e-02
3.754221228427507526e+02 -7.063752691552780050e+01 3.012132406491251118e+02 2.289540000000000000e+19 -1.872426271438598633e-02 1.156517639756202698e-01
3.758875184151366966e+02 -6.992909815598579826e+01 3.007978417503127844e+02 2.289740000000000000e+19 1.106217727065086365e-01 1.017144471406936646e-01
3.763511163076680077e+02 -6.921979146927176885e+01 3.003819312038829139e+02 2.289940000000000000e+19 9.457612410187721252e-03 3.779359161853790283e-02
3.767745228884522817e+02 -6.856883641419784681e+01 3.000002385563525422e+02 2.290140000000000000e+19 -9.610088169574737549e-02 7.011817768216133118e-03
3.781874869146366223e+02 -6.637385328343053459e+01 2.987132123163480628e+02 2.290340000000000000e+19 -2.398481592535972595e-02 5.489031318575143814e-03
3.786420633360971806e+02 -6.566020790832773457e+01 2.982947734052096962e+02 2.290540000000000000e+19 -6.412353366613388062e-02 1.351935788989067078e-02
3.790948288985372301e+02 -6.494570503095934555e+01 2.978758348226225507e+02 2.290740000000000000e+19 2.235167101025581360e-02 -1.960485242307186127e-02
3.795457814430062058e+02 -6.423034805829568938e+01 2.974563985662152845e+02 2.290940000000000000e+19 -8.812803030014038086e-02 -1.169227436184883118e-01
3.799949188081966440e+02 -6.351414041881795214e+01 2.970364666462140235e+02 2.291140000000000000e+19 8.621767163276672363e-02 1.125775044783949852e-03
3.804422388368592465e+02 -6.279708555259095704e+01 2.966160410796234146e+02 2.291340000000000000e+19 -3.154996037483215332e-02 4.410887882113456726e-02
3.808877394007240014e+02 -6.207918687128145052e+01 2.961951238667808752e+02 2.291540000000000000e+19 -1.862293807789683342e-03 -1.257484778761863708e-02
3.812945378930562015e+02 -6.142038552000725815e+01 2.958088591885979213e+02 2.291740000000000000e+19 1.084911916404962540e-02 1.261242665350437164e-02
3.781874869146366223e+02 -6.637385328343053459e+01 2.987132123163480628e+02 2.291940000000000000e+19 -4.965834319591522217e-02 -6.200463697314262390e-02
3.786420633360971806e+02 -6.566020790832773457e+01 2.982947734052096962e+02 2.292140000000000000e+19 8.714517578482627869e-03 -4.107845947146415710e-03
3.790948288985372301e+02 -6.494570503095934555e+01 2.978758348226225507e+02 2.292340000000000000e+19 -1.332739368081092834e-02 -4.566499590873718262e-02
3.795457814430062058e+02 -6.423034805829568938e+01 2.974563985662152845e+02 2.292540000000000000e+19 1.255410350859165192e-02 -7.793131470680236816e-02
3.799949188081966440e+02 -6.351414041881795214e+01 2.970364666462140235e+02 2.292740000000000000e+19 -2.641832269728183746e-02 4.842754453420639038e-02
3.804422388368592465e+02 -6.279708555259095704e+01 2.966160410796234146e+02 2.292940000000000000e+19 -5.466171354055404663e-02 -5.731210112571716309e-02
3.808877394007240014e+02 -6.207918687128145052e+01 2.961951238667808752e+02 2.293140000000000000e+19 -6.773023866117000580e-03 6.074300035834312439e-03
3.812945378930562015e+02 -6.142038552000725815e+01 2.958088591885979213e+02 2.293340000000000000e+19 4.278018698096275330e-02 6.438285112380981445e-02
