# Baseline: 6-9
# Entries: 128
# u [m], v [m], w [m], frequency [GHz], real, imag, std(real), std(imag)
1.494425655103379768e+03 2.690267612195038964e+02 1.528585177672726786e+03 2.267940000000000111e+01 -8.413678407669067383e-02 -1.067677512764930725e-01 7.416729629039764404e-02 7.496886700391769409e-02
1.495603794622021042e+03 2.718453121511665245e+02 1.526933363987396206e+03 2.268140000000000001e+01 1.731170713901519775e-01 1.910126060247421265e-01 7.416729629039764404e-02 7.496886700391769409e-02
1.496774784517612488e+03 2.746660845971445610e+02 1.525280259063417361e+03 2.268340000000000245e+01 -2.320260554552078247e-02 -6.368304789066314697e-02 7.416729629039764404e-02 7.496886700391769409e-02
1.497938619194321745e+03 2.774890650775876111e+02 1.523625870800615075e+03 2.268540000000000134e+01 1.469377055764198303e-02 2.377560548484325409e-02 7.416729629039764404e-02 7.496886700391769409e-02
1.498807020154647716e+03 2.796076731025203230e+02 1.522384281828236681e+03 2.268740000000000023e+01 -1.235677078366279602e-01 -6.042915955185890198e-02 7.416729629039764404e-02 7.496886700391769409e-02
1.500244800645754140e+03 2.831415960913017784e+02 1.520313275934454168e+03 2.268940000000000268e+01 2.758818678557872772e-03 2.156729996204376221e-01 7.416729629039764404e-02 7.496886700391769409e-02
1.501387136359829810e+03 2.859711195139063307e+02 1.518655085218961403e+03 2.269140000000000157e+01 9.724179655313491821e-02 9.448614716529846191e-02 7.416729629039764404e-02 7.496886700391769409e-02
1.502805253357485753e+03 2.895109646976014801e+02 1.516580637891823699e+03 2.269340000000000046e+01 2.362162433564662933e-02 5.548883229494094849e-03 7.416729629039764404e-02 7.496886700391769409e-02
1.494425655103379768e+03 2.690267612195038964e+02 1.528585177672726786e+03 2.269540000000000290e+01 -5.107743293046951294e-02 -1.792847067117691040e-01 7.416729629039764404e-02 7.496886700391769409e-02
1.495603794622021042e+03 2.718453121511665245e+02 1.526933363987396206e+03 2.269740000000000180e+01 6.262112408876419067e-02 1.776417531073093414e-02 7.416729629039764404e-02 7.496886700391769409e-02
1.496774784517612488e+03 2.746660845971445610e+02 1.525280259063417361e+03 2.269940000000000069e+01 -1.574208290548995137e-04 -6.282837688922882080e-02 7.416729629039764404e-02 7.496886700391769409e-02
1.497938619194321745e+03 2.774890650775876111e+02 1.523625870800615075e+03 2.270140000000000313e+01 1.218578442931175232e-01 -4.527236334979534149e-03 7.416729629039764404e-02 7.496886700391769409e-02
1.498807020154647716e+03 2.796076731025203230e+02 1.522384281828236681e+03 2.270340000000000202e+01 5.862093064934015274e-03 1.847716793417930603e-02 7.416729629039764404e-02 7.496886700391769409e-02
1.500244800645754140e+03 2.831415960913017784e+02 1.520313275934454168e+03 2.270540000000000092e+01 1.254067122936248779e-01 -5.513629689812660217e-02 7.416729629039764404e-02 7.496886700391769409e-02
1.501387136359829810e+03 2.859711195139063307e+02 1.518655085218961403e+03 2.270739999999999981e+01 -8.121725171804428101e-02 3.063218295574188232e-02 7.416729629039764404e-02 7.496886700391769409e-02
1.502805253357485753e+03 2.895109646976014801e+02 1.516580637891823699e+03 2.270940000000000225e+01 6.721708923578262329e-02 7.137823849916458130e-02 7.416729629039764404e-02 7.496886700391769409e-02
1.505884652146527060e+03 2.973106169714492353e+02 1.512009885467008644e+03 2.271140000000000114e+01 -1.104334965348243713e-01 -1.183571144938468933e-01 7.416729629039764404e-02 7.496886700391769409e-02
1.506991047416643369e+03 3.001507744329696834e+02 1.510345516065010770e+03 2.271340000000000003e+01 -1.710085012018680573e-02 8.563940413296222687e-03 7.416729629039764404e-02 7.496886700391769409e-02
1.508090238560086618e+03 3.029930179263390642e+02 1.508679934821145935e+03 2.271540000000000248e+01 7.598897814750671387e-02 4.083725064992904663e-02 7.416729629039764404e-02 7.496886700391769409e-02
1.509182220331818144e+03 3.058373338888955573e+02 1.507013149683260963e+03 2.271740000000000137e+01 -4.246434569358825684e-02 5.529367551207542419e-02 7.416729629039764404e-02 7.496886700391769409e-02
1.510266987502119719e+03 3.086837086985744918e+02 1.505345168633961748e+03 2.271940000000000026e+01 9.364538639783859253e-02 3.176625818014144897e-02 7.416729629039764404e-02 7.496886700391769409e-02
1.511344534879566936e+03 3.115321287333756572e+02 1.503675999655767100e+03 2.272140000000000271e+01 1.786104170605540276e-03 -3.099332936108112335e-02 7.416729629039764404e-02 7.496886700391769409e-02
1.512414857303655253e+03 3.143825803515550206e+02 1.502005650742713897e+03 2.272340000000000160e+01 -7.512395083904266357e-02 -2.916074171662330627e-02 7.416729629039764404e-02 7.496886700391769409e-02
1.513389727016618963e+03 3.169972418725196235e+02 1.500473482668779297e+03 2.272540000000000049e+01 -8.990823477506637573e-02 -6.851889938116073608e-02 7.416729629039764404e-02 7.496886700391769409e-02
1.505884652146527060e+03 2.973106169714492353e+02 1.512009885467008644e+03 2.272740000000000293e+01 -1.684922957792878151e-03 -3.549540787935256958e-02 7.416729629039764404e-02 7.496886700391769409e-02
1.506991047416643369e+03 3.001507744329696834e+02 1.510345516065010770e+03 2.272940000000000182e+01 -1.158399973064661026e-02 -9.119201451539993286e-02 7.416729629039764404e-02 7.496886700391769409e-02
1.508090238560086618e+03 3.029930179263390642e+02 1.508679934821145935e+03 2.273140000000000072e+01 -1.216704174876213074e-01 -4.252406209707260132e-02 7.416729629039764404e-02 7.496886700391769409e-02
1.509182220331818144e+03 3.058373338888955573e+02 1.507013149683260963e+03 2.273340000000000316e+01 -1.151915490627288818e-01 -3.597262129187583923e-02 7.416729629039764404e-02 7.496886700391769409e-02
1.510266987502119719e+03 3.086837086985744918e+02 1.505345168633961748e+03 2.273540000000000205e+01 5.417027045041322708e-03 3.488954529166221619e-02 7.416729629039764404e-02 7.496886700391769409e-02
1.511344534879566936e+03 3.115321287333756572e+02 1.503675999655767100e+03 2.273740000000000094e+01 -3.779791586566716433e-04 6.203391775488853455e-02 7.416729629039764404e-02 7.496886700391769409e-02
1.512414857303655253e+03 3.143825803515550206e+02 1.502005650742713897e+03 2.273939999999999984e+01 4.691182076930999756e-02 -7.749988138675689697e-02 7.416729629039764404e-02 7.496886700391769409e-02
1.513389727016618963e+03 3.169972418725196235e+02 1.500473482668779297e+03 2.274140000000000228e+01 -2.036242000758647919e-02 -8.522731810808181763e-02 7.416729629039764404e-02 7.496886700391769409e-02
1.516623795599229197e+03 3.258044298422303768e+02 1.495312615609726436e+03 2.274340000000000117e+01 1.202478185296058655e-01 -3.439041227102279663e-02 7.416729629039764404e-02 7.496886700391769409e-02
1.517657917129936777e+03 3.286648346020245981e+02 1.493636487018551634e+03 2.274540000000000006e+01 1.210907399654388428e-01 -1.942652277648448944e-02 7.416729629039764404e-02 7.496886700391769409e-02
1.518684783507710563e+03 3.315271889923463391e+02 1.491959226515678438e+03 2.274740000000000251e+01 5.410195142030715942e-02 -1.624339632689952850e-02 7.416729629039764404e-02 7.496886700391769409e-02
1.519704389800366016e+03 3.343914792648680532e+02 1.490280842157247434e+03 2.274940000000000140e+01 -1.014480814337730408e-01 -2.957221493124961853e-02 7.416729629039764404e-02 7.496886700391769409e-02
1.520716731149544330e+03 3.372576917717288438e+02 1.488601341940476232e+03 2.275140000000000029e+01 9.781160950660705566e-02 1.500865072011947632e-01 7.416729629039764404e-02 7.496886700391769409e-02
1.521721802678795029e+03 3.401258127061199161e+02 1.486920733955672404e+03 2.275340000000000273e+01 1.177705526351928711e-01 -4.513795673847198486e-02 7.416729629039764404e-02 7.496886700391769409e-02
1.522719599602763310e+03 3.429958284118528127e+02 1.485239026204834090e+03 2.275540000000000163e+01 1.277182158082723618e-02 -1.505367085337638855e-02 7.416729629039764404e-02 7.496886700391769409e-02
1.523627944882173779e+03 3.456283050813347586e+02 1.483696515358550414e+03 2.275740000000000052e+01 2.678616903722286224e-02 5.618067458271980286e-02 7.416729629039764404e-02 7.496886700391769409e-02
1.516623795599229197e+03 3.258044298422303768e+02 1.495312615609726436e+03 2.275940000000000296e+01 -2.747274935245513916e-03 4.774472489953041077e-02 7.416729629039764404e-02 7.496886700391769409e-02
1.517657917129936777e+03 3.286648346020245981e+02 1.493636487018551634e+03 2.276140000000000185e+01 3.768840059638023376e-02 1.432999968528747559e-03 7.416729629039764404e-02 7.496886700391769409e-02
1.518684783507710563e+03 3.315271889923463391e+02 1.491959226515678438e+03 2.276340000000000074e+01 6.744221597909927368e-02 -5.094583611935377121e-04 7.416729629039764404e-02 7.496886700391769409e-02
1.519704389800366016e+03 3.343914792648680532e+02 1.490280842157247434e+03 2.276540000000000319e+01 5.106359347701072693e-02 -7.329881936311721802e-02 7.416729629039764404e-02 7.496886700391769409e-02
1.520716731149544330e+03 3.372576917717288438e+02 1.488601341940476232e+03 2.276740000000000208e+01 4.214533045887947083e-02 1.058807224035263062e-01 7.416729629039764404e-02 7.496886700391769409e-02
1.521721802678795029e+03 3.401258127061199161e+02 1.486920733955672404e+03 2.276940000000000097e+01 5.429801717400550842e-02 6.499284505844116211e-02 7.416729629039764404e-02 7.496886700391769409e-02
1.522719599602763310e+03 3.429958284118528127e+02 1.485239026204834090e+03 2.277139999999999986e+01 9.536197036504745483e-02 -2.424356341361999512e-02 7.416729629039764404e-02 7.496886700391769409e-02
1.523627944882173779e+03 3.456283050813347586e+02 1.483696515358550414e+03 2.277340000000000231e+01 3.724483400583267212e-02 6.260801106691360474e-02 7.416729629039764404e-02 7.496886700391769409e-02
1.526637946194956157e+03 3.544945639108227624e+02 1.478501358700641731e+03 2.277540000000000120e+01 5.591388791799545288e-02 1.458751689642667770e-02 7.416729629039764404e-02 7.496886700391769409e-02
1.527599299130268264e+03 3.573738471771341096e+02 1.476814272999425839e+03 2.277740000000000009e+01 3.177253529429435730e-02 1.313610374927520752e-01 7.416729629039764404e-02 7.496886700391769409e-02
1.528553349315278183e+03 3.602549426201041456e+02 1.475126135928408985e+03 2.277940000000000254e+01 4.499861225485801697e-02 1.172922998666763306e-01 7.416729629039764404e-02 7.496886700391769409e-02
1.529500092207417538e+03 3.631378365218067188e+02 1.473436955525416806e+03 2.278140000000000143e+01 3.868255391716957092e-02 2.268354780972003937e-02 7.416729629039764404e-02 7.496886700391769409e-02
1.530439523249467811e+03 3.660225150051335277e+02 1.471746739921492463e+03 2.278340000000000032e+01 -2.054826915264129639e-02 -8.546707034111022949e-02 7.416729629039764404e-02 7.496886700391769409e-02
1.531371637971751625e+03 3.689089643451421239e+02 1.470055497158471780e+03 2.278540000000000276e+01 -6.098429858684539795e-02 1.411747634410858154e-01 7.416729629039764404e-02 7.496886700391769409e-02
1.532296431887457629e+03 3.717971706476134841e+02 1.468363235377324827e+03 2.278740000000000165e+01 -6.380143761634826660e-02 -1.619707047939300537e-02 7.416729629039764404e-02 7.496886700391769409e-02
1.533137818077772863e+03 3.744462027845744387e+02 1.466811119874112819e+03 2.278940000000000055e+01 -8.697766810655593872e-02 -6.611856818199157715e-02 7.416729629039764404e-02 7.496886700391769409e-02
1.526637946194956157e+03 3.544945639108227624e+02 1.478501358700641731e+03 2.279140000000000299e+01 6.233056262135505676e-02 -8.288238197565078735e-02 7.416729629039764404e-02 7.496886700391769409e-02
1.527599299130268264e+03 3.573738471771341096e+02 1.476814272999425839e+03 2.279340000000000188e+01 2.019637450575828552e-02 2.678547985851764679e-02 7.416729629039764404e-02 7.496886700391769409e-02
1.528553349315278183e+03 3.602549426201041456e+02 1.475126135928408985e+03 2.279540000000000077e+01 -1.776165701448917389e-02 -2.827930822968482971e-02 7.416729629039764404e-02 7.496886700391769409e-02
1.529500092207417538e+03 3.631378365218067188e+02 1.473436955525416806e+03 2.279739999999999966e+01 4.886983707547187805e-02 1.247557252645492554e-02 7.416729629039764404e-02 7.496886700391769409e-02
1.530439523249467811e+03 3.660225150051335277e+02 1.471746739921492463e+03 2.279940000000000211e+01 -7.462985068559646606e-02 -1.147211901843547821e-02 7.416729629039764404e-02 7.496886700391769409e-02
1.531371637971751625e+03 3.689089643451421239e+02 1.470055497158471780e+03 2.280140000000000100e+01 -8.629794418811798096e-02 -2.631714381277561188e-02 7.416729629039764404e-02 7.496886700391769409e-02
1.532296431887457629e+03 3.717971706476134841e+02 1.468363235377324827e+03 2.280339999999999989e+01 -7.679899781942367554e-02 -7.994179613888263702e-03 7.416729629039764404e-02 7.496886700391769409e-02
1.533137818077772863e+03 3.744462027845744387e+02 1.466811119874112819e+03 2.280540000000000234e+01 2.729649096727371216e-02 -2.732094563543796539e-02 7.416729629039764404e-02 7.496886700391769409e-02
1.535773576958260492e+03 3.828846557963137229e+02 1.461866937500433778e+03 2.280740000000000123e+01 3.208141773939132690e-03 3.790268301963806152e-02 7.416729629039764404e-02 7.496886700391769409e-02
1.536662925287932012e+03 3.857811593045248060e+02 1.460169864589574900e+03 2.280940000000000012e+01 7.570023834705352783e-02 -4.510484635829925537e-02 7.416729629039764404e-02 7.496886700391769409e-02
1.537544927504406814e+03 3.886793390795952519e+02 1.458471819941162721e+03 2.281140000000000256e+01 -7.486034929752349854e-02 -1.789729110896587372e-02 7.416729629039764404e-02 7.496886700391769409e-02
1.538419579371397049e+03 3.915791812011027559e+02 1.456772811711176473e+03 2.281340000000000146e+01 8.706577867269515991e-02 3.763279691338539124e-02 7.416729629039764404e-02 7.496886700391769409e-02
1.539286876727508570e+03 3.944806718719424339e+02 1.455072847983296924e+03 2.281540000000000035e+01 -3.085327334702014923e-02 -1.264251321554183960e-01 7.416729629039764404e-02 7.496886700391769409e-02
1.540146815400879859e+03 3.973837971356147705e+02 1.453371936934540599e+03 2.281740000000000279e+01 1.254246979951858521e-01 2.527792565524578094e-02 7.416729629039764404e-02 7.496886700391769409e-02
1.540999391288195511e+03 4.002885431389369728e+02 1.451670086681343946e+03 2.281940000000000168e+01 -3.496767282485961914e-01 -6.867767870426177979e-02 7.416729629039764404e-02 7.496886700391769409e-02
1.541774541526151324e+03 4.029526185525159576e+02 1.450109250949718671e+03 2.282140000000000057e+01 1.557707786560058594e-01 2.321248054504394531e-01 7.416729629039764404e-02 7.496886700391769409e-02
1.535773576958260492e+03 3.828846557963137229e+02 1.461866937500433778e+03 2.282340000000000302e+01 -4.137049894779920578e-03 -8.918658643960952759e-02 7.416729629039764404e-02 7.496886700391769409e-02
1.536662925287932012e+03 3.857811593045248060e+02 1.460169864589574900e+03 2.282540000000000191e+01 5.649041756987571716e-02 -1.316297203302383423e-01 7.416729629039764404e-02 7.496886700391769409e-02
1.537544927504406814e+03 3.886793390795952519e+02 1.458471819941162721e+03 2.282740000000000080e+01 8.151633664965629578e-03 -3.798719123005867004e-02 7.416729629039764404e-02 7.496886700391769409e-02
1.538419579371397049e+03 3.915791812011027559e+02 1.456772811711176473e+03 2.282939999999999969e+01 -2.514271438121795654e-02 7.597432122565805912e-04 7.416729629039764404e-02 7.496886700391769409e-02
1.539286876727508570e+03 3.944806718719424339e+02 1.455072847983296924e+03 2.283140000000000214e+01 -6.572583224624395370e-04 -1.727023720741271973e-01 7.416729629039764404e-02 7.496886700391769409e-02
1.540146815400879859e+03 3.973837971356147705e+02 1.453371936934540599e+03 2.283340000000000103e+01 -5.019545927643775940e-02 -6.603001058101654053e-02 7.416729629039764404e-02 7.496886700391769409e-02
1.540999391288195511e+03 4.002885431389369728e+02 1.451670086681343946e+03 2.283539999999999992e+01 -7.539395242929458618e-02 -2.342870831489562988e-02 7.416729629039764404e-02 7.496886700391769409e-02
1.541774541526151324e+03 4.029526185525159576e+02 1.450109250949718671e+03 2.283740000000000236e+01 -4.124897997826337814e-03 -9.545582532882690430e-02 7.416729629039764404e-02 7.496886700391769409e-02
1.544335985874682592e+03 4.119234563157512525e+02 1.444853456636224337e+03 2.283940000000000126e+01 -6.139554455876350403e-02 6.288935244083404541e-02 7.416729629039764404e-02 7.496886700391769409e-02
1.545151687310714124e+03 4.148360972632146400e+02 1.443147032665950974e+03 2.284140000000000015e+01 1.138001605868339539e-01 -2.778576128184795380e-02 7.416729629039764404e-02 7.496886700391769409e-02
1.545960002019967305e+03 4.177502754687940865e+02 1.441439718401159325e+03 2.284340000000000259e+01 -1.377692073583602905e-01 7.276681810617446899e-02 7.416729629039764404e-02 7.496886700391769409e-02
1.546760926108735248e+03 4.206659768946458939e+02 1.439731522066126672e+03 2.284540000000000148e+01 -4.445566795766353607e-03 -4.458242654800415039e-02 7.416729629039764404e-02 7.496886700391769409e-02
1.547554455763546230e+03 4.235831876580705853e+02 1.438022451794185827e+03 2.284740000000000038e+01 3.907340392470359802e-02 1.347066760063171387e-01 7.416729629039764404e-02 7.496886700391769409e-02
1.548340587181139881e+03 4.265018937777651900e+02 1.436312515776391137e+03 2.284940000000000282e+01 2.950644493103027344e-02 1.338191926479339600e-01 7.416729629039764404e-02 7.496886700391769409e-02
1.549119316588407855e+03 4.294220812448930360e+02 1.434601722219876365e+03 2.285140000000000171e+01 6.625626981258392334e-02 -2.789468131959438324e-02 7.416729629039764404e-02 7.496886700391769409e-02
1.549826740571910932e+03 4.321001906554107563e+02 1.433032759161547801e+03 2.285340000000000060e+01 -1.097513139247894287e-01 -1.169957313686609268e-02 7.416729629039764404e-02 7.496886700391769409e-02
1.544335985874682592e+03 4.119234563157512525e+02 1.444853456636224337e+03 2.285540000000000305e+01 7.459640502929687500e-02 -2.706767059862613678e-02 7.416729629039764404e-02 7.496886700391769409e-02
1.545151687310714124e+03 4.148360972632146400e+02 1.443147032665950974e+03 2.285740000000000194e+01 5.659127980470657349e-02 -1.503619402647018433e-01 7.416729629039764404e-02 7.496886700391769409e-02
1.545960002019967305e+03 4.177502754687940865e+02 1.441439718401159325e+03 2.285940000000000083e+01 -8.678363263607025146e-02 7.929465174674987793e-02 7.416729629039764404e-02 7.496886700391769409e-02
1.546760926108735248e+03 4.206659768946458939e+02 1.439731522066126672e+03 2.286139999999999972e+01 -2.215142920613288879e-02 6.619910150766372681e-02 7.416729629039764404e-02 7.496886700391769409e-02
1.547554455763546230e+03 4.235831876580705853e+02 1.438022451794185827e+03 2.286340000000000217e+01 -3.344351053237915039e-02 2.693271823227405548e-02 7.416729629039764404e-02 7.496886700391769409e-02
1.548340587181139881e+03 4.265018937777651900e+02 1.436312515776391137e+03 2.286540000000000106e+01 1.168772112578153610e-02 5.876994691789150238e-04 7.416729629039764404e-02 7.496886700391769409e-02
1.549119316588407855e+03 4.294220812448930360e+02 1.434601722219876365e+03 2.286739999999999995e+01 -9.328566491603851318e-02 5.098265409469604492e-02 7.416729629039764404e-02 7.496886700391769409e-02
1.549826740571910932e+03 4.321001906554107563e+02 1.433032759161547801e+03 2.286940000000000239e+01 1.540509331971406937e-02 2.037276979535818100e-03 7.416729629039764404e-02 7.496886700391769409e-02
1.552160140201380727e+03 4.411173653130495609e+02 1.427750136219098522e+03 2.287140000000000128e+01 -5.289842188358306885e-02 -1.664753407239913940e-01 7.416729629039764404e-02 7.496886700391769409e-02
1.552901804411128296e+03 4.440447499218710732e+02 1.426035177759614498e+03 2.287340000000000018e+01 -3.779860585927963257e-02 9.553425759077072144e-02 7.416729629039764404e-02 7.496886700391769409e-02
1.553636044782414274e+03 4.469735319224926684e+02 1.424319410946122161e+03 2.287540000000000262e+01 -6.346416776068508625e-04 -1.028959751129150391e-01 7.416729629039764404e-02 7.496886700391769409e-02
1.554362857819320197e+03 4.499036973699259079e+02 1.422602843948006239e+03 2.287740000000000151e+01 -8.583857864141464233e-02 1.161335408687591553e-01 7.416729629039764404e-02 7.496886700391769409e-02
1.555082240023248005e+03 4.528352321595268108e+02 1.420885485028131370e+03 2.287940000000000040e+01 2.057958766818046570e-02 5.103346332907676697e-02 7.416729629039764404e-02 7.496886700391769409e-02
1.555794187971502652e+03 4.557681223433553441e+02 1.419167342357486177e+03 2.288140000000000285e+01 -4.936125129461288452e-02 -3.064892999827861786e-02 7.416729629039764404e-02 7.496886700391769409e-02
1.556498698237098779e+03 4.587023538036995092e+02 1.417448424206520258e+03 2.288340000000000174e+01 6.780254840850830078e-02 5.539377406239509583e-02 7.416729629039764404e-02 7.496886700391769409e-02
1.557138057428356888e+03 4.613932155967764288e+02 1.415872084651692148e+03 2.288540000000000063e+01 -6.848277058452367783e-03 5.880226567387580872e-02 7.416729629039764404e-02 7.496886700391769409e-02
1.552160140201380727e+03 4.411173653130495609e+02 1.427750136219098522e+03 2.288740000000000308e+01 -2.303332835435867310e-02 6.651997566223144531e-02 7.416729629039764404e-02 7.496886700391769409e-02
1.552901804411128296e+03 4.440447499218710732e+02 1.426035177759614498e+03 2.288940000000000197e+01 1.559793353080749512e-01 -3.782337531447410583e-02 7.416729629039764404e-02 7.496886700391769409e-02
1.553636044782414274e+03 4.469735319224926684e+02 1.424319410946122161e+03 2.289140000000000086e+01 -2.051088400185108185e-02 -3.102670982480049133e-02 7.416729629039764404e-02 7.496886700391769409e-02
1.554362857819320197e+03 4.499036973699259079e+02 1.422602843948006239e+03 2.289339999999999975e+01 4.570440575480461121e-02 3.616104274988174438e-02 7.416729629039764404e-02 7.496886700391769409e-02
1.555082240023248005e+03 4.528352321595268108e+02 1.420885485028131370e+03 2.289540000000000219e+01 1.770648173987865448e-02 -3.893597424030303955e-02 7.416729629039764404e-02 7.496886700391769409e-02
1.555794187971502652e+03 4.557681223433553441e+02 1.419167342357486177e+03 2.289740000000000109e+01 8.936540037393569946e-02 -6.049950420856475830e-02 7.416729629039764404e-02 7.496886700391769409e-02
1.556498698237098779e+03 4.587023538036995092e+02 1.417448424206520258e+03 2.289939999999999998e+01 1.610912978649139404e-01 6.953442841768264771e-02 7.416729629039764404e-02 7.496886700391769409e-02
1.557138057428356888e+03 4.613932155967764288e+02 1.415872084651692148e+03 2.290140000000000242e+01 1.215809374116361141e-03 2.141258679330348969e-02 7.416729629039764404e-02 7.496886700391769409e-02
1.559242295695893972e+03 4.704524119670457480e+02 1.410565161086775561e+03 2.290340000000000131e+01 2.350895851850509644e-02 1.427476853132247925e-02 7.416729629039764404e-02 7.496886700391769409e-02
1.559909567741036881e+03 4.733931392718392885e+02 1.408842488869728641e+03 2.290540000000000020e+01 -4.426781379152089357e-04 6.236097589135169983e-02 7.416729629039764404e-02 7.496886700391769409e-02
1.560569382413847279e+03 4.763351235247903901e+02 1.407119090572473169e+03 2.290740000000000265e+01 -7.046917919069528580e-03 6.983466446399688721e-02 7.416729629039764404e-02 7.496886700391769409e-02
1.561221736568034203e+03 4.792783506975839600e+02 1.405394974412719648e+03 2.290940000000000154e+01 5.342986434698104858e-02 2.241887524724006653e-02 7.416729629039764404e-02 7.496886700391769409e-02
1.561866627076951090e+03 4.822228066842224621e+02 1.403670148653634442e+03 2.291140000000000043e+01 -2.802583330776542425e-04 -4.217698425054550171e-02 7.416729629039764404e-02 7.496886700391769409e-02
1.562504050843195273e+03 4.851684773420191163e+02 1.401944621579824798e+03 2.291340000000000288e+01 -3.351892158389091492e-02 2.227753773331642151e-02 7.416729629039764404e-02 7.496886700391769409e-02
1.563134004834073039e+03 4.881153486558306440e+02 1.400218401401140000e+03 2.291540000000000177e+01 -4.029133170843124390e-02 -1.052278056740760803e-01 7.416729629039764404e-02 7.496886700391769409e-02
1.563704993169219279e+03 4.908176746462256119e+02 1.398635439984277355e+03 2.291740000000000066e+01 -2.046925574541091919e-02 3.468803130090236664e-03 7.416729629039764404e-02 7.496886700391769409e-02
1.559242295695893972e+03 4.704524119670457480e+02 1.410565161086775561e+03 2.291940000000000310e+01 2.841978520154953003e-02 4.040632024407386780e-02 7.416729629039764404e-02 7.496886700391769409e-02
1.559909567741036881e+03 4.733931392718392885e+02 1.408842488869728641e+03 2.292140000000000200e+01 -4.761755932122468948e-03 4.155251011252403259e-02 7.416729629039764404e-02 7.496886700391769409e-02
1.560569382413847279e+03 4.763351235247903901e+02 1.407119090572473169e+03 2.292340000000000089e+01 -5.167014524340629578e-02 2.288089506328105927e-02 7.416729629039764404e-02 7.496886700391769409e-02
1.561221736568034203e+03 4.792783506975839600e+02 1.405394974412719648e+03 2.292539999999999978e+01 -4.242937266826629639e-02 9.979401715099811554e-03 7.416729629039764404e-02 7.496886700391769409e-02
1.561866627076951090e+03 4.822228066842224621e+02 1.403670148653634442e+03 2.292740000000000222e+01 -1.134360134601593018e-01 1.014964133501052856e-01 7.416729629039764404e-02 7.496886700391769409e-02
1.562504050843195273e+03 4.851684773420191163e+02 1.401944621579824798e+03 2.292940000000000111e+01 7.095589488744735718e-02 -2.818504720926284790e-02 7.416729629039764404e-02 7.496886700391769409e-02
1.563134004834073039e+03 4.881153486558306440e+02 1.400218401401140000e+03 2.293140000000000001e+01 -8.569540828466415405e-02 4.408008418977260590e-03 7.416729629039764404e-02 7.496886700391769409e-02
1.563704993169219279e+03 4.908176746462256119e+02 1.398635439984277355e+03 2.293340000000000245e+01 -1.458099577575922012e-02 2.571054268628358841e-03 7.416729629039764404e-02 7.496886700391769409e-02
