# Baseline: 3-25
# Entries: 128
# u [m], v [m], w [m], frequency [GHz], real, imag
-9.592052972145595504e+02 -9.374980483950770349e+02 -1.078540366546058749e+03 2.267940000000000000e+19 -4.395312070846557617e-01 -2.641090750694274902e-01
-9.586252965662076804e+02 -9.393056463810099785e+02 -1.077482788112400840e+03 2.268140000000000000e+19 4.348427057266235352e-01 2.529223263263702393e-01
-9.580407158623128225e+02 -9.411121477204249004e+02 -1.076425857819038356e+03 2.268340000000000000e+19 -2.522349953651428223e-01 -6.687043607234954834e-02
-9.574515578964915221e+02 -9.429175437804694866e+02 -1.075369580716793052e+03 2.268540000000000000e+19 2.781073153018951416e-01 3.612254261970520020e-01
-9.570068301676216151e+02 -9.442708953201378108e+02 -1.074577783887739770e+03 2.268740000000000000e+19 -2.790413796901702881e-01 -1.115626171231269836e-01
-9.562595214789375859e+02 -9.465249855070978811e+02 -1.073259006302794432e+03 2.268940000000000000e+19 2.427646666765213013e-01 2.554220855236053467e-01
-9.556566487445778648e+02 -9.483270138717479085e+02 -1.072204719113726014e+03 2.269140000000000000e+19 -2.300063073635101318e-01 2.236654981970787048e-02
-9.548968222285096772e+02 -9.505779921322721293e+02 -1.070887780107088929e+03 2.269340000000000000e+19 1.546241044998168945e-01 6.837539374828338623e-02
-9.592052972145595504e+02 -9.374980483950770349e+02 -1.078540366546058749e+03 2.269540000000000000e+19 -2.968060374259948730e-01 -1.612578183412551880e-01
-9.586252965662076804e+02 -9.393056463810099785e+02 -1.077482788112400840e+03 2.269740000000000000e+19 9.276362136006355286e-03 -2.916125208139419556e-02
-9.580407158623128225e+02 -9.411121477204249004e+02 -1.076425857819038356e+03 2.269940000000000000e+19 -3.716500103473663330e-02 2.039346285164356232e-02
-9.574515578964915221e+02 -9.429175437804694866e+02 -1.075369580716793052e+03 2.270140000000000000e+19 -9.123159199953079224e-02 2.253784984350204468e-02
-9.570068301676216151e+02 -9.442708953201378108e+02 -1.074577783887739770e+03 2.270340000000000000e+19 -1.392946839332580566e-01 1.827646344900131226e-01
-9.562595214789375859e+02 -9.465249855070978811e+02 -1.073259006302794432e+03 2.270540000000000000e+19 9.195100516080856323e-02 5.204932391643524170e-02
-9.556566487445778648e+02 -9.483270138717479085e+02 -1.072204719113726014e+03 2.270740000000000000e+19 -9.921333938837051392e-02 -2.483981847763061523e-02
-9.548968222285096772e+02 -9.505779921322721293e+02 -1.070887780107088929e+03 2.270940000000000000e+19 -1.060558110475540161e-01 -5.208670720458030701e-02
-9.531995284584930914e+02 -9.555236431061996427e+02 -1.067994354680766719e+03 2.271140000000000000e+19 -6.982278544455766678e-03 -1.494871377944946289e-01
-9.525738557506685993e+02 -9.573198863009467914e+02 -1.066943484844182194e+03 2.271340000000000000e+19 -1.341242343187332153e-01 -4.064080119132995605e-02
-9.519436319525698309e+02 -9.591149466252802540e+02 -1.065893313593495577e+03 2.271540000000000000e+19 4.711672663688659668e-02 -5.747184157371520996e-02
-9.513088600715560688e+02 -9.609088155135315219e+02 -1.064843845939910580e+03 2.271740000000000000e+19 -4.401189088821411133e-02 -4.892050102353096008e-02
-9.506695431477037346e+02 -9.627014843744669861e+02 -1.063795086909555721e+03 2.271940000000000000e+19 2.060561999678611755e-02 -5.499424412846565247e-02
-9.500256842406072337e+02 -9.644929446288396093e+02 -1.062747041521515939e+03 2.272140000000000000e+19 6.068619340658187866e-02 -5.143323913216590881e-02
-9.493772864339147191e+02 -9.662831876969645464e+02 -1.061699714795100590e+03 2.272340000000000000e+19 -1.154268742538988590e-03 6.021544709801673889e-02
-9.487789948343222477e+02 -9.679231829858691754e+02 -1.060740291617822777e+03 2.272540000000000000e+19 1.788049004971981049e-02 -6.051439791917800903e-03
-9.531995284584930914e+02 -9.555236431061996427e+02 -1.067994354680766719e+03 2.272740000000000000e+19 1.916528679430484772e-02 -7.531329244375228882e-02
-9.525738557506685993e+02 -9.573198863009467914e+02 -1.066943484844182194e+03 2.272940000000000000e+19 1.060500815510749817e-01 2.398581430315971375e-02
-9.519436319525698309e+02 -9.591149466252802540e+02 -1.065893313593495577e+03 2.273140000000000000e+19 6.230420991778373718e-02 4.815355688333511353e-02
-9.513088600715560688e+02 -9.609088155135315219e+02 -1.064843845939910580e+03 2.273340000000000000e+19 5.284203216433525085e-02 5.564887449145317078e-02
-9.506695431477037346e+02 -9.627014843744669861e+02 -1.063795086909555721e+03 2.273540000000000000e+19 -1.254119277000427246e-01 -4.594485089182853699e-02
-9.500256842406072337e+02 -9.644929446288396093e+02 -1.062747041521515939e+03 2.273740000000000000e+19 1.146379020065069199e-02 -6.972844712436199188e-03
-9.493772864339147191e+02 -9.662831876969645464e+02 -1.061699714795100590e+03 2.273940000000000000e+19 4.838619753718376160e-02 4.458581656217575073e-02
-9.487789948343222477e+02 -9.679231829858691754e+02 -1.060740291617822777e+03 2.274140000000000000e+19 -4.975752905011177063e-02 8.728253841400146484e-02
-9.467383685615596960e+02 -9.734318169421984521e+02 -1.057517694639846695e+03 2.274340000000000000e+19 -7.648459821939468384e-02 -1.169805005192756653e-01
-9.460673232278991236e+02 -9.752158457074729085e+02 -1.056474036320742243e+03 2.274540000000000000e+19 3.096923977136611938e-02 -7.899562269449234009e-02
-9.453917579290952062e+02 -9.769986059943804548e+02 -1.055431126669648847e+03 2.274740000000000000e+19 -6.922961026430130005e-02 -1.398396957665681839e-02
-9.447116759099955061e+02 -9.787800892400507564e+02 -1.054388970695817306e+03 2.274940000000000000e+19 -6.600949168205261230e-02 8.343412727117538452e-02
-9.440270804110207337e+02 -9.805602869559809278e+02 -1.053347573364963409e+03 2.275140000000000000e+19 -7.071790844202041626e-02 -4.823189973831176758e-02
-9.433379747299751443e+02 -9.823391905668199797e+02 -1.052306939693575259e+03 2.275340000000000000e+19 7.753667980432510376e-02 -3.549437387846410275e-04
-9.426443621480281081e+02 -9.841167916025973454e+02 -1.051267074636464258e+03 2.275540000000000000e+19 5.078887939453125000e-02 1.185835618525743484e-02
-9.420046515715049509e+02 -9.857451244396000902e+02 -1.050314534567137571e+03 2.275740000000000000e+19 1.849763281643390656e-02 3.438570722937583923e-02
-9.467383685615596960e+02 -9.734318169421984521e+02 -1.057517694639846695e+03 2.275940000000000000e+19 1.748540811240673065e-02 -3.735489398241043091e-02
-9.460673232278991236e+02 -9.752158457074729085e+02 -1.056474036320742243e+03 2.276140000000000000e+19 -1.924948417581617832e-03 -6.989043951034545898e-02
-9.453917579290952062e+02 -9.769986059943804548e+02 -1.055431126669648847e+03 2.276340000000000000e+19 1.523742824792861938e-01 -2.319005876779556274e-02
-9.447116759099955061e+02 -9.787800892400507564e+02 -1.054388970695817306e+03 2.276540000000000000e+19 -2.019271068274974823e-02 -7.830592989921569824e-02
-9.440270804110207337e+02 -9.805602869559809278e+02 -1.053347573364963409e+03 2.276740000000000000e+19 -2.771969884634017944e-03 3.597181662917137146e-02
-9.433379747299751443e+02 -9.823391905668199797e+02 -1.052306939693575259e+03 2.276940000000000000e+19 -1.011187359690666199e-01 -5.801558494567871094e-02
-9.426443621480281081e+02 -9.841167916025973454e+02 -1.051267074636464258e+03 2.277140000000000000e+19 -1.526883337646722794e-02 -2.922398783266544342e-02
-9.420046515715049509e+02 -9.857451244396000902e+02 -1.050314534567137571e+03 2.277340000000000000e+19 -5.875530652701854706e-03 -8.560176938772201538e-02
-9.398249095715701742e+02 -9.912139998228872173e+02 -1.047115400097956353e+03 2.277540000000000000e+19 -3.490698337554931641e-02 -5.432678759098052979e-02
-9.391088127292895251e+02 -9.929849604466805886e+02 -1.046079452718232915e+03 2.277740000000000000e+19 5.087037384510040283e-02 -5.880028754472732544e-02
-9.383882292381530306e+02 -9.947545675166697947e+02 -1.045044303773948968e+03 2.277940000000000000e+19 1.051637679338455200e-01 -4.482452291995286942e-03
-9.376631625291190630e+02 -9.965228126071220913e+02 -1.044009958193815010e+03 2.278140000000000000e+19 -8.956196159124374390e-02 2.088195644319057465e-02
-9.369336160923819534e+02 -9.982896872064117133e+02 -1.042976420956754509e+03 2.278340000000000000e+19 7.565288990736007690e-02 1.103547513484954834e-01
-9.361995933990415324e+02 -1.000055182907972835e+03 -1.041943696980202731e+03 2.278540000000000000e+19 -7.571781054139137268e-03 -3.010491468012332916e-02
-9.354610979823984280e+02 -1.001819291213413749e+03 -1.040911791235278315e+03 2.278740000000000000e+19 -5.942005664110183716e-02 7.210153341293334961e-02
-9.347802745411655678e+02 -1.003435182416257476e+03 -1.039966590078634908e+03 2.278940000000000000e+19 3.176205977797508240e-02 -3.101710975170135498e-02
-9.398249095715701742e+02 -9.912139998228872173e+02 -1.047115400097956353e+03 2.279140000000000000e+19 1.558005809783935547e-02 -9.135875850915908813e-02
-9.391088127292895251e+02 -9.929849604466805886e+02 -1.046079452718232915e+03 2.279340000000000000e+19 -4.290492460131645203e-02 -2.849820815026760101e-02
-9.383882292381530306e+02 -9.947545675166697947e+02 -1.045044303773948968e+03 2.279540000000000000e+19 -1.189506798982620239e-01 -2.651261165738105774e-02
-9.376631625291190630e+02 -9.965228126071220913e+02 -1.044009958193815010e+03 2.279740000000000000e+19 6.601027399301528931e-02 2.984494529664516449e-02
-9.369336160923819534e+02 -9.982896872064117133e+02 -1.042976420956754509e+03 2.279940000000000000e+19 7.662923634052276611e-02 5.389558151364326477e-03
-9.361995933990415324e+02 -1.000055182907972835e+03 -1.041943696980202731e+03 2.280140000000000000e+19 -1.392468530684709549e-02 6.768003106117248535e-02
-9.354610979823984280e+02 -1.001819291213413749e+03 -1.040911791235278315e+03 2.280340000000000000e+19 5.592014268040657043e-02 1.233502943068742752e-02
-9.347802745411655678e+02 -1.003435182416257476e+03 -1.039966590078634908e+03 2.280540000000000000e+19 -4.736572504043579102e-02 7.100278977304697037e-03
-9.325888278977880645e+02 -1.008568701977154205e+03 -1.036963821302724227e+03 2.280740000000000000e+19 4.032252430915832520e-01 3.628836274147033691e-01
-9.318287644694686378e+02 -1.010325985776168295e+03 -1.035935939810529135e+03 2.280940000000000000e+19 -2.642342448234558105e-01 -4.036393463611602783e-01
-9.310642492226108970e+02 -1.012081833056396704e+03 -1.034908905283529975e+03 2.281140000000000000e+19 6.458005309104919434e-01 2.732679545879364014e-01
-9.302952858293590452e+02 -1.013836235384255929e+03 -1.033882722654716645e+03 2.281340000000000000e+19 -5.752964615821838379e-01 -2.445024549961090088e-01
-9.295218779483964227e+02 -1.015589184412535133e+03 -1.032857396806525003e+03 2.281540000000000000e+19 7.566090822219848633e-01 1.628004014492034912e-01
-9.287440292998689984e+02 -1.017340671709327466e+03 -1.031832932670897435e+03 2.281740000000000000e+19 -3.735901415348052979e-01 -8.291984349489212036e-02
-9.279617435956054123e+02 -1.019090688916902309e+03 -1.030809335136360005e+03 2.281940000000000000e+19 5.105050206184387207e-01 4.364619031548500061e-02
-9.272408101403786986e+02 -1.020693591674315144e+03 -1.029871791723127672e+03 2.282140000000000000e+19 -1.877224892377853394e-01 7.895395159721374512e-02
-9.325888278977880645e+02 -1.008568701977154205e+03 -1.036963821302724227e+03 2.282340000000000000e+19 2.840354740619659424e-01 1.381147503852844238e-01
-9.318287644694686378e+02 -1.010325985776168295e+03 -1.035935939810529135e+03 2.282540000000000000e+19 -1.009894013404846191e-01 -1.958533525466918945e-01
-9.310642492226108970e+02 -1.012081833056396704e+03 -1.034908905283529975e+03 2.282740000000000000e+19 -5.500008165836334229e-02 4.480778798460960388e-02
-9.302952858293590452e+02 -1.013836235384255929e+03 -1.033882722654716645e+03 2.282940000000000000e+19 -9.645071625709533691e-02 8.615308441221714020e-03
-9.295218779483964227e+02 -1.015589184412535133e+03 -1.032857396806525003e+03 2.283140000000000000e+19 2.202799618244171143e-01 -2.822593785822391510e-02
-9.287440292998689984e+02 -1.017340671709327466e+03 -1.031832932670897435e+03 2.283340000000000000e+19 -1.878623291850090027e-02 -2.556116878986358643e-01
-9.279617435956054123e+02 -1.019090688916902309e+03 -1.030809335136360005e+03 2.283540000000000000e+19 6.612492352724075317e-02 9.285259991884231567e-02
-9.272408101403786986e+02 -1.020693591674315144e+03 -1.029871791723127672e+03 2.283740000000000000e+19 -4.545398801565170288e-02 -4.727948084473609924e-02
-9.247883054398831746e+02 -1.026075889403956580e+03 -1.026723708951872595e+03 2.283940000000000000e+19 8.471384644508361816e-02 2.627075277268886566e-02
-9.239838910602285296e+02 -1.027818430631991305e+03 -1.025704517847493889e+03 2.284140000000000000e+19 -1.916052848100662231e-01 3.057365864515304565e-02
-9.231750623943426035e+02 -1.029559451651247855e+03 -1.024686222658988299e+03 2.284340000000000000e+19 8.145033568143844604e-02 8.186156302690505981e-02
-9.223618233384268024e+02 -1.031298944075082773e+03 -1.023668828291565205e+03 2.284540000000000000e+19 -1.337293088436126709e-01 9.165463969111442566e-03
-9.215441777646091168e+02 -1.033036899621150951e+03 -1.022652339589398139e+03 2.284740000000000000e+19 -1.941393017768859863e-01 -2.516062557697296143e-02
-9.207221295915567225e+02 -1.034773309959922017e+03 -1.021636761424227871e+03 2.284940000000000000e+19 5.046139657497406006e-02 -1.179519146680831909e-01
-9.198956827648627268e+02 -1.036508166757211711e+03 -1.020622098670483183e+03 2.285140000000000000e+19 -7.242418825626373291e-03 9.890533052384853363e-03
-9.191343016856649228e+02 -1.038097100320335130e+03 -1.019692787673365729e+03 2.285340000000000000e+19 3.120396472513675690e-02 6.657408922910690308e-02
-9.247883054398831746e+02 -1.026075889403956580e+03 -1.026723708951872595e+03 2.285540000000000000e+19 9.619643539190292358e-02 1.913478523492813110e-01
-9.239838910602285296e+02 -1.027818430631991305e+03 -1.025704517847493889e+03 2.285740000000000000e+19 -1.685679145157337189e-02 -5.372564867138862610e-02
-9.231750623943426035e+02 -1.029559451651247855e+03 -1.024686222658988299e+03 2.285940000000000000e+19 2.544689550995826721e-02 -5.911142379045486450e-02
-9.223618233384268024e+02 -1.031298944075082773e+03 -1.023668828291565205e+03 2.286140000000000000e+19 8.389003574848175049e-02 6.695900112390518188e-02
-9.215441777646091168e+02 -1.033036899621150951e+03 -1.022652339589398139e+03 2.286340000000000000e+19 2.425814792513847351e-02 -1.370984166860580444e-01
-9.207221295915567225e+02 -1.034773309959922017e+03 -1.021636761424227871e+03 2.286540000000000000e+19 -3.971499972976744175e-04 -6.891792267560958862e-02
-9.198956827648627268e+02 -1.036508166757211711e+03 -1.020622098670483183e+03 2.286740000000000000e+19 1.061870008707046509e-01 -9.424982219934463501e-02
-9.191343016856649228e+02 -1.038097100320335130e+03 -1.019692787673365729e+03 2.286940000000000000e+19 -5.956191197037696838e-02 -5.681729316711425781e-02
-9.165459882462491805e+02 -1.043431892792250210e+03 -1.016572698704864592e+03 2.287140000000000000e+19 5.900194868445396423e-02 7.365522533655166626e-02
-9.156976078505916803e+02 -1.045158857596530879e+03 -1.015562685698250789e+03 2.287340000000000000e+19 -4.383342340588569641e-02 -5.169332027435302734e-02
-9.148448528477111950e+02 -1.046884219156948575e+03 -1.014553617171899418e+03 2.287540000000000000e+19 3.171160072088241577e-02 2.682026661932468414e-02
-9.139877272979133522e+02 -1.048607969258451476e+03 -1.013545497930336523e+03 2.287740000000000000e+19 -6.070322822779417038e-03 6.939427927136421204e-03
-9.131262353270502672e+02 -1.050330099603590725e+03 -1.012538332826244073e+03 2.287940000000000000e+19 4.428309947252273560e-02 1.148165948688983917e-02
-9.122603810340383461e+02 -1.052050601998652610e+03 -1.011532126651588896e+03 2.288140000000000000e+19 3.144331276416778564e-02 -6.695530563592910767e-02
-9.113901685867531342e+02 -1.053769468161872510e+03 -1.010526884249829095e+03 2.288340000000000000e+19 -3.018963709473609924e-02 3.070734255015850067e-02
-9.105887042444493318e+02 -1.055343672143693084e+03 -1.009606250391936214e+03 2.288540000000000000e+19 -2.336515672504901886e-02 -1.121015101671218872e-02
-9.165459882462491805e+02 -1.043431892792250210e+03 -1.016572698704864592e+03 2.288740000000000000e+19 -2.742276899516582489e-02 -7.827395573258399963e-03
-9.156976078505916803e+02 -1.045158857596530879e+03 -1.015562685698250789e+03 2.288940000000000000e+19 -9.787257015705108643e-02 4.060261696577072144e-02
-9.148448528477111950e+02 -1.046884219156948575e+03 -1.014553617171899418e+03 2.289140000000000000e+19 8.625361137092113495e-03 3.267065435647964478e-02
-9.139877272979133522e+02 -1.048607969258451476e+03 -1.013545497930336523e+03 2.289340000000000000e+19 4.359884932637214661e-02 -7.244545966386795044e-02
-9.131262353270502672e+02 -1.050330099603590725e+03 -1.012538332826244073e+03 2.289540000000000000e+19 -5.886092409491539001e-02 -1.223281258717179298e-03
-9.122603810340383461e+02 -1.052050601998652610e+03 -1.011532126651588896e+03 2.289740000000000000e+19 4.497224465012550354e-02 1.071281656622886658e-01
-9.113901685867531342e+02 -1.053769468161872510e+03 -1.010526884249829095e+03 2.289940000000000000e+19 4.324181750416755676e-02 4.541584104299545288e-02
-9.105887042444493318e+02 -1.055343672143693084e+03 -1.009606250391936214e+03 2.290140000000000000e+19 -5.359752103686332703e-02 1.612031310796737671e-01
-9.078658207111238880e+02 -1.060628406387346786e+03 -1.006515648346890657e+03 2.290340000000000000e+19 -4.369815066456794739e-02 1.576473005115985870e-02
-9.069738803115457131e+02 -1.062338968290512639e+03 -1.005515296801821933e+03 2.290540000000000000e+19 2.461835741996765137e-02 -2.527513355016708374e-02
-9.060776070517428025e+02 -1.064047844736497609e+03 -1.004515937817527288e+03 2.290740000000000000e+19 -6.126668769866228104e-03 -5.193193908780813217e-03
-9.051770052053861946e+02 -1.065755027576806242e+03 -1.003517576159281361e+03 2.290940000000000000e+19 3.456025943160057068e-02 -3.393946215510368347e-02
-9.042720790887293560e+02 -1.067460508629391370e+03 -1.002520216611947717e+03 2.291140000000000000e+19 7.291325181722640991e-02 -1.116470620036125183e-01
-9.033628330483289801e+02 -1.069164279702589511e+03 -1.001523863965978535e+03 2.291340000000000000e+19 -2.359912497922778130e-03 -9.064225852489471436e-02
-9.024492714103109847e+02 -1.070866332690090530e+03 -1.000528522961880412e+03 2.291540000000000000e+19 4.274360835552215576e-02 -2.397803775966167450e-02
-9.016081074935807464e+02 -1.072425053482507792e+03 -9.996170069717130673e+02 2.291740000000000000e+19 -6.487213075160980225e-02 3.492930531501770020e-02
-9.078658207111238880e+02 -1.060628406387346786e+03 -1.006515648346890657e+03 2.291940000000000000e+19 -8.541904389858245850e-02 4.823049157857894897e-02
-9.069738803115457131e+02 -1.062338968290512639e+03 -1.005515296801821933e+03 2.292140000000000000e+19 -5.120737478137016296e-02 -3.991451486945152283e-02
-9.060776070517428025e+02 -1.064047844736497609e+03 -1.004515937817527288e+03 2.292340000000000000e+19 -2.649497427046298981e-02 7.454690337181091309e-02
-9.051770052053861946e+02 -1.065755027576806242e+03 -1.003517576159281361e+03 2.292540000000000000e+19 -4.611583054065704346e-02 3.067441470921039581e-02
-9.042720790887293560e+02 -1.067460508629391370e+03 -1.002520216611947717e+03 2.292740000000000000e+19 6.459033489227294922e-02 7.809456437826156616e-02
-9.033628330483289801e+02 -1.069164279702589511e+03 -1.001523863965978535e+03 2.292940000000000000e+19 -1.096709966659545898e-01 -5.556368455290794373e-02
-9.024492714103109847e+02 -1.070866332690090530e+03 -1.000528522961880412e+03 2.293140000000000000e+19 5.090791732072830200e-02 -6.412383913993835449e-02
-9.016081074935807464e+02 -1.072425053482507792e+03 -9.996170069717130673e+02 2.293340000000000000e+19 -5.330869928002357483e-03 5.544934049248695374e-02
