# Baseline: 4-12
# Entries: 128
# u [m], v [m], w [m], frequency [GHz], real, imag, std(real), std(imag)
2.712112523244668409e+03 3.224499063253576878e+03 3.130343798988750677e+03 2.267940000000000111e+01 1.479074060916900635e-01 1.847976446151733398e-01 7.470381259918212891e-02 7.400413602590560913e-02
2.709478748735160480e+03 3.229608830509989730e+03 3.127355521774850786e+03 2.268140000000000001e+01 1.668138802051544189e-01 -1.662416458129882812e-01 7.470381259918212891e-02 7.400413602590560913e-02
2.706832031035860382e+03 3.234713620810236534e+03 3.124370175672892401e+03 2.268340000000000245e+01 2.526101283729076385e-02 1.726395636796951294e-01 7.470381259918212891e-02 7.400413602590560913e-02
2.704172382794938585e+03 3.239813409759718979e+03 3.121387774949136201e+03 2.268540000000000134e+01 7.337754219770431519e-02 -1.719014048576354980e-01 7.470381259918212891e-02 7.400413602590560913e-02
2.702169571953855211e+03 3.243635112334472524e+03 3.119152823041632928e+03 2.268740000000000023e+01 -5.871046334505081177e-02 1.861155033111572266e-01 7.470381259918212891e-02 7.400413602590560913e-02
2.698814345662868163e+03 3.249997886005121018e+03 3.115431866714151056e+03 2.268940000000000268e+01 4.675712436437606812e-02 -1.531667113304138184e-01 7.470381259918212891e-02 7.400413602590560913e-02
2.696115982470269955e+03 3.255082524454530812e+03 3.112458387768463126e+03 2.269140000000000157e+01 -1.077031269669532776e-01 2.136164456605911255e-01 7.470381259918212891e-02 7.400413602590560913e-02
2.692725439523919249e+03 3.261431357387035405e+03 3.108745640412463217e+03 2.269340000000000046e+01 5.148408189415931702e-02 -4.652874916791915894e-02 7.470381259918212891e-02 7.400413602590560913e-02
2.712112523244668409e+03 3.224499063253576878e+03 3.130343798988750677e+03 2.269540000000000290e+01 -2.493287995457649231e-02 3.060072660446166992e-01 7.470381259918212891e-02 7.400413602590560913e-02
2.709478748735160480e+03 3.229608830509989730e+03 3.127355521774850786e+03 2.269740000000000180e+01 1.932783573865890503e-01 1.334729939699172974e-01 7.470381259918212891e-02 7.400413602590560913e-02
2.706832031035860382e+03 3.234713620810236534e+03 3.124370175672892401e+03 2.269940000000000069e+01 1.161819845438003540e-01 7.790040969848632812e-02 7.470381259918212891e-02 7.400413602590560913e-02
2.704172382794938585e+03 3.239813409759718979e+03 3.121387774949136201e+03 2.270140000000000313e+01 -5.380813777446746826e-02 -7.785995304584503174e-02 7.470381259918212891e-02 7.400413602590560913e-02
2.702169571953855211e+03 3.243635112334472524e+03 3.119152823041632928e+03 2.270340000000000202e+01 -8.608089387416839600e-02 -1.454990636557340622e-02 7.470381259918212891e-02 7.400413602590560913e-02
2.698814345662868163e+03 3.249997886005121018e+03 3.115431866714151056e+03 2.270540000000000092e+01 1.346343010663986206e-01 -1.145139150321483612e-02 7.470381259918212891e-02 7.400413602590560913e-02
2.696115982470269955e+03 3.255082524454530812e+03 3.112458387768463126e+03 2.270739999999999981e+01 -4.169210791587829590e-02 2.105301246047019958e-02 7.470381259918212891e-02 7.400413602590560913e-02
2.692725439523919249e+03 3.261431357387035405e+03 3.108745640412463217e+03 2.270940000000000225e+01 -8.647317998111248016e-03 3.607251495122909546e-02 7.470381259918212891e-02 7.400413602590560913e-02
2.685193867167643020e+03 3.275369847006443706e+03 3.100594637900598627e+03 2.271140000000000114e+01 -1.240444835275411606e-03 7.318110018968582153e-02 7.470381259918212891e-02 7.400413602590560913e-02
2.682431238055863560e+03 3.280428748452729906e+03 3.097636312893818285e+03 2.271340000000000003e+01 -1.153489202260971069e-01 1.049630064517259598e-02 7.470381259918212891e-02 7.400413602590560913e-02
2.679655795216671777e+03 3.285482429697047337e+03 3.094681061247672460e+03 2.271540000000000248e+01 -9.375971555709838867e-02 -1.795009821653366089e-01 7.470381259918212891e-02 7.400413602590560913e-02
2.676867551894094049e+03 3.290530866624262671e+03 3.091728897064005196e+03 2.271740000000000137e+01 -1.183873321861028671e-02 -8.916079998016357422e-02 7.470381259918212891e-02 7.400413602590560913e-02
2.674066521441680834e+03 3.295574035056302819e+03 3.088779834481366834e+03 2.271940000000000026e+01 -1.331075001507997513e-02 9.824585868045687675e-04 7.470381259918212891e-02 7.400413602590560913e-02
2.671252717264401781e+03 3.300611910857869134e+03 3.085833887613197476e+03 2.272140000000000271e+01 5.860504508018493652e-02 -1.504844874143600464e-01 7.470381259918212891e-02 7.400413602590560913e-02
2.668426152838373127e+03 3.305644469901528282e+03 3.082891070568233772e+03 2.272340000000000160e+01 -4.013651236891746521e-02 -9.163685142993927002e-02 7.470381259918212891e-02 7.400413602590560913e-02
2.665824099571325860e+03 3.310253026162326023e+03 3.080196209545848433e+03 2.272540000000000049e+01 -1.669385731220245361e-01 1.040877681225538254e-02 7.470381259918212891e-02 7.400413602590560913e-02
2.685193867167643020e+03 3.275369847006443706e+03 3.100594637900598627e+03 2.272740000000000293e+01 -2.968280948698520660e-02 2.748929262161254883e-01 7.470381259918212891e-02 7.400413602590560913e-02
2.682431238055863560e+03 3.280428748452729906e+03 3.097636312893818285e+03 2.272940000000000182e+01 1.185191944241523743e-01 1.245157886296510696e-02 7.470381259918212891e-02 7.400413602590560913e-02
2.679655795216671777e+03 3.285482429697047337e+03 3.094681061247672460e+03 2.273140000000000072e+01 5.314447730779647827e-02 2.382097020745277405e-02 7.470381259918212891e-02 7.400413602590560913e-02
2.676867551894094049e+03 3.290530866624262671e+03 3.091728897064005196e+03 2.273340000000000316e+01 -7.538956403732299805e-02 -4.399328678846359253e-02 7.470381259918212891e-02 7.400413602590560913e-02
2.674066521441680834e+03 3.295574035056302819e+03 3.088779834481366834e+03 2.273540000000000205e+01 -3.571686148643493652e-02 1.729974299669265747e-01 7.470381259918212891e-02 7.400413602590560913e-02
2.671252717264401781e+03 3.300611910857869134e+03 3.085833887613197476e+03 2.273740000000000094e+01 9.697271138429641724e-02 7.199211418628692627e-02 7.470381259918212891e-02 7.400413602590560913e-02
2.668426152838373127e+03 3.305644469901528282e+03 3.082891070568233772e+03 2.273939999999999984e+01 -9.319862723350524902e-02 1.156572531908750534e-02 7.470381259918212891e-02 7.400413602590560913e-02
2.665824099571325860e+03 3.310253026162326023e+03 3.080196209545848433e+03 2.274140000000000228e+01 1.014188528060913086e-01 -2.710327506065368652e-02 7.470381259918212891e-02 7.400413602590560913e-02
2.656992563947085728e+03 3.325721057471017048e+03 3.071151381901408058e+03 2.274340000000000117e+01 1.089271679520606995e-01 3.310014307498931885e-02 7.470381259918212891e-02 7.400413602590560913e-02
2.654102402365480884e+03 3.330726672040670110e+03 3.068224424882570929e+03 2.274540000000000006e+01 -2.659705653786659241e-02 -2.136488258838653564e-02 7.470381259918212891e-02 7.400413602590560913e-02
2.651199562572110608e+03 3.335726825800898041e+03 3.065300681920305578e+03 2.274740000000000251e+01 -4.024929925799369812e-02 -1.473596971482038498e-02 7.470381259918212891e-02 7.400413602590560913e-02
2.648284058509768784e+03 3.340721494735199940e+03 3.062380167057783183e+03 2.274940000000000140e+01 3.632530942559242249e-02 7.127496600151062012e-02 7.470381259918212891e-02 7.400413602590560913e-02
2.645355904070192537e+03 3.345710655044693340e+03 3.059462894210829290e+03 2.275140000000000029e+01 6.002531200647354126e-02 1.095207482576370239e-01 7.470381259918212891e-02 7.400413602590560913e-02
2.642415113358686995e+03 3.350694282696225855e+03 3.056548877432147947e+03 2.275340000000000273e+01 -5.652010813355445862e-02 -8.291723206639289856e-03 7.470381259918212891e-02 7.400413602590560913e-02
2.639461700377662055e+03 3.355672353961070257e+03 3.053638130596342762e+03 2.275540000000000163e+01 1.504316478967666626e-01 6.832913309335708618e-02 7.470381259918212891e-02 7.400413602590560913e-02
2.636743489304808008e+03 3.360230755717031116e+03 3.050972788524127736e+03 2.275740000000000052e+01 8.093120530247688293e-03 9.338702261447906494e-02 7.470381259918212891e-02 7.400413602590560913e-02
2.656992563947085728e+03 3.325721057471017048e+03 3.071151381901408058e+03 2.275940000000000296e+01 8.623749762773513794e-02 -2.891789563000202179e-02 7.470381259918212891e-02 7.400413602590560913e-02
2.654102402365480884e+03 3.330726672040670110e+03 3.068224424882570929e+03 2.276140000000000185e+01 -9.145776741206645966e-03 -1.151399239897727966e-01 7.470381259918212891e-02 7.400413602590560913e-02
2.651199562572110608e+03 3.335726825800898041e+03 3.065300681920305578e+03 2.276340000000000074e+01 -7.534648478031158447e-02 -5.167051404714584351e-02 7.470381259918212891e-02 7.400413602590560913e-02
2.648284058509768784e+03 3.340721494735199940e+03 3.062380167057783183e+03 2.276540000000000319e+01 -7.573206443339586258e-03 -6.824933737516403198e-02 7.470381259918212891e-02 7.400413602590560913e-02
2.645355904070192537e+03 3.345710655044693340e+03 3.059462894210829290e+03 2.276740000000000208e+01 -4.842038452625274658e-02 4.079528152942657471e-02 7.470381259918212891e-02 7.400413602590560913e-02
2.642415113358686995e+03 3.350694282696225855e+03 3.056548877432147947e+03 2.276940000000000097e+01 1.552318781614303589e-02 4.291766136884689331e-02 7.470381259918212891e-02 7.400413602590560913e-02
2.639461700377662055e+03 3.355672353961070257e+03 3.053638130596342762e+03 2.277139999999999986e+01 1.515179276466369629e-01 -3.182486072182655334e-02 7.470381259918212891e-02 7.400413602590560913e-02
2.636743489304808008e+03 3.360230755717031116e+03 3.050972788524127736e+03 2.277340000000000231e+01 1.216889079660177231e-02 -1.319989562034606934e-03 7.470381259918212891e-02 7.400413602590560913e-02
2.627522109553596692e+03 3.375528598732878436e+03 3.042028121249853484e+03 2.277540000000000120e+01 4.299020767211914062e-02 -4.161064326763153076e-02 7.470381259918212891e-02 7.400413602590560913e-02
2.624505798536900329e+03 3.380478531087654119e+03 3.039133932855377225e+03 2.277740000000000009e+01 -1.498771086335182190e-02 -5.510265473276376724e-03 7.470381259918212891e-02 7.400413602590560913e-02
2.621476951012251448e+03 3.385422764429787549e+03 3.036243097797550945e+03 2.277940000000000254e+01 1.413862854242324829e-01 -2.834428101778030396e-02 7.470381259918212891e-02 7.400413602590560913e-02
2.618435581401080526e+03 3.390361275218012452e+03 3.033355629840664278e+03 2.278140000000000143e+01 3.066314198076725006e-02 2.621120028197765350e-02 7.470381259918212891e-02 7.400413602590560913e-02
2.615381704343362799e+03 3.395294039680315109e+03 3.030471542883816710e+03 2.278340000000000032e+01 1.299433857202529907e-01 7.258794456720352173e-02 7.470381259918212891e-02 7.400413602590560913e-02
2.612315334369085122e+03 3.400221034347231125e+03 3.027590850649116419e+03 2.278540000000000276e+01 -1.031050309538841248e-01 1.005965396761894226e-01 7.470381259918212891e-02 7.400413602590560913e-02
2.609236486238552061e+03 3.405142235502174572e+03 3.024713567003054777e+03 2.278740000000000165e+01 7.692718645557761192e-04 -6.216550245881080627e-02 7.470381259918212891e-02 7.400413602590560913e-02
2.606403418068022802e+03 3.409648301488341531e+03 3.022079019286840321e+03 2.278940000000000055e+01 -3.364291414618492126e-02 3.760230913758277893e-02 7.470381259918212891e-02 7.400413602590560913e-02
2.627522109553596692e+03 3.375528598732878436e+03 3.042028121249853484e+03 2.279140000000000299e+01 3.526376560330390930e-02 5.821187049150466919e-02 7.470381259918212891e-02 7.400413602590560913e-02
2.624505798536900329e+03 3.380478531087654119e+03 3.039133932855377225e+03 2.279340000000000188e+01 -8.315771818161010742e-02 5.784697458148002625e-02 7.470381259918212891e-02 7.400413602590560913e-02
2.621476951012251448e+03 3.385422764429787549e+03 3.036243097797550945e+03 2.279540000000000077e+01 9.257873147726058960e-02 3.622610121965408325e-02 7.470381259918212891e-02 7.400413602590560913e-02
2.618435581401080526e+03 3.390361275218012452e+03 3.033355629840664278e+03 2.279739999999999966e+01 1.186099275946617126e-01 6.427738815546035767e-02 7.470381259918212891e-02 7.400413602590560913e-02
2.615381704343362799e+03 3.395294039680315109e+03 3.030471542883816710e+03 2.279940000000000211e+01 -9.589925408363342285e-03 1.888683880679309368e-03 7.470381259918212891e-02 7.400413602590560913e-02
2.612315334369085122e+03 3.400221034347231125e+03 3.027590850649116419e+03 2.280140000000000100e+01 5.672879889607429504e-02 -6.038586795330047607e-02 7.470381259918212891e-02 7.400413602590560913e-02
2.609236486238552061e+03 3.405142235502174572e+03 3.024713567003054777e+03 2.280339999999999989e+01 1.709773577749729156e-02 -1.134922131896018982e-01 7.470381259918212891e-02 7.400413602590560913e-02
2.606403418068022802e+03 3.409648301488341531e+03 3.022079019286840321e+03 2.280540000000000234e+01 2.786474674940109253e-02 4.011983796954154968e-02 7.470381259918212891e-02 7.400413602590560913e-02
2.597318904529245174e+03 3.423952746343932176e+03 3.013715803872402830e+03 2.280740000000000123e+01 8.216448873281478882e-02 1.870405487716197968e-02 7.470381259918212891e-02 7.400413602590560913e-02
2.594179953861356807e+03 3.428845614398495400e+03 3.010855188669091604e+03 2.280940000000000012e+01 1.257137116044759750e-02 3.442186489701271057e-02 7.470381259918212891e-02 7.400413602590560913e-02
2.591028611774717319e+03 3.433732552036989546e+03 3.007998062096764443e+03 2.281140000000000256e+01 1.567268222570419312e-01 -5.678970366716384888e-02 7.470381259918212891e-02 7.400413602590560913e-02
2.587864893405873318e+03 3.438613535786786542e+03 3.005144437878578174e+03 2.281340000000000146e+01 1.206734776496887207e-01 1.682242453098297119e-01 7.470381259918212891e-02 7.400413602590560913e-02
2.584688813807541464e+03 3.443488542424840489e+03 3.002294329591670248e+03 2.281540000000000035e+01 9.236221760511398315e-02 6.131493300199508667e-02 7.470381259918212891e-02 7.400413602590560913e-02
2.581500388256934912e+03 3.448357548501737256e+03 2.999447750945416828e+03 2.281740000000000279e+01 -1.828971356153488159e-01 -1.503749638795852661e-01 7.470381259918212891e-02 7.400413602590560913e-02
2.578299631968839549e+03 3.453220530783634786e+03 2.996604715523063078e+03 2.281940000000000168e+01 2.792158722877502441e-01 3.149767220020294189e-01 7.470381259918212891e-02 7.400413602590560913e-02
2.575354942889777703e+03 3.457673030137746991e+03 2.994001678550647739e+03 2.282140000000000057e+01 4.198670014739036560e-02 6.491985172033309937e-02 7.470381259918212891e-02 7.400413602590560913e-02
2.597318904529245174e+03 3.423952746343932176e+03 3.013715803872402830e+03 2.282340000000000302e+01 -5.566174536943435669e-02 -9.584705531597137451e-02 7.470381259918212891e-02 7.400413602590560913e-02
2.594179953861356807e+03 3.428845614398495400e+03 3.010855188669091604e+03 2.282540000000000191e+01 5.336995795369148254e-02 -1.434077471494674683e-01 7.470381259918212891e-02 7.400413602590560913e-02
2.591028611774717319e+03 3.433732552036989546e+03 3.007998062096764443e+03 2.282740000000000080e+01 1.383258029818534851e-02 -1.259657889604568481e-01 7.470381259918212891e-02 7.400413602590560913e-02
2.587864893405873318e+03 3.438613535786786542e+03 3.005144437878578174e+03 2.282939999999999969e+01 -2.070316374301910400e-01 6.341556087136268616e-03 7.470381259918212891e-02 7.400413602590560913e-02
2.584688813807541464e+03 3.443488542424840489e+03 3.002294329591670248e+03 2.283140000000000214e+01 1.404398381710052490e-01 1.267175655812025070e-02 7.470381259918212891e-02 7.400413602590560913e-02
2.581500388256934912e+03 3.448357548501737256e+03 2.999447750945416828e+03 2.283340000000000103e+01 4.952446743845939636e-02 -3.200274705886840820e-02 7.470381259918212891e-02 7.400413602590560913e-02
2.578299631968839549e+03 3.453220530783634786e+03 2.996604715523063078e+03 2.283539999999999992e+01 -2.846904098987579346e-02 1.271516382694244385e-01 7.470381259918212891e-02 7.400413602590560913e-02
2.575354942889777703e+03 3.457673030137746991e+03 2.994001678550647739e+03 2.283740000000000236e+01 -2.287184596061706543e-01 -1.843345817178487778e-03 7.470381259918212891e-02 7.400413602590560913e-02
2.565373606784393360e+03 3.472611756783931924e+03 2.985268278026499956e+03 2.283940000000000126e+01 -6.847806274890899658e-02 3.119124658405780792e-02 7.470381259918212891e-02 7.400413602590560913e-02
2.562111427845977687e+03 3.477444271441639103e+03 2.982443162551458954e+03 2.284140000000000015e+01 1.137511432170867920e-02 -3.819256648421287537e-02 7.470381259918212891e-02 7.400413602590560913e-02
2.558837010914923212e+03 3.482270623170123145e+03 2.979621671640451495e+03 2.284340000000000259e+01 -2.687069028615951538e-02 6.697709113359451294e-02 7.470381259918212891e-02 7.400413602590560913e-02
2.555550371764387364e+03 3.487090788720448018e+03 2.976803818884825432e+03 2.284540000000000148e+01 -1.300721019506454468e-01 -1.883988454937934875e-02 7.470381259918212891e-02 7.400413602590560913e-02
2.552251526043249669e+03 3.491904745142083812e+03 2.973989617701366569e+03 2.284740000000000038e+01 5.821864306926727295e-02 1.488158404827117920e-01 7.470381259918212891e-02 7.400413602590560913e-02
2.548940489561713093e+03 3.496712469363066702e+03 2.971179081577755824e+03 2.284940000000000282e+01 -6.373292207717895508e-02 -3.018413437530398369e-03 7.470381259918212891e-02 7.400413602590560913e-02
2.545617278211754183e+03 3.501513938307955868e+03 2.968372224003594511e+03 2.285140000000000171e+01 -1.063385419547557831e-02 4.372252523899078369e-02 7.470381259918212891e-02 7.400413602590560913e-02
2.542560474020005586e+03 3.505909850378808642e+03 2.965802467013015757e+03 2.285340000000000060e+01 6.765523552894592285e-02 -8.338993415236473083e-03 7.470381259918212891e-02 7.400413602590560913e-02
2.565373606784393360e+03 3.472611756783931924e+03 2.985268278026499956e+03 2.285540000000000305e+01 3.947646543383598328e-02 -1.204829104244709015e-02 7.470381259918212891e-02 7.400413602590560913e-02
2.562111427845977687e+03 3.477444271441639103e+03 2.982443162551458954e+03 2.285740000000000194e+01 -1.698983907699584961e-01 -3.953466191887855530e-02 7.470381259918212891e-02 7.400413602590560913e-02
2.558837010914923212e+03 3.482270623170123145e+03 2.979621671640451495e+03 2.285940000000000083e+01 -7.196233421564102173e-02 1.333503872156143188e-01 7.470381259918212891e-02 7.400413602590560913e-02
2.555550371764387364e+03 3.487090788720448018e+03 2.976803818884825432e+03 2.286139999999999972e+01 1.067726239562034607e-01 -5.614694952964782715e-02 7.470381259918212891e-02 7.400413602590560913e-02
2.552251526043249669e+03 3.491904745142083812e+03 2.973989617701366569e+03 2.286340000000000217e+01 -6.723924074321985245e-03 5.854549631476402283e-02 7.470381259918212891e-02 7.400413602590560913e-02
2.548940489561713093e+03 3.496712469363066702e+03 2.971179081577755824e+03 2.286540000000000106e+01 2.418050915002822876e-02 -3.029139153659343719e-02 7.470381259918212891e-02 7.400413602590560913e-02
2.545617278211754183e+03 3.501513938307955868e+03 2.968372224003594511e+03 2.286739999999999995e+01 -9.222211688756942749e-02 -6.083907186985015869e-02 7.470381259918212891e-02 7.400413602590560913e-02
2.542560474020005586e+03 3.505909850378808642e+03 2.965802467013015757e+03 2.286940000000000239e+01 8.634106256067752838e-03 7.245445996522903442e-02 7.470381259918212891e-02 7.400413602590560913e-02
2.532203002701322475e+03 3.520656802759713628e+03 2.957181847270065191e+03 2.287140000000000128e+01 3.806922584772109985e-02 -2.256689220666885376e-02 7.470381259918212891e-02 7.400413602590560913e-02
2.528819156536636910e+03 3.525426651532985488e+03 2.954393583415367630e+03 2.287340000000000018e+01 1.309188921004533768e-02 5.845770239830017090e-02 7.470381259918212891e-02 7.400413602590560913e-02
2.525423231799976293e+03 3.530190107612127122e+03 2.951609078440736539e+03 2.287540000000000262e+01 -8.419470489025115967e-02 -4.709866642951965332e-02 7.470381259918212891e-02 7.400413602590560913e-02
2.522015244660644385e+03 3.534947148316663515e+03 2.948828345604157221e+03 2.287740000000000151e+01 -1.055501997470855713e-01 3.888518258463591337e-04 7.470381259918212891e-02 7.400413602590560913e-02
2.518595211523307626e+03 3.539697750748087856e+03 2.946051398290961515e+03 2.287940000000000040e+01 -3.558778390288352966e-02 8.618538081645965576e-02 7.470381259918212891e-02 7.400413602590560913e-02
2.515163148660203206e+03 3.544441892303538225e+03 2.943278249713518107e+03 2.288140000000000285e+01 3.149113431572914124e-02 -7.226371765136718750e-02 7.470381259918212891e-02 7.400413602590560913e-02
2.511719072591880831e+03 3.549179550146756355e+03 2.940508913220600334e+03 2.288340000000000174e+01 2.242842502892017365e-02 9.256888180971145630e-02 7.470381259918212891e-02 7.400413602590560913e-02
2.508551616128074784e+03 3.553516771262867223e+03 2.937973665972423078e+03 2.288540000000000063e+01 -2.321876212954521179e-02 1.562900468707084656e-02 7.470381259918212891e-02 7.400413602590560913e-02
2.532203002701322475e+03 3.520656802759713628e+03 2.957181847270065191e+03 2.288740000000000308e+01 1.684166636550799012e-05 2.286088280379772186e-02 7.470381259918212891e-02 7.400413602590560913e-02
2.528819156536636910e+03 3.525426651532985488e+03 2.954393583415367630e+03 2.288940000000000197e+01 5.389191582798957825e-02 2.496449649333953857e-02 7.470381259918212891e-02 7.400413602590560913e-02
2.525423231799976293e+03 3.530190107612127122e+03 2.951609078440736539e+03 2.289140000000000086e+01 3.459961712360382080e-02 -5.947191268205642700e-02 7.470381259918212891e-02 7.400413602590560913e-02
2.522015244660644385e+03 3.534947148316663515e+03 2.948828345604157221e+03 2.289339999999999975e+01 5.124566704034805298e-02 4.243902117013931274e-02 7.470381259918212891e-02 7.400413602590560913e-02
2.518595211523307626e+03 3.539697750748087856e+03 2.946051398290961515e+03 2.289540000000000219e+01 -4.521168395876884460e-02 -6.103302538394927979e-02 7.470381259918212891e-02 7.400413602590560913e-02
2.515163148660203206e+03 3.544441892303538225e+03 2.943278249713518107e+03 2.289740000000000109e+01 -7.061576936393976212e-03 1.349203884601593018e-01 7.470381259918212891e-02 7.400413602590560913e-02
2.511719072591880831e+03 3.549179550146756355e+03 2.940508913220600334e+03 2.289939999999999998e+01 3.781537339091300964e-02 -4.314304795116186142e-03 7.470381259918212891e-02 7.400413602590560913e-02
2.508551616128074784e+03 3.553516771262867223e+03 2.937973665972423078e+03 2.290140000000000242e+01 -8.930049836635589600e-03 1.672817580401897430e-02 7.470381259918212891e-02 7.400413602590560913e-02
2.497822966188545706e+03 3.568064892210565631e+03 2.929469952412370276e+03 2.290340000000000131e+01 7.666067034006118774e-02 -1.708246767520904541e-01 7.470381259918212891e-02 7.400413602590560913e-02
2.494319072214442258e+03 3.572769792382562628e+03 2.926719874562178575e+03 2.290540000000000020e+01 -1.017022803425788879e-01 7.779387669870629907e-05 7.470381259918212891e-02 7.400413602590560913e-02
2.490803264766240773e+03 3.577468073305864436e+03 2.923973688020924783e+03 2.290740000000000265e+01 -3.382419003173708916e-03 9.087914228439331055e-02 7.470381259918212891e-02 7.400413602590560913e-02
2.487275560608308297e+03 3.582159712577471055e+03 2.921231405883346724e+03 2.290940000000000154e+01 5.784612521529197693e-02 -6.543486379086971283e-03 7.470381259918212891e-02 7.400413602590560913e-02
2.483735976647706138e+03 3.586844687711643473e+03 2.918493041292437283e+03 2.291140000000000043e+01 -2.569933608174324036e-02 8.178445696830749512e-02 7.470381259918212891e-02 7.400413602590560913e-02
2.480184529885754728e+03 3.591522976205818850e+03 2.915758607400913661e+03 2.291340000000000288e+01 -9.447199851274490356e-02 9.961389005184173584e-03 7.470381259918212891e-02 7.400413602590560913e-02
2.476621237219922023e+03 3.596194555801361275e+03 2.913028117218814259e+03 2.291540000000000177e+01 -4.747923463582992554e-02 -2.829070203006267548e-02 7.470381259918212891e-02 7.400413602590560913e-02
2.473344644845638868e+03 3.600471009637356019e+03 2.910528593391712548e+03 2.291740000000000066e+01 8.121992647647857666e-02 3.784235566854476929e-02 7.470381259918212891e-02 7.400413602590560913e-02
2.497822966188545706e+03 3.568064892210565631e+03 2.929469952412370276e+03 2.291940000000000310e+01 -6.425665318965911865e-02 -4.293701797723770142e-02 7.470381259918212891e-02 7.400413602590560913e-02
2.494319072214442258e+03 3.572769792382562628e+03 2.926719874562178575e+03 2.292140000000000200e+01 -3.775324672460556030e-02 -4.192097485065460205e-02 7.470381259918212891e-02 7.400413602590560913e-02
2.490803264766240773e+03 3.577468073305864436e+03 2.923973688020924783e+03 2.292340000000000089e+01 -4.070625081658363342e-02 3.233981877565383911e-02 7.470381259918212891e-02 7.400413602590560913e-02
2.487275560608308297e+03 3.582159712577471055e+03 2.921231405883346724e+03 2.292539999999999978e+01 4.088653251528739929e-02 -4.846949875354766846e-02 7.470381259918212891e-02 7.400413602590560913e-02
2.483735976647706138e+03 3.586844687711643473e+03 2.918493041292437283e+03 2.292740000000000222e+01 4.075970873236656189e-02 5.238447804003953934e-03 7.470381259918212891e-02 7.400413602590560913e-02
2.480184529885754728e+03 3.591522976205818850e+03 2.915758607400913661e+03 2.292940000000000111e+01 3.890211135149002075e-02 1.925720646977424622e-02 7.470381259918212891e-02 7.400413602590560913e-02
2.476621237219922023e+03 3.596194555801361275e+03 2.913028117218814259e+03 2.293140000000000001e+01 6.219423189759254456e-02 -2.857891609892249107e-03 7.470381259918212891e-02 7.400413602590560913e-02
2.473344644845638868e+03 3.600471009637356019e+03 2.910528593391712548e+03 2.293340000000000245e+01 4.762431979179382324e-02 4.236035794019699097e-02 7.470381259918212891e-02 7.400413602590560913e-02
