# Baseline: 6-20
# u [m], v [m], w [m], frequency [GHz], real, imag
-1.236752446645406508e+03 -2.103529615028731314e+03 -1.510613284011717951e+03 2.267940000000000000e+19 -2.789876610040664673e-02 4.663562402129173279e-02
-1.234448078005138314e+03 -2.105858474819722232e+03 -1.509252787361477658e+03 2.268140000000000000e+19 1.424704957753419876e-02 -6.380337476730346680e-02
-1.232137814554560237e+03 -2.108182982126291336e+03 -1.507894846876547945e+03 2.268340000000000000e+19 4.176330938935279846e-02 1.084248051047325134e-01
-1.229821667333942742e+03 -2.110503125840175016e+03 -1.506539469046188970e+03 2.268540000000000000e+19 -4.256511852145195007e-02 -1.094980388879776001e-01
-1.228080885597105635e+03 -2.112240500331856310e+03 -1.505524540865815879e+03 2.268740000000000000e+19 -7.394649088382720947e-02 -1.261795163154602051e-01
-1.225171765948266284e+03 -2.115130278096169604e+03 -1.503836427282943077e+03 2.268940000000000000e+19 1.710783340968191624e-03 -9.841241687536239624e-02
-1.222838034085185427e+03 -2.117437264445722121e+03 -1.502488776314256711e+03 2.269140000000000000e+19 -5.198922753334045410e-02 2.378261685371398926e-01
-1.219912895001883953e+03 -2.120314976702988133e+03 -1.500807748243196329e+03 2.269340000000000000e+19 -8.959317207336425781e-02 3.754580020904541016e-02
-1.236752446645406508e+03 -2.103529615028731314e+03 -1.510613284011717951e+03 2.269540000000000000e+19 1.235637813806533813e-01 -7.399047166109085083e-02
-1.234448078005138314e+03 -2.105858474819722232e+03 -1.509252787361477658e+03 2.269740000000000000e+19 2.046797890216112137e-03 -6.615569442510604858e-02
-1.232137814554560237e+03 -2.108182982126291336e+03 -1.507894846876547945e+03 2.269940000000000000e+19 1.626916415989398956e-02 2.532018348574638367e-02
-1.229821667333942742e+03 -2.110503125840175016e+03 -1.506539469046188970e+03 2.270140000000000000e+19 -4.373958290670998394e-05 -6.934288889169692993e-02
-1.228080885597105635e+03 -2.112240500331856310e+03 -1.505524540865815879e+03 2.270340000000000000e+19 2.659967169165611267e-02 -4.764078930020332336e-02
-1.225171765948266284e+03 -2.115130278096169604e+03 -1.503836427282943077e+03 2.270540000000000000e+19 -1.183397043496370316e-02 -3.603900969028472900e-02
-1.222838034085185427e+03 -2.117437264445722121e+03 -1.502488776314256711e+03 2.270740000000000000e+19 -8.658520877361297607e-02 4.854146018624305725e-02
-1.219912895001883953e+03 -2.120314976702988133e+03 -1.500807748243196329e+03 2.270940000000000000e+19 -5.813531205058097839e-02 1.661877632141113281e-01
-1.213444826084429678e+03 -2.126621020957632936e+03 -1.497124122004987839e+03 2.271140000000000000e+19 -6.593807786703109741e-02 1.001731380820274353e-01
-1.211082010146859830e+03 -2.128905857916973218e+03 -1.495789477916105625e+03 2.271340000000000000e+19 -5.943874269723892212e-02 4.085240513086318970e-02
-1.208713411239684319e+03 -2.131186232077474415e+03 -1.494457454433481189e+03 2.271540000000000000e+19 3.229982778429985046e-02 -3.093968704342842102e-02
-1.206339040665466655e+03 -2.133462132557679524e+03 -1.493128057913235125e+03 2.271740000000000000e+19 -1.176903322339057922e-01 -6.272248178720474243e-02
-1.203958909795605223e+03 -2.135733548457807956e+03 -1.491801294722130933e+03 2.271940000000000000e+19 5.853625759482383728e-02 1.241319328546524048e-01
-1.201573030020770830e+03 -2.138000468907444883e+03 -1.490477171209706285e+03 2.272140000000000000e+19 6.816260516643524170e-02 5.279426276683807373e-02
-1.199181412767549318e+03 -2.140262883049866105e+03 -1.489155693717438908e+03 2.272340000000000000e+19 -5.658037215471267700e-02 3.555405884981155396e-02
-1.196984139252737805e+03 -2.142332852427336093e+03 -1.487946635350129100e+03 2.272540000000000000e+19 -3.626820072531700134e-02 5.682632327079772949e-02
-1.213444826084429678e+03 -2.126621020957632936e+03 -1.497124122004987839e+03 2.272740000000000000e+19 5.934878066182136536e-02 -2.039054036140441895e-02
-1.211082010146859830e+03 -2.128905857916973218e+03 -1.495789477916105625e+03 2.272940000000000000e+19 1.083850935101509094e-01 -9.389653801918029785e-02
-1.208713411239684319e+03 -2.131186232077474415e+03 -1.494457454433481189e+03 2.273140000000000000e+19 -5.735825374722480774e-02 -3.131609410047531128e-02
-1.206339040665466655e+03 -2.133462132557679524e+03 -1.493128057913235125e+03 2.273340000000000000e+19 -7.351008802652359009e-02 5.074237659573554993e-02
-1.203958909795605223e+03 -2.135733548457807956e+03 -1.491801294722130933e+03 2.273540000000000000e+19 1.595472544431686401e-02 -4.327599331736564636e-02
-1.201573030020770830e+03 -2.138000468907444883e+03 -1.490477171209706285e+03 2.273740000000000000e+19 -1.940322481095790863e-02 -4.637955129146575928e-02
-1.199181412767549318e+03 -2.140262883049866105e+03 -1.489155693717438908e+03 2.273940000000000000e+19 5.336961522698402405e-02 2.140887267887592316e-02
-1.196984139252737805e+03 -2.142332852427336093e+03 -1.487946635350129100e+03 2.274140000000000000e+19 -9.321847930550575256e-03 3.759372606873512268e-02
-1.189557798160957418e+03 -2.149267260451291804e+03 -1.483896370170660475e+03 2.274340000000000000e+19 -3.594057261943817139e-02 -4.061046615242958069e-02
-1.187137665714747072e+03 -2.151506981112599078e+03 -1.482588217369928088e+03 2.274540000000000000e+19 6.481309235095977783e-02 -5.649989936500787735e-03
-1.184711864840446879e+03 -2.153742130859361168e+03 -1.481282748325488683e+03 2.274740000000000000e+19 -2.229678332805633545e-01 5.563016608357429504e-02
-1.182280407189554126e+03 -2.155972698955813939e+03 -1.479979969307701595e+03 2.274940000000000000e+19 1.388578861951828003e-02 -3.814874961972236633e-02
-1.179843304347494723e+03 -2.158198674773589119e+03 -1.478679886524132371e+03 2.275140000000000000e+19 3.194732964038848877e-02 1.297927089035511017e-02
-1.177400568054059931e+03 -2.160420047590018839e+03 -1.477382506237352800e+03 2.275340000000000000e+19 -1.062437053769826889e-02 1.968564093112945557e-02
-1.174952209940102421e+03 -2.162636806828443241e+03 -1.476087834624596098e+03 2.275540000000000000e+19 3.208284266293048859e-03 1.106915716081857681e-02
-1.172703024389982147e+03 -2.164664833129900217e+03 -1.474903402484072785e+03 2.275740000000000000e+19 8.276912569999694824e-02 4.443887993693351746e-02
-1.189557798160957418e+03 -2.149267260451291804e+03 -1.483896370170660475e+03 2.275940000000000000e+19 7.063928246498107910e-02 -7.101294398307800293e-02
-1.187137665714747072e+03 -2.151506981112599078e+03 -1.482588217369928088e+03 2.276140000000000000e+19 9.262724965810775757e-02 7.915351539850234985e-02
-1.184711864840446879e+03 -2.153742130859361168e+03 -1.481282748325488683e+03 2.276340000000000000e+19 -4.575147479772567749e-02 8.423248678445816040e-02
-1.182280407189554126e+03 -2.155972698955813939e+03 -1.479979969307701595e+03 2.276540000000000000e+19 9.103223681449890137e-02 -5.097860097885131836e-02
-1.179843304347494723e+03 -2.158198674773589119e+03 -1.478679886524132371e+03 2.276740000000000000e+19 2.042343840003013611e-02 -1.989215053617954254e-02
-1.177400568054059931e+03 -2.160420047590018839e+03 -1.477382506237352800e+03 2.276940000000000000e+19 -4.657273367047309875e-02 9.339546412229537964e-02
-1.174952209940102421e+03 -2.162636806828443241e+03 -1.476087834624596098e+03 2.277140000000000000e+19 8.948757499456405640e-02 9.436571598052978516e-02
-1.172703024389982147e+03 -2.164664833129900217e+03 -1.474903402484072785e+03 2.277340000000000000e+19 5.164591968059539795e-02 -6.959507614374160767e-02
-1.165102794195777960e+03 -2.171457496003125925e+03 -1.470936358728042705e+03 2.277540000000000000e+19 -8.124418556690216064e-02 -8.085404336452484131e-02
-1.162626503349913037e+03 -2.173651028592789771e+03 -1.469655323205043260e+03 2.277740000000000000e+19 -5.860988423228263855e-02 -2.612600103020668030e-03
-1.160144661431331087e+03 -2.175839884246126985e+03 -1.468377033358663994e+03 2.277940000000000000e+19 -7.539425045251846313e-02 4.799462482333183289e-02
-1.157657280256968761e+03 -2.178024052541212313e+03 -1.467101495275292791e+03 2.278140000000000000e+19 3.661613911390304565e-02 1.008372157812118530e-01
-1.155164371800100298e+03 -2.180203522964337481e+03 -1.465828715094846757e+03 2.278340000000000000e+19 -3.348159790039062500e-02 6.738268584012985229e-02
-1.152665947921680754e+03 -2.182378285145864083e+03 -1.464558698873043795e+03 2.278540000000000000e+19 1.184675469994544983e-01 -6.546143442392349243e-03
-1.150162020648134103e+03 -2.184548328617356674e+03 -1.463291452723223983e+03 2.278740000000000000e+19 -2.753046713769435883e-02 -3.854003176093101501e-02
-1.147861999333491895e+03 -2.186533441401489654e+03 -1.462132213577454877e+03 2.278940000000000000e+19 -2.513850480318069458e-02 -1.187908649444580078e-01
-1.165102794195777960e+03 -2.171457496003125925e+03 -1.470936358728042705e+03 2.279140000000000000e+19 -1.016935613006353378e-02 -4.069902002811431885e-02
-1.162626503349913037e+03 -2.173651028592789771e+03 -1.469655323205043260e+03 2.279340000000000000e+19 1.375868730247020721e-02 -3.100957162678241730e-02
-1.160144661431331087e+03 -2.175839884246126985e+03 -1.468377033358663994e+03 2.279540000000000000e+19 -5.028095841407775879e-02 4.547516815364360809e-03
-1.157657280256968761e+03 -2.178024052541212313e+03 -1.467101495275292791e+03 2.279740000000000000e+19 8.300262503325939178e-03 4.542094841599464417e-02
-1.155164371800100298e+03 -2.180203522964337481e+03 -1.465828715094846757e+03 2.279940000000000000e+19 -2.874083293136209249e-04 -6.834564357995986938e-02
-1.152665947921680754e+03 -2.182378285145864083e+03 -1.464558698873043795e+03 2.280140000000000000e+19 1.604330390691757202e-01 -7.331373542547225952e-02
-1.150162020648134103e+03 -2.184548328617356674e+03 -1.463291452723223983e+03 2.280340000000000000e+19 8.709044754505157471e-02 -1.630123145878314972e-02
-1.147861999333491895e+03 -2.186533441401489654e+03 -1.462132213577454877e+03 2.280540000000000000e+19 -2.752354927361011505e-02 -1.896671368740499020e-03
-1.140512865734909155e+03 -2.192822928533893901e+03 -1.458459446336532892e+03 2.280740000000000000e+19 6.057427451014518738e-02 4.130684956908226013e-02
-1.137982507925457412e+03 -2.194970019080948077e+03 -1.457205674024970222e+03 2.280940000000000000e+19 -4.382206127047538757e-02 -6.435034424066543579e-02
-1.135446716948336189e+03 -2.197112330694978482e+03 -1.455954706952946481e+03 2.281140000000000000e+19 -3.498999867588281631e-04 5.233477801084518433e-02
-1.132905504983406217e+03 -2.199249853086200801e+03 -1.454706551129004993e+03 2.281340000000000000e+19 1.838259212672710419e-02 -7.909968495368957520e-02
-1.130358884121496430e+03 -2.201382576084601624e+03 -1.453461212491672995e+03 2.281540000000000000e+19 9.105134755373001099e-02 2.038193866610527039e-02
-1.127806866612106433e+03 -2.203510489431487713e+03 -1.452218697031195006e+03 2.281740000000000000e+19 -1.468317359685897827e-01 -1.301515549421310425e-01
-1.125249464633070829e+03 -2.205633582972956901e+03 -1.450979010676553798e+03 2.281940000000000000e+19 2.871362864971160889e-01 1.163218468427658081e-01
-1.122900528110827054e+03 -2.207575570898408387e+03 -1.449845085725666195e+03 2.282140000000000000e+19 -9.364030510187149048e-02 7.005897164344787598e-02
-1.140512865734909155e+03 -2.192822928533893901e+03 -1.458459446336532892e+03 2.282340000000000000e+19 1.014150381088256836e-01 4.358829557895660400e-02
-1.137982507925457412e+03 -2.194970019080948077e+03 -1.457205674024970222e+03 2.282540000000000000e+19 2.701401337981224060e-02 -8.088001981377601624e-03
-1.135446716948336189e+03 -2.197112330694978482e+03 -1.455954706952946481e+03 2.282740000000000000e+19 1.451119873672723770e-02 1.742039173841476440e-01
-1.132905504983406217e+03 -2.199249853086200801e+03 -1.454706551129004993e+03 2.282940000000000000e+19 -1.806749962270259857e-02 -1.523281335830688477e-01
-1.130358884121496430e+03 -2.201382576084601624e+03 -1.453461212491672995e+03 2.283140000000000000e+19 2.444963436573743820e-03 -1.326954960823059082e-01
-1.127806866612106433e+03 -2.203510489431487713e+03 -1.452218697031195006e+03 2.283340000000000000e+19 8.933247625827789307e-02 1.174900867044925690e-02
-1.125249464633070829e+03 -2.205633582972956901e+03 -1.450979010676553798e+03 2.283540000000000000e+19 -7.290826737880706787e-02 8.719386160373687744e-02
-1.122900528110827054e+03 -2.207575570898408387e+03 -1.449845085725666195e+03 2.283740000000000000e+19 8.139012381434440613e-03 1.027389317750930786e-01
-1.114966257266680259e+03 -2.214077556153409660e+03 -1.446048674807837187e+03 2.283940000000000000e+19 -6.467321515083312988e-02 2.571750059723854065e-02
-1.112382117110046011e+03 -2.216176398663318196e+03 -1.444823222737112019e+03 2.284140000000000000e+19 1.534129586070775986e-02 3.630787134170532227e-02
-1.109792666266481092e+03 -2.218270360781240470e+03 -1.443600635147953199e+03 2.284340000000000000e+19 -8.827444911003112793e-02 1.465976983308792114e-01
-1.107197917209593243e+03 -2.220359432420390476e+03 -1.442380917929657471e+03 2.284540000000000000e+19 4.502793028950691223e-02 8.717350661754608154e-02
-1.104597882293913017e+03 -2.222443603633951625e+03 -1.441164076889723447e+03 2.284740000000000000e+19 2.423179708421230316e-02 1.428245007991790771e-01
-1.101992573980556472e+03 -2.224522864433034101e+03 -1.439950117860148112e+03 2.284940000000000000e+19 -3.396074101328849792e-02 5.656602233648300171e-02
-1.099382004774180587e+03 -2.226597204837908976e+03 -1.438739046667501270e+03 2.285140000000000000e+19 -3.055627644062042236e-02 -5.916613340377807617e-02
-1.096984438769580038e+03 -2.228494415541680155e+03 -1.437631402988502259e+03 2.285340000000000000e+19 2.456176653504371643e-02 9.713886678218841553e-02
-1.114966257266680259e+03 -2.214077556153409660e+03 -1.446048674807837187e+03 2.285540000000000000e+19 7.299946993589401245e-02 1.087368428707122803e-01
-1.112382117110046011e+03 -2.216176398663318196e+03 -1.444823222737112019e+03 2.285740000000000000e+19 1.361783128231763840e-02 -2.844262868165969849e-02
-1.109792666266481092e+03 -2.218270360781240470e+03 -1.443600635147953199e+03 2.285940000000000000e+19 2.324161492288112640e-02 1.088348999619483948e-01
-1.107197917209593243e+03 -2.220359432420390476e+03 -1.442380917929657471e+03 2.286140000000000000e+19 -7.767099887132644653e-02 -1.317033022642135620e-01
-1.104597882293913017e+03 -2.222443603633951625e+03 -1.441164076889723447e+03 2.286340000000000000e+19 -3.129097446799278259e-02 5.812729243189096451e-03
-1.101992573980556472e+03 -2.224522864433034101e+03 -1.439950117860148112e+03 2.286540000000000000e+19 -8.964249864220619202e-04 3.820560500025749207e-02
-1.099382004774180587e+03 -2.226597204837908976e+03 -1.438739046667501270e+03 2.286740000000000000e+19 -5.013751238584518433e-02 2.606360428035259247e-02
-1.096984438769580038e+03 -2.228494415541680155e+03 -1.437631402988502259e+03 2.286940000000000000e+19 9.662008285522460938e-02 4.798630252480506897e-02
-1.088887368966020631e+03 -2.234845164564059360e+03 -1.433923755835706743e+03 2.287140000000000000e+19 6.539417803287506104e-02 6.741902232170104980e-02
-1.086250683044429252e+03 -2.236894754685045427e+03 -1.432727210416268008e+03 2.287340000000000000e+19 -2.983022667467594147e-02 -2.293659001588821411e-02
-1.083608811566809436e+03 -2.238939365203603757e+03 -1.431533587400412216e+03 2.287540000000000000e+19 -3.026744816452264786e-03 -5.685130879282951355e-02
-1.080961767112094321e+03 -2.240978986384647669e+03 -1.430342892471377354e+03 2.287740000000000000e+19 8.256362378597259521e-02 -1.914634928107261658e-02
-1.078309562422086174e+03 -2.243013608410243251e+03 -1.429155131360690120e+03 2.287940000000000000e+19 -6.605793535709381104e-02 4.588004574179649353e-02
-1.075652210115729986e+03 -2.245043221599880781e+03 -1.427970309719567695e+03 2.288140000000000000e+19 -4.785299301147460938e-02 1.035358197987079620e-02
-1.072989722984418677e+03 -2.247067816183889590e+03 -1.426788433251228071e+03 2.288340000000000000e+19 -3.793283179402351379e-02 -1.621633302420377731e-03
-1.070544674857491373e+03 -2.248919341752614855e+03 -1.425707600908076984e+03 2.288540000000000000e+19 -1.101943105459213257e-01 -1.350341457873582840e-02
-1.088887368966020631e+03 -2.234845164564059360e+03 -1.433923755835706743e+03 2.288740000000000000e+19 4.037234559655189514e-02 7.520374841988086700e-03
-1.086250683044429252e+03 -2.236894754685045427e+03 -1.432727210416268008e+03 2.288940000000000000e+19 2.507779933512210846e-02 4.643730074167251587e-02
-1.083608811566809436e+03 -2.238939365203603757e+03 -1.431533587400412216e+03 2.289140000000000000e+19 -8.503988385200500488e-02 -5.082541611045598984e-03
-1.080961767112094321e+03 -2.240978986384647669e+03 -1.430342892471377354e+03 2.289340000000000000e+19 4.770240932703018188e-02 5.022425204515457153e-03
-1.078309562422086174e+03 -2.243013608410243251e+03 -1.429155131360690120e+03 2.289540000000000000e+19 6.958566606044769287e-03 -5.783519893884658813e-02
-1.075652210115729986e+03 -2.245043221599880781e+03 -1.427970309719567695e+03 2.289740000000000000e+19 -7.499926537275314331e-02 1.081609651446342468e-01
-1.072989722984418677e+03 -2.247067816183889590e+03 -1.426788433251228071e+03 2.289940000000000000e+19 -1.157866120338439941e-01 2.218065410852432251e-02
-1.070544674857491373e+03 -2.248919341752614855e+03 -1.425707600908076984e+03 2.290140000000000000e+19 -2.992000430822372437e-02 -6.517883390188217163e-02
-1.062288680961832370e+03 -2.255115815387284783e+03 -1.422090491814637971e+03 2.290340000000000000e+19 -2.583751641213893890e-02 -4.347509145736694336e-02
-1.059600711120689539e+03 -2.257115172242827157e+03 -1.420923425678808144e+03 2.290540000000000000e+19 -3.645626083016395569e-02 1.082324832677841187e-01
-1.056907683254647964e+03 -2.259109452733991475e+03 -1.419759338431816332e+03 2.290740000000000000e+19 3.146249428391456604e-02 1.639197929762303829e-03
-1.054209610204873115e+03 -2.261098647351343971e+03 -1.418598235624435347e+03 2.290940000000000000e+19 4.426305368542671204e-02 -2.241461537778377533e-02
-1.051506504902352617e+03 -2.263082746561184649e+03 -1.417440122821522436e+03 2.291140000000000000e+19 1.006752848625183105e-01 3.254905715584754944e-02
-1.048798380330576492e+03 -2.265061740833649765e+03 -1.416285005585623139e+03 2.291340000000000000e+19 2.596745640039443970e-02 1.633012667298316956e-02
-1.046085249374514660e+03 -2.267035620752988962e+03 -1.415132889412599070e+03 2.291540000000000000e+19 -6.174547970294952393e-02 -3.120924532413482666e-02
-1.043593889639740382e+03 -2.268840574823534553e+03 -1.414079385821011556e+03 2.291740000000000000e+19 -5.861524865031242371e-02 -1.198799163103103638e-02
-1.062288680961832370e+03 -2.255115815387284783e+03 -1.422090491814637971e+03 2.291940000000000000e+19 -3.020344674587249756e-02 5.955766886472702026e-03
-1.059600711120689539e+03 -2.257115172242827157e+03 -1.420923425678808144e+03 2.292140000000000000e+19 2.306219562888145447e-02 -6.345336884260177612e-02
-1.056907683254647964e+03 -2.259109452733991475e+03 -1.419759338431816332e+03 2.292340000000000000e+19 -5.800787359476089478e-03 -5.303768441081047058e-02
-1.054209610204873115e+03 -2.261098647351343971e+03 -1.418598235624435347e+03 2.292540000000000000e+19 1.567958854138851166e-02 -1.641343906521797180e-02
-1.051506504902352617e+03 -2.263082746561184649e+03 -1.417440122821522436e+03 2.292740000000000000e+19 6.585868448019027710e-02 1.814838685095310211e-02
-1.048798380330576492e+03 -2.265061740833649765e+03 -1.416285005585623139e+03 2.292940000000000000e+19 -4.783381521701812744e-02 9.609679877758026123e-02
-1.046085249374514660e+03 -2.267035620752988962e+03 -1.415132889412599070e+03 2.293140000000000000e+19 -6.993065029382705688e-02 2.026253193616867065e-02
-1.043593889639740382e+03 -2.268840574823534553e+03 -1.414079385821011556e+03 2.293340000000000000e+19 -3.951617330312728882e-02 3.344637900590896606e-02
