# Baseline: 11-14
# u [m], v [m], w [m], frequency [GHz], real, imag
-2.299614822698752050e+03 6.477352123722173474e+02 -2.211531725603182167e+03 2.267940000000000000e+19 -3.261783421039581299e-01 -5.863201618194580078e-02
-2.303276625227525983e+03 6.433959438791911225e+02 -2.208986251327179616e+03 2.268140000000000000e+19 2.056909054517745972e-01 6.244551390409469604e-02
-2.306927413503923162e+03 6.390497665089479824e+02 -2.206436746480897909e+03 2.268340000000000000e+19 -4.616571366786956787e-01 -1.917737275362014771e-01
-2.310567170081756558e+03 6.346967010309394936e+02 -2.203883223247881688e+03 2.268540000000000000e+19 3.063318133354187012e-01 6.371806561946868896e-02
-2.313290083213958042e+03 6.314276081985435667e+02 -2.201965575985533633e+03 2.268740000000000000e+19 -4.148164689540863037e-01 -2.760406583547592163e-02
-2.317813518518344154e+03 6.259699891146400432e+02 -2.198764170522589211e+03 2.268940000000000000e+19 -6.762309372425079346e-02 2.462087571620941162e-02
-2.321420075622617787e+03 6.215963845315054641e+02 -2.196198665582382546e+03 2.269140000000000000e+19 -4.145840406417846680e-01 -4.581993520259857178e-01
-2.325913109811816412e+03 6.161200867571642448e+02 -2.192986363981227896e+03 2.269340000000000000e+19 1.869913637638092041e-01 2.259583324193954468e-01
-2.299614822698752050e+03 6.477352123722173474e+02 -2.211531725603182167e+03 2.269540000000000000e+19 6.288433447480201721e-03 4.159100353717803955e-02
-2.303276625227525983e+03 6.433959438791911225e+02 -2.208986251327179616e+03 2.269740000000000000e+19 -6.452813744544982910e-02 1.299843844026327133e-02
-2.306927413503923162e+03 6.390497665089479824e+02 -2.206436746480897909e+03 2.269940000000000000e+19 -1.961968690156936646e-01 -2.015995793044567108e-03
-2.310567170081756558e+03 6.346967010309394936e+02 -2.203883223247881688e+03 2.270140000000000000e+19 1.286897957324981689e-01 -7.676850073039531708e-03
-2.313290083213958042e+03 6.314276081985435667e+02 -2.201965575985533633e+03 2.270340000000000000e+19 5.347247794270515442e-02 -3.880169242620468140e-02
-2.317813518518344154e+03 6.259699891146400432e+02 -2.198764170522589211e+03 2.270540000000000000e+19 -7.570061087608337402e-02 1.042682752013206482e-01
-2.321420075622617787e+03 6.215963845315054641e+02 -2.196198665582382546e+03 2.270740000000000000e+19 -3.073763102293014526e-02 1.379151195287704468e-01
-2.325913109811816412e+03 6.161200867571642448e+02 -2.192986363981227896e+03 2.270940000000000000e+19 -2.956361509859561920e-03 -7.723344862461090088e-02
-2.335735121695682210e+03 6.040341301611236986e+02 -2.185897074967262142e+03 2.271140000000000000e+19 -8.509691804647445679e-02 -7.397996634244918823e-02
-2.339286001979887260e+03 5.996267126345386487e+02 -2.183311846234646055e+03 2.271340000000000000e+19 -1.142305731773376465e-01 -7.644529640674591064e-02
-2.342825695656320022e+03 5.952125957299572292e+02 -2.180722709821046919e+03 2.271540000000000000e+19 -3.977907821536064148e-02 -2.473216690123081207e-02
-2.346354185834385135e+03 5.907918005107710542e+02 -2.178129678081372731e+03 2.271740000000000000e+19 1.424502730369567871e-01 -7.089088857173919678e-02
-2.349871455615403647e+03 5.863643481491637885e+02 -2.175532763434243407e+03 2.271940000000000000e+19 9.353043511509895325e-03 -8.124483376741409302e-02
-2.353377488166628154e+03 5.819302598337468453e+02 -2.172931978307805821e+03 2.272140000000000000e+19 3.926214948296546936e-02 3.093399293720722198e-02
-2.356872266697062514e+03 5.774895568004461666e+02 -2.170327335157856396e+03 2.272340000000000000e+19 -1.068071052432060242e-01 6.958236545324325562e-02
-2.360066056778776328e+03 5.734132033057248918e+02 -2.167936415868853146e+03 2.272540000000000000e+19 3.043876402080059052e-02 5.142396688461303711e-02
-2.335735121695682210e+03 6.040341301611236986e+02 -2.185897074967262142e+03 2.272740000000000000e+19 1.217312528751790524e-03 -8.981376886367797852e-02
-2.339286001979887260e+03 5.996267126345386487e+02 -2.183311846234646055e+03 2.272940000000000000e+19 1.297495514154434204e-01 2.306289412081241608e-02
-2.342825695656320022e+03 5.952125957299572292e+02 -2.180722709821046919e+03 2.273140000000000000e+19 5.929315835237503052e-02 -8.981184661388397217e-02
-2.346354185834385135e+03 5.907918005107710542e+02 -2.178129678081372731e+03 2.273340000000000000e+19 -1.408760696649551392e-01 5.792533978819847107e-03
-2.349871455615403647e+03 5.863643481491637885e+02 -2.175532763434243407e+03 2.273540000000000000e+19 1.672142371535301208e-02 1.969400234520435333e-02
-2.353377488166628154e+03 5.819302598337468453e+02 -2.172931978307805821e+03 2.273740000000000000e+19 -3.274184837937355042e-02 5.965717509388923645e-02
-2.356872266697062514e+03 5.774895568004461666e+02 -2.170327335157856396e+03 2.273940000000000000e+19 -4.792466759681701660e-03 -4.599200934171676636e-02
-2.360066056778776328e+03 5.734132033057248918e+02 -2.167936415868853146e+03 2.274140000000000000e+19 1.155524924397468567e-01 1.208155155181884766e-01
-2.370738507112827847e+03 5.596610227540904816e+02 -2.159870431756160997e+03 2.274340000000000000e+19 2.821262925863265991e-02 -5.618057399988174438e-02
-2.374176765792141396e+03 5.551875654799587210e+02 -2.157246685796872498e+03 2.274540000000000000e+19 4.403144866228103638e-02 1.225659344345331192e-02
-2.377603670959016199e+03 5.507076214093212911e+02 -2.154619156843347810e+03 2.274740000000000000e+19 -1.004929188638925552e-02 6.546118855476379395e-02
-2.381019206153523555e+03 5.462212120600394201e+02 -2.151987857516017357e+03 2.274940000000000000e+19 3.055560775101184845e-02 1.132419332861900330e-02
-2.384423355101034758e+03 5.417283588090482453e+02 -2.149352800352554823e+03 2.275140000000000000e+19 -1.506335195153951645e-02 -3.593673929572105408e-02
-2.387816101403607718e+03 5.372290832988697957e+02 -2.146713998046298457e+03 2.275340000000000000e+19 -4.986134544014930725e-02 3.360576555132865906e-02
-2.391197428907404174e+03 5.327234069522933169e+02 -2.144071463161609699e+03 2.275540000000000000e+19 -6.079350784420967102e-02 2.006786875426769257e-02
-2.394287079918388827e+03 5.285876801315374678e+02 -2.141645918606509895e+03 2.275740000000000000e+19 5.657256580889225006e-03 -4.544147476553916931e-02
-2.370738507112827847e+03 5.596610227540904816e+02 -2.159870431756160997e+03 2.275940000000000000e+19 5.760359764099121094e-02 -4.739037528634071350e-02
-2.374176765792141396e+03 5.551875654799587210e+02 -2.157246685796872498e+03 2.276140000000000000e+19 3.432184085249900818e-02 -3.567735431715846062e-03
-2.377603670959016199e+03 5.507076214093212911e+02 -2.154619156843347810e+03 2.276340000000000000e+19 1.051442325115203857e-01 -7.626388687640428543e-03
-2.381019206153523555e+03 5.462212120600394201e+02 -2.151987857516017357e+03 2.276540000000000000e+19 1.346389353275299072e-01 5.657033249735832214e-02
-2.384423355101034758e+03 5.417283588090482453e+02 -2.149352800352554823e+03 2.276740000000000000e+19 3.001443343237042427e-03 -6.408128142356872559e-02
-2.387816101403607718e+03 5.372290832988697957e+02 -2.146713998046298457e+03 2.276940000000000000e+19 -9.948515892028808594e-02 -1.020436454564332962e-02
-2.391197428907404174e+03 5.327234069522933169e+02 -2.144071463161609699e+03 2.277140000000000000e+19 -8.883437514305114746e-02 -2.031374955549836159e-03
-2.394287079918388827e+03 5.285876801315374678e+02 -2.141645918606509895e+03 2.277340000000000000e+19 -8.378333586733788252e-05 -1.837500371038913727e-02
-2.404608227877473382e+03 5.146371252327045340e+02 -2.133464251218828849e+03 2.277540000000000000e+19 -3.740153834223747253e-02 -9.147852659225463867e-02
-2.407932219644666475e+03 5.100997688990355527e+02 -2.130803243577107878e+03 2.277740000000000000e+19 5.519380792975425720e-02 1.702123880386352539e-02
-2.411244696284548809e+03 5.055561416416462066e+02 -2.128138579547946847e+03 2.277940000000000000e+19 -1.351632922887802124e-01 -6.180439516901969910e-02
-2.414545642025251709e+03 5.010062650943714857e+02 -2.125470271818770016e+03 2.278140000000000000e+19 -1.605634763836860657e-02 1.060809381306171417e-02
-2.417835040977376138e+03 4.964501611585208707e+02 -2.122798333233758513e+03 2.278340000000000000e+19 3.831282258033752441e-03 1.473158225417137146e-02
-2.421112877490407300e+03 4.918878515114762422e+02 -2.120122776505673301e+03 2.278540000000000000e+19 1.170154809951782227e-01 -1.665996015071868896e-01
-2.424379135786174174e+03 4.873193581143862048e+02 -2.117443614513587818e+03 2.278740000000000000e+19 3.465903224423527718e-03 3.975514695048332214e-02
-2.427363169283690240e+03 4.831262369776797527e+02 -2.114984605353859934e+03 2.278940000000000000e+19 -7.082025706768035889e-02 2.106082625687122345e-02
-2.404608227877473382e+03 5.146371252327045340e+02 -2.133464251218828849e+03 2.279140000000000000e+19 5.373678356409072876e-02 5.315412953495979309e-02
-2.407932219644666475e+03 5.100997688990355527e+02 -2.130803243577107878e+03 2.279340000000000000e+19 6.783980131149291992e-02 1.143480390310287476e-01
-2.411244696284548809e+03 5.055561416416462066e+02 -2.128138579547946847e+03 2.279540000000000000e+19 8.793736994266510010e-02 -6.638934463262557983e-02
-2.414545642025251709e+03 5.010062650943714857e+02 -2.125470271818770016e+03 2.279740000000000000e+19 5.637819319963455200e-02 -8.639409393072128296e-02
-2.417835040977376138e+03 4.964501611585208707e+02 -2.122798333233758513e+03 2.279940000000000000e+19 1.399777829647064209e-01 -4.260260984301567078e-02
-2.421112877490407300e+03 4.918878515114762422e+02 -2.120122776505673301e+03 2.280140000000000000e+19 1.303624827414751053e-02 -1.158465370535850525e-01
-2.424379135786174174e+03 4.873193581143862048e+02 -2.117443614513587818e+03 2.280340000000000000e+19 8.456814102828502655e-03 5.673231091350317001e-03
-2.427363169283690240e+03 4.831262369776797527e+02 -2.114984605353859934e+03 2.280540000000000000e+19 -1.955786533653736115e-02 6.515102833509445190e-02
-2.436792252902737346e+03 4.697499080343027344e+02 -2.107140325552037211e+03 2.280740000000000000e+19 -4.304738715291023254e-02 1.722821891307830811e-01
-2.440002330710307888e+03 4.651518349030875470e+02 -2.104443918969375773e+03 2.280940000000000000e+19 4.032911732792854309e-02 -1.636962890625000000e-01
-2.443200739957523638e+03 4.605477058938072901e+02 -2.101743982110966044e+03 2.281140000000000000e+19 -2.648845314979553223e-01 1.254734098911285400e-01
-2.446387465282106405e+03 4.559375431208771943e+02 -2.099040527945066515e+03 2.281340000000000000e+19 1.810864061117172241e-01 -9.477351605892181396e-02
-2.449562491522160144e+03 4.513213685189427906e+02 -2.096333569334417916e+03 2.281540000000000000e+19 -2.804744243621826172e-02 5.022362992167472839e-02
-2.452725803405344323e+03 4.466992042922964288e+02 -2.093623119299784321e+03 2.281740000000000000e+19 8.682049810886383057e-02 -4.082855582237243652e-01
-2.455877385837179645e+03 4.420710724971249874e+02 -2.090909190774977105e+03 2.281940000000000000e+19 -2.141412794589996338e-01 4.726321399211883545e-01
-2.458756169188364765e+03 4.378234704074861270e+02 -2.088418422293210369e+03 2.282140000000000000e+19 -1.836027204990386963e-02 -1.156041026115417480e-01
-2.436792252902737346e+03 4.697499080343027344e+02 -2.107140325552037211e+03 2.282340000000000000e+19 9.561326354742050171e-02 1.264198273420333862e-01
-2.440002330710307888e+03 4.651518349030875470e+02 -2.104443918969375773e+03 2.282540000000000000e+19 5.100844427943229675e-02 3.740590810775756836e-02
-2.443200739957523638e+03 4.605477058938072901e+02 -2.101743982110966044e+03 2.282740000000000000e+19 -1.689828373491764069e-02 2.401055395603179932e-02
-2.446387465282106405e+03 4.559375431208771943e+02 -2.099040527945066515e+03 2.282940000000000000e+19 8.051960915327072144e-02 -7.535354234278202057e-03
-2.449562491522160144e+03 4.513213685189427906e+02 -2.096333569334417916e+03 2.283140000000000000e+19 4.222316667437553406e-03 8.928528428077697754e-02
-2.452725803405344323e+03 4.466992042922964288e+02 -2.093623119299784321e+03 2.283340000000000000e+19 5.318322032690048218e-02 1.096109524369239807e-01
-2.455877385837179645e+03 4.420710724971249874e+02 -2.090909190774977105e+03 2.283540000000000000e+19 -1.617639660835266113e-01 3.372789174318313599e-02
-2.458756169188364765e+03 4.378234704074861270e+02 -2.088418422293210369e+03 2.283740000000000000e+19 1.329603791236877441e-01 -4.404416680335998535e-02
-2.468366120142328327e+03 4.234993131825553974e+02 -2.080018951870357796e+03 2.283940000000000000e+19 1.461016479879617691e-02 5.955430865287780762e-02
-2.471458830115809633e+03 4.188416764768282405e+02 -2.077287826123535524e+03 2.284140000000000000e+19 3.873683279380202293e-03 4.400738328695297241e-02
-2.474539721029560496e+03 4.141782054564185955e+02 -2.074553300024888813e+03 2.284340000000000000e+19 2.488941326737403870e-02 -4.557314887642860413e-02
-2.477608778042695121e+03 4.095089225856652320e+02 -2.071815386746867716e+03 2.284540000000000000e+19 8.846574276685714722e-02 5.461265682242810726e-04
-2.480665986542363498e+03 4.048338500966993934e+02 -2.069074099325661791e+03 2.284740000000000000e+19 -1.217794343829154968e-01 -3.452973812818527222e-02
-2.483711331876098484e+03 4.001530103956678772e+02 -2.066329450899402218e+03 2.284940000000000000e+19 5.426379665732383728e-02 -5.339048057794570923e-02
-2.486744799427356611e+03 3.954664259490986638e+02 -2.063581454641523123e+03 2.285140000000000000e+19 -4.539998993277549744e-02 6.229505687952041626e-02
-2.489515182921923952e+03 3.911654353044939398e+02 -2.061059570599330527e+03 2.285340000000000000e+19 -7.398279011249542236e-02 -3.751289099454879761e-02
-2.468366120142328327e+03 4.234993131825553974e+02 -2.080018951870357796e+03 2.285540000000000000e+19 -8.766539394855499268e-02 -1.268246620893478394e-01
-2.471458830115809633e+03 4.188416764768282405e+02 -2.077287826123535524e+03 2.285740000000000000e+19 -1.217707525938749313e-02 -7.522204518318176270e-02
-2.474539721029560496e+03 4.141782054564185955e+02 -2.074553300024888813e+03 2.285940000000000000e+19 4.328322038054466248e-02 -5.665496736764907837e-02
-2.477608778042695121e+03 4.095089225856652320e+02 -2.071815386746867716e+03 2.286140000000000000e+19 5.208426713943481445e-02 1.076510408893227577e-03
-2.480665986542363498e+03 4.048338500966993934e+02 -2.069074099325661791e+03 2.286340000000000000e+19 4.785427078604698181e-02 -1.098609864711761475e-01
-2.483711331876098484e+03 4.001530103956678772e+02 -2.066329450899402218e+03 2.286540000000000000e+19 -5.371930822730064392e-02 8.784283697605133057e-02
-2.486744799427356611e+03 3.954664259490986638e+02 -2.063581454641523123e+03 2.286740000000000000e+19 -6.991501897573471069e-02 1.403945386409759521e-01
-2.489515182921923952e+03 3.911654353044939398e+02 -2.061059570599330527e+03 2.286940000000000000e+19 1.201868951320648193e-01 -1.360017061233520508e-01
-2.498759602665727925e+03 3.766630891555359426e+02 -2.052556254241593251e+03 2.287140000000000000e+19 -4.924358054995536804e-02 -2.696511335670948029e-02
-2.501733464864155394e+03 3.719481176819205643e+02 -2.049791716249363162e+03 2.287340000000000000e+19 -1.193156233057379723e-03 -2.012201957404613495e-02
-2.504695363031972192e+03 3.672275364444623165e+02 -2.047023909571070135e+03 2.287540000000000000e+19 1.262107342481613159e-01 -1.385321468114852905e-01
-2.507645283066623506e+03 3.625013679195779446e+02 -2.044252847385258974e+03 2.287740000000000000e+19 2.752052992582321167e-02 -2.989727444946765900e-02
-2.510583210768360004e+03 3.577696348571431031e+02 -2.041478543030711307e+03 2.287940000000000000e+19 -5.327851977199316025e-03 -1.661894470453262329e-01
-2.513509132158907960e+03 3.530323597702615643e+02 -2.038701009707241383e+03 2.288140000000000000e+19 9.261364489793777466e-02 -8.843761868774890900e-03
-2.516423033154171662e+03 3.482895654622268466e+02 -2.035920260784803077e+03 2.288340000000000000e+19 1.894299499690532684e-02 6.525224447250366211e-02
-2.519083691022291987e+03 3.439372445102035272e+02 -2.033368468035067053e+03 2.288540000000000000e+19 2.119328267872333527e-02 1.896109618246555328e-02
-2.498759602665727925e+03 3.766630891555359426e+02 -2.052556254241593251e+03 2.288740000000000000e+19 2.287656255066394806e-02 -2.144895866513252258e-02
-2.501733464864155394e+03 3.719481176819205643e+02 -2.049791716249363162e+03 2.288940000000000000e+19 5.449357908219099045e-03 -3.136730939149856567e-02
-2.504695363031972192e+03 3.672275364444623165e+02 -2.047023909571070135e+03 2.289140000000000000e+19 2.613014914095401764e-02 -4.544547945261001587e-02
-2.507645283066623506e+03 3.625013679195779446e+02 -2.044252847385258974e+03 2.289340000000000000e+19 3.586044907569885254e-02 2.779396250844001770e-02
-2.510583210768360004e+03 3.577696348571431031e+02 -2.041478543030711307e+03 2.289540000000000000e+19 -1.817482151091098785e-02 8.666398376226425171e-02
-2.513509132158907960e+03 3.530323597702615643e+02 -2.038701009707241383e+03 2.289740000000000000e+19 4.247853998094797134e-03 -4.830687493085861206e-02
-2.516423033154171662e+03 3.482895654622268466e+02 -2.035920260784803077e+03 2.289940000000000000e+19 2.994645386934280396e-02 1.378379464149475098e-01
-2.519083691022291987e+03 3.439372445102035272e+02 -2.033368468035067053e+03 2.290140000000000000e+19 -1.814432889223098755e-01 9.875718504190444946e-02
-2.527958155641732446e+03 3.292636495583812462e+02 -2.024765375019209387e+03 2.290340000000000000e+19 -6.447292864322662354e-02 7.529472000896930695e-03
-2.530811746859983032e+03 3.244935997723248988e+02 -2.021968747813600430e+03 2.290540000000000000e+19 2.937661670148372650e-02 2.009552158415317535e-02
-2.533653234898376468e+03 3.197181673114670275e+02 -2.019168985066101641e+03 2.290740000000000000e+19 -8.324878662824630737e-02 -3.463416546583175659e-02
-2.536482606207650406e+03 3.149373749465456171e+02 -2.016366100126849460e+03 2.290940000000000000e+19 -1.058315113186836243e-01 -1.354424804449081421e-01
-2.539299847227296596e+03 3.101512455904014587e+02 -2.013560106429196139e+03 2.291140000000000000e+19 -5.621010065078735352e-02 1.100644841790199280e-01
-2.542104944425851954e+03 3.053598022316117522e+02 -2.010751017450800418e+03 2.291340000000000000e+19 9.761356562376022339e-02 5.831250018673017621e-05
-2.544897884457162945e+03 3.005630676673195580e+02 -2.007938846556990256e+03 2.291540000000000000e+19 -1.313817407935857773e-02 -4.774641245603561401e-02
-2.547447542997224900e+03 2.961614999823573839e+02 -2.005358366712565839e+03 2.291740000000000000e+19 3.748781234025955200e-02 -3.464288637042045593e-02
-2.527958155641732446e+03 3.292636495583812462e+02 -2.024765375019209387e+03 2.291940000000000000e+19 -5.564475059509277344e-02 -9.680183604359626770e-03
-2.530811746859983032e+03 3.244935997723248988e+02 -2.021968747813600430e+03 2.292140000000000000e+19 -8.696279674768447876e-02 1.839365996420383453e-02
-2.533653234898376468e+03 3.197181673114670275e+02 -2.019168985066101641e+03 2.292340000000000000e+19 -2.655645646154880524e-02 8.370784111320972443e-03
-2.536482606207650406e+03 3.149373749465456171e+02 -2.016366100126849460e+03 2.292540000000000000e+19 -1.764083839952945709e-02 -4.753762111067771912e-02
-2.539299847227296596e+03 3.101512455904014587e+02 -2.013560106429196139e+03 2.292740000000000000e+19 1.818129234015941620e-02 -6.730291992425918579e-02
-2.542104944425851954e+03 3.053598022316117522e+02 -2.010751017450800418e+03 2.292940000000000000e+19 7.086917012929916382e-02 -3.402008488774299622e-02
-2.544897884457162945e+03 3.005630676673195580e+02 -2.007938846556990256e+03 2.293140000000000000e+19 -2.603355795145034790e-02 -2.180005982518196106e-02
-2.547447542997224900e+03 2.961614999823573839e+02 -2.005358366712565839e+03 2.293340000000000000e+19 -3.957305476069450378e-02 -3.064335323870182037e-02
