# Baseline: 12-17
# Entries: 128
# u [m], v [m], w [m], frequency [GHz], real, imag, std(real), std(imag)
-3.166334470648164370e+03 -3.997560166974391905e+03 -3.685883556354667235e+03 2.267940000000000111e+01 -2.896818518638610840e-01 -8.250477164983749390e-02 7.755093276500701904e-02 7.649656385183334351e-02
-3.162854245360575533e+03 -4.003525252375606215e+03 -3.682395610984300220e+03 2.268140000000000001e+01 1.726151853799819946e-01 6.355819851160049438e-02 7.755093276500701904e-02 7.649656385183334351e-02
-3.159358911902247655e+03 -4.009483762047139408e+03 -3.678911535667208227e+03 2.268340000000000245e+01 -2.128396332263946533e-01 -2.018167376518249512e-01 7.755093276500701904e-02 7.649656385183334351e-02
-3.155848486976711229e+03 -4.015435667514675515e+03 -3.675431347052949604e+03 2.268540000000000134e+01 3.364467024803161621e-01 2.419945597648620605e-01 7.755093276500701904e-02 7.649656385183334351e-02
-3.153206245260439573e+03 -4.019895453473344787e+03 -3.672823643853132580e+03 2.268740000000000023e+01 -4.008204042911529541e-01 -7.655308116227388382e-03 7.755093276500701904e-02 7.649656385183334351e-02
-3.148782429995227631e+03 -4.027319551932054310e+03 -3.668482696535521882e+03 2.268940000000000268e+01 2.994348704814910889e-01 6.218089908361434937e-02 7.755093276500701904e-02 7.649656385183334351e-02
-3.145226831829881121e+03 -4.033251473884758070e+03 -3.665014267959235440e+03 2.269140000000000157e+01 -3.483842611312866211e-01 -3.963246047496795654e-01 7.755093276500701904e-02 7.649656385183334351e-02
-3.140761816475536307e+03 -4.040657199658371610e+03 -3.660684132288508408e+03 2.269340000000000046e+01 2.311199456453323364e-01 -2.013227669522166252e-03 7.755093276500701904e-02 7.649656385183334351e-02
-3.166334470648164370e+03 -3.997560166974391905e+03 -3.685883556354667235e+03 2.269540000000000290e+01 -1.404744833707809448e-01 -3.890464082360267639e-02 7.755093276500701904e-02 7.649656385183334351e-02
-3.162854245360575533e+03 -4.003525252375606215e+03 -3.682395610984300220e+03 2.269740000000000180e+01 1.446373015642166138e-01 3.918712586164474487e-02 7.755093276500701904e-02 7.649656385183334351e-02
-3.159358911902247655e+03 -4.009483762047139408e+03 -3.678911535667208227e+03 2.269940000000000069e+01 -4.513599351048469543e-02 -7.086179405450820923e-02 7.755093276500701904e-02 7.649656385183334351e-02
-3.155848486976711229e+03 -4.015435667514675515e+03 -3.675431347052949604e+03 2.270140000000000313e+01 1.402808725833892822e-01 1.016649901866912842e-01 7.755093276500701904e-02 7.649656385183334351e-02
-3.153206245260439573e+03 -4.019895453473344787e+03 -3.672823643853132580e+03 2.270340000000000202e+01 -1.100884974002838135e-01 5.392549186944961548e-02 7.755093276500701904e-02 7.649656385183334351e-02
-3.148782429995227631e+03 -4.027319551932054310e+03 -3.668482696535521882e+03 2.270540000000000092e+01 6.933437287807464600e-02 3.108064644038677216e-03 7.755093276500701904e-02 7.649656385183334351e-02
-3.145226831829881121e+03 -4.033251473884758070e+03 -3.665014267959235440e+03 2.270739999999999981e+01 -1.020058393478393555e-01 -1.581863313913345337e-01 7.755093276500701904e-02 7.649656385183334351e-02
-3.140761816475536307e+03 -4.040657199658371610e+03 -3.660684132288508408e+03 2.270940000000000225e+01 3.638876229524612427e-02 6.243102252483367920e-02 7.755093276500701904e-02 7.649656385183334351e-02
-3.130854372035561028e+03 -4.056911698832842831e+03 -3.651180251450306059e+03 2.271140000000000114e+01 4.234969988465309143e-02 -6.730615347623825073e-02 7.755093276500701904e-02 7.649656385183334351e-02
-3.127223826294155060e+03 -4.062809747793611223e+03 -3.647731754541821829e+03 2.271340000000000003e+01 3.583503514528274536e-02 -2.449751459062099457e-02 7.755093276500701904e-02 7.649656385183334351e-02
-3.123578342926120513e+03 -4.068700937263887226e+03 -3.644287293602423233e+03 2.271540000000000248e+01 3.943277522921562195e-02 5.754970014095306396e-02 7.755093276500701904e-02 7.649656385183334351e-02
-3.119917939327174736e+03 -4.074585239132128208e+03 -3.640846885068352094e+03 2.271740000000000137e+01 1.282093971967697144e-01 -1.732282526791095734e-02 7.755093276500701904e-02 7.649656385183334351e-02
-3.116242633027841748e+03 -4.080462625217125606e+03 -3.637410545416467812e+03 2.271940000000000026e+01 1.503361612558364868e-01 7.395555824041366577e-02 7.755093276500701904e-02 7.649656385183334351e-02
-3.112552441617139721e+03 -4.086333067391226905e+03 -3.633978291092186282e+03 2.272140000000000271e+01 9.805937297642230988e-03 6.951105594635009766e-02 7.755093276500701904e-02 7.649656385183334351e-02
-3.108847382768429270e+03 -4.092196537539673955e+03 -3.630550138533266818e+03 2.272340000000000160e+01 -6.989426910877227783e-02 7.525240629911422729e-02 7.755093276500701904e-02 7.649656385183334351e-02
-3.105438222145997770e+03 -4.097565325989999110e+03 -3.627411229994972928e+03 2.272540000000000049e+01 -5.006949603557586670e-02 -4.360080137848854065e-02 7.755093276500701904e-02 7.649656385183334351e-02
-3.130854372035561028e+03 -4.056911698832842831e+03 -3.651180251450306059e+03 2.272740000000000293e+01 -9.432773292064666748e-02 -3.631497547030448914e-02 7.755093276500701904e-02 7.649656385183334351e-02
-3.127223826294155060e+03 -4.062809747793611223e+03 -3.647731754541821829e+03 2.272940000000000182e+01 8.800958096981048584e-02 -7.530469447374343872e-02 7.755093276500701904e-02 7.649656385183334351e-02
-3.123578342926120513e+03 -4.068700937263887226e+03 -3.644287293602423233e+03 2.273140000000000072e+01 5.890953168272972107e-02 7.380299270153045654e-02 7.755093276500701904e-02 7.649656385183334351e-02
-3.119917939327174736e+03 -4.074585239132128208e+03 -3.640846885068352094e+03 2.273340000000000316e+01 -6.345687806606292725e-02 7.843700051307678223e-02 7.755093276500701904e-02 7.649656385183334351e-02
-3.116242633027841748e+03 -4.080462625217125606e+03 -3.637410545416467812e+03 2.273540000000000205e+01 6.779862195253372192e-02 -2.621919661760330200e-02 7.755093276500701904e-02 7.649656385183334351e-02
-3.112552441617139721e+03 -4.086333067391226905e+03 -3.633978291092186282e+03 2.273740000000000094e+01 8.089157193899154663e-02 -1.552965864539146423e-02 7.755093276500701904e-02 7.649656385183334351e-02
-3.108847382768429270e+03 -4.092196537539673955e+03 -3.630550138533266818e+03 2.273939999999999984e+01 -3.319135680794715881e-02 -6.842508912086486816e-02 7.755093276500701904e-02 7.649656385183334351e-02
-3.105438222145997770e+03 -4.097565325989999110e+03 -3.627411229994972928e+03 2.274140000000000228e+01 -3.983571007847785950e-02 -1.809015125036239624e-02 7.755093276500701904e-02 7.649656385183334351e-02
-3.093878828480454558e+03 -4.115580137485816522e+03 -3.616878873588887018e+03 2.274340000000000117e+01 7.117327302694320679e-03 1.416247040033340454e-01 7.755093276500701904e-02 7.649656385183334351e-02
-3.090099699782356311e+03 -4.121408327344412101e+03 -3.613471475506939896e+03 2.274540000000000006e+01 -3.484681993722915649e-02 -2.352047711610794067e-02 7.755093276500701904e-02 7.649656385183334351e-02
-3.086305811046924191e+03 -4.127229377397688040e+03 -3.610068277282957752e+03 2.274740000000000251e+01 -4.220962896943092346e-02 5.660253763198852539e-02 7.755093276500701904e-02 7.649656385183334351e-02
-3.082497180496800866e+03 -4.133043259686248348e+03 -3.606669295263006461e+03 2.274940000000000140e+01 1.717106550931930542e-01 -9.449872374534606934e-02 7.755093276500701904e-02 7.649656385183334351e-02
-3.078673826279297828e+03 -4.138849946507767527e+03 -3.603274545642741941e+03 2.275140000000000029e+01 -3.908318653702735901e-02 -1.701373308897018433e-01 7.755093276500701904e-02 7.649656385183334351e-02
-3.074835766811996109e+03 -4.144649409891016148e+03 -3.599884044774900303e+03 2.275340000000000273e+01 1.344363298267126083e-02 3.130629286170005798e-02 7.755093276500701904e-02 7.649656385183334351e-02
-3.070983020369562382e+03 -4.150441622222812839e+03 -3.596497808802776490e+03 2.275540000000000163e+01 2.625064924359321594e-02 1.129262521862983704e-01 7.755093276500701904e-02 7.649656385183334351e-02
-3.067438636375732585e+03 -4.155744849570589395e+03 -3.593397464955867235e+03 2.275740000000000052e+01 -8.360497653484344482e-03 1.326549500226974487e-01 7.755093276500701904e-02 7.649656385183334351e-02
-3.093878828480454558e+03 -4.115580137485816522e+03 -3.616878873588887018e+03 2.275940000000000296e+01 -7.785189896821975708e-02 -1.428539156913757324e-01 7.755093276500701904e-02 7.649656385183334351e-02
-3.090099699782356311e+03 -4.121408327344412101e+03 -3.613471475506939896e+03 2.276140000000000185e+01 8.297484368085861206e-02 5.592075362801551819e-02 7.755093276500701904e-02 7.649656385183334351e-02
-3.086305811046924191e+03 -4.127229377397688040e+03 -3.610068277282957752e+03 2.276340000000000074e+01 -4.438064992427825928e-02 5.555645911954343319e-04 7.755093276500701904e-02 7.649656385183334351e-02
-3.082497180496800866e+03 -4.133043259686248348e+03 -3.606669295263006461e+03 2.276540000000000319e+01 1.022596284747123718e-01 4.420097917318344116e-02 7.755093276500701904e-02 7.649656385183334351e-02
-3.078673826279297828e+03 -4.138849946507767527e+03 -3.603274545642741941e+03 2.276740000000000208e+01 4.806420579552650452e-02 3.817237541079521179e-02 7.755093276500701904e-02 7.649656385183334351e-02
-3.074835766811996109e+03 -4.144649409891016148e+03 -3.599884044774900303e+03 2.276940000000000097e+01 3.581447526812553406e-02 6.079575046896934509e-02 7.755093276500701904e-02 7.649656385183334351e-02
-3.070983020369562382e+03 -4.150441622222812839e+03 -3.596497808802776490e+03 2.277139999999999986e+01 -3.578225895762443542e-02 -7.991053909063339233e-02 7.755093276500701904e-02 7.649656385183334351e-02
-3.067438636375732585e+03 -4.155744849570589395e+03 -3.593397464955867235e+03 2.277340000000000231e+01 -2.673986367881298065e-03 -4.964492470026016235e-02 7.755093276500701904e-02 7.649656385183334351e-02
-3.055425534933584913e+03 -4.173537406754739095e+03 -3.582995837912194474e+03 2.277540000000000120e+01 2.802744880318641663e-02 5.469984933733940125e-02 7.755093276500701904e-02 7.649656385183334351e-02
-3.051499631712066275e+03 -4.179292948545936270e+03 -3.579631169198379666e+03 2.277740000000000009e+01 1.009844616055488586e-01 -5.966505780816078186e-02 7.755093276500701904e-02 7.649656385183334351e-02
-3.047559153264117867e+03 -4.185041073390369093e+03 -3.576270862363847755e+03 2.277940000000000254e+01 9.346893988549709320e-03 1.059723552316427231e-02 7.755093276500701904e-02 7.649656385183334351e-02
-3.043604118351773195e+03 -4.190781753919153743e+03 -3.572914933408209890e+03 2.278140000000000143e+01 -4.513406753540039062e-02 2.853787504136562347e-03 7.755093276500701904e-02 7.649656385183334351e-02
-3.039634546013031468e+03 -4.196514962498956265e+03 -3.569563398485544894e+03 2.278340000000000032e+01 1.063072830438613892e-01 -9.917650371789932251e-02 7.755093276500701904e-02 7.649656385183334351e-02
-3.035650455134647018e+03 -4.202240671851898696e+03 -3.566216273542014733e+03 2.278540000000000276e+01 9.110740572214126587e-02 -5.304770916700363159e-02 7.755093276500701904e-02 7.649656385183334351e-02
-3.031651864894469782e+03 -4.207958854416703616e+03 -3.562873574689328507e+03 2.278740000000000165e+01 4.523195698857307434e-02 9.682567417621612549e-02 7.755093276500701904e-02 7.649656385183334351e-02
-3.027973953574152347e+03 -4.213193982986645096e+03 -3.559813279094297286e+03 2.278940000000000055e+01 -3.219762444496154785e-02 -6.997641921043395996e-02 7.755093276500701904e-02 7.649656385183334351e-02
-3.055425534933584913e+03 -4.173537406754739095e+03 -3.582995837912194474e+03 2.279140000000000299e+01 7.068968843668699265e-03 -3.523759171366691589e-02 7.755093276500701904e-02 7.649656385183334351e-02
-3.051499631712066275e+03 -4.179292948545936270e+03 -3.579631169198379666e+03 2.279340000000000188e+01 -2.734217420220375061e-02 -1.825824938714504242e-02 7.755093276500701904e-02 7.649656385183334351e-02
-3.047559153264117867e+03 -4.185041073390369093e+03 -3.576270862363847755e+03 2.279540000000000077e+01 -3.934927657246589661e-02 6.512929499149322510e-02 7.755093276500701904e-02 7.649656385183334351e-02
-3.043604118351773195e+03 -4.190781753919153743e+03 -3.572914933408209890e+03 2.279739999999999966e+01 -4.217610880732536316e-02 -4.372025653719902039e-02 7.755093276500701904e-02 7.649656385183334351e-02
-3.039634546013031468e+03 -4.196514962498956265e+03 -3.569563398485544894e+03 2.279940000000000211e+01 -3.986642882227897644e-02 -5.616542417556047440e-03 7.755093276500701904e-02 7.649656385183334351e-02
-3.035650455134647018e+03 -4.202240671851898696e+03 -3.566216273542014733e+03 2.280140000000000100e+01 5.188988149166107178e-02 -6.764753162860870361e-02 7.755093276500701904e-02 7.649656385183334351e-02
-3.031651864894469782e+03 -4.207958854416703616e+03 -3.562873574689328507e+03 2.280339999999999989e+01 -4.076387267559766769e-03 -7.797189801931381226e-02 7.755093276500701904e-02 7.649656385183334351e-02
-3.027973953574152347e+03 -4.213193982986645096e+03 -3.559813279094297286e+03 2.280540000000000234e+01 -3.572541754692792892e-03 4.928383231163024902e-02 7.755093276500701904e-02 7.649656385183334351e-02
-3.016189960145819441e+03 -4.229808335307799098e+03 -3.550101185949150931e+03 2.280740000000000123e+01 -2.762473374605178833e-02 -3.122759461402893066e-01 7.755093276500701904e-02 7.649656385183334351e-02
-3.012121560361323191e+03 -4.235489753713994105e+03 -3.546780104741716514e+03 2.280940000000000012e+01 4.178551957011222839e-02 2.257651984691619873e-01 7.755093276500701904e-02 7.649656385183334351e-02
-3.008038773748454332e+03 -4.241163486310167173e+03 -3.543463542583274375e+03 2.281140000000000256e+01 -2.819317020475864410e-02 -2.367986291646957397e-01 7.755093276500701904e-02 7.649656385183334351e-02
-3.003941619917656681e+03 -4.246829505844616506e+03 -3.540151515403704252e+03 2.281340000000000146e+01 9.025411307811737061e-02 2.374820709228515625e-01 7.755093276500701904e-02 7.649656385183334351e-02
-2.999830118362836402e+03 -4.252487785359212467e+03 -3.536844038961153728e+03 2.281540000000000035e+01 -4.736980795860290527e-02 -1.732181012630462646e-01 7.755093276500701904e-02 7.649656385183334351e-02
-2.995704288860680208e+03 -4.258138297636889547e+03 -3.533541129164999347e+03 2.281740000000000279e+01 5.657703429460525513e-02 2.482318729162216187e-01 7.755093276500701904e-02 7.649656385183334351e-02
-2.991564151099119954e+03 -4.263781015714643218e+03 -3.530242801775989847e+03 2.281940000000000168e+01 -4.650415852665901184e-02 -2.609903216361999512e-01 7.755093276500701904e-02 7.649656385183334351e-02
-2.987756654054046521e+03 -4.268946737065720299e+03 -3.527223315309985537e+03 2.282140000000000057e+01 1.010481566190719604e-01 8.289106935262680054e-02 7.755093276500701904e-02 7.649656385183334351e-02
-3.016189960145819441e+03 -4.229808335307799098e+03 -3.550101185949150931e+03 2.282340000000000302e+01 -1.330707520246505737e-01 2.556628361344337463e-02 7.755093276500701904e-02 7.649656385183334351e-02
-3.012121560361323191e+03 -4.235489753713994105e+03 -3.546780104741716514e+03 2.282540000000000191e+01 1.932507306337356567e-01 -1.116932332515716553e-01 7.755093276500701904e-02 7.649656385183334351e-02
-3.008038773748454332e+03 -4.241163486310167173e+03 -3.543463542583274375e+03 2.282740000000000080e+01 -1.459746062755584717e-01 -1.573861204087734222e-02 7.755093276500701904e-02 7.649656385183334351e-02
-3.003941619917656681e+03 -4.246829505844616506e+03 -3.540151515403704252e+03 2.282939999999999969e+01 5.544756073504686356e-03 2.660879306495189667e-02 7.755093276500701904e-02 7.649656385183334351e-02
-2.999830118362836402e+03 -4.252487785359212467e+03 -3.536844038961153728e+03 2.283140000000000214e+01 -1.193877123296260834e-02 -9.759430587291717529e-02 7.755093276500701904e-02 7.649656385183334351e-02
-2.995704288860680208e+03 -4.258138297636889547e+03 -3.533541129164999347e+03 2.283340000000000103e+01 -1.773818396031856537e-02 7.196063548326492310e-02 7.755093276500701904e-02 7.649656385183334351e-02
-2.991564151099119954e+03 -4.263781015714643218e+03 -3.530242801775989847e+03 2.283539999999999992e+01 7.632772624492645264e-02 -7.264815270900726318e-02 7.755093276500701904e-02 7.649656385183334351e-02
-2.987756654054046521e+03 -4.268946737065720299e+03 -3.527223315309985537e+03 2.283740000000000236e+01 9.830468893051147461e-02 7.713426649570465088e-02 7.755093276500701904e-02 7.649656385183334351e-02
-2.974860914885166949e+03 -4.286273406319792230e+03 -3.517095631762862467e+03 2.283940000000000126e+01 -8.218431472778320312e-02 -1.246761679649353027e-01 7.755093276500701904e-02 7.649656385183334351e-02
-2.970649534512997434e+03 -4.291876748922985826e+03 -3.513820452833770560e+03 2.284140000000000015e+01 -5.368598178029060364e-02 -1.079299766570329666e-02 7.755093276500701904e-02 7.649656385183334351e-02
-2.966423965728023632e+03 -4.297472135940785847e+03 -3.510549950644175169e+03 2.284340000000000259e+01 7.716195285320281982e-02 -1.134925801306962967e-02 7.755093276500701904e-02 7.649656385183334351e-02
-2.962184228885181255e+03 -4.303059540419750192e+03 -3.507284140948338518e+03 2.284540000000000148e+01 -4.260260239243507385e-02 1.128677427768707275e-01 7.755093276500701904e-02 7.649656385183334351e-02
-2.957930344171390061e+03 -4.308638935756249339e+03 -3.504023039295931085e+03 2.284740000000000038e+01 5.011375993490219116e-02 -3.328045457601547241e-02 7.755093276500701904e-02 7.649656385183334351e-02
-2.953662331974043809e+03 -4.314210295209772994e+03 -3.500766661316501995e+03 2.284940000000000282e+01 1.275373697280883789e-01 2.708029747009277344e-02 7.755093276500701904e-02 7.649656385183334351e-02
-2.949380212778297391e+03 -4.319773592039693540e+03 -3.497515022639542622e+03 2.285140000000000171e+01 -9.090720117092132568e-02 -4.234718158841133118e-02 7.755093276500701904e-02 7.649656385183334351e-02
-2.945442740801355740e+03 -4.324866278627067004e+03 -3.494538469736624847e+03 2.285340000000000060e+01 7.211185526102781296e-03 -9.827335365116596222e-03 7.755093276500701904e-02 7.649656385183334351e-02
-2.974860914885166949e+03 -4.286273406319792230e+03 -3.517095631762862467e+03 2.285540000000000305e+01 -7.863950729370117188e-02 2.624833211302757263e-02 7.755093276500701904e-02 7.649656385183334351e-02
-2.970649534512997434e+03 -4.291876748922985826e+03 -3.513820452833770560e+03 2.285740000000000194e+01 -6.339404731988906860e-02 -1.273554563522338867e-02 7.755093276500701904e-02 7.649656385183334351e-02
-2.966423965728023632e+03 -4.297472135940785847e+03 -3.510549950644175169e+03 2.285940000000000083e+01 2.269327081739902496e-02 3.093875199556350708e-02 7.755093276500701904e-02 7.649656385183334351e-02
-2.962184228885181255e+03 -4.303059540419750192e+03 -3.507284140948338518e+03 2.286139999999999972e+01 5.155093222856521606e-02 9.138076752424240112e-02 7.755093276500701904e-02 7.649656385183334351e-02
-2.957930344171390061e+03 -4.308638935756249339e+03 -3.504023039295931085e+03 2.286340000000000217e+01 1.292711943387985229e-01 -1.385976187884807587e-02 7.755093276500701904e-02 7.649656385183334351e-02
-2.953662331974043809e+03 -4.314210295209772994e+03 -3.500766661316501995e+03 2.286540000000000106e+01 2.302219858393073082e-03 -2.794017829000949860e-02 7.755093276500701904e-02 7.649656385183334351e-02
-2.949380212778297391e+03 -4.319773592039693540e+03 -3.497515022639542622e+03 2.286739999999999995e+01 -8.185941725969314575e-02 -7.174168527126312256e-02 7.755093276500701904e-02 7.649656385183334351e-02
-2.945442740801355740e+03 -4.324866278627067004e+03 -3.494538469736624847e+03 2.286940000000000239e+01 -8.208643645048141479e-03 -4.251572862267494202e-02 7.755093276500701904e-02 7.649656385183334351e-02
-2.932111076395045529e+03 -4.341945621856390062e+03 -3.484556171469325363e+03 2.287140000000000128e+01 -2.742043510079383850e-02 1.435600370168685913e-01 7.755093276500701904e-02 7.649656385183334351e-02
-2.927758730698485124e+03 -4.347468207307398188e+03 -3.481328462077633958e+03 2.287340000000000018e+01 -4.142682999372482300e-02 -2.593260444700717926e-02 7.755093276500701904e-02 7.649656385183334351e-02
-2.923392401972553671e+03 -4.352982570971814312e+03 -3.478105585014052394e+03 2.287540000000000262e+01 8.099687844514846802e-02 3.477035090327262878e-02 7.755093276500701904e-02 7.649656385183334351e-02
-2.919012111007004478e+03 -4.358488686593840612e+03 -3.474887555623802655e+03 2.287740000000000151e+01 9.313414245843887329e-02 -4.661021381616592407e-02 7.755093276500701904e-02 7.649656385183334351e-02
-2.914617878886782364e+03 -4.363986527669212592e+03 -3.471674389397183859e+03 2.287940000000000040e+01 -2.134378999471664429e-02 -4.169774707406759262e-03 7.755093276500701904e-02 7.649656385183334351e-02
-2.910209726519275591e+03 -4.369476068039793063e+03 -3.468466101622041606e+03 2.288140000000000285e+01 2.843473292887210846e-02 -1.238366123288869858e-02 7.755093276500701904e-02 7.649656385183334351e-02
-2.905787675123522149e+03 -4.374957281281298492e+03 -3.465262707741719169e+03 2.288340000000000174e+01 5.813557654619216919e-02 4.371158406138420105e-02 7.755093276500701904e-02 7.649656385183334351e-02
-2.901722112500681305e+03 -4.379974495990874857e+03 -3.462330512835029822e+03 2.288540000000000063e+01 1.047484949231147766e-01 5.294729024171829224e-02 7.755093276500701904e-02 7.649656385183334351e-02
-2.932111076395045529e+03 -4.341945621856390062e+03 -3.484556171469325363e+03 2.288740000000000308e+01 -2.822060883045196533e-02 -6.093827635049819946e-02 7.755093276500701904e-02 7.649656385183334351e-02
-2.927758730698485124e+03 -4.347468207307398188e+03 -3.481328462077633958e+03 2.288940000000000197e+01 1.713018864393234253e-01 2.608432993292808533e-02 7.755093276500701904e-02 7.649656385183334351e-02
-2.923392401972553671e+03 -4.352982570971814312e+03 -3.478105585014052394e+03 2.289140000000000086e+01 -8.499904721975326538e-02 1.904908334836363792e-03 7.755093276500701904e-02 7.649656385183334351e-02
-2.919012111007004478e+03 -4.358488686593840612e+03 -3.474887555623802655e+03 2.289339999999999975e+01 -7.571029011160135269e-03 -2.931294217705726624e-02 7.755093276500701904e-02 7.649656385183334351e-02
-2.914617878886782364e+03 -4.363986527669212592e+03 -3.471674389397183859e+03 2.289540000000000219e+01 5.229922384023666382e-02 9.649897925555706024e-03 7.755093276500701904e-02 7.649656385183334351e-02
-2.910209726519275591e+03 -4.369476068039793063e+03 -3.468466101622041606e+03 2.289740000000000109e+01 -5.856249947100877762e-03 5.263228341937065125e-02 7.755093276500701904e-02 7.649656385183334351e-02
-2.905787675123522149e+03 -4.374957281281298492e+03 -3.465262707741719169e+03 2.289939999999999998e+01 -1.138270720839500427e-01 -2.654751203954219818e-02 7.755093276500701904e-02 7.649656385183334351e-02
-2.901722112500681305e+03 -4.379974495990874857e+03 -3.462330512835029822e+03 2.290140000000000242e+01 -2.081049233675003052e-02 -6.656333804130554199e-02 7.755093276500701904e-02 7.649656385183334351e-02
-2.887960902754841300e+03 -4.396798339860361011e+03 -3.452498376880429987e+03 2.290340000000000131e+01 -4.323901608586311340e-02 9.738769382238388062e-02 7.755093276500701904e-02 7.649656385183334351e-02
-2.883469674647999000e+03 -4.402237525203615405e+03 -3.449319681716332070e+03 2.290540000000000020e+01 -1.061987038701772690e-02 -1.992637850344181061e-02 7.755093276500701904e-02 7.649656385183334351e-02
-2.878964675453934888e+03 -4.407668226668793977e+03 -3.446145972054054255e+03 2.290740000000000265e+01 -6.691425293684005737e-02 1.254999935626983643e-01 7.755093276500701904e-02 7.649656385183334351e-02
-2.874445926653777406e+03 -4.413090418360457988e+03 -3.442977263026915352e+03 2.290940000000000154e+01 -1.448670402169227600e-02 4.834610596299171448e-02 7.755093276500701904e-02 7.649656385183334351e-02
-2.869913449904345725e+03 -4.418504074291516190e+03 -3.439813569821654255e+03 2.291140000000000043e+01 -1.100538298487663269e-01 -7.062283903360366821e-02 7.755093276500701904e-02 7.649656385183334351e-02
-2.865367266975997609e+03 -4.423909168459465945e+03 -3.436654907633894709e+03 2.291340000000000288e+01 1.332550793886184692e-01 9.049312211573123932e-03 7.755093276500701904e-02 7.649656385183334351e-02
-2.860807399499049552e+03 -4.429305675147639704e+03 -3.433501291492080327e+03 2.291540000000000177e+01 8.643851429224014282e-02 1.098757088184356689e-01 7.755093276500701904e-02 7.649656385183334351e-02
-2.856615692540997316e+03 -4.434245016127209965e+03 -3.430614858286950493e+03 2.291740000000000066e+01 -8.895635604858398438e-02 -8.393516391515731812e-02 7.755093276500701904e-02 7.649656385183334351e-02
-2.887960902754841300e+03 -4.396798339860361011e+03 -3.452498376880429987e+03 2.291940000000000310e+01 -7.230009883642196655e-02 -1.455931365489959717e-01 7.755093276500701904e-02 7.649656385183334351e-02
-2.883469674647999000e+03 -4.402237525203615405e+03 -3.449319681716332070e+03 2.292140000000000200e+01 2.226022072136402130e-02 9.915445931255817413e-03 7.755093276500701904e-02 7.649656385183334351e-02
-2.878964675453934888e+03 -4.407668226668793977e+03 -3.446145972054054255e+03 2.292340000000000089e+01 -5.597030278295278549e-03 -2.495626546442508698e-02 7.755093276500701904e-02 7.649656385183334351e-02
-2.874445926653777406e+03 -4.413090418360457988e+03 -3.442977263026915352e+03 2.292539999999999978e+01 -6.004479154944419861e-02 4.948347341269254684e-03 7.755093276500701904e-02 7.649656385183334351e-02
-2.869913449904345725e+03 -4.418504074291516190e+03 -3.439813569821654255e+03 2.292740000000000222e+01 1.732812635600566864e-02 8.680814877152442932e-03 7.755093276500701904e-02 7.649656385183334351e-02
-2.865367266975997609e+03 -4.423909168459465945e+03 -3.436654907633894709e+03 2.292940000000000111e+01 -3.337106108665466309e-02 6.826606392860412598e-02 7.755093276500701904e-02 7.649656385183334351e-02
-2.860807399499049552e+03 -4.429305675147639704e+03 -3.433501291492080327e+03 2.293140000000000001e+01 3.822731226682662964e-02 -5.418936535716056824e-02 7.755093276500701904e-02 7.649656385183334351e-02
-2.856615692540997316e+03 -4.434245016127209965e+03 -3.430614858286950493e+03 2.293340000000000245e+01 3.384947031736373901e-02 -5.326022859662771225e-03 7.755093276500701904e-02 7.649656385183334351e-02
