# Baseline: 8-12
# Entries: 128
# u [m], v [m], w [m], frequency [GHz], real, imag
1.589125380107069077e+03 1.313751674318979212e+03 1.757548495781783231e+03 2.267940000000000000e+19 1.465790718793869019e-01 -1.354868561029434204e-01
1.588584093619962232e+03 1.316746809833203997e+03 1.755795565204823788e+03 2.268140000000000000e+19 1.463678330183029175e-01 2.605821751058101654e-02
1.588035216498936279e+03 1.319740920676135602e+03 1.754043244607527640e+03 2.268340000000000000e+19 -3.521793335676193237e-02 -2.810396254062652588e-01
1.587478751367015093e+03 1.322733992539602468e+03 1.752291542363829649e+03 2.268540000000000000e+19 2.333006560802459717e-01 2.136662006378173828e-01
1.587056661459379939e+03 1.324978139273838906e+03 1.750978156717725369e+03 2.268740000000000000e+19 -6.413596123456954956e-02 -4.881225153803825378e-02
1.586343067758763937e+03 1.328716962036884752e+03 1.748790026467004964e+03 2.268940000000000000e+19 9.680108167231082916e-03 7.764825820922851562e-01
1.585763854729624654e+03 1.331706830975286948e+03 1.747040229607778429e+03 2.269140000000000000e+19 -5.734083428978919983e-02 -3.113667070865631104e-01
1.585029490199654902e+03 1.335442669109816507e+03 1.744853874315163694e+03 2.269340000000000000e+19 -2.296489663422107697e-02 -4.870792478322982788e-02
1.589125380107069077e+03 1.313751674318979212e+03 1.757548495781783231e+03 2.269540000000000000e+19 9.142044931650161743e-02 -3.130077719688415527e-01
1.588584093619962232e+03 1.316746809833203997e+03 1.755795565204823788e+03 2.269740000000000000e+19 -1.815463602542877197e-01 2.117548435926437378e-01
1.588035216498936279e+03 1.319740920676135602e+03 1.754043244607527640e+03 2.269940000000000000e+19 -3.624596074223518372e-02 -9.926961362361907959e-02
1.587478751367015093e+03 1.322733992539602468e+03 1.752291542363829649e+03 2.270140000000000000e+19 1.657805144786834717e-01 -1.115970313549041748e-01
1.587056661459379939e+03 1.324978139273838906e+03 1.750978156717725369e+03 2.270340000000000000e+19 4.548427835106849670e-02 1.316857933998107910e-01
1.586343067758763937e+03 1.328716962036884752e+03 1.748790026467004964e+03 2.270540000000000000e+19 -1.059385314583778381e-01 1.906398683786392212e-01
1.585763854729624654e+03 1.331706830975286948e+03 1.747040229607778429e+03 2.270740000000000000e+19 -1.409891340881586075e-02 -2.262590453028678894e-02
1.585029490199654902e+03 1.335442669109816507e+03 1.744853874315163694e+03 2.270940000000000000e+19 -2.015556097030639648e-01 7.888863235712051392e-02
1.583371259465023741e+03 1.343655201289604520e+03 1.740047644534161918e+03 2.271140000000000000e+19 5.301965400576591492e-02 3.332716226577758789e-02
1.582754189176531781e+03 1.346639446020642708e+03 1.738301190693558283e+03 2.271340000000000000e+19 6.706794351339340210e-02 -1.374509930610656738e-01
1.582129556159316962e+03 1.349622523001308764e+03 1.736555430568212387e+03 2.271540000000000000e+19 -2.753962529823184013e-03 -5.981409922242164612e-02
1.581497363394096283e+03 1.352604417996947632e+03 1.734810372488544317e+03 2.271740000000000000e+19 2.446104213595390320e-02 -5.850123986601829529e-02
1.580857613908604435e+03 1.355585116726605747e+03 1.733066024812017076e+03 2.271940000000000000e+19 -3.833308815956115723e-02 7.793225347995758057e-02
1.580210310764499354e+03 1.358564604925434423e+03 1.731322395886621052e+03 2.272140000000000000e+19 3.896669298410415649e-02 1.153626590967178345e-01
1.579555457061969264e+03 1.361542868324020901e+03 1.729579494062967569e+03 2.272340000000000000e+19 1.713010668754577637e-01 -1.082367748022079468e-01
1.578948640267231440e+03 1.364271870953132520e+03 1.727982470441168516e+03 2.272540000000000000e+19 5.351603776216506958e-02 5.852257460355758667e-02
1.583371259465023741e+03 1.343655201289604520e+03 1.740047644534161918e+03 2.272740000000000000e+19 -1.037677191197872162e-02 1.221774667501449585e-01
1.582754189176531781e+03 1.346639446020642708e+03 1.738301190693558283e+03 2.272940000000000000e+19 -1.059742085635662079e-02 7.935073226690292358e-03
1.582129556159316962e+03 1.349622523001308764e+03 1.736555430568212387e+03 2.273140000000000000e+19 -1.316043883562088013e-01 3.144154697656631470e-02
1.581497363394096283e+03 1.352604417996947632e+03 1.734810372488544317e+03 2.273340000000000000e+19 6.219727545976638794e-02 1.145118847489356995e-01
1.580857613908604435e+03 1.355585116726605747e+03 1.733066024812017076e+03 2.273540000000000000e+19 7.742478977888822556e-03 -8.382994681596755981e-02
1.580210310764499354e+03 1.358564604925434423e+03 1.731322395886621052e+03 2.273740000000000000e+19 -1.937067657709121704e-01 -8.734193444252014160e-02
1.579555457061969264e+03 1.361542868324020901e+03 1.729579494062967569e+03 2.273940000000000000e+19 -1.055412814021110535e-01 6.340540200471878052e-02
1.578948640267231440e+03 1.364271870953132520e+03 1.727982470441168516e+03 2.274140000000000000e+19 4.854266531765460968e-03 6.423326581716537476e-02
1.576860599851572942e+03 1.373443389107366784e+03 1.722615324457033694e+03 2.274340000000000000e+19 -3.767767548561096191e-02 7.380203157663345337e-02
1.576168041079675277e+03 1.376415314868033875e+03 1.720876183162819871e+03 2.274540000000000000e+19 3.968534618616104126e-02 -1.314118504524230957e-01
1.575467951085154027e+03 1.379385930441058008e+03 1.719137818938920191e+03 2.274740000000000000e+19 -9.280052036046981812e-04 -1.180886402726173401e-01
1.574760333230657807e+03 1.382355221558117137e+03 1.717400240134958722e+03 2.274940000000000000e+19 -4.154799878597259521e-02 3.924404829740524292e-02
1.574045190887769877e+03 1.385323174070992081e+03 1.715663455030229443e+03 2.275140000000000000e+19 9.812181442975997925e-02 -1.216979175806045532e-01
1.573322527501474724e+03 1.388289773682816531e+03 1.713927471990961976e+03 2.275340000000000000e+19 1.407922804355621338e-01 2.210516296327114105e-02
1.572592346512784388e+03 1.391255006268575016e+03 1.712192299282771955e+03 2.275540000000000000e+19 -1.534215360879898071e-01 3.818319877609610558e-03
1.571916508555232213e+03 1.393971940827190565e+03 1.710602432754509209e+03 2.275740000000000000e+19 -6.259670108556747437e-02 -1.104902941733598709e-02
1.576860599851572942e+03 1.373443389107366784e+03 1.722615324457033694e+03 2.275940000000000000e+19 1.145804300904273987e-01 3.328892961144447327e-02
1.576168041079675277e+03 1.376415314868033875e+03 1.720876183162819871e+03 2.276140000000000000e+19 -8.518964797258377075e-02 -3.471486270427703857e-02
1.575467951085154027e+03 1.379385930441058008e+03 1.719137818938920191e+03 2.276340000000000000e+19 1.047768816351890564e-01 -2.439486682415008545e-01
1.574760333230657807e+03 1.382355221558117137e+03 1.717400240134958722e+03 2.276540000000000000e+19 2.334463968873023987e-02 1.159857399761676788e-02
1.574045190887769877e+03 1.385323174070992081e+03 1.715663455030229443e+03 2.276740000000000000e+19 -9.776985645294189453e-02 -1.250658556818962097e-02
1.573322527501474724e+03 1.388289773682816531e+03 1.713927471990961976e+03 2.276940000000000000e+19 4.071132466197013855e-02 -8.689843863248825073e-02
1.572592346512784388e+03 1.391255006268575016e+03 1.712192299282771955e+03 2.277140000000000000e+19 1.108923032879829407e-01 -3.433008445426821709e-03
1.571916508555232213e+03 1.393971940827190565e+03 1.710602432754509209e+03 2.277340000000000000e+19 3.411242365837097168e-02 3.923377022147178650e-02
1.569596517013125094e+03 1.403101982427333724e+03 1.705259877904256882e+03 2.277540000000000000e+19 5.840619653463363647e-02 -1.295675337314605713e-01
1.568828801170952147e+03 1.406060167060567437e+03 1.703528881388097489e+03 2.277740000000000000e+19 2.521780505776405334e-02 8.635629713535308838e-02
1.568053589245409057e+03 1.409016899571730619e+03 1.701798744998088296e+03 2.277940000000000000e+19 -7.142426818609237671e-02 -6.550302356481552124e-02
1.567270884927562975e+03 1.411972165882760919e+03 1.700069476972022358e+03 2.278140000000000000e+19 -1.499860137701034546e-01 5.711881816387176514e-02
1.566480691985061640e+03 1.414925951768186223e+03 1.698341085633901685e+03 2.278340000000000000e+19 -2.263491600751876831e-02 -9.445543400943279266e-03
1.565683014177559471e+03 1.417878243174264526e+03 1.696613579207188877e+03 2.278540000000000000e+19 -3.240951523184776306e-02 -3.227669000625610352e-02
1.564877855344774161e+03 1.420829025889842114e+03 1.694886966007407636e+03 2.278740000000000000e+19 -1.334079653024673462e-01 -4.352850839495658875e-02
1.564133319624765818e+03 1.423532592282958603e+03 1.693305017347859803e+03 2.278940000000000000e+19 -7.579981535673141479e-02 6.508422642946243286e-02
1.569596517013125094e+03 1.403101982427333724e+03 1.705259877904256882e+03 2.279140000000000000e+19 -3.568973764777183533e-02 1.932494938373565674e-01
1.568828801170952147e+03 1.406060167060567437e+03 1.703528881388097489e+03 2.279340000000000000e+19 -1.280943006277084351e-01 4.703082889318466187e-02
1.568053589245409057e+03 1.409016899571730619e+03 1.701798744998088296e+03 2.279540000000000000e+19 1.204338744282722473e-01 -2.533648535609245300e-02
1.567270884927562975e+03 1.411972165882760919e+03 1.700069476972022358e+03 2.279740000000000000e+19 9.550993144512176514e-02 5.434881150722503662e-02
1.566480691985061640e+03 1.414925951768186223e+03 1.698341085633901685e+03 2.279940000000000000e+19 -2.560992166399955750e-02 -4.319934919476509094e-02
1.565683014177559471e+03 1.417878243174264526e+03 1.696613579207188877e+03 2.280140000000000000e+19 -3.127347305417060852e-02 1.227554120123386383e-02
1.564877855344774161e+03 1.420829025889842114e+03 1.694886966007407636e+03 2.280340000000000000e+19 6.408314406871795654e-02 -6.312968581914901733e-02
1.564133319624765818e+03 1.423532592282958603e+03 1.693305017347859803e+03 2.280540000000000000e+19 -5.830133706331253052e-02 1.102383155375719070e-02
1.561722179510456044e+03 1.432126129457494017e+03 1.688276705357121045e+03 2.280740000000000000e+19 1.739717721939086914e-01 2.422616481781005859e-01
1.560880917291552578e+03 1.435069421454355961e+03 1.686554525695225493e+03 2.280940000000000000e+19 -6.343255937099456787e-02 2.307841554284095764e-03
1.560032197014896155e+03 1.438011122539609232e+03 1.684833287370170183e+03 2.281140000000000000e+19 -5.493348464369773865e-02 2.236092686653137207e-01
1.559176022757123746e+03 1.440951218583836635e+03 1.683112998649308793e+03 2.281340000000000000e+19 3.048131465911865234e-01 -4.541142284870147705e-01
1.558312398591891679e+03 1.443889695598445087e+03 1.681393667717545668e+03 2.281540000000000000e+19 1.761323362588882446e-01 3.892603218555450439e-01
1.557441328673273574e+03 1.446826539448996982e+03 1.679675302845067790e+03 2.281740000000000000e+19 -4.841060936450958252e-01 1.163385882973670959e-01
1.556562817157989002e+03 1.449761736121472723e+03 1.677957912231559476e+03 2.281940000000000000e+19 2.715623378753662109e-01 2.193658351898193359e-01
1.555751075938520898e+03 1.452450895357297441e+03 1.676384487794978895e+03 2.282140000000000000e+19 -1.108160689473152161e-01 1.037504971027374268e-01
1.561722179510456044e+03 1.432126129457494017e+03 1.688276705357121045e+03 2.282340000000000000e+19 3.778668493032455444e-02 -1.135472133755683899e-01
1.560880917291552578e+03 1.435069421454355961e+03 1.686554525695225493e+03 2.282540000000000000e+19 2.161209098994731903e-02 1.232359558343887329e-01
1.560032197014896155e+03 1.438011122539609232e+03 1.684833287370170183e+03 2.282740000000000000e+19 2.776736617088317871e-01 -7.810465246438980103e-02
1.559176022757123746e+03 1.440951218583836635e+03 1.683112998649308793e+03 2.282940000000000000e+19 -1.098879501223564148e-01 1.507879346609115601e-01
1.558312398591891679e+03 1.443889695598445087e+03 1.681393667717545668e+03 2.283140000000000000e+19 -1.723125024000182748e-05 -1.624874174594879150e-01
1.557441328673273574e+03 1.446826539448996982e+03 1.679675302845067790e+03 2.283340000000000000e+19 1.276084482669830322e-01 -1.071336343884468079e-01
1.556562817157989002e+03 1.449761736121472723e+03 1.677957912231559476e+03 2.283540000000000000e+19 -2.001153677701950073e-02 2.353213354945182800e-02
1.555751075938520898e+03 1.452450895357297441e+03 1.676384487794978895e+03 2.283740000000000000e+19 1.885765418410301208e-02 5.095845088362693787e-02
1.552974439777615316e+03 1.461485770116485128e+03 1.671098256729886771e+03 2.283940000000000000e+19 -6.606753915548324585e-02 3.855105116963386536e-02
1.552058784080303894e+03 1.464412520270631148e+03 1.669385860649058941e+03 2.284140000000000000e+19 -7.918861508369445801e-02 -1.377337495796382427e-03
1.551135712532918205e+03 1.467337539125545391e+03 1.667674488045907083e+03 2.284340000000000000e+19 -6.716180592775344849e-02 -1.360180228948593140e-02
1.550205229581981257e+03 1.470260812591166996e+03 1.665964147164251699e+03 2.284540000000000000e+19 1.392659731209278107e-02 -1.586550474166870117e-02
1.549267339657866387e+03 1.473182326748745936e+03 1.664254846147631042e+03 2.284740000000000000e+19 -5.637848749756813049e-02 7.239335030317306519e-02
1.548322047255491952e+03 1.476102067596303868e+03 1.662546593188231327e+03 2.284940000000000000e+19 -2.931008301675319672e-02 7.620856165885925293e-02
1.547369356912006879e+03 1.479020021120061074e+03 1.660839396485088173e+03 2.285140000000000000e+19 -4.101033508777618408e-02 3.029722906649112701e-02
1.546489656503328206e+03 1.481693252935788223e+03 1.659275387378594132e+03 2.285340000000000000e+19 2.129334583878517151e-02 -1.335468441247940063e-01
1.552974439777615316e+03 1.461485770116485128e+03 1.671098256729886771e+03 2.285540000000000000e+19 -8.099616318941116333e-02 -1.397649645805358887e-01
1.552058784080303894e+03 1.464412520270631148e+03 1.669385860649058941e+03 2.285740000000000000e+19 -1.270877080969512463e-03 -1.941308379173278809e-02
1.551135712532918205e+03 1.467337539125545391e+03 1.667674488045907083e+03 2.285940000000000000e+19 -1.190301179885864258e-01 1.143110990524291992e-01
1.550205229581981257e+03 1.470260812591166996e+03 1.665964147164251699e+03 2.286140000000000000e+19 -3.403479605913162231e-02 1.090798825025558472e-01
1.549267339657866387e+03 1.473182326748745936e+03 1.664254846147631042e+03 2.286340000000000000e+19 8.809716999530792236e-02 1.670418232679367065e-01
1.548322047255491952e+03 1.476102067596303868e+03 1.662546593188231327e+03 2.286540000000000000e+19 -4.877083410974591970e-04 -2.700756788253784180e-01
1.547369356912006879e+03 1.479020021120061074e+03 1.660839396485088173e+03 2.286740000000000000e+19 -4.127352684736251831e-02 5.410260520875453949e-03
1.546489656503328206e+03 1.481693252935788223e+03 1.659275387378594132e+03 2.286940000000000000e+19 9.235147386789321899e-02 9.542881697416305542e-02
1.543484707736363362e+03 1.490673683151339674e+03 1.654021335365813684e+03 2.287140000000000000e+19 8.908914029598236084e-02 -7.188607007265090942e-02
1.542495096728915314e+03 1.493582490934023326e+03 1.652319542293176482e+03 2.287340000000000000e+19 7.570443302392959595e-02 -1.747462525963783264e-02
1.541498115667249294e+03 1.496489427736328480e+03 1.650618854420662956e+03 2.287540000000000000e+19 -2.593958342913538218e-04 -6.983847916126251221e-02
1.540493769298406278e+03 1.499394479717303511e+03 1.648919279845844585e+03 2.287740000000000000e+19 1.048493310809135437e-01 1.052174940705299377e-01
1.539482062456896983e+03 1.502297632893182026e+03 1.647220826749791968e+03 2.287940000000000000e+19 8.300445228815078735e-02 -3.058428876101970673e-02
1.538462999956362864e+03 1.505198873451068721e+03 1.645523503213536287e+03 2.288140000000000000e+19 8.484689146280288696e-02 -1.068848446011543274e-01
1.537436586702173145e+03 1.508098187425621518e+03 1.643827317407291957e+03 2.288340000000000000e+19 7.576596923172473907e-03 -2.531515955924987793e-01
1.536489348087525059e+03 1.510754212541297875e+03 1.642273472089822462e+03 2.288540000000000000e+19 -3.528359159827232361e-02 -6.322561204433441162e-02
1.543484707736363362e+03 1.490673683151339674e+03 1.654021335365813684e+03 2.288740000000000000e+19 -8.590144664049148560e-02 2.005423046648502350e-02
1.542495096728915314e+03 1.493582490934023326e+03 1.652319542293176482e+03 2.288940000000000000e+19 -4.355350974947214127e-03 -3.199568018317222595e-02
1.541498115667249294e+03 1.496489427736328480e+03 1.650618854420662956e+03 2.289140000000000000e+19 -1.248244941234588623e-01 4.474700987339019775e-02
1.540493769298406278e+03 1.499394479717303511e+03 1.648919279845844585e+03 2.289340000000000000e+19 -4.458248987793922424e-02 1.758148521184921265e-01
1.539482062456896983e+03 1.502297632893182026e+03 1.647220826749791968e+03 2.289540000000000000e+19 -1.359089626930654049e-03 1.841704994440078735e-01
1.538462999956362864e+03 1.505198873451068721e+03 1.645523503213536287e+03 2.289740000000000000e+19 -4.462325945496559143e-02 -1.217740178108215332e-01
1.537436586702173145e+03 1.508098187425621518e+03 1.643827317407291957e+03 2.289940000000000000e+19 -1.335322260856628418e-01 -7.596338540315628052e-02
1.536489348087525059e+03 1.510754212541297875e+03 1.642273472089822462e+03 2.290140000000000000e+19 1.447147503495216370e-02 3.439593315124511719e-02
1.533257524744068178e+03 1.519675900618229207e+03 1.637054113460265853e+03 2.290340000000000000e+19 -1.263702064752578735e-01 -3.443084284663200378e-02
1.532194432028200254e+03 1.522565373954790402e+03 1.635363737826222177e+03 2.290540000000000000e+19 9.572703391313552856e-02 1.658273860812187195e-02
1.531124018551766994e+03 1.525452837616828219e+03 1.633674548532237850e+03 2.290740000000000000e+19 2.284208238124847412e-01 1.274479627609252930e-01
1.530046289418762399e+03 1.528338277835959161e+03 1.631986553632922096e+03 2.290940000000000000e+19 1.753808259963989258e-01 -5.313194915652275085e-02
1.528961249794316245e+03 1.531221680783092097e+03 1.630299761218346703e+03 2.291140000000000000e+19 1.154079660773277283e-02 3.352949395775794983e-02
1.527868904890138083e+03 1.534103032608829835e+03 1.628614179390411891e+03 2.291340000000000000e+19 1.501935417763888836e-03 -1.137429401278495789e-01
1.526769259903549937e+03 1.536982319604084978e+03 1.626929816168885736e+03 2.291540000000000000e+19 -1.649326272308826447e-02 9.431266039609909058e-02
1.525754936562718285e+03 1.539619866517223272e+03 1.625386878502695708e+03 2.291740000000000000e+19 -1.201407164335250854e-01 3.774675726890563965e-02
1.533257524744068178e+03 1.519675900618229207e+03 1.637054113460265853e+03 2.291940000000000000e+19 -8.494585752487182617e-02 8.224809169769287109e-02
1.532194432028200254e+03 1.522565373954790402e+03 1.635363737826222177e+03 2.292140000000000000e+19 7.354734838008880615e-02 1.331129297614097595e-02
1.531124018551766994e+03 1.525452837616828219e+03 1.633674548532237850e+03 2.292340000000000000e+19 -2.568648383021354675e-02 -2.576264142990112305e-01
1.530046289418762399e+03 1.528338277835959161e+03 1.631986553632922096e+03 2.292540000000000000e+19 -7.123904675245285034e-02 1.225593313574790955e-02
1.528961249794316245e+03 1.531221680783092097e+03 1.630299761218346703e+03 2.292740000000000000e+19 8.215965330600738525e-02 -2.540668286383152008e-02
1.527868904890138083e+03 1.534103032608829835e+03 1.628614179390411891e+03 2.292940000000000000e+19 -8.002577349543571472e-03 -3.154694288969039917e-02
1.526769259903549937e+03 1.536982319604084978e+03 1.626929816168885736e+03 2.293140000000000000e+19 1.033990383148193359e-01 7.196253538131713867e-02
1.525754936562718285e+03 1.539619866517223272e+03 1.625386878502695708e+03 2.293340000000000000e+19 9.846722334623336792e-02 -7.030744850635528564e-02
