# Baseline: 0-19
# Entries: 128
# u [m], v [m], w [m], frequency [GHz], real, imag
-1.093724913467607848e+03 -1.860471035770431172e+03 -1.336279817336174119e+03 2.267940000000000000e+19 6.470627337694168091e-02 7.989636063575744629e-02
-1.091687047706205021e+03 -1.862530567459029044e+03 -1.335076659466305500e+03 2.268140000000000000e+19 -4.205936938524246216e-02 -5.805861949920654297e-02
-1.089643968857803884e+03 -1.864586250033017905e+03 -1.333875762138321988e+03 2.268340000000000000e+19 6.085838377475738525e-02 9.895106405019760132e-02
-1.087595686685855298e+03 -1.866638073668784727e+03 -1.332677131091014644e+03 2.268540000000000000e+19 -4.691315814852714539e-02 -3.332072496414184570e-02
-1.086056228316634588e+03 -1.868174524210392065e+03 -1.331779577355627225e+03 2.268740000000000000e+19 5.739392340183258057e-02 5.540565401315689087e-02
-1.083483551606052742e+03 -1.870730104865979456e+03 -1.330286690772996963e+03 2.268940000000000000e+19 -1.065419837832450867e-01 1.449174154549837112e-02
-1.081419718420926756e+03 -1.872770292801374808e+03 -1.329094892967204260e+03 2.269140000000000000e+19 2.465721964836120605e-02 -2.952157147228717804e-02
-1.078832874891804749e+03 -1.875315203339216623e+03 -1.327608272449137303e+03 2.269340000000000000e+19 -1.407044231891632080e-01 -2.702010422945022583e-02
-1.093724913467607848e+03 -1.860471035770431172e+03 -1.336279817336174119e+03 2.269540000000000000e+19 9.044421464204788208e-02 -5.897479131817817688e-03
-1.091687047706205021e+03 -1.862530567459029044e+03 -1.335076659466305500e+03 2.269740000000000000e+19 2.120435796678066254e-02 -1.887312973849475384e-03
-1.089643968857803884e+03 -1.864586250033017905e+03 -1.333875762138321988e+03 2.269940000000000000e+19 2.682856656610965729e-02 1.450614482164382935e-01
-1.087595686685855298e+03 -1.866638073668784727e+03 -1.332677131091014644e+03 2.270140000000000000e+19 -2.454944513738155365e-02 -2.139964140951633453e-02
-1.086056228316634588e+03 -1.868174524210392065e+03 -1.331779577355627225e+03 2.270340000000000000e+19 1.107433512806892395e-01 -5.027996376156806946e-02
-1.083483551606052742e+03 -1.870730104865979456e+03 -1.330286690772996963e+03 2.270540000000000000e+19 2.891655266284942627e-02 -1.062569767236709595e-01
-1.081419718420926756e+03 -1.872770292801374808e+03 -1.329094892967204260e+03 2.270740000000000000e+19 -8.049694448709487915e-02 1.473706215620040894e-01
-1.078832874891804749e+03 -1.875315203339216623e+03 -1.327608272449137303e+03 2.270940000000000000e+19 5.422126501798629761e-02 -6.881096959114074707e-02
-1.073112845161668020e+03 -1.880891966149957852e+03 -1.324350650213961899e+03 2.271140000000000000e+19 -2.907571010291576385e-02 2.386428043246269226e-02
-1.071023291417331166e+03 -1.882912566296309478e+03 -1.323170355028236827e+03 2.271340000000000000e+19 -7.983203977346420288e-02 -3.435679525136947632e-02
-1.068928623492199222e+03 -1.884929219771278440e+03 -1.321992377372877854e+03 2.271540000000000000e+19 7.539079338312149048e-02 -1.259272638708353043e-02
-1.066828851381682171e+03 -1.886941916951828944e+03 -1.320816722868932629e+03 2.271740000000000000e+19 4.842080175876617432e-02 -5.734362080693244934e-02
-1.064723985142064976e+03 -1.888950648198717545e+03 -1.319643397146860025e+03 2.271940000000000000e+19 -1.634457334876060486e-02 1.482015755027532578e-02
-1.062614034846674940e+03 -1.890955403898669374e+03 -1.318472405821888287e+03 2.272140000000000000e+19 -9.376768954098224640e-03 -5.856712907552719116e-02
-1.060499010600601196e+03 -1.892956174450519484e+03 -1.317303754502115908e+03 2.272340000000000000e+19 5.177268385887145996e-02 -7.547105848789215088e-02
-1.058555854023491065e+03 -1.894786756094772272e+03 -1.316234521258106042e+03 2.272540000000000000e+19 3.469761461019515991e-02 2.863875404000282288e-02
-1.073112845161668020e+03 -1.880891966149957852e+03 -1.324350650213961899e+03 2.272740000000000000e+19 -5.018882453441619873e-02 8.497916907072067261e-02
-1.071023291417331166e+03 -1.882912566296309478e+03 -1.323170355028236827e+03 2.272940000000000000e+19 1.382318232208490372e-02 6.842032819986343384e-02
-1.068928623492199222e+03 -1.884929219771278440e+03 -1.321992377372877854e+03 2.273140000000000000e+19 4.151817411184310913e-02 8.857714384794235229e-02
-1.066828851381682171e+03 -1.886941916951828944e+03 -1.320816722868932629e+03 2.273340000000000000e+19 -5.462560057640075684e-02 -2.306657657027244568e-02
-1.064723985142064976e+03 -1.888950648198717545e+03 -1.319643397146860025e+03 2.273540000000000000e+19 -8.560257405042648315e-02 -1.718821935355663300e-02
-1.062614034846674940e+03 -1.890955403898669374e+03 -1.318472405821888287e+03 2.273740000000000000e+19 -1.385610434226691723e-03 7.950053364038467407e-02
-1.060499010600601196e+03 -1.892956174450519484e+03 -1.317303754502115908e+03 2.273940000000000000e+19 -2.556777745485305786e-02 2.565883658826351166e-02
-1.058555854023491065e+03 -1.894786756094772272e+03 -1.316234521258106042e+03 2.274140000000000000e+19 1.086749359965324402e-01 3.846284002065658569e-02
-1.051988376793556881e+03 -1.900919214071871920e+03 -1.312652660898563454e+03 2.274340000000000000e+19 -3.144023567438125610e-02 -6.779315322637557983e-02
-1.049848135078028236e+03 -1.902899915666789184e+03 -1.311495793256306797e+03 2.274540000000000000e+19 -7.737084291875362396e-03 4.196084570139646530e-03
-1.047702880476376095e+03 -1.904876574977980454e+03 -1.310341298991279700e+03 2.274740000000000000e+19 6.387759931385517120e-03 8.479328826069831848e-03
-1.045552623292589487e+03 -1.906849182511250547e+03 -1.309189183648685230e+03 2.274940000000000000e+19 -2.278350666165351868e-02 -5.282824113965034485e-02
-1.043397373772230594e+03 -1.908817728867378264e+03 -1.308039452718197481e+03 2.275140000000000000e+19 7.812522351741790771e-02 2.449279464781284332e-02
-1.041237142297371065e+03 -1.910782204563752657e+03 -1.306892111738136236e+03 2.275340000000000000e+19 4.881062731146812439e-02 -4.607545956969261169e-02
-1.039071939153744552e+03 -1.912742600246879874e+03 -1.305747166171348908e+03 2.275540000000000000e+19 -2.838173694908618927e-02 3.223253414034843445e-02
-1.037082874060529321e+03 -1.914536089573493655e+03 -1.304699711106764425e+03 2.275740000000000000e+19 -4.246236011385917664e-02 -3.142477944493293762e-02
-1.051988376793556881e+03 -1.900919214071871920e+03 -1.312652660898563454e+03 2.275940000000000000e+19 7.471172511577606201e-02 1.312180459499359131e-01
-1.049848135078028236e+03 -1.902899915666789184e+03 -1.311495793256306797e+03 2.276140000000000000e+19 -3.546319901943206787e-02 6.578882038593292236e-02
-1.047702880476376095e+03 -1.904876574977980454e+03 -1.310341298991279700e+03 2.276340000000000000e+19 2.587615884840488434e-02 -1.489711403846740723e-01
-1.045552623292589487e+03 -1.906849182511250547e+03 -1.309189183648685230e+03 2.276540000000000000e+19 2.946908958256244659e-02 -8.082521706819534302e-02
-1.043397373772230594e+03 -1.908817728867378264e+03 -1.308039452718197481e+03 2.276740000000000000e+19 1.417890638113021851e-01 -8.060086518526077271e-02
-1.041237142297371065e+03 -1.910782204563752657e+03 -1.306892111738136236e+03 2.276940000000000000e+19 -1.196702569723129272e-01 1.601414196193218231e-02
-1.039071939153744552e+03 -1.912742600246879874e+03 -1.305747166171348908e+03 2.277140000000000000e+19 7.692073285579681396e-02 5.985406786203384399e-02
-1.037082874060529321e+03 -1.914536089573493655e+03 -1.304699711106764425e+03 2.277340000000000000e+19 -8.808141946792602539e-02 -1.396233960986137390e-02
-1.030361617639957785e+03 -1.920543195365201882e+03 -1.301191447532336269e+03 2.277540000000000000e+19 3.366208821535110474e-02 -4.388806596398353577e-02
-1.028171712125763406e+03 -1.922483050583478644e+03 -1.300058561028734175e+03 2.277740000000000000e+19 -7.483866810798645020e-02 -1.785541698336601257e-02
-1.025976897508556704e+03 -1.924418769757443670e+03 -1.298928102661732510e+03 2.277940000000000000e+19 1.906767114996910095e-02 6.548585742712020874e-02
-1.023777184238634959e+03 -1.926350343670444772e+03 -1.297800077813841654e+03 2.278140000000000000e+19 -7.958720438182353973e-03 -7.141307927668094635e-03
-1.021572582904553315e+03 -1.928277763024663500e+03 -1.296674491914910277e+03 2.278340000000000000e+19 -7.768560200929641724e-02 3.273269906640052795e-02
-1.019363103995535312e+03 -1.930201018649685011e+03 -1.295551350320324445e+03 2.278540000000000000e+19 -2.156066708266735077e-02 -7.889022678136825562e-02
-1.017148758147139461e+03 -1.932120101287727948e+03 -1.294430658436430804e+03 2.278740000000000000e+19 -7.442354224622249603e-03 5.021431669592857361e-02
-1.015114736336860915e+03 -1.933875640084886072e+03 -1.293405482773719541e+03 2.278940000000000000e+19 7.999174296855926514e-02 1.527717057615518570e-02
-1.030361617639957785e+03 -1.920543195365201882e+03 -1.301191447532336269e+03 2.279140000000000000e+19 2.050989493727684021e-02 1.472931355237960815e-02
-1.028171712125763406e+03 -1.922483050583478644e+03 -1.300058561028734175e+03 2.279340000000000000e+19 3.033121116459369659e-02 4.402396082878112793e-02
-1.025976897508556704e+03 -1.924418769757443670e+03 -1.298928102661732510e+03 2.279540000000000000e+19 8.357986807823181152e-02 1.194957345724105835e-01
-1.023777184238634959e+03 -1.926350343670444772e+03 -1.297800077813841654e+03 2.279740000000000000e+19 -3.382360329851508141e-03 2.673099562525749207e-02
-1.021572582904553315e+03 -1.928277763024663500e+03 -1.296674491914910277e+03 2.279940000000000000e+19 4.616266489028930664e-02 4.330187512096017599e-04
-1.019363103995535312e+03 -1.930201018649685011e+03 -1.295551350320324445e+03 2.280140000000000000e+19 6.352824717760086060e-02 3.418267145752906799e-02
-1.017148758147139461e+03 -1.932120101287727948e+03 -1.294430658436430804e+03 2.280340000000000000e+19 -8.155428618192672729e-02 -3.515750914812088013e-02
-1.015114736336860915e+03 -1.933875640084886072e+03 -1.293405482773719541e+03 2.280540000000000000e+19 1.480442471802234650e-02 -9.171944111585617065e-02
-1.008615536460414546e+03 -1.939437761756561031e+03 -1.290157463019097349e+03 2.280740000000000000e+19 3.795177489519119263e-02 -1.066962536424398422e-02
-1.006377816709935473e+03 -1.941336545996050063e+03 -1.289048686712331346e+03 2.280940000000000000e+19 -2.203139849007129669e-02 -2.940060757100582123e-02
-1.004135292125666865e+03 -1.943231103990228803e+03 -1.287942391216762644e+03 2.281140000000000000e+19 1.123756449669599533e-02 8.582296781241893768e-03
-1.001887973478860772e+03 -1.945121426639300580e+03 -1.286838581846057650e+03 2.281340000000000000e+19 -3.262053430080413818e-02 7.754385937005281448e-03
-9.996358714620298542e+02 -1.947007504949394388e+03 -1.285737263851969601e+03 2.281540000000000000e+19 2.697697468101978302e-02 -5.121041904203593731e-04
-9.973789969080098672e+02 -1.948889329848210991e+03 -1.284638442531981354e+03 2.281740000000000000e+19 -2.910254057496786118e-03 -7.327804714441299438e-02
-9.951173605862580871e+02 -1.950766892356125481e+03 -1.283542123129404445e+03 2.281940000000000000e+19 1.205995157361030579e-01 9.862159192562103271e-02
-9.930400805042881984e+02 -1.952484293721430731e+03 -1.282539334053462198e+03 2.282140000000000000e+19 4.257540404796600342e-02 -2.664671093225479126e-02
-1.008615536460414546e+03 -1.939437761756561031e+03 -1.290157463019097349e+03 2.282340000000000000e+19 2.760826796293258667e-02 -1.827190257608890533e-02
-1.006377816709935473e+03 -1.941336545996050063e+03 -1.289048686712331346e+03 2.282540000000000000e+19 4.656809940934181213e-02 -1.584146870300173759e-03
-1.004135292125666865e+03 -1.943231103990228803e+03 -1.287942391216762644e+03 2.282740000000000000e+19 9.556682407855987549e-02 -1.054059267044067383e-01
-1.001887973478860772e+03 -1.945121426639300580e+03 -1.286838581846057650e+03 2.282940000000000000e+19 -2.966224215924739838e-02 -6.961605697870254517e-02
-9.996358714620298542e+02 -1.947007504949394388e+03 -1.285737263851969601e+03 2.283140000000000000e+19 -7.469420880079269409e-02 -1.223802119493484497e-01
-9.973789969080098672e+02 -1.948889329848210991e+03 -1.284638442531981354e+03 2.283340000000000000e+19 -6.333443522453308105e-02 -7.955311983823776245e-02
-9.951173605862580871e+02 -1.950766892356125481e+03 -1.283542123129404445e+03 2.283540000000000000e+19 -9.907479397952556610e-03 -2.609869651496410370e-02
-9.930400805042881984e+02 -1.952484293721430731e+03 -1.282539334053462198e+03 2.283740000000000000e+19 -3.207320813089609146e-03 2.654204145073890686e-02
-9.860234145052164649e+02 -1.958234339016045624e+03 -1.279181969481404167e+03 2.283940000000000000e+19 -9.796525351703166962e-03 -7.119135558605194092e-02
-9.837381322159519641e+02 -1.960090455143946656e+03 -1.278098238156325806e+03 2.284140000000000000e+19 4.581862315535545349e-02 1.086996681988239288e-02
-9.814481534086389729e+02 -1.961942255301076784e+03 -1.277017040033263129e+03 2.284340000000000000e+19 6.289011333137750626e-03 -1.339684333652257919e-02
-9.791534891143037385e+02 -1.963789730567161769e+03 -1.275938380320430497e+03 2.284540000000000000e+19 -3.942775726318359375e-02 -3.139022970572113991e-03
-9.768541502586659817e+02 -1.965632872145714373e+03 -1.274862264153701972e+03 2.284740000000000000e+19 -3.763699904084205627e-03 -6.093602254986763000e-02
-9.745501478617028397e+02 -1.967471671203035385e+03 -1.273788696690617599e+03 2.284940000000000000e+19 6.740123033523559570e-02 -1.065058354288339615e-02
-9.722414929818988867e+02 -1.969306118913528962e+03 -1.272717683083918246e+03 2.285140000000000000e+19 -2.054847590625286102e-02 -3.077530860900878906e-02
-9.701212073066142239e+02 -1.970983921578326999e+03 -1.271738135830140436e+03 2.285340000000000000e+19 3.701862320303916931e-02 -6.671293824911117554e-02
-9.860234145052164649e+02 -1.958234339016045624e+03 -1.279181969481404167e+03 2.285540000000000000e+19 -3.353205323219299316e-02 3.075792640447616577e-02
-9.837381322159519641e+02 -1.960090455143946656e+03 -1.278098238156325806e+03 2.285740000000000000e+19 -6.040893495082855225e-02 4.359740391373634338e-02
-9.814481534086389729e+02 -1.961942255301076784e+03 -1.277017040033263129e+03 2.285940000000000000e+19 1.909479215100873262e-05 1.201285608112812042e-02
-9.791534891143037385e+02 -1.963789730567161769e+03 -1.275938380320430497e+03 2.286140000000000000e+19 -6.727508455514907837e-02 1.259101275354623795e-02
-9.768541502586659817e+02 -1.965632872145714373e+03 -1.274862264153701972e+03 2.286340000000000000e+19 -4.994947835803031921e-02 -3.925796598196029663e-02
-9.745501478617028397e+02 -1.967471671203035385e+03 -1.273788696690617599e+03 2.286540000000000000e+19 -4.816505126655101776e-03 4.990660771727561951e-02
-9.722414929818988867e+02 -1.969306118913528962e+03 -1.272717683083918246e+03 2.286740000000000000e+19 -4.011964425444602966e-02 -8.933510631322860718e-03
-9.701212073066142239e+02 -1.970983921578326999e+03 -1.271738135830140436e+03 2.286940000000000000e+19 6.737881898880004883e-02 2.383530698716640472e-02
-9.629605696751868891e+02 -1.976600221228565488e+03 -1.268459269425126877e+03 2.287140000000000000e+19 1.873581670224666595e-02 -9.504137188196182251e-02
-9.606288184176429468e+02 -1.978412781044110034e+03 -1.267401101675148993e+03 2.287340000000000000e+19 -8.565068989992141724e-02 4.227011278271675110e-02
-9.582924813014698202e+02 -1.980220937151900898e+03 -1.266345518350656903e+03 2.287540000000000000e+19 -9.023773670196533203e-02 -9.753544628620147705e-02
-9.559515694508368142e+02 -1.982024680942690111e+03 -1.265292524477635880e+03 2.287740000000000000e+19 1.042521148920059204e-01 6.846995651721954346e-02
-9.536060941339483179e+02 -1.983824003733966038e+03 -1.264242125124775384e+03 2.287940000000000000e+19 -4.659580066800117493e-02 2.980285882949829102e-02
-9.512560665103588917e+02 -1.985618896964745318e+03 -1.263194325289741528e+03 2.288140000000000000e+19 6.317058950662612915e-02 -1.545185456052422523e-03
-9.489014978921281909e+02 -1.987409351995197994e+03 -1.262149130016189247e+03 2.288340000000000000e+19 2.232387103140354156e-02 3.890379099175333977e-03
-9.467392212905000406e+02 -1.989046753044209026e+03 -1.261193293347866529e+03 2.288540000000000000e+19 4.784898459911346436e-02 3.701009973883628845e-02
-9.629605696751868891e+02 -1.976600221228565488e+03 -1.268459269425126877e+03 2.288740000000000000e+19 1.881403615698218346e-03 -9.036869741976261139e-03
-9.606288184176429468e+02 -1.978412781044110034e+03 -1.267401101675148993e+03 2.288940000000000000e+19 8.061181753873825073e-02 5.305306240916252136e-02
-9.582924813014698202e+02 -1.980220937151900898e+03 -1.266345518350656903e+03 2.289140000000000000e+19 7.794911414384841919e-02 -7.072696834802627563e-02
-9.559515694508368142e+02 -1.982024680942690111e+03 -1.265292524477635880e+03 2.289340000000000000e+19 3.438426181674003601e-02 -3.736732900142669678e-02
-9.536060941339483179e+02 -1.983824003733966038e+03 -1.264242125124775384e+03 2.289540000000000000e+19 1.006292924284934998e-01 -3.690051962621510029e-04
-9.512560665103588917e+02 -1.985618896964745318e+03 -1.263194325289741528e+03 2.289740000000000000e+19 -2.253563143312931061e-02 -4.952678084373474121e-02
-9.489014978921281909e+02 -1.987409351995197994e+03 -1.262149130016189247e+03 2.289940000000000000e+19 4.311711713671684265e-02 -6.680291891098022461e-02
-9.467392212905000406e+02 -1.989046753044209026e+03 -1.261193293347866529e+03 2.290140000000000000e+19 2.096954360604286194e-02 4.150117561221122742e-02
-9.394380387627301161e+02 -1.994526619366208934e+03 -1.257994494211220399e+03 2.290340000000000000e+19 2.384406747296452522e-03 -7.737840712070465088e-02
-9.370609344489646446e+02 -1.996294755428952385e+03 -1.256962396445081595e+03 2.290540000000000000e+19 -4.264777153730392456e-02 5.511809140443801880e-02
-9.346793570586352189e+02 -1.998058402212279816e+03 -1.255932933057299351e+03 2.290740000000000000e+19 -8.340284228324890137e-02 -9.904555976390838623e-03
-9.322933179478168313e+02 -1.999817551306500263e+03 -1.254906108956712842e+03 2.290940000000000000e+19 -1.427937485277652740e-02 -6.200812011957168579e-02
-9.299028285520198551e+02 -2.001572194280465737e+03 -1.253881929064617452e+03 2.291140000000000000e+19 3.707008669152855873e-03 -1.477450430393218994e-01
-9.275079003531857325e+02 -2.003322322706415889e+03 -1.252860398300262659e+03 2.291340000000000000e+19 -1.480791810899972916e-02 -3.224984183907508850e-02
-9.251085447461292688e+02 -2.005067928257509038e+03 -1.251841521523929259e+03 2.291540000000000000e+19 -4.826277121901512146e-02 -1.671853475272655487e-02
-9.229053123618186874e+02 -2.006664143833382013e+03 -1.250909853018886906e+03 2.291740000000000000e+19 -9.387258440256118774e-03 -3.704156726598739624e-02
-9.394380387627301161e+02 -1.994526619366208934e+03 -1.257994494211220399e+03 2.291940000000000000e+19 4.932202398777008057e-02 1.170814633369445801e-01
-9.370609344489646446e+02 -1.996294755428952385e+03 -1.256962396445081595e+03 2.292140000000000000e+19 6.187823018990457058e-04 1.805509813129901886e-02
-9.346793570586352189e+02 -1.998058402212279816e+03 -1.255932933057299351e+03 2.292340000000000000e+19 1.801991648972034454e-02 -1.335766073316335678e-02
-9.322933179478168313e+02 -1.999817551306500263e+03 -1.254906108956712842e+03 2.292540000000000000e+19 1.583195850253105164e-02 -6.074603274464607239e-02
-9.299028285520198551e+02 -2.001572194280465737e+03 -1.253881929064617452e+03 2.292740000000000000e+19 -6.576472520828247070e-02 -8.555342257022857666e-02
-9.275079003531857325e+02 -2.003322322706415889e+03 -1.252860398300262659e+03 2.292940000000000000e+19 5.903886631131172180e-02 1.337664388120174408e-02
-9.251085447461292688e+02 -2.005067928257509038e+03 -1.251841521523929259e+03 2.293140000000000000e+19 4.253650829195976257e-02 1.675708033144474030e-02
-9.229053123618186874e+02 -2.006664143833382013e+03 -1.250909853018886906e+03 2.293340000000000000e+19 3.630178794264793396e-02 9.383372217416763306e-02
