# Baseline: 21-25
# Entries: 128
# u [m], v [m], w [m], frequency [GHz], real, imag, std(real), std(imag)
-2.256694269322254513e+03 -5.046605801465286731e+02 -2.320682411540442445e+03 2.267940000000000111e+01 -1.739150732755661011e-01 1.258552223443984985e-01 1.414059996604919434e-01 1.439822614192962646e-01
-2.258301276119065278e+03 -5.089166090221838772e+02 -2.318188390299490038e+03 2.268140000000000001e+01 -7.275281101465225220e-02 -8.869983255863189697e-02 1.414059996604919434e-01 1.439822614192962646e-01
-2.259897487605636798e+03 -5.131756677044817252e+02 -2.315692609386834647e+03 2.268340000000000245e+01 4.075798392295837402e-02 1.468511670827865601e-01 1.414059996604919434e-01 1.439822614192962646e-01
-2.261482896154130231e+03 -5.174377358403211247e+02 -2.313195080729261917e+03 2.268540000000000134e+01 -3.164300695061683655e-02 -5.570655688643455505e-02 1.414059996604919434e-01 1.439822614192962646e-01
-2.262665196593980454e+03 -5.206361567432368247e+02 -2.311320848404352091e+03 2.268740000000000023e+01 9.777303040027618408e-02 -1.817166060209274292e-01 1.414059996604919434e-01 1.439822614192962646e-01
-2.264621274138650278e+03 -5.259708188699082712e+02 -2.308194827997652737e+03 2.268940000000000268e+01 -2.334460802376270294e-02 -3.979789465665817261e-02 1.414059996604919434e-01 1.439822614192962646e-01
-2.266174228522775593e+03 -5.302417928372973392e+02 -2.305692127905820143e+03 2.269140000000000157e+01 -3.396763205528259277e-01 -2.403926402330398560e-01 1.414059996604919434e-01 1.439822614192962646e-01
-2.268100626024302528e+03 -5.355845076668655338e+02 -2.302561431901914602e+03 2.269340000000000046e+01 2.573918700218200684e-01 -9.544424712657928467e-02 1.414059996604919434e-01 1.439822614192962646e-01
-2.256694269322254513e+03 -5.046605801465286731e+02 -2.320682411540442445e+03 2.269540000000000290e+01 2.770116552710533142e-03 -1.833015680313110352e-01 1.414059996604919434e-01 1.439822614192962646e-01
-2.258301276119065278e+03 -5.089166090221838772e+02 -2.318188390299490038e+03 2.269740000000000180e+01 1.059959083795547485e-01 9.882675111293792725e-02 1.414059996604919434e-01 1.439822614192962646e-01
-2.259897487605636798e+03 -5.131756677044817252e+02 -2.315692609386834647e+03 2.269940000000000069e+01 -6.752398610115051270e-02 -8.126495778560638428e-02 1.414059996604919434e-01 1.439822614192962646e-01
-2.261482896154130231e+03 -5.174377358403211247e+02 -2.313195080729261917e+03 2.270140000000000313e+01 -1.172339022159576416e-01 -2.079202383756637573e-01 1.414059996604919434e-01 1.439822614192962646e-01
-2.262665196593980454e+03 -5.206361567432368247e+02 -2.311320848404352091e+03 2.270340000000000202e+01 -1.818242073059082031e-01 -4.280015230178833008e-01 1.414059996604919434e-01 1.439822614192962646e-01
-2.264621274138650278e+03 -5.259708188699082712e+02 -2.308194827997652737e+03 2.270540000000000092e+01 1.494512334465980530e-02 -2.678984031081199646e-02 1.414059996604919434e-01 1.439822614192962646e-01
-2.266174228522775593e+03 -5.302417928372973392e+02 -2.305692127905820143e+03 2.270739999999999981e+01 2.111611813306808472e-01 1.219374090433120728e-01 1.414059996604919434e-01 1.439822614192962646e-01
-2.268100626024302528e+03 -5.355845076668655338e+02 -2.302561431901914602e+03 2.270940000000000225e+01 3.628773614764213562e-02 -1.015443652868270874e-01 1.414059996604919434e-01 1.439822614192962646e-01
-2.272277642758690035e+03 -5.473547619246538716e+02 -2.295664448563144106e+03 2.271140000000000114e+01 -1.047169715166091919e-01 -6.764841079711914062e-02 1.414059996604919434e-01 1.439822614192962646e-01
-2.273776358975039784e+03 -5.516401701133793267e+02 -2.293153368979637889e+03 2.271340000000000003e+01 -2.100659161806106567e-01 -8.741168677806854248e-02 1.414059996604919434e-01 1.439822614192962646e-01
-2.275264205811761258e+03 -5.559284036149095982e+02 -2.290640649553098683e+03 2.271540000000000248e+01 -1.199828535318374634e-01 -2.040648460388183594e-01 1.414059996604919434e-01 1.439822614192962646e-01
-2.276741176169266964e+03 -5.602194419665892156e+02 -2.288126302273756664e+03 2.271740000000000137e+01 2.458994388580322266e-01 -5.747224017977714539e-02 1.414059996604919434e-01 1.439822614192962646e-01
-2.278207262974057357e+03 -5.645132646176767821e+02 -2.285610339183382621e+03 2.271940000000000026e+01 7.222934812307357788e-02 9.273622184991836548e-02 1.414059996604919434e-01 1.439822614192962646e-01
-2.279662459209806002e+03 -5.688098510190678780e+02 -2.283092772322713699e+03 2.272140000000000271e+01 6.180626153945922852e-02 -7.108753919601440430e-02 1.414059996604919434e-01 1.439822614192962646e-01
-2.281106757907418796e+03 -5.731091805934175909e+02 -2.280573613748958451e+03 2.272340000000000160e+01 1.073755994439125061e-01 1.939269006252288818e-01 1.414059996604919434e-01 1.439822614192962646e-01
-2.282421258216772003e+03 -5.770525905558273507e+02 -2.278263017020564803e+03 2.272540000000000049e+01 -5.230258405208587646e-02 -1.232771854847669601e-02 1.414059996604919434e-01 1.439822614192962646e-01
-2.272277642758690035e+03 -5.473547619246538716e+02 -2.295664448563144106e+03 2.272740000000000293e+01 -1.072088181972503662e-01 6.011930480599403381e-02 1.414059996604919434e-01 1.439822614192962646e-01
-2.273776358975039784e+03 -5.516401701133793267e+02 -2.293153368979637889e+03 2.272940000000000182e+01 -2.628122828900814056e-02 -1.841843724250793457e-01 1.414059996604919434e-01 1.439822614192962646e-01
-2.275264205811761258e+03 -5.559284036149095982e+02 -2.290640649553098683e+03 2.273140000000000072e+01 6.110984832048416138e-02 -1.170849800109863281e-01 1.414059996604919434e-01 1.439822614192962646e-01
-2.276741176169266964e+03 -5.602194419665892156e+02 -2.288126302273756664e+03 2.273340000000000316e+01 -3.113068044185638428e-01 -1.528097540140151978e-01 1.414059996604919434e-01 1.439822614192962646e-01
-2.278207262974057357e+03 -5.645132646176767821e+02 -2.285610339183382621e+03 2.273540000000000205e+01 1.502563208341598511e-01 1.503764390945434570e-01 1.414059996604919434e-01 1.439822614192962646e-01
-2.279662459209806002e+03 -5.688098510190678780e+02 -2.283092772322713699e+03 2.273740000000000094e+01 1.717121005058288574e-01 1.715533882379531860e-01 1.414059996604919434e-01 1.439822614192962646e-01
-2.281106757907418796e+03 -5.731091805934175909e+02 -2.280573613748958451e+03 2.273939999999999984e+01 7.765298336744308472e-02 1.266362965106964111e-01 1.414059996604919434e-01 1.439822614192962646e-01
-2.282421258216772003e+03 -5.770525905558273507e+02 -2.278263017020564803e+03 2.274140000000000228e+01 3.314459323883056641e-02 -3.134493716061115265e-03 1.414059996604919434e-01 1.439822614192962646e-01
-2.286774839938745572e+03 -5.903335191559573332e+02 -2.270481303416321680e+03 2.274340000000000117e+01 1.214067339897155762e-01 -5.239484831690788269e-02 1.414059996604919434e-01 1.439822614192962646e-01
-2.288164548330007619e+03 -5.946462557637688633e+02 -2.267954367232938239e+03 2.274540000000000006e+01 -1.383523363620042801e-02 -1.256030946969985962e-01 1.414059996604919434e-01 1.439822614192962646e-01
-2.289543318514043222e+03 -5.989616119582764213e+02 -2.265425911749749957e+03 2.274740000000000251e+01 -1.303187943994998932e-02 -2.012395113706588745e-01 1.414059996604919434e-01 1.439822614192962646e-01
-2.290911143868421277e+03 -6.032795670121622607e+02 -2.262895949111315076e+03 2.274940000000000140e+01 1.898249983787536621e-01 -9.678003191947937012e-02 1.414059996604919434e-01 1.439822614192962646e-01
-2.292268017875527221e+03 -6.076001003510938290e+02 -2.260364491372482007e+03 2.275140000000000029e+01 -1.181532517075538635e-01 1.632398366928100586e-01 1.414059996604919434e-01 1.439822614192962646e-01
-2.293613933999310120e+03 -6.119231911626676492e+02 -2.257831550727512877e+03 2.275340000000000273e+01 1.543270498514175415e-01 2.619042247533798218e-02 1.414059996604919434e-01 1.439822614192962646e-01
-2.294948885831607640e+03 -6.162488188630503601e+02 -2.255297139236674866e+03 2.275540000000000163e+01 -2.276392653584480286e-02 -2.128082364797592163e-01 1.414059996604919434e-01 1.439822614192962646e-01
-2.296163094120764072e+03 -6.202161566319419990e+02 -2.252972665435845101e+03 2.275740000000000052e+01 2.470513805747032166e-02 -2.587776780128479004e-01 1.414059996604919434e-01 1.439822614192962646e-01
-2.286774839938745572e+03 -5.903335191559573332e+02 -2.270481303416321680e+03 2.275940000000000296e+01 1.363122314214706421e-01 -4.753501713275909424e-02 1.414059996604919434e-01 1.439822614192962646e-01
-2.288164548330007619e+03 -5.946462557637688633e+02 -2.267954367232938239e+03 2.276140000000000185e+01 -3.911511972546577454e-02 -5.405752360820770264e-02 1.414059996604919434e-01 1.439822614192962646e-01
-2.289543318514043222e+03 -5.989616119582764213e+02 -2.265425911749749957e+03 2.276340000000000074e+01 7.313045859336853027e-02 -5.790087953209877014e-02 1.414059996604919434e-01 1.439822614192962646e-01
-2.290911143868421277e+03 -6.032795670121622607e+02 -2.262895949111315076e+03 2.276540000000000319e+01 1.136466627940535545e-03 1.040534451603889465e-01 1.414059996604919434e-01 1.439822614192962646e-01
-2.292268017875527221e+03 -6.076001003510938290e+02 -2.260364491372482007e+03 2.276740000000000208e+01 -1.023855432868003845e-01 3.035565912723541260e-01 1.414059996604919434e-01 1.439822614192962646e-01
-2.293613933999310120e+03 -6.119231911626676492e+02 -2.257831550727512877e+03 2.276940000000000097e+01 2.822011336684226990e-02 1.096857562661170959e-01 1.414059996604919434e-01 1.439822614192962646e-01
-2.294948885831607640e+03 -6.162488188630503601e+02 -2.255297139236674866e+03 2.277139999999999986e+01 -2.374710515141487122e-03 -5.442219227552413940e-02 1.414059996604919434e-01 1.439822614192962646e-01
-2.296163094120764072e+03 -6.202161566319419990e+02 -2.252972665435845101e+03 2.277340000000000231e+01 1.270938962697982788e-01 3.648692741990089417e-03 1.414059996604919434e-01 1.439822614192962646e-01
-2.300178923165846300e+03 -6.335762840449532405e+02 -2.245145027676074733e+03 2.277540000000000120e+01 -1.064211577177047729e-01 -6.338305771350860596e-02 1.414059996604919434e-01 1.439822614192962646e-01
-2.301458958718234953e+03 -6.379142852946719131e+02 -2.242603444109482552e+03 2.277740000000000009e+01 -1.849459856748580933e-01 2.360364794731140137e-01 1.414059996604919434e-01 1.439822614192962646e-01
-2.302727992412429558e+03 -6.422546989711297556e+02 -2.240060462618982001e+03 2.277940000000000254e+01 -3.568318486213684082e-02 3.096599131822586060e-02 1.414059996604919434e-01 1.439822614192962646e-01
-2.303986018206117024e+03 -6.465975044080638554e+02 -2.237516095312615562e+03 2.278140000000000143e+01 1.294286102056503296e-01 4.412217810750007629e-02 1.414059996604919434e-01 1.439822614192962646e-01
-2.305233030043701092e+03 -6.509426807009321010e+02 -2.234970354437959486e+03 2.278340000000000032e+01 -1.255700886249542236e-01 6.721308454871177673e-03 1.414059996604919434e-01 1.439822614192962646e-01
-2.306469021992078979e+03 -6.552902071759245928e+02 -2.232423252107328608e+03 2.278540000000000276e+01 -2.669051289558410645e-01 2.562352456152439117e-02 1.414059996604919434e-01 1.439822614192962646e-01
-2.307693988101706054e+03 -6.596400629057776541e+02 -2.229874800581461841e+03 2.278740000000000165e+01 2.759575247764587402e-01 -1.997433304786682129e-01 1.414059996604919434e-01 1.439822614192962646e-01
-2.308807323355784320e+03 -6.636294300483544930e+02 -2.227537562004982192e+03 2.278940000000000055e+01 1.068932339549064636e-01 -3.585880249738693237e-02 1.414059996604919434e-01 1.439822614192962646e-01
-2.300178923165846300e+03 -6.335762840449532405e+02 -2.245145027676074733e+03 2.279140000000000299e+01 -9.930573403835296631e-02 1.337642222642898560e-01 1.414059996604919434e-01 1.439822614192962646e-01
-2.301458958718234953e+03 -6.379142852946719131e+02 -2.242603444109482552e+03 2.279340000000000188e+01 1.631128191947937012e-01 -1.251328140497207642e-01 1.414059996604919434e-01 1.439822614192962646e-01
-2.302727992412429558e+03 -6.422546989711297556e+02 -2.240060462618982001e+03 2.279540000000000077e+01 -1.015016511082649231e-01 2.492082491517066956e-02 1.414059996604919434e-01 1.439822614192962646e-01
-2.303986018206117024e+03 -6.465975044080638554e+02 -2.237516095312615562e+03 2.279739999999999966e+01 -1.762739568948745728e-02 2.917340770363807678e-02 1.414059996604919434e-01 1.439822614192962646e-01
-2.305233030043701092e+03 -6.509426807009321010e+02 -2.234970354437959486e+03 2.279940000000000211e+01 1.054865419864654541e-01 -1.985273063182830811e-01 1.414059996604919434e-01 1.439822614192962646e-01
-2.306469021992078979e+03 -6.552902071759245928e+02 -2.232423252107328608e+03 2.280140000000000100e+01 1.949863731861114502e-01 1.790391206741333008e-01 1.414059996604919434e-01 1.439822614192962646e-01
-2.307693988101706054e+03 -6.596400629057776541e+02 -2.229874800581461841e+03 2.280339999999999989e+01 4.834205657243728638e-02 9.847511351108551025e-02 1.414059996604919434e-01 1.439822614192962646e-01
-2.308807323355784320e+03 -6.636294300483544930e+02 -2.227537562004982192e+03 2.280540000000000234e+01 -2.366312546655535698e-03 -4.874223470687866211e-02 1.414059996604919434e-01 1.439822614192962646e-01
-2.312287444638619945e+03 -6.763357133635431637e+02 -2.220093456991135554e+03 2.280740000000000123e+01 6.720405071973800659e-02 2.057304680347442627e-01 1.414059996604919434e-01 1.439822614192962646e-01
-2.313459037598625855e+03 -6.806965338333349109e+02 -2.217538656204167182e+03 2.280940000000000012e+01 4.317552223801612854e-02 -3.216965124011039734e-02 1.414059996604919434e-01 1.439822614192962646e-01
-2.314619571288813404e+03 -6.850595620457198720e+02 -2.214982577411348757e+03 2.281140000000000256e+01 2.912134118378162384e-02 1.783466041088104248e-01 1.414059996604919434e-01 1.439822614192962646e-01
-2.315769040135120576e+03 -6.894247770443786294e+02 -2.212425232889935160e+03 2.281340000000000146e+01 1.679194569587707520e-01 -2.133325859904289246e-02 1.414059996604919434e-01 1.439822614192962646e-01
-2.316907438668649775e+03 -6.937921580601390588e+02 -2.209866634807463470e+03 2.281540000000000035e+01 3.055534511804580688e-02 -8.040192723274230957e-02 1.414059996604919434e-01 1.439822614192962646e-01
-2.318034761413483011e+03 -6.981616840853990880e+02 -2.207306795471082296e+03 2.281740000000000279e+01 3.994138538837432861e-01 9.201458655297756195e-03 1.414059996604919434e-01 1.439822614192962646e-01
-2.319151002990471170e+03 -7.025333342695868168e+02 -2.204745727095871644e+03 2.281940000000000168e+01 4.262942448258399963e-02 3.045370578765869141e-01 1.414059996604919434e-01 1.439822614192962646e-01
-2.320164626572612633e+03 -7.065425018400798081e+02 -2.202397027251340660e+03 2.282140000000000057e+01 3.072544187307357788e-02 -1.089183837175369263e-01 1.414059996604919434e-01 1.439822614192962646e-01
-2.312287444638619945e+03 -6.763357133635431637e+02 -2.220093456991135554e+03 2.282340000000000302e+01 -3.567810654640197754e-01 -4.907879047095775604e-03 1.414059996604919434e-01 1.439822614192962646e-01
-2.313459037598625855e+03 -6.806965338333349109e+02 -2.217538656204167182e+03 2.282540000000000191e+01 2.179924957454204559e-02 3.347183018922805786e-02 1.414059996604919434e-01 1.439822614192962646e-01
-2.314619571288813404e+03 -6.850595620457198720e+02 -2.214982577411348757e+03 2.282740000000000080e+01 -6.448099855333566666e-03 1.866688877344131470e-01 1.414059996604919434e-01 1.439822614192962646e-01
-2.315769040135120576e+03 -6.894247770443786294e+02 -2.212425232889935160e+03 2.282939999999999969e+01 -6.515645235776901245e-02 -6.332714110612869263e-02 1.414059996604919434e-01 1.439822614192962646e-01
-2.316907438668649775e+03 -6.937921580601390588e+02 -2.209866634807463470e+03 2.283140000000000214e+01 1.644401997327804565e-01 1.934540867805480957e-01 1.414059996604919434e-01 1.439822614192962646e-01
-2.318034761413483011e+03 -6.981616840853990880e+02 -2.207306795471082296e+03 2.283340000000000103e+01 -7.128275930881500244e-02 3.186400532722473145e-01 1.414059996604919434e-01 1.439822614192962646e-01
-2.319151002990471170e+03 -7.025333342695868168e+02 -2.204745727095871644e+03 2.283539999999999992e+01 3.399379551410675049e-02 1.747301667928695679e-01 1.414059996604919434e-01 1.439822614192962646e-01
-2.320164626572612633e+03 -7.065425018400798081e+02 -2.202397027251340660e+03 2.283740000000000236e+01 1.844907402992248535e-01 1.469216793775558472e-01 1.414059996604919434e-01 1.439822614192962646e-01
-2.323505051539679243e+03 -7.200407578768669055e+02 -2.194489408505957726e+03 2.283940000000000126e+01 -2.271251231431961060e-01 -1.164190843701362610e-02 1.414059996604919434e-01 1.439822614192962646e-01
-2.324565808177892450e+03 -7.244227147103907782e+02 -2.191922378972613387e+03 2.284140000000000015e+01 3.801406547427177429e-02 2.428585141897201538e-01 1.414059996604919434e-01 1.439822614192962646e-01
-2.325615452407035718e+03 -7.288066700855084719e+02 -2.189354193990437579e+03 2.284340000000000259e+01 1.257551610469818115e-01 -1.396349668502807617e-01 1.414059996604919434e-01 1.439822614192962646e-01
-2.326653979170906950e+03 -7.331926028843354288e+02 -2.186784865930593696e+03 2.284540000000000148e+01 2.643240690231323242e-01 8.895498514175415039e-02 1.414059996604919434e-01 1.439822614192962646e-01
-2.327681383524728517e+03 -7.375804922238736481e+02 -2.184214407026570825e+03 2.284740000000000038e+01 -4.809017758816480637e-03 2.475392818450927734e-01 1.414059996604919434e-01 1.439822614192962646e-01
-2.328697660544293285e+03 -7.419703170743008513e+02 -2.181642829597798936e+03 2.284940000000000282e+01 1.356828957796096802e-01 -1.671998053789138794e-01 1.414059996604919434e-01 1.439822614192962646e-01
-2.329702805351901134e+03 -7.463620563658927267e+02 -2.179070145987006981e+03 2.285140000000000171e+01 -1.855528354644775391e-01 -7.936223596334457397e-02 1.414059996604919434e-01 1.439822614192962646e-01
-2.330614546501177301e+03 -7.503894574017292598e+02 -2.176710905198030559e+03 2.285340000000000060e+01 -1.071103587746620178e-01 -7.247990369796752930e-02 1.414059996604919434e-01 1.439822614192962646e-01
-2.323505051539679243e+03 -7.200407578768669055e+02 -2.194489408505957726e+03 2.285540000000000305e+01 1.581626757979393005e-02 -2.111904323101043701e-01 1.414059996604919434e-01 1.439822614192962646e-01
-2.324565808177892450e+03 -7.244227147103907782e+02 -2.191922378972613387e+03 2.285740000000000194e+01 1.486548334360122681e-01 -5.831001698970794678e-02 1.414059996604919434e-01 1.439822614192962646e-01
-2.325615452407035718e+03 -7.288066700855084719e+02 -2.189354193990437579e+03 2.285940000000000083e+01 -7.540717720985412598e-02 7.919944822788238525e-02 1.414059996604919434e-01 1.439822614192962646e-01
-2.326653979170906950e+03 -7.331926028843354288e+02 -2.186784865930593696e+03 2.286139999999999972e+01 1.359455566853284836e-02 1.474406868219375610e-01 1.414059996604919434e-01 1.439822614192962646e-01
-2.327681383524728517e+03 -7.375804922238736481e+02 -2.184214407026570825e+03 2.286340000000000217e+01 5.243970081210136414e-02 9.315599687397480011e-03 1.414059996604919434e-01 1.439822614192962646e-01
-2.328697660544293285e+03 -7.419703170743008513e+02 -2.181642829597798936e+03 2.286540000000000106e+01 -1.708334833383560181e-01 -1.554772108793258667e-01 1.414059996604919434e-01 1.439822614192962646e-01
-2.329702805351901134e+03 -7.463620563658927267e+02 -2.179070145987006981e+03 2.286739999999999995e+01 7.825650274753570557e-02 -1.228717528283596039e-02 1.414059996604919434e-01 1.439822614192962646e-01
-2.330614546501177301e+03 -7.503894574017292598e+02 -2.176710905198030559e+03 2.286940000000000239e+01 -1.527141928672790527e-01 -1.199542656540870667e-01 1.414059996604919434e-01 1.439822614192962646e-01
-2.333611967173449102e+03 -7.639477379586404595e+02 -2.168768595750134409e+03 2.287140000000000128e+01 1.093628928065299988e-01 -6.173769012093544006e-02 1.414059996604919434e-01 1.439822614192962646e-01
-2.334561379892939385e+03 -7.683487342704725052e+02 -2.166190565863662869e+03 2.287340000000000018e+01 -1.558192819356918335e-01 3.074199892580509186e-03 1.414059996604919434e-01 1.439822614192962646e-01
-2.335499632339232903e+03 -7.727515187831219237e+02 -2.163611503745735263e+03 2.287540000000000262e+01 -8.346001058816909790e-02 -3.286966308951377869e-02 1.414059996604919434e-01 1.439822614192962646e-01
-2.336426720045066304e+03 -7.771560705333431542e+02 -2.161031421676197624e+03 2.287740000000000151e+01 -1.150524020195007324e-01 -1.304540187120437622e-01 1.414059996604919434e-01 1.439822614192962646e-01
-2.337342638547792831e+03 -7.815623683193863371e+02 -2.158450332074527523e+03 2.287940000000000040e+01 3.742798790335655212e-02 -2.148168981075286865e-01 1.414059996604919434e-01 1.439822614192962646e-01
-2.338247383489644108e+03 -7.859703911765421935e+02 -2.155868247221241745e+03 2.288140000000000285e+01 6.644421815872192383e-02 1.801833063364028931e-01 1.414059996604919434e-01 1.439822614192962646e-01
-2.339140950515608438e+03 -7.903801178864263193e+02 -2.153285179545459414e+03 2.288340000000000174e+01 1.409112662076950073e-02 3.338200971484184265e-02 1.414059996604919434e-01 1.439822614192962646e-01
-2.339950372918479388e+03 -7.944238250671621699e+02 -2.150916526831073952e+03 2.288540000000000063e+01 7.331001758575439453e-02 5.046270787715911865e-02 1.414059996604919434e-01 1.439822614192962646e-01
-2.333611967173449102e+03 -7.639477379586404595e+02 -2.168768595750134409e+03 2.288740000000000308e+01 2.424973696470260620e-01 5.665262043476104736e-02 1.414059996604919434e-01 1.439822614192962646e-01
-2.334561379892939385e+03 -7.683487342704725052e+02 -2.166190565863662869e+03 2.288940000000000197e+01 1.825873553752899170e-01 2.663143351674079895e-02 1.414059996604919434e-01 1.439822614192962646e-01
-2.335499632339232903e+03 -7.727515187831219237e+02 -2.163611503745735263e+03 2.289140000000000086e+01 4.517050459980964661e-02 -1.417362503707408905e-02 1.414059996604919434e-01 1.439822614192962646e-01
-2.336426720045066304e+03 -7.771560705333431542e+02 -2.161031421676197624e+03 2.289339999999999975e+01 7.734208367764949799e-03 -1.494612097740173340e-01 1.414059996604919434e-01 1.439822614192962646e-01
-2.337342638547792831e+03 -7.815623683193863371e+02 -2.158450332074527523e+03 2.289540000000000219e+01 1.263856887817382812e-01 -1.642055064439773560e-01 1.414059996604919434e-01 1.439822614192962646e-01
-2.338247383489644108e+03 -7.859703911765421935e+02 -2.155868247221241745e+03 2.289740000000000109e+01 -8.130349218845367432e-02 -1.097854897379875183e-01 1.414059996604919434e-01 1.439822614192962646e-01
-2.339140950515608438e+03 -7.903801178864263193e+02 -2.153285179545459414e+03 2.289939999999999998e+01 6.805627141147851944e-03 2.873050794005393982e-02 1.414059996604919434e-01 1.439822614192962646e-01
-2.339950372918479388e+03 -7.944238250671621699e+02 -2.150916526831073952e+03 2.290140000000000242e+01 2.125863134860992432e-01 1.964948773384094238e-01 1.414059996604919434e-01 1.439822614192962646e-01
-2.342603354889153707e+03 -8.080356418099878510e+02 -2.142943327483514622e+03 2.290340000000000131e+01 2.053266614675521851e-01 2.538953348994255066e-02 1.414059996604919434e-01 1.439822614192962646e-01
-2.343440969329710242e+03 -8.124535714049349053e+02 -2.140355531017593876e+03 2.290540000000000020e+01 1.019298005849123001e-02 -1.025497317314147949e-01 1.414059996604919434e-01 1.439822614192962646e-01
-2.344267381006282903e+03 -8.168730781416602440e+02 -2.137766825951026931e+03 2.290740000000000265e+01 -5.572591349482536316e-02 2.204001396894454956e-01 1.414059996604919434e-01 1.439822614192962646e-01
-2.345082585978151656e+03 -8.212941409465482820e+02 -2.135177224627583200e+03 2.290940000000000154e+01 9.593310207128524780e-02 4.266490042209625244e-02 1.414059996604919434e-01 1.439822614192962646e-01
-2.345886580338119984e+03 -8.257167386307775132e+02 -2.132586739458439297e+03 2.291140000000000043e+01 1.714084446430206299e-01 -1.682202517986297607e-01 1.414059996604919434e-01 1.439822614192962646e-01
-2.346679360224637549e+03 -8.301408499519184261e+02 -2.129995382886098469e+03 2.291340000000000288e+01 -1.764824688434600830e-01 1.235315799713134766e-01 1.414059996604919434e-01 1.439822614192962646e-01
-2.347460921865889759e+03 -8.345664538605883536e+02 -2.127403167239917821e+03 2.291540000000000177e+01 5.987056717276573181e-02 -5.849324166774749756e-02 1.414059996604919434e-01 1.439822614192962646e-01
-2.348167638051676022e+03 -8.386245313593842639e+02 -2.125026236535018143e+03 2.291740000000000066e+01 -1.115528494119644165e-01 -9.376959502696990967e-02 1.414059996604919434e-01 1.439822614192962646e-01
-2.342603354889153707e+03 -8.080356418099878510e+02 -2.142943327483514622e+03 2.291940000000000310e+01 -2.115354537963867188e-01 1.194563135504722595e-01 1.414059996604919434e-01 1.439822614192962646e-01
-2.343440969329710242e+03 -8.124535714049349053e+02 -2.140355531017593876e+03 2.292140000000000200e+01 -1.737422868609428406e-02 1.948747634887695312e-01 1.414059996604919434e-01 1.439822614192962646e-01
-2.344267381006282903e+03 -8.168730781416602440e+02 -2.137766825951026931e+03 2.292340000000000089e+01 -1.123876497149467468e-02 6.018017604947090149e-02 1.414059996604919434e-01 1.439822614192962646e-01
-2.345082585978151656e+03 -8.212941409465482820e+02 -2.135177224627583200e+03 2.292539999999999978e+01 1.202055625617504120e-02 -1.344445794820785522e-01 1.414059996604919434e-01 1.439822614192962646e-01
-2.345886580338119984e+03 -8.257167386307775132e+02 -2.132586739458439297e+03 2.292740000000000222e+01 -6.400898098945617676e-02 1.635085642337799072e-01 1.414059996604919434e-01 1.439822614192962646e-01
-2.346679360224637549e+03 -8.301408499519184261e+02 -2.129995382886098469e+03 2.292940000000000111e+01 1.233494803309440613e-01 -1.885298937559127808e-01 1.414059996604919434e-01 1.439822614192962646e-01
-2.347460921865889759e+03 -8.345664538605883536e+02 -2.127403167239917821e+03 2.293140000000000001e+01 -6.413520127534866333e-02 2.344980239868164062e-01 1.414059996604919434e-01 1.439822614192962646e-01
-2.348167638051676022e+03 -8.386245313593842639e+02 -2.125026236535018143e+03 2.293340000000000245e+01 1.627289131283760071e-02 1.748836487531661987e-01 1.414059996604919434e-01 1.439822614192962646e-01
