# Baseline: 2-8
# u [m], v [m], w [m], frequency [GHz], real, imag
-4.720675078482274500e+01 -4.572001165417006632e+03 -6.176289658633809267e+02 2.267940000000000000e+19 -2.926981635391712189e-02 9.232678450644016266e-03
-3.925808752483143138e+01 -4.572081240375136076e+03 -6.175925900959529145e+02 2.268140000000000000e+19 -7.671646028757095337e-02 -1.191495656967163086e-01
-3.130925194248841947e+01 -4.572146309365286470e+03 -6.175650005206443893e+02 2.268340000000000000e+19 -2.904918976128101349e-02 1.199303492903709412e-01
-2.336028202346418681e+01 -4.572196372076622538e+03 -6.175461972692105519e+02 2.268540000000000000e+19 5.759619921445846558e-02 -2.647018060088157654e-02
-1.739849134126552599e+01 -4.572224540051009171e+03 -6.175375863346164351e+02 2.268740000000000000e+19 1.565134711563587189e-02 4.033750295639038086e-02
-7.462091342544757033e+00 -4.572251477775468629e+03 -6.175349500562889489e+02 2.268940000000000000e+19 -1.130473334342241287e-02 -1.781104952096939087e-01
4.870531686733556853e-01 -4.572256520499136968e+03 -6.175425061484371554e+02 2.269140000000000000e+19 4.233443364500999451e-02 -2.840433269739151001e-02
1.042345718868364202e+01 -4.572242328497986819e+03 -6.175639512474592721e+02 2.269340000000000000e+19 4.100395832210779190e-03 -1.370441615581512451e-01
-4.720675078482274500e+01 -4.572001165417006632e+03 -6.176289658633809267e+02 2.269540000000000000e+19 1.127215474843978882e-01 -1.475181244313716888e-02
-3.925808752483143138e+01 -4.572081240375136076e+03 -6.175925900959529145e+02 2.269740000000000000e+19 1.347354501485824585e-01 -1.207423359155654907e-01
-3.130925194248841947e+01 -4.572146309365286470e+03 -6.175650005206443893e+02 2.269940000000000000e+19 -1.063056811690330505e-01 8.405231684446334839e-02
-2.336028202346418681e+01 -4.572196372076622538e+03 -6.175461972692105519e+02 2.270140000000000000e+19 1.573304086923599243e-02 -1.317045241594314575e-01
-1.739849134126552599e+01 -4.572224540051009171e+03 -6.175375863346164351e+02 2.270340000000000000e+19 5.993354320526123047e-02 -1.583066880702972412e-01
-7.462091342544757033e+00 -4.572251477775468629e+03 -6.175349500562889489e+02 2.270540000000000000e+19 1.861197948455810547e-01 7.146447151899337769e-02
4.870531686733556853e-01 -4.572256520499136968e+03 -6.175425061484371554e+02 2.270740000000000000e+19 1.728631556034088135e-01 3.524596616625785828e-02
1.042345718868364202e+01 -4.572242328497986819e+03 -6.175639512474592721e+02 2.270940000000000000e+19 -2.147121727466583252e-01 -5.515477806329727173e-02
3.228307252543891082e+01 -4.572126624166809961e+03 -6.176605938392456210e+02 2.271140000000000000e+19 7.778862863779067993e-02 -6.208476796746253967e-02
4.023174745559241217e+01 -4.572056634053430571e+03 -6.177120808862999866e+02 2.271340000000000000e+19 -4.097902029752731323e-02 3.039031289517879486e-02
4.818021423528750802e+01 -4.571971638091205023e+03 -6.177723535525439047e+02 2.271540000000000000e+19 7.540768384933471680e-02 1.760650426149368286e-02
5.612843493599055478e+01 -4.571871636685888006e+03 -6.178414115502462209e+02 2.271740000000000000e+19 9.109923243522644043e-02 -2.002634853124618530e-01
6.407637149192692050e+01 -4.571756630316442170e+03 -6.179192545486346262e+02 2.271940000000000000e+19 1.784484386444091797e-01 1.200597733259201050e-01
7.202398586636492439e+01 -4.571626619533215489e+03 -6.180058821751752021e+02 2.272140000000000000e+19 3.901100018993020058e-03 9.721743315458297729e-02
7.997123999643687853e+01 -4.571481604959072683e+03 -6.181012940148481221e+02 2.272340000000000000e+19 -1.383890360593795776e-01 -5.359255149960517883e-02
8.725587960134342325e+01 -4.571335686111702671e+03 -6.181963593425446106e+02 2.272540000000000000e+19 8.994736522436141968e-02 -2.341193333268165588e-02
3.228307252543891082e+01 -4.572126624166809961e+03 -6.176605938392456210e+02 2.272740000000000000e+19 2.736751921474933624e-02 1.156992167234420776e-01
4.023174745559241217e+01 -4.572056634053430571e+03 -6.177120808862999866e+02 2.272940000000000000e+19 -3.059679642319679260e-02 -4.391450062394142151e-02
4.818021423528750802e+01 -4.571971638091205023e+03 -6.177723535525439047e+02 2.273140000000000000e+19 1.550330035388469696e-02 -5.205924436450004578e-02
5.612843493599055478e+01 -4.571871636685888006e+03 -6.178414115502462209e+02 2.273340000000000000e+19 2.941140346229076385e-02 3.946522716432809830e-03
6.407637149192692050e+01 -4.571756630316442170e+03 -6.179192545486346262e+02 2.273540000000000000e+19 -3.653264604508876801e-03 8.807220309972763062e-02
7.202398586636492439e+01 -4.571626619533215489e+03 -6.180058821751752021e+02 2.273740000000000000e+19 -1.616690605878829956e-01 -1.396709531545639038e-01
7.997123999643687853e+01 -4.571481604959072683e+03 -6.181012940148481221e+02 2.273940000000000000e+19 1.246780976653099060e-01 7.856144011020660400e-02
8.725587960134342325e+01 -4.571335686111702671e+03 -6.181963593425446106e+02 2.274140000000000000e+19 1.329025328159332275e-01 -3.316618874669075012e-02
1.117558938762736602e+02 -4.570751523701228507e+03 -6.185707737475075874e+02 2.274340000000000000e+19 -4.618567973375320435e-02 -1.184287965297698975e-01
1.197007764341117877e+02 -4.570531502016965533e+03 -6.187100989636298891e+02 2.274540000000000000e+19 1.468172110617160797e-02 -2.834726125001907349e-02
1.276450706897159790e+02 -4.570296481780014801e+03 -6.188582050243030608e+02 2.274740000000000000e+19 -5.335236713290214539e-02 8.932849764823913574e-02
1.355887384854378581e+02 -4.570046464119220218e+03 -6.190150912181262584e+02 2.274940000000000000e+19 -1.179219335317611694e-01 -2.407157793641090393e-02
1.435317419709716091e+02 -4.569781450225662411e+03 -6.191807567976680957e+02 2.275140000000000000e+19 -7.306716591119766235e-02 4.328077659010887146e-02
1.514740428842157485e+02 -4.569501441376088223e+03 -6.193552009647936529e+02 2.275340000000000000e+19 -6.688011437654495239e-02 1.201329901814460754e-01
1.594156034090628964e+02 -4.569206438904018796e+03 -6.195384228887186282e+02 2.275540000000000000e+19 8.148322999477386475e-02 -1.600319296121597290e-01
1.666946945788207870e+02 -4.568923040555721855e+03 -6.197139748512464621e+02 2.275740000000000000e+19 -7.598564773797988892e-02 3.200443089008331299e-02
1.117558938762736602e+02 -4.570751523701228507e+03 -6.185707737475075874e+02 2.275940000000000000e+19 1.767759025096893311e-02 -3.826621547341346741e-02
1.197007764341117877e+02 -4.570531502016965533e+03 -6.187100989636298891e+02 2.276140000000000000e+19 4.761817678809165955e-02 1.196958273649215698e-01
1.276450706897159790e+02 -4.570296481780014801e+03 -6.188582050243030608e+02 2.276340000000000000e+19 4.022997617721557617e-02 -1.518721878528594971e-01
1.355887384854378581e+02 -4.570046464119220218e+03 -6.190150912181262584e+02 2.276540000000000000e+19 8.166461437940597534e-02 2.593299560248851776e-02
1.435317419709716091e+02 -4.569781450225662411e+03 -6.191807567976680957e+02 2.276740000000000000e+19 -5.314893554896116257e-03 -7.447570562362670898e-02
1.514740428842157485e+02 -4.569501441376088223e+03 -6.193552009647936529e+02 2.276940000000000000e+19 -1.609245985746383667e-01 -5.424583330750465393e-02
1.594156034090628964e+02 -4.569206438904018796e+03 -6.195384228887186282e+02 2.277140000000000000e+19 -4.763846844434738159e-02 -1.192139536142349243e-01
1.666946945788207870e+02 -4.568923040555721855e+03 -6.197139748512464621e+02 2.277340000000000000e+19 1.677928119897842407e-02 -2.173056360334157944e-03
1.911736810039035106e+02 -4.567876522122989627e+03 -6.203590699725360764e+02 2.277540000000000000e+19 -1.327610611915588379e-01 1.813967823982238770e-01
1.991109693217967163e+02 -4.567506574159127013e+03 -6.205861666819141647e+02 2.277740000000000000e+19 -4.096170887351036072e-03 3.554775938391685486e-02
2.070472891352737292e+02 -4.567121642125783183e+03 -6.208220352531371873e+02 2.277940000000000000e+19 -9.276136755943298340e-02 -5.130414292216300964e-02
2.149826026566895791e+02 -4.566721727855753670e+03 -6.210666745631323238e+02 2.278140000000000000e+19 -1.374580804258584976e-02 -1.027626022696495056e-01
2.229168716886265429e+02 -4.566306833274103155e+03 -6.213200834342628696e+02 2.278340000000000000e+19 5.216909945011138916e-02 -6.615224480628967285e-02
2.308500584808398060e+02 -4.565876960354870789e+03 -6.215822606608079468e+02 2.278540000000000000e+19 9.872564673423767090e-02 2.077708393335342407e-02
2.387821248461442849e+02 -4.565432111167309813e+03 -6.218532049807225803e+02 2.278740000000000000e+19 5.058242753148078918e-02 9.136532992124557495e-02
2.460521844247244303e+02 -4.565011368930611752e+03 -6.221091595707488295e+02 2.278940000000000000e+19 -8.954900503158569336e-02 -5.362343415617942810e-02
1.911736810039035106e+02 -4.567876522122989627e+03 -6.203590699725360764e+02 2.279140000000000000e+19 -1.074923481792211533e-02 -2.770147472620010376e-02
1.991109693217967163e+02 -4.567506574159127013e+03 -6.205861666819141647e+02 2.279340000000000000e+19 -9.094417840242385864e-02 -6.704178452491760254e-02
2.070472891352737292e+02 -4.567121642125783183e+03 -6.208220352531371873e+02 2.279540000000000000e+19 1.037769988179206848e-01 2.986199920997023582e-03
2.149826026566895791e+02 -4.566721727855753670e+03 -6.210666745631323238e+02 2.279740000000000000e+19 6.959196180105209351e-02 3.163232654333114624e-02
2.229168716886265429e+02 -4.566306833274103155e+03 -6.213200834342628696e+02 2.279940000000000000e+19 -2.059414610266685486e-02 -5.560452118515968323e-02
2.308500584808398060e+02 -4.565876960354870789e+03 -6.215822606608079468e+02 2.280140000000000000e+19 7.075368613004684448e-02 -6.173277646303176880e-02
2.387821248461442849e+02 -4.565432111167309813e+03 -6.218532049807225803e+02 2.280340000000000000e+19 -4.476397763937711716e-03 -1.453035231679677963e-02
2.460521844247244303e+02 -4.565011368930611752e+03 -6.221091595707488295e+02 2.280540000000000000e+19 -3.971857577562332153e-02 6.296779215335845947e-02
2.691773172191885806e+02 -4.563588156660136519e+03 -6.229730183998442499e+02 2.280740000000000000e+19 -4.198496788740158081e-02 -7.132069766521453857e-02
2.771034337654826913e+02 -4.563070953444682345e+03 -6.232863179896498877e+02 2.280940000000000000e+19 8.808904886245727539e-02 -3.397266939282417297e-02
2.850282086665363295e+02 -4.562538787381861766e+03 -6.236083765223183946e+02 2.281140000000000000e+19 -2.925869636237621307e-02 5.487999878823757172e-03
2.929516038584787907e+02 -4.561991661027944247e+03 -6.239391924508191778e+02 2.281340000000000000e+19 -6.050563603639602661e-02 4.123121500015258789e-02
3.008735816428168732e+02 -4.561429576986256507e+03 -6.242787642010546278e+02 2.281540000000000000e+19 -1.793221980333328247e-01 -1.425327453762292862e-02
3.087941039139050190e+02 -4.560852537960351583e+03 -6.246270901397020907e+02 2.281740000000000000e+19 6.511739641427993774e-02 -2.932582050561904907e-02
3.167131328765834724e+02 -4.560260546704031185e+03 -6.249841686044369453e+02 2.281940000000000000e+19 1.554761976003646851e-01 3.891361057758331299e-01
3.239709184164963744e+02 -4.559704945652109018e+03 -6.253190665284736269e+02 2.282140000000000000e+19 7.994519919157028198e-02 -2.049825936555862427e-01
2.691773172191885806e+02 -4.563588156660136519e+03 -6.229730183998442499e+02 2.282340000000000000e+19 -1.113881394267082214e-01 -4.047955572605133057e-02
2.771034337654826913e+02 -4.563070953444682345e+03 -6.232863179896498877e+02 2.282540000000000000e+19 2.430430054664611816e-02 3.334372490644454956e-02
2.850282086665363295e+02 -4.562538787381861766e+03 -6.236083765223183946e+02 2.282740000000000000e+19 -6.327815353870391846e-02 -2.296690344810485840e-01
2.929516038584787907e+02 -4.561991661027944247e+03 -6.239391924508191778e+02 2.282940000000000000e+19 5.052288621664047241e-02 1.454394608736038208e-01
3.008735816428168732e+02 -4.561429576986256507e+03 -6.242787642010546278e+02 2.283140000000000000e+19 2.628656104207038879e-02 -4.567832127213478088e-02
3.087941039139050190e+02 -4.560852537960351583e+03 -6.246270901397020907e+02 2.283340000000000000e+19 7.349059730768203735e-02 -7.322914153337478638e-02
3.167131328765834724e+02 -4.560260546704031185e+03 -6.249841686044369453e+02 2.283540000000000000e+19 -1.263380348682403564e-01 2.298670820891857147e-03
3.239709184164963744e+02 -4.559704945652109018e+03 -6.253190665284736269e+02 2.283740000000000000e+19 1.007365509867668152e-01 -3.888679295778274536e-02
3.483735575382365823e+02 -4.557743117127497499e+03 -6.264999729074361312e+02 2.283940000000000000e+19 -9.769348055124282837e-02 4.791862890124320984e-02
3.562845514118346273e+02 -4.557076408663593611e+03 -6.269007875212893168e+02 2.284140000000000000e+19 4.882141947746276855e-02 1.697193682193756104e-01
3.641938248104635250e+02 -4.556394766031288782e+03 -6.273103437855269249e+02 2.284340000000000000e+19 3.941383212804794312e-02 6.205887533724308014e-03
3.721013396345040860e+02 -4.555698192514129005e+03 -6.277286397272567910e+02 2.284540000000000000e+19 4.168296232819557190e-02 1.385163217782974243e-01
3.800070582334695359e+02 -4.554986691428760423e+03 -6.281556733547947715e+02 2.284740000000000000e+19 1.740728504955768585e-02 -7.283568382263183594e-02
3.879109427175789051e+02 -4.554260266184966895e+03 -6.285914426216130551e+02 2.284940000000000000e+19 7.167718559503555298e-02 3.843612503260374069e-03
3.958129551508289978e+02 -4.553518920269458249e+03 -6.290359454360772133e+02 2.285140000000000000e+19 4.926934465765953064e-02 1.188989952206611633e-01
4.030548145449543540e+02 -4.552826438680966021e+03 -6.294509655780481125e+02 2.285340000000000000e+19 -2.224258184432983398e-01 -4.128291737288236618e-03
3.483735575382365823e+02 -4.557743117127497499e+03 -6.264999729074361312e+02 2.285540000000000000e+19 -9.814000874757766724e-02 9.804487228393554688e-02
3.562845514118346273e+02 -4.557076408663593611e+03 -6.269007875212893168e+02 2.285740000000000000e+19 1.143991202116012573e-01 -9.843312203884124756e-02
3.641938248104635250e+02 -4.556394766031288782e+03 -6.273103437855269249e+02 2.285940000000000000e+19 7.146088033914566040e-02 -1.676205396652221680e-01
3.721013396345040860e+02 -4.555698192514129005e+03 -6.277286397272567910e+02 2.286140000000000000e+19 1.427713315933942795e-02 7.703732699155807495e-02
3.800070582334695359e+02 -4.554986691428760423e+03 -6.281556733547947715e+02 2.286340000000000000e+19 -1.284586638212203979e-02 -3.877873998135328293e-03
3.879109427175789051e+02 -4.554260266184966895e+03 -6.285914426216130551e+02 2.286540000000000000e+19 3.994007781147956848e-02 1.546244323253631592e-01
3.958129551508289978e+02 -4.553518920269458249e+03 -6.290359454360772133e+02 2.286740000000000000e+19 -2.767079323530197144e-02 2.686184644699096680e-02
4.030548145449543540e+02 -4.552826438680966021e+03 -6.294509655780481125e+02 2.286940000000000000e+19 -1.736593991518020630e-01 -8.628186583518981934e-02
4.274015290831635525e+02 -4.550404401836902252e+03 -6.309012490469378918e+02 2.287140000000000000e+19 8.083599060773849487e-02 -1.457387465052306652e-03
4.352936146615065240e+02 -4.549588507166177806e+03 -6.313893868801594635e+02 2.287340000000000000e+19 -4.580473992973566055e-03 2.434484101831912994e-02
4.431836014281994949e+02 -4.548757714182779637e+03 -6.318862448699662764e+02 2.287540000000000000e+19 7.351013273000717163e-02 9.598059207201004028e-02
4.510714518162263289e+02 -4.547912026842514933e+03 -6.323918206505605895e+02 2.287740000000000000e+19 -4.431280121207237244e-02 -6.619270425289869308e-03
4.589571278566334627e+02 -4.547051449216151013e+03 -6.329061117883029510e+02 2.287940000000000000e+19 9.056205302476882935e-02 8.205333724617958069e-03
4.668405920302199661e+02 -4.546175985398253033e+03 -6.334291158362335636e+02 2.288140000000000000e+19 2.778953313827514648e-02 3.549838438630104065e-02
4.747218063893303110e+02 -4.545285639603048367e+03 -6.339608302767288706e+02 2.288340000000000000e+19 6.703867763280868530e-02 -1.299124956130981445e-01
4.819442740340271598e+02 -4.544456608867465548e+03 -6.344557740255473846e+02 2.288540000000000000e+19 1.351012475788593292e-02 -3.390599042177200317e-02
4.274015290831635525e+02 -4.550404401836902252e+03 -6.309012490469378918e+02 2.288740000000000000e+19 6.417269259691238403e-02 -8.151347748935222626e-03
4.352936146615065240e+02 -4.549588507166177806e+03 -6.313893868801594635e+02 2.288940000000000000e+19 8.486516773700714111e-03 -3.795994818210601807e-02
4.431836014281994949e+02 -4.548757714182779637e+03 -6.318862448699662764e+02 2.289140000000000000e+19 2.451369315385818481e-01 2.123248390853404999e-02
4.510714518162263289e+02 -4.547912026842514933e+03 -6.323918206505605895e+02 2.289340000000000000e+19 9.030261076986789703e-03 -3.719752188771963120e-03
4.589571278566334627e+02 -4.547051449216151013e+03 -6.329061117883029510e+02 2.289540000000000000e+19 -4.160030558705329895e-02 1.480902731418609619e-01
4.668405920302199661e+02 -4.546175985398253033e+03 -6.334291158362335636e+02 2.289740000000000000e+19 -4.534939769655466080e-03 1.003425344824790955e-01
4.747218063893303110e+02 -4.545285639603048367e+03 -6.339608302767288706e+02 2.289940000000000000e+19 -5.369912832975387573e-02 -1.359689086675643921e-01
4.819442740340271598e+02 -4.544456608867465548e+03 -6.344557740255473846e+02 2.290140000000000000e+19 -7.517670094966888428e-02 9.850874776020646095e-04
5.062234128439574761e+02 -4.541575522785084104e+03 -6.361747405362190193e+02 2.290340000000000000e+19 -1.745210029184818268e-02 -9.561927616596221924e-02
5.140928131953588718e+02 -4.540610832373844460e+03 -6.367499679766433474e+02 2.290540000000000000e+19 -6.819876283407211304e-02 -6.786499870941042900e-04
5.219597376507052786e+02 -4.539631286613453085e+03 -6.373338899199098933e+02 2.290740000000000000e+19 -2.213998325169086456e-02 -7.342465966939926147e-02
5.298241486979467254e+02 -4.538636890174522705e+03 -6.379265035817774105e+02 2.290940000000000000e+19 -5.651723220944404602e-02 -1.598927676677703857e-01
5.376860086452692258e+02 -4.537627647822672770e+03 -6.385278061221368944e+02 2.291140000000000000e+19 5.301459506154060364e-02 -9.851490706205368042e-02
5.455452797310141477e+02 -4.536603564405640100e+03 -6.391377946527088625e+02 2.291340000000000000e+19 -6.443095952272415161e-02 -1.738115400075912476e-02
5.534019245618020477e+02 -4.535564644796046196e+03 -6.397564662711329220e+02 2.291540000000000000e+19 -1.206125169992446899e-01 -6.175126135349273682e-02
5.606015428862870067e+02 -4.534599461816496841e+03 -6.403310966682488470e+02 2.291740000000000000e+19 4.228470847010612488e-02 -8.910551667213439941e-02
5.062234128439574761e+02 -4.541575522785084104e+03 -6.361747405362190193e+02 2.291940000000000000e+19 -1.249352120794355869e-03 1.409407891333103180e-02
5.140928131953588718e+02 -4.540610832373844460e+03 -6.367499679766433474e+02 2.292140000000000000e+19 -2.849485538899898529e-02 -3.133390471339225769e-02
5.219597376507052786e+02 -4.539631286613453085e+03 -6.373338899199098933e+02 2.292340000000000000e+19 5.733245983719825745e-02 3.930620104074478149e-02
5.298241486979467254e+02 -4.538636890174522705e+03 -6.379265035817774105e+02 2.292540000000000000e+19 -3.167210146784782410e-02 -1.200952287763357162e-02
5.376860086452692258e+02 -4.537627647822672770e+03 -6.385278061221368944e+02 2.292740000000000000e+19 -2.024940550327301025e-01 8.354824781417846680e-02
5.455452797310141477e+02 -4.536603564405640100e+03 -6.391377946527088625e+02 2.292940000000000000e+19 -8.672244846820831299e-02 1.524260826408863068e-02
5.534019245618020477e+02 -4.535564644796046196e+03 -6.397564662711329220e+02 2.293140000000000000e+19 -1.395523697137832642e-01 -4.663724824786186218e-02
5.606015428862870067e+02 -4.534599461816496841e+03 -6.403310966682488470e+02 2.293340000000000000e+19 -5.518099665641784668e-02 -1.580801233649253845e-02
