# Baseline: 5-9
# Entries: 128
# u [m], v [m], w [m], frequency [GHz], real, imag, std(real), std(imag)
1.156226014182528161e+03 -5.126552045406842808e+02 1.091405157719577346e+03 2.267940000000000111e+01 -2.398005872964859009e-01 -8.977906405925750732e-02 6.617898494005203247e-02 6.642640382051467896e-02
1.158397428724083284e+03 -5.104730956652211944e+02 1.090124666558552462e+03 2.268140000000000001e+01 1.290995925664901733e-01 1.498065292835235596e-01 6.617898494005203247e-02 6.642640382051467896e-02
1.160563303202201269e+03 -5.082868895244426994e+02 1.088841783782186667e+03 2.268340000000000245e+01 -2.466093599796295166e-01 -1.642746664583683014e-02 6.617898494005203247e-02 6.642640382051467896e-02
1.162723627266711901e+03 -5.060965965657646279e+02 1.087556515521108395e+03 2.268540000000000134e+01 2.804702222347259521e-01 2.105242200195789337e-02 6.617898494005203247e-02 6.642640382051467896e-02
1.164340395674484398e+03 -5.044513282929766547e+02 1.086591076746478848e+03 2.268740000000000023e+01 -6.041079014539718628e-02 -2.376886904239654541e-01 6.617898494005203247e-02 6.642640382051467896e-02
1.167027582826250864e+03 -5.017037921426672824e+02 1.084978847159914039e+03 2.268940000000000268e+01 2.113949656486511230e-01 2.613014578819274902e-01 6.617898494005203247e-02 6.642640382051467896e-02
1.169171193678886311e+03 -4.995013017470859609e+02 1.083686459422858434e+03 2.269140000000000157e+01 -2.471854239702224731e-01 -1.083282008767127991e-01 6.617898494005203247e-02 6.642640382051467896e-02
1.171843069946977948e+03 -4.967426652704206731e+02 1.082067750862134062e+03 2.269340000000000046e+01 2.224071025848388672e-01 8.173027634620666504e-02 6.617898494005203247e-02 6.642640382051467896e-02
1.156226014182528161e+03 -5.126552045406842808e+02 1.091405157719577346e+03 2.269540000000000290e+01 -5.301574245095252991e-02 -1.101418510079383850e-01 6.617898494005203247e-02 6.642640382051467896e-02
1.158397428724083284e+03 -5.104730956652211944e+02 1.090124666558552462e+03 2.269740000000000180e+01 2.027990370988845825e-01 -4.022233188152313232e-03 6.617898494005203247e-02 6.642640382051467896e-02
1.160563303202201269e+03 -5.082868895244426994e+02 1.088841783782186667e+03 2.269940000000000069e+01 -1.409093886613845825e-01 4.089116677641868591e-02 6.617898494005203247e-02 6.642640382051467896e-02
1.162723627266711901e+03 -5.060965965657646279e+02 1.087556515521108395e+03 2.270140000000000313e+01 1.065415963530540466e-01 -3.643301129341125488e-02 6.617898494005203247e-02 6.642640382051467896e-02
1.164340395674484398e+03 -5.044513282929766547e+02 1.086591076746478848e+03 2.270340000000000202e+01 -6.773108243942260742e-02 -9.549345821142196655e-03 6.617898494005203247e-02 6.642640382051467896e-02
1.167027582826250864e+03 -5.017037921426672824e+02 1.084978847159914039e+03 2.270540000000000092e+01 1.416106428951025009e-02 4.296356067061424255e-02 6.617898494005203247e-02 6.642640382051467896e-02
1.169171193678886311e+03 -4.995013017470859609e+02 1.083686459422858434e+03 2.270739999999999981e+01 3.323639556765556335e-02 -3.245083207730203867e-04 6.617898494005203247e-02 6.642640382051467896e-02
1.171843069946977948e+03 -4.967426652704206731e+02 1.082067750862134062e+03 2.270940000000000225e+01 -7.717327214777469635e-03 -7.543881982564926147e-02 6.617898494005203247e-02 6.642640382051467896e-02
1.177689618831462667e+03 -4.906509981211018498e+02 1.078493362358575496e+03 2.271140000000000114e+01 -1.375530511140823364e-01 8.474488556385040283e-02 6.617898494005203247e-02 6.642640382051467896e-02
1.179805169588747731e+03 -4.884283896552815349e+02 1.077189232633939127e+03 2.271340000000000003e+01 -2.979242429137229919e-02 -1.213209331035614014e-02 6.617898494005203247e-02 6.642640382051467896e-02
1.181915077816416897e+03 -4.862017894400761975e+02 1.075882773208829576e+03 2.271540000000000248e+01 9.408020228147506714e-02 -2.239855378866195679e-02 6.617898494005203247e-02 6.642640382051467896e-02
1.184019333446468636e+03 -4.839712081004389006e+02 1.074573990317451035e+03 2.271740000000000137e+01 -5.411203205585479736e-02 1.714016124606132507e-02 6.617898494005203247e-02 6.642640382051467896e-02
1.186117926401176419e+03 -4.817366563191268369e+02 1.073262890227861590e+03 2.271940000000000026e+01 -6.367480754852294922e-02 -7.611223310232162476e-02 6.617898494005203247e-02 6.642640382051467896e-02
1.188210846637216491e+03 -4.794981447901102456e+02 1.071949479214641315e+03 2.272140000000000271e+01 1.241523772478103638e-02 -4.060415923595428467e-02 6.617898494005203247e-02 6.642640382051467896e-02
1.190298084131218047e+03 -4.772556842341725769e+02 1.070633763568042696e+03 2.272340000000000160e+01 1.394726242870092392e-02 -1.644262820482254028e-01 6.617898494005203247e-02 6.642640382051467896e-02
1.192206457120239975e+03 -4.751966854368055806e+02 1.069425700886592949e+03 2.272540000000000049e+01 5.862544849514961243e-02 -1.211956236511468887e-02 6.617898494005203247e-02 6.642640382051467896e-02
1.177689618831462667e+03 -4.906509981211018498e+02 1.078493362358575496e+03 2.272740000000000293e+01 -1.515719443559646606e-01 -5.673511885106563568e-03 6.617898494005203247e-02 6.642640382051467896e-02
1.179805169588747731e+03 -4.884283896552815349e+02 1.077189232633939127e+03 2.272940000000000182e+01 1.156325638294219971e-01 6.000698357820510864e-02 6.617898494005203247e-02 6.642640382051467896e-02
1.181915077816416897e+03 -4.862017894400761975e+02 1.075882773208829576e+03 2.273140000000000072e+01 1.475089974701404572e-02 9.900529682636260986e-02 6.617898494005203247e-02 6.642640382051467896e-02
1.184019333446468636e+03 -4.839712081004389006e+02 1.074573990317451035e+03 2.273340000000000316e+01 4.199924319982528687e-02 -1.763463392853736877e-02 6.617898494005203247e-02 6.642640382051467896e-02
1.186117926401176419e+03 -4.817366563191268369e+02 1.073262890227861590e+03 2.273540000000000205e+01 1.332662533968687057e-03 2.632601745426654816e-02 6.617898494005203247e-02 6.642640382051467896e-02
1.188210846637216491e+03 -4.794981447901102456e+02 1.071949479214641315e+03 2.273740000000000094e+01 3.909010440111160278e-02 2.109576389193534851e-02 6.617898494005203247e-02 6.642640382051467896e-02
1.190298084131218047e+03 -4.772556842341725769e+02 1.070633763568042696e+03 2.273939999999999984e+01 -1.073288638144731522e-02 -4.699274525046348572e-02 6.617898494005203247e-02 6.642640382051467896e-02
1.192206457120239975e+03 -4.751966854368055806e+02 1.069425700886592949e+03 2.274140000000000228e+01 -1.551059354096651077e-02 2.523896843194961548e-02 6.617898494005203247e-02 6.642640382051467896e-02
1.198590007432414268e+03 -4.682465665349957931e+02 1.065347980672684571e+03 2.274340000000000117e+01 1.003128569573163986e-02 -3.394507989287376404e-02 6.617898494005203247e-02 6.642640382051467896e-02
1.200648681956616656e+03 -4.659845221669826287e+02 1.064020836510590470e+03 2.274540000000000006e+01 -4.604980349540710449e-03 -1.177240759134292603e-01 6.617898494005203247e-02 6.642640382051467896e-02
1.202701614243416316e+03 -4.637185934132931493e+02 1.062691425641113256e+03 2.274740000000000251e+01 1.382027752697467804e-02 3.200230374932289124e-02 6.617898494005203247e-02 6.642640382051467896e-02
1.204748794432276327e+03 -4.614487911575323551e+02 1.061359754449621732e+03 2.274940000000000140e+01 -3.505786508321762085e-02 5.281720310449600220e-02 6.617898494005203247e-02 6.642640382051467896e-02
1.206790212768634774e+03 -4.591751262148918045e+02 1.060025829281287088e+03 2.275140000000000029e+01 2.075900090858340263e-03 2.184202335774898529e-02 6.617898494005203247e-02 6.642640382051467896e-02
1.208825859418874188e+03 -4.568976095378487798e+02 1.058689656561767379e+03 2.275340000000000273e+01 -8.751312270760536194e-03 -6.207581143826246262e-03 6.617898494005203247e-02 6.642640382051467896e-02
1.210855724690673469e+03 -4.546162519705516161e+02 1.057351242653106510e+03 2.275540000000000163e+01 -4.227784276008605957e-02 1.812974922358989716e-02 6.617898494005203247e-02 6.642640382051467896e-02
1.212711421255261939e+03 -4.525216914132011539e+02 1.056122428283608087e+03 2.275740000000000052e+01 -2.806388400495052338e-02 3.593732416629791260e-02 6.617898494005203247e-02 6.642640382051467896e-02
1.198590007432414268e+03 -4.682465665349957931e+02 1.065347980672684571e+03 2.275940000000000296e+01 2.847214601933956146e-02 5.165762454271316528e-02 6.617898494005203247e-02 6.642640382051467896e-02
1.200648681956616656e+03 -4.659845221669826287e+02 1.064020836510590470e+03 2.276140000000000185e+01 3.413270041346549988e-02 3.904400020837783813e-02 6.617898494005203247e-02 6.642640382051467896e-02
1.202701614243416316e+03 -4.637185934132931493e+02 1.062691425641113256e+03 2.276340000000000074e+01 9.776480495929718018e-02 4.953739419579505920e-02 6.617898494005203247e-02 6.642640382051467896e-02
1.204748794432276327e+03 -4.614487911575323551e+02 1.061359754449621732e+03 2.276540000000000319e+01 -1.235967427492141724e-01 -4.450277611613273621e-02 6.617898494005203247e-02 6.642640382051467896e-02
1.206790212768634774e+03 -4.591751262148918045e+02 1.060025829281287088e+03 2.276740000000000208e+01 2.849825541488826275e-04 -5.012864712625741959e-03 6.617898494005203247e-02 6.642640382051467896e-02
1.208825859418874188e+03 -4.568976095378487798e+02 1.058689656561767379e+03 2.276940000000000097e+01 -5.703948810696601868e-02 6.153598055243492126e-02 6.617898494005203247e-02 6.642640382051467896e-02
1.210855724690673469e+03 -4.546162519705516161e+02 1.057351242653106510e+03 2.277139999999999986e+01 8.180477470159530640e-02 3.508978709578514099e-02 6.617898494005203247e-02 6.642640382051467896e-02
1.212711421255261939e+03 -4.525216914132011539e+02 1.056122428283608087e+03 2.277340000000000231e+01 2.944448404014110565e-02 -3.159018233418464661e-02 6.617898494005203247e-02 6.642640382051467896e-02
1.218917177979927828e+03 -4.454526315918232626e+02 1.051975303486476150e+03 2.277540000000000120e+01 -2.391748502850532532e-02 8.063600212335586548e-02 6.617898494005203247e-02 6.642640382051467896e-02
1.220917991134763042e+03 -4.431522337801528693e+02 1.050625779966961773e+03 2.277740000000000009e+01 9.847092628479003906e-02 -5.833152215927839279e-03 6.617898494005203247e-02 6.642640382051467896e-02
1.222912965006456261e+03 -4.408480608999774404e+02 1.049274053873380126e+03 2.277940000000000254e+01 -8.591547608375549316e-02 1.219521015882492065e-01 6.617898494005203247e-02 6.642640382051467896e-02
1.224902090096230268e+03 -4.385401239222877052e+02 1.047920131641785474e+03 2.278140000000000143e+01 -3.828367590904235840e-02 -6.817933917045593262e-02 6.617898494005203247e-02 6.642640382051467896e-02
1.226885356829250895e+03 -4.362284339565826485e+02 1.046564019789429040e+03 2.278340000000000032e+01 8.729995042085647583e-02 -2.582381106913089752e-02 6.617898494005203247e-02 6.642640382051467896e-02
1.228862755769400110e+03 -4.339130020015998639e+02 1.045205724768527034e+03 2.278540000000000276e+01 4.649068042635917664e-02 8.595875464379787445e-03 6.617898494005203247e-02 6.642640382051467896e-02
1.230834277398283120e+03 -4.315938392029108286e+02 1.043845253117376387e+03 2.278740000000000165e+01 5.167130008339881897e-02 -2.569771744310855865e-02 6.617898494005203247e-02 6.642640382051467896e-02
1.232636409560536094e+03 -4.294647191657042526e+02 1.042596275067079887e+03 2.278940000000000055e+01 -9.797260165214538574e-02 5.801250785589218140e-02 6.617898494005203247e-02 6.642640382051467896e-02
1.218917177979927828e+03 -4.454526315918232626e+02 1.051975303486476150e+03 2.279140000000000299e+01 -3.298412263393402100e-02 4.526388272643089294e-02 6.617898494005203247e-02 6.642640382051467896e-02
1.220917991134763042e+03 -4.431522337801528693e+02 1.050625779966961773e+03 2.279340000000000188e+01 1.318968273699283600e-02 1.021556789055466652e-03 6.617898494005203247e-02 6.642640382051467896e-02
1.222912965006456261e+03 -4.408480608999774404e+02 1.049274053873380126e+03 2.279540000000000077e+01 1.664163358509540558e-02 -5.654887482523918152e-02 6.617898494005203247e-02 6.642640382051467896e-02
1.224902090096230268e+03 -4.385401239222877052e+02 1.047920131641785474e+03 2.279739999999999966e+01 8.123090118169784546e-02 8.798169344663619995e-02 6.617898494005203247e-02 6.642640382051467896e-02
1.226885356829250895e+03 -4.362284339565826485e+02 1.046564019789429040e+03 2.279940000000000211e+01 -1.839493215084075928e-02 1.672394275665283203e-01 6.617898494005203247e-02 6.642640382051467896e-02
1.228862755769400110e+03 -4.339130020015998639e+02 1.045205724768527034e+03 2.280140000000000100e+01 5.749877169728279114e-02 1.141594201326370239e-01 6.617898494005203247e-02 6.642640382051467896e-02
1.230834277398283120e+03 -4.315938392029108286e+02 1.043845253117376387e+03 2.280339999999999989e+01 -6.752486526966094971e-02 2.910533174872398376e-02 6.617898494005203247e-02 6.642640382051467896e-02
1.232636409560536094e+03 -4.294647191657042526e+02 1.042596275067079887e+03 2.280540000000000234e+01 -4.010546952486038208e-03 6.054224073886871338e-02 6.617898494005203247e-02 6.642640382051467896e-02
1.238337160919716325e+03 -4.226693528212009596e+02 1.038610064934433240e+03 2.280740000000000123e+01 -1.846259981393814087e-01 1.962753385305404663e-01 6.617898494005203247e-02 6.642640382051467896e-02
1.240280143196088147e+03 -4.203323142148273064e+02 1.037239164769831632e+03 2.280940000000000012e+01 2.727597951889038086e-01 -2.576343119144439697e-01 6.617898494005203247e-02 6.642640382051467896e-02
1.242217193554905862e+03 -4.179916097179532812e+02 1.035866126077162789e+03 2.281140000000000256e+01 -2.823334932327270508e-01 2.667674422264099121e-01 6.617898494005203247e-02 6.642640382051467896e-02
1.244148302692307880e+03 -4.156472505733887601e+02 1.034490955451371974e+03 2.281340000000000146e+01 2.421628534793853760e-01 -2.913275361061096191e-01 6.617898494005203247e-02 6.642640382051467896e-02
1.246073461420391823e+03 -4.132992479353418389e+02 1.033113659435375212e+03 2.281540000000000035e+01 -1.416393816471099854e-01 2.691634893417358398e-01 6.617898494005203247e-02 6.642640382051467896e-02
1.247992660478871812e+03 -4.109476130979509207e+02 1.031734244654113809e+03 2.281740000000000279e+01 2.396154999732971191e-01 -2.580588459968566895e-01 6.617898494005203247e-02 6.642640382051467896e-02
1.249905890709822188e+03 -4.085923572828307897e+02 1.030352717689930387e+03 2.281940000000000168e+01 -3.223753869533538818e-01 3.512544035911560059e-01 6.617898494005203247e-02 6.642640382051467896e-02
1.251654510014003563e+03 -4.064302473331516126e+02 1.029084494869337959e+03 2.282140000000000057e+01 9.640496969223022461e-02 -2.277534306049346924e-01 6.617898494005203247e-02 6.642640382051467896e-02
1.238337160919716325e+03 -4.226693528212009596e+02 1.038610064934433240e+03 2.282340000000000302e+01 -1.026134379208087921e-02 1.604145169258117676e-01 6.617898494005203247e-02 6.642640382051467896e-02
1.240280143196088147e+03 -4.203323142148273064e+02 1.037239164769831632e+03 2.282540000000000191e+01 1.433407068252563477e-01 -2.429960668087005615e-01 6.617898494005203247e-02 6.642640382051467896e-02
1.242217193554905862e+03 -4.179916097179532812e+02 1.035866126077162789e+03 2.282740000000000080e+01 3.424066584557294846e-03 4.818971827626228333e-02 6.617898494005203247e-02 6.642640382051467896e-02
1.244148302692307880e+03 -4.156472505733887601e+02 1.034490955451371974e+03 2.282939999999999969e+01 8.677232265472412109e-02 -4.619104322046041489e-03 6.617898494005203247e-02 6.642640382051467896e-02
1.246073461420391823e+03 -4.132992479353418389e+02 1.033113659435375212e+03 2.283140000000000214e+01 -1.161751672625541687e-01 9.227724373340606689e-02 6.617898494005203247e-02 6.642640382051467896e-02
1.247992660478871812e+03 -4.109476130979509207e+02 1.031734244654113809e+03 2.283340000000000103e+01 5.748102441430091858e-02 -2.140087932348251343e-01 6.617898494005203247e-02 6.642640382051467896e-02
1.249905890709822188e+03 -4.085923572828307897e+02 1.030352717689930387e+03 2.283539999999999992e+01 -1.289795637130737305e-01 7.350588589906692505e-02 6.617898494005203247e-02 6.642640382051467896e-02
1.251654510014003563e+03 -4.064302473331516126e+02 1.029084494869337959e+03 2.283740000000000236e+01 7.824775576591491699e-02 -5.700059980154037476e-02 6.617898494005203247e-02 6.642640382051467896e-02
1.257498940603130677e+03 -3.991353500101964755e+02 1.024805620430679483e+03 2.283940000000000126e+01 -2.288358658552169800e-02 -3.029218688607215881e-02 6.617898494005203247e-02 6.642640382051467896e-02
1.259382189873047309e+03 -3.967621587914573524e+02 1.023413631965958530e+03 2.284140000000000015e+01 6.707499176263809204e-02 -1.415485888719558716e-01 6.617898494005203247e-02 6.642640382051467896e-02
1.261259415834313813e+03 -3.943854144497344691e+02 1.022019571119176021e+03 2.284340000000000259e+01 -7.612790912389755249e-02 9.415650367736816406e-02 6.617898494005203247e-02 6.642640382051467896e-02
1.263130609444187712e+03 -3.920051284340086681e+02 1.020623444605645091e+03 2.284540000000000148e+01 5.297590047121047974e-02 9.707592427730560303e-02 6.617898494005203247e-02 6.642640382051467896e-02
1.264995761793261408e+03 -3.896213120776770893e+02 1.019225259072827157e+03 2.284740000000000038e+01 -1.398929357528686523e-01 -3.452363982796669006e-02 6.617898494005203247e-02 6.642640382051467896e-02
1.266854863942325665e+03 -3.872339768056093590e+02 1.017825021221782663e+03 2.284940000000000282e+01 2.597788721323013306e-02 7.013820856809616089e-02 6.617898494005203247e-02 6.642640382051467896e-02
1.268707906968358429e+03 -3.848431340762528521e+02 1.016422737773208155e+03 2.285140000000000171e+01 2.663189545273780823e-02 2.072785794734954834e-02 6.617898494005203247e-02 6.642640382051467896e-02
1.270401276773814288e+03 -3.826485011597395101e+02 1.015135545874409786e+03 2.285340000000000060e+01 8.341402560472488403e-02 5.801089107990264893e-02 6.617898494005203247e-02 6.642640382051467896e-02
1.257498940603130677e+03 -3.991353500101964755e+02 1.024805620430679483e+03 2.285540000000000305e+01 -1.146489232778549194e-01 6.487298011779785156e-02 6.617898494005203247e-02 6.642640382051467896e-02
1.259382189873047309e+03 -3.967621587914573524e+02 1.023413631965958530e+03 2.285740000000000194e+01 1.069174632430076599e-01 3.418343514204025269e-02 6.617898494005203247e-02 6.642640382051467896e-02
1.261259415834313813e+03 -3.943854144497344691e+02 1.022019571119176021e+03 2.285940000000000083e+01 4.328398779034614563e-02 -5.101458355784416199e-02 6.617898494005203247e-02 6.642640382051467896e-02
1.263130609444187712e+03 -3.920051284340086681e+02 1.020623444605645091e+03 2.286139999999999972e+01 4.266119748353958130e-02 -2.114842459559440613e-02 6.617898494005203247e-02 6.642640382051467896e-02
1.264995761793261408e+03 -3.896213120776770893e+02 1.019225259072827157e+03 2.286340000000000217e+01 -1.470919847488403320e-01 1.189256682991981506e-01 6.617898494005203247e-02 6.642640382051467896e-02
1.266854863942325665e+03 -3.872339768056093590e+02 1.017825021221782663e+03 2.286540000000000106e+01 -4.718285799026489258e-02 -1.080416142940521240e-01 6.617898494005203247e-02 6.642640382051467896e-02
1.268707906968358429e+03 -3.848431340762528521e+02 1.016422737773208155e+03 2.286739999999999995e+01 4.856950417160987854e-02 7.325063459575176239e-03 6.617898494005203247e-02 6.642640382051467896e-02
1.270401276773814288e+03 -3.826485011597395101e+02 1.015135545874409786e+03 2.286940000000000239e+01 -6.299379467964172363e-02 -2.579761669039726257e-02 6.617898494005203247e-02 6.642640382051467896e-02
1.276059311128969284e+03 -3.752449174015146696e+02 1.010793282208344635e+03 2.287140000000000128e+01 7.863164693117141724e-02 -4.977150261402130127e-02 6.617898494005203247e-02 6.642640382051467896e-02
1.277881926209020776e+03 -3.728367092074931861e+02 1.009380871548412415e+03 2.287340000000000018e+01 -1.142088696360588074e-01 -1.212600432336330414e-02 6.617898494005203247e-02 6.642640382051467896e-02
1.279698429393961078e+03 -3.704250624580198519e+02 1.007966455702619555e+03 2.287540000000000262e+01 -3.525971621274948120e-02 -4.737734049558639526e-02 6.617898494005203247e-02 6.642640382051467896e-02
1.281508812034822540e+03 -3.680099886358320305e+02 1.006550041405523189e+03 2.287740000000000151e+01 -1.605213806033134460e-02 -8.354326337575912476e-02 6.617898494005203247e-02 6.642640382051467896e-02
1.283313065417140024e+03 -3.655914993661234007e+02 1.005131635475173312e+03 2.287940000000000040e+01 -3.092685900628566742e-02 -8.734023571014404297e-02 6.617898494005203247e-02 6.642640382051467896e-02
1.285111180956506360e+03 -3.631696061558209294e+02 1.003711244660179432e+03 2.288140000000000285e+01 -1.213325336575508118e-01 -1.817530579864978790e-02 6.617898494005203247e-02 6.642640382051467896e-02
1.286903149997578794e+03 -3.607443206629263841e+02 1.002288875797747778e+03 2.288340000000000174e+01 9.601023048162460327e-03 2.549991756677627563e-02 6.617898494005203247e-02 6.642640382051467896e-02
1.288540459940287519e+03 -3.585182150255293436e+02 1.000983330809214294e+03 2.288540000000000063e+01 -5.073238909244537354e-02 -1.329265721142292023e-02 6.617898494005203247e-02 6.642640382051467896e-02
1.276059311128969284e+03 -3.752449174015146696e+02 1.010793282208344635e+03 2.288740000000000308e+01 -2.740026451647281647e-02 5.390679463744163513e-02 6.617898494005203247e-02 6.642640382051467896e-02
1.277881926209020776e+03 -3.728367092074931861e+02 1.009380871548412415e+03 2.288940000000000197e+01 -6.460314244031906128e-02 6.519120186567306519e-02 6.617898494005203247e-02 6.642640382051467896e-02
1.279698429393961078e+03 -3.704250624580198519e+02 1.007966455702619555e+03 2.289140000000000086e+01 1.848027706146240234e-01 -3.382661566138267517e-02 6.617898494005203247e-02 6.642640382051467896e-02
1.281508812034822540e+03 -3.680099886358320305e+02 1.006550041405523189e+03 2.289339999999999975e+01 -6.378583493642508984e-04 -5.125714093446731567e-02 6.617898494005203247e-02 6.642640382051467896e-02
1.283313065417140024e+03 -3.655914993661234007e+02 1.005131635475173312e+03 2.289540000000000219e+01 6.311841309070587158e-02 2.245692722499370575e-02 6.617898494005203247e-02 6.642640382051467896e-02
1.285111180956506360e+03 -3.631696061558209294e+02 1.003711244660179432e+03 2.289740000000000109e+01 -2.240350469946861267e-02 -8.188596367835998535e-02 6.617898494005203247e-02 6.642640382051467896e-02
1.286903149997578794e+03 -3.607443206629263841e+02 1.002288875797747778e+03 2.289939999999999998e+01 -1.028046309947967529e-01 8.619462139904499054e-03 6.617898494005203247e-02 6.642640382051467896e-02
1.288540459940287519e+03 -3.585182150255293436e+02 1.000983330809214294e+03 2.290140000000000242e+01 -8.496996015310287476e-02 3.161464631557464600e-02 6.617898494005203247e-02 6.642640382051467896e-02
1.294009390409563593e+03 -3.510094878294704586e+02 9.965797559140524982e+02 2.290340000000000131e+01 2.391729131340980530e-02 3.123464621603488922e-02 6.617898494005203247e-02 6.642640382051467896e-02
1.295770499048219335e+03 -3.485674151623265402e+02 9.951475990000128604e+02 2.290540000000000020e+01 -4.033781588077545166e-02 2.622227929532527924e-02 6.617898494005203247e-02 6.642640382051467896e-02
1.297525410188829483e+03 -3.461220200781795597e+02 9.937135050121347604e+02 2.290740000000000265e+01 -6.864320486783981323e-02 5.397371202707290649e-02 6.617898494005203247e-02 6.642640382051467896e-02
1.299274115463346334e+03 -3.436733142374218346e+02 9.922774807886212329e+02 2.290940000000000154e+01 -7.960709184408187866e-02 -1.906910166144371033e-02 6.617898494005203247e-02 6.642640382051467896e-02
1.301016606490656613e+03 -3.412213093759250455e+02 9.908395332118828946e+02 2.291140000000000043e+01 4.670449346303939819e-02 -4.149312525987625122e-02 6.617898494005203247e-02 6.642640382051467896e-02
1.302752874901400901e+03 -3.387660172710852180e+02 9.893996691886284225e+02 2.291340000000000288e+01 -8.398245275020599365e-02 1.177519485354423523e-01 6.617898494005203247e-02 6.642640382051467896e-02
1.304482912434707941e+03 -3.363074496049085838e+02 9.879578955695724289e+02 2.291540000000000177e+01 -1.272631227038800716e-03 3.388460725545883179e-02 6.617898494005203247e-02 6.642640382051467896e-02
1.306063378704667002e+03 -3.340509369449459882e+02 9.866346224919692531e+02 2.291740000000000066e+01 3.156708925962448120e-02 -1.441686600446701050e-01 6.617898494005203247e-02 6.642640382051467896e-02
1.294009390409563593e+03 -3.510094878294704586e+02 9.965797559140524982e+02 2.291940000000000310e+01 2.569135278463363647e-02 9.920128434896469116e-02 6.617898494005203247e-02 6.642640382051467896e-02
1.295770499048219335e+03 -3.485674151623265402e+02 9.951475990000128604e+02 2.292140000000000200e+01 -1.178603339940309525e-02 -5.088439583778381348e-02 6.617898494005203247e-02 6.642640382051467896e-02
1.297525410188829483e+03 -3.461220200781795597e+02 9.937135050121347604e+02 2.292340000000000089e+01 -1.667426899075508118e-02 7.893317192792892456e-02 6.617898494005203247e-02 6.642640382051467896e-02
1.299274115463346334e+03 -3.436733142374218346e+02 9.922774807886212329e+02 2.292539999999999978e+01 -2.879520878195762634e-03 5.314258486032485962e-02 6.617898494005203247e-02 6.642640382051467896e-02
1.301016606490656613e+03 -3.412213093759250455e+02 9.908395332118828946e+02 2.292740000000000222e+01 -6.916298996657133102e-03 1.186230033636093140e-01 6.617898494005203247e-02 6.642640382051467896e-02
1.302752874901400901e+03 -3.387660172710852180e+02 9.893996691886284225e+02 2.292940000000000111e+01 -2.499728836119174957e-02 -3.049601241946220398e-02 6.617898494005203247e-02 6.642640382051467896e-02
1.304482912434707941e+03 -3.363074496049085838e+02 9.879578955695724289e+02 2.293140000000000001e+01 -2.648094296455383301e-02 -1.056913100183010101e-02 6.617898494005203247e-02 6.642640382051467896e-02
1.306063378704667002e+03 -3.340509369449459882e+02 9.866346224919692531e+02 2.293340000000000245e+01 -3.399958461523056030e-02 -4.230764508247375488e-02 6.617898494005203247e-02 6.642640382051467896e-02
