# Baseline: 5-25
# Entries: 128
# u [m], v [m], w [m], frequency [GHz], real, imag
-5.791671577221544567e+02 -1.191057394414159035e+03 -7.308939374009952417e+02 2.267940000000000000e+19 3.499833643436431885e-01 -1.213741078972816467e-01
-5.777251200159423661e+02 -1.192147590741811882e+03 -7.302575358688217193e+02 2.268140000000000000e+19 -4.249914586544036865e-01 1.515632718801498413e-01
-5.762803242063785092e+02 -1.193235063696675979e+03 -7.296227325128594430e+02 2.268340000000000000e+19 1.208832338452339172e-01 -3.191699087619781494e-01
-5.748327771978350711e+02 -1.194319808081985002e+03 -7.289895303666721702e+02 2.268540000000000000e+19 -1.703320443630218506e-01 9.175392240285873413e-02
-5.737454012140307213e+02 -1.195131658187010771e+03 -7.285156311639317437e+02 2.268740000000000000e+19 2.649571597576141357e-01 -3.051533997058868408e-01
-5.719294573071135801e+02 -1.196481090391653424e+03 -7.277279418173799286e+02 2.268940000000000000e+19 -1.989038437604904175e-01 2.100322097539901733e-01
-5.704736983498836480e+02 -1.197557617950179065e+03 -7.270995614650319112e+02 2.269140000000000000e+19 3.513268530368804932e-01 -1.259837150573730469e-01
-5.686502805966122196e+02 -1.198899522320868982e+03 -7.263162895324338706e+02 2.269340000000000000e+19 6.608316302299499512e-02 3.618400692939758301e-01
-5.791671577221544567e+02 -1.191057394414159035e+03 -7.308939374009952417e+02 2.269540000000000000e+19 3.401539847254753113e-02 -6.074973195791244507e-02
-5.777251200159423661e+02 -1.192147590741811882e+03 -7.302575358688217193e+02 2.269740000000000000e+19 -3.414647653698921204e-02 1.510336548089981079e-01
-5.762803242063785092e+02 -1.193235063696675979e+03 -7.296227325128594430e+02 2.269940000000000000e+19 -5.553741380572319031e-02 -4.428948089480400085e-02
-5.748327771978350711e+02 -1.194319808081985002e+03 -7.289895303666721702e+02 2.270140000000000000e+19 1.962289214134216309e-02 4.990297183394432068e-02
-5.737454012140307213e+02 -1.195131658187010771e+03 -7.285156311639317437e+02 2.270340000000000000e+19 6.173196248710155487e-03 1.432399898767471313e-01
-5.719294573071135801e+02 -1.196481090391653424e+03 -7.277279418173799286e+02 2.270540000000000000e+19 -2.078585699200630188e-02 5.342599004507064819e-02
-5.704736983498836480e+02 -1.197557617950179065e+03 -7.270995614650319112e+02 2.270740000000000000e+19 -2.060532011091709137e-02 -4.097113385796546936e-02
-5.686502805966122196e+02 -1.198899522320868982e+03 -7.263162895324338706e+02 2.270940000000000000e+19 3.374150022864341736e-02 -4.338316619396209717e-02
-5.646234982749953133e+02 -1.201836184307700705e+03 -7.246022028579542393e+02 2.271140000000000000e+19 1.148509383201599121e-01 4.969609901309013367e-02
-5.631541921966697828e+02 -1.202898914328937281e+03 -7.239819188486326311e+02 2.271340000000000000e+19 1.204239130020141602e-01 -3.495905175805091858e-02
-5.616821977580377734e+02 -1.203958869517116227e+03 -7.233632630531658378e+02 2.271540000000000000e+19 -1.684270864643622190e-05 6.105915829539299011e-02
-5.602075219832022412e+02 -1.205016044814366978e+03 -7.227462384236366688e+02 2.271740000000000000e+19 -3.965589031577110291e-02 1.320158392190933228e-01
-5.587301719347179869e+02 -1.206070435157648490e+03 -7.221308479151047095e+02 2.271940000000000000e+19 2.317918278276920319e-02 2.453895471990108490e-02
-5.572501546827885477e+02 -1.207122035500917264e+03 -7.215170944726677362e+02 2.272140000000000000e+19 -1.231356933712959290e-01 9.274708479642868042e-02
-5.557674773155808907e+02 -1.208170840807863897e+03 -7.209049810356998478e+02 2.272340000000000000e+19 -1.090617924928665161e-01 6.843087077140808105e-02
-5.544060592961519660e+02 -1.209129821742293643e+03 -7.203452992954374849e+02 2.272540000000000000e+19 -3.026774153113365173e-02 -1.884312485344707966e-03
-5.646234982749953133e+02 -1.201836184307700705e+03 -7.246022028579542393e+02 2.272740000000000000e+19 -4.458322748541831970e-02 2.555021643638610840e-02
-5.631541921966697828e+02 -1.202898914328937281e+03 -7.239819188486326311e+02 2.272940000000000000e+19 2.914733998477458954e-02 1.033532842993736267e-01
-5.616821977580377734e+02 -1.203958869517116227e+03 -7.233632630531658378e+02 2.273140000000000000e+19 1.281402558088302612e-01 -1.100793629884719849e-01
-5.602075219832022412e+02 -1.205016044814366978e+03 -7.227462384236366688e+02 2.273340000000000000e+19 -1.184984389692544937e-02 -6.693899631500244141e-02
-5.587301719347179869e+02 -1.206070435157648490e+03 -7.221308479151047095e+02 2.273540000000000000e+19 -1.814186200499534607e-02 -5.223437771201133728e-02
-5.572501546827885477e+02 -1.207122035500917264e+03 -7.215170944726677362e+02 2.273740000000000000e+19 3.205769136548042297e-02 5.674485862255096436e-02
-5.557674773155808907e+02 -1.208170840807863897e+03 -7.209049810356998478e+02 2.273940000000000000e+19 -5.329396575689315796e-02 -3.702002018690109253e-02
-5.544060592961519660e+02 -1.209129821742293643e+03 -7.203452992954374849e+02 2.274140000000000000e+19 -3.680339083075523376e-02 -2.058079466223716736e-02
-5.498103087155236608e+02 -1.212338011545676181e+03 -7.184729857786988987e+02 2.274340000000000000e+19 -1.024187654256820679e-01 4.449008032679557800e-02
-5.483144374403667598e+02 -1.213372766664464280e+03 -7.178691161441835220e+02 2.274540000000000000e+19 6.654702872037887573e-02 5.979596078395843506e-02
-5.468159487931558260e+02 -1.214404696847045898e+03 -7.172669039649284741e+02 2.274740000000000000e+19 1.083466690033674240e-03 -9.131513535976409912e-02
-5.453148499713623778e+02 -1.215433797136903422e+03 -7.166663521334454572e+02 2.274940000000000000e+19 -2.838866412639617920e-02 1.137889828532934189e-02
-5.438111481274453354e+02 -1.216460062630497077e+03 -7.160674635112879969e+02 2.275140000000000000e+19 -7.566959410905838013e-02 -1.083392743021249771e-02
-5.423048505048902825e+02 -1.217483488384247039e+03 -7.154702409833314505e+02 2.275340000000000000e+19 6.206521391868591309e-02 1.544890832155942917e-02
-5.407959642757699612e+02 -1.218504069525313753e+03 -7.148746873931290793e+02 2.275540000000000000e+19 1.087128221988677979e-01 -1.593683287501335144e-02
-5.394105835186669538e+02 -1.219437135471828469e+03 -7.143302105106416775e+02 2.275740000000000000e+19 -7.469006627798080444e-02 8.752211928367614746e-02
-5.498103087155236608e+02 -1.212338011545676181e+03 -7.184729857786988987e+02 2.275940000000000000e+19 4.974888265132904053e-02 3.808047622442245483e-02
-5.483144374403667598e+02 -1.213372766664464280e+03 -7.178691161441835220e+02 2.276140000000000000e+19 6.987936794757843018e-02 -8.398615568876266479e-02
-5.468159487931558260e+02 -1.214404696847045898e+03 -7.172669039649284741e+02 2.276340000000000000e+19 -7.984744757413864136e-02 -3.454908356070518494e-02
-5.453148499713623778e+02 -1.215433797136903422e+03 -7.166663521334454572e+02 2.276540000000000000e+19 8.320599794387817383e-02 -1.502185966819524765e-02
-5.438111481274453354e+02 -1.216460062630497077e+03 -7.160674635112879969e+02 2.276740000000000000e+19 -6.860833149403333664e-03 4.374844208359718323e-02
-5.423048505048902825e+02 -1.217483488384247039e+03 -7.154702409833314505e+02 2.276940000000000000e+19 4.064838215708732605e-02 -4.103013500571250916e-02
-5.407959642757699612e+02 -1.218504069525313753e+03 -7.148746873931290793e+02 2.277140000000000000e+19 -6.937065720558166504e-02 -2.511032857000827789e-02
-5.394105835186669538e+02 -1.219437135471828469e+03 -7.143302105106416775e+02 2.277340000000000000e+19 3.989031165838241577e-02 -3.122249909210950136e-04
-5.347346780064166296e+02 -1.222557850411540130e+03 -7.125092193344961515e+02 2.277540000000000000e+19 1.670849509537220001e-02 -8.877319097518920898e-02
-5.332129573552498414e+02 -1.223564135466673861e+03 -7.119220530439519052e+02 2.277740000000000000e+19 3.035715082660317421e-03 -7.806898653507232666e-02
-5.316886916353774950e+02 -1.224567546791148061e+03 -7.113365726820960617e+02 2.277940000000000000e+19 -7.006696611642837524e-02 -1.437594592571258545e-01
-5.301618881043732472e+02 -1.225568079607362051e+03 -7.107527810366053700e+02 2.278140000000000000e+19 3.402225300669670105e-02 9.925508499145507812e-02
-5.286325541116660816e+02 -1.226565729099155533e+03 -7.101706809176120032e+02 2.278340000000000000e+19 -6.378352176398038864e-03 -8.397648483514785767e-02
-5.271006969336386874e+02 -1.227560490519840641e+03 -7.095902750946676179e+02 2.278540000000000000e+19 7.201066613197326660e-02 -1.246897969394922256e-03
-5.255663239440439156e+02 -1.228552359081036229e+03 -7.090115663616087431e+02 2.278740000000000000e+19 6.928136199712753296e-02 6.350973993539810181e-02
-5.241576433756416691e+02 -1.229459063553541910e+03 -7.084825548768388899e+02 2.278940000000000000e+19 1.294934190809726715e-02 3.932259604334831238e-02
-5.347346780064166296e+02 -1.222557850411540130e+03 -7.125092193344961515e+02 2.279140000000000000e+19 -6.148590892553329468e-02 3.528834879398345947e-02
-5.332129573552498414e+02 -1.223564135466673861e+03 -7.119220530439519052e+02 2.279340000000000000e+19 1.090810634195804596e-02 -3.129214048385620117e-02
-5.316886916353774950e+02 -1.224567546791148061e+03 -7.113365726820960617e+02 2.279540000000000000e+19 -1.909376122057437897e-02 5.319880694150924683e-02
-5.301618881043732472e+02 -1.225568079607362051e+03 -7.107527810366053700e+02 2.279740000000000000e+19 1.148282214999198914e-01 4.823150858283042908e-02
-5.286325541116660816e+02 -1.226565729099155533e+03 -7.101706809176120032e+02 2.279940000000000000e+19 -1.462275981903076172e-01 -3.825881704688072205e-02
-5.271006969336386874e+02 -1.227560490519840641e+03 -7.095902750946676179e+02 2.280140000000000000e+19 -1.093831434845924377e-01 5.266101285815238953e-02
-5.255663239440439156e+02 -1.228552359081036229e+03 -7.090115663616087431e+02 2.280340000000000000e+19 -1.639845035970211029e-02 4.177837818861007690e-02
-5.241576433756416691e+02 -1.229459063553541910e+03 -7.084825548768388899e+02 2.280540000000000000e+19 3.335925983265042305e-03 -1.152298599481582642e-02
-5.196613868112692671e+02 -1.232327637592880592e+03 -7.068089542332505744e+02 2.280740000000000000e+19 1.899390965700149536e-01 1.503466069698333740e-01
-5.181149576797662348e+02 -1.233305457410249801e+03 -7.062384869523581301e+02 2.280940000000000000e+19 -1.289529949426651001e-01 -6.486404687166213989e-02
-5.165660557133493285e+02 -1.234280356891472138e+03 -7.056697327920381895e+02 2.281140000000000000e+19 5.168456211686134338e-02 6.473200023174285889e-02
-5.150146883516626986e+02 -1.235252331353995032e+03 -7.051026944840773467e+02 2.281340000000000000e+19 -3.292481005191802979e-01 -3.130352795124053955e-01
-5.134608629759451333e+02 -1.236221376173317822e+03 -7.045373747263488440e+02 2.281540000000000000e+19 3.783949911594390869e-01 5.983870476484298706e-02
-5.119045870602574269e+02 -1.237187486688193076e+03 -7.039737762381182620e+02 2.281740000000000000e+19 -1.421712636947631836e-01 -1.314511746168136597e-01
-5.103458680308926319e+02 -1.238150658288583600e+03 -7.034119017087317616e+02 2.281940000000000000e+19 4.099153876304626465e-01 -1.317783743143081665e-01
-5.089149333556422334e+02 -1.239031017416328950e+03 -7.028983447951504786e+02 2.282140000000000000e+19 -1.323595196008682251e-01 -2.408418655395507812e-01
-5.196613868112692671e+02 -1.232327637592880592e+03 -7.068089542332505744e+02 2.282340000000000000e+19 4.217845946550369263e-02 1.463924348354339600e-02
-5.181149576797662348e+02 -1.233305457410249801e+03 -7.062384869523581301e+02 2.282540000000000000e+19 -5.737403035163879395e-02 -2.321958309039473534e-04
-5.165660557133493285e+02 -1.234280356891472138e+03 -7.056697327920381895e+02 2.282740000000000000e+19 5.895665287971496582e-02 -7.890031486749649048e-02
-5.150146883516626986e+02 -1.235252331353995032e+03 -7.051026944840773467e+02 2.282940000000000000e+19 -7.190710306167602539e-02 4.869746789336204529e-02
-5.134608629759451333e+02 -1.236221376173317822e+03 -7.045373747263488440e+02 2.283140000000000000e+19 -1.343022882938385010e-01 1.227995567023754120e-02
-5.119045870602574269e+02 -1.237187486688193076e+03 -7.039737762381182620e+02 2.283340000000000000e+19 -6.753015518188476562e-02 6.351024657487869263e-02
-5.103458680308926319e+02 -1.238150658288583600e+03 -7.034119017087317616e+02 2.283540000000000000e+19 6.413349509239196777e-02 -1.516122221946716309e-01
-5.089149333556422334e+02 -1.239031017416328950e+03 -7.028983447951504786e+02 2.283740000000000000e+19 2.890968509018421173e-02 7.450551539659500122e-02
-5.040867101923867040e+02 -1.241973863536597037e+03 -7.011816968529211636e+02 2.283940000000000000e+19 7.943456619977951050e-02 2.136585712432861328e-01
-5.025158877650571299e+02 -1.242922271677607569e+03 -7.006284823025754349e+02 2.284140000000000000e+19 -2.860668674111366272e-02 2.199375070631504059e-02
-5.009426671339745667e+02 -1.243867713472115611e+03 -7.000770077130682694e+02 2.284340000000000000e+19 1.188852638006210327e-01 -9.760889224708080292e-03
-4.993670558774767301e+02 -1.244810184365850091e+03 -6.995272757408934012e+02 2.284540000000000000e+19 -1.287079006433486938e-01 9.759560972452163696e-02
-4.977890614976125221e+02 -1.245749679871372564e+03 -6.989792890035148503e+02 2.284740000000000000e+19 -4.120145738124847412e-02 -1.208662241697311401e-01
-4.962086915572044177e+02 -1.246686195485913004e+03 -6.984330501272935408e+02 2.284940000000000000e+19 1.625598594546318054e-02 -6.180203333497047424e-02
-4.946259536415218463e+02 -1.247619726714527587e+03 -6.978885617339772125e+02 2.285140000000000000e+19 -8.201239258050918579e-02 -1.154796928167343140e-01
-4.931730667668925321e+02 -1.248472876272478970e+03 -6.973909649941784892e+02 2.285340000000000000e+19 -9.784995019435882568e-02 8.762696385383605957e-02
-5.040867101923867040e+02 -1.241973863536597037e+03 -7.011816968529211636e+02 2.285540000000000000e+19 -6.005250033922493458e-04 1.718219555914402008e-02
-5.025158877650571299e+02 -1.242922271677607569e+03 -7.006284823025754349e+02 2.285740000000000000e+19 -2.216917462646961212e-02 -2.384872175753116608e-02
-5.009426671339745667e+02 -1.243867713472115611e+03 -7.000770077130682694e+02 2.285940000000000000e+19 -1.210439503192901611e-01 -7.925599813461303711e-02
-4.993670558774767301e+02 -1.244810184365850091e+03 -6.995272757408934012e+02 2.286140000000000000e+19 -3.541103377938270569e-02 -1.145441830158233643e-02
-4.977890614976125221e+02 -1.245749679871372564e+03 -6.989792890035148503e+02 2.286340000000000000e+19 -2.409311011433601379e-02 3.140106052160263062e-02
-4.962086915572044177e+02 -1.246686195485913004e+03 -6.984330501272935408e+02 2.286540000000000000e+19 -2.774797938764095306e-02 2.057916717603802681e-03
-4.946259536415218463e+02 -1.247619726714527587e+03 -6.978885617339772125e+02 2.286740000000000000e+19 -1.034961864352226257e-01 4.490176960825920105e-02
-4.931730667668925321e+02 -1.248472876272478970e+03 -6.973909649941784892e+02 2.286940000000000000e+19 -9.729228168725967407e-02 -1.079488247632980347e-01
-4.882714737052588134e+02 -1.251323918739661394e+03 -6.957281649163516022e+02 2.287140000000000000e+19 1.052160933613777161e-01 4.848481342196464539e-02
-4.866770096636204244e+02 -1.252242461366061661e+03 -6.951924678237849093e+02 2.287340000000000000e+19 -1.128291897475719452e-02 2.174632064998149872e-02
-4.850802232630268236e+02 -1.253157993015948477e+03 -6.946585367225280834e+02 2.287540000000000000e+19 -3.307143226265907288e-02 2.168735116720199585e-02
-4.834811221063647508e+02 -1.254070509330170808e+03 -6.941263741548008284e+02 2.287740000000000000e+19 -1.281363070011138916e-01 -5.057614296674728394e-02
-4.818797138910628064e+02 -1.254980005916231448e+03 -6.935959826822203240e+02 2.287940000000000000e+19 -2.008369378745555878e-02 7.827897556126117706e-03
-4.802760062364674809e+02 -1.255886478446846695e+03 -6.930673648283199100e+02 2.288140000000000000e+19 8.607885800302028656e-03 -5.458660796284675598e-02
-4.786700068621598803e+02 -1.256789922558660464e+03 -6.925405231376330448e+02 2.288340000000000000e+19 6.748263537883758545e-02 -1.141038760542869568e-01
-4.771958630699597279e+02 -1.257615454270722921e+03 -6.920591246968904215e+02 2.288540000000000000e+19 9.078202769160270691e-03 1.121264249086380005e-01
-4.882714737052588134e+02 -1.251323918739661394e+03 -6.957281649163516022e+02 2.288740000000000000e+19 -6.322846561670303345e-02 3.975834324955940247e-02
-4.866770096636204244e+02 -1.252242461366061661e+03 -6.951924678237849093e+02 2.288940000000000000e+19 8.655206859111785889e-02 2.581752836704254150e-02
-4.850802232630268236e+02 -1.253157993015948477e+03 -6.946585367225280834e+02 2.289140000000000000e+19 6.138182058930397034e-02 -5.472439527511596680e-02
-4.834811221063647508e+02 -1.254070509330170808e+03 -6.941263741548008284e+02 2.289340000000000000e+19 1.292872522026300430e-02 1.653728261590003967e-02
-4.818797138910628064e+02 -1.254980005916231448e+03 -6.935959826822203240e+02 2.289540000000000000e+19 -6.956408172845840454e-02 -2.305776625871658325e-02
-4.802760062364674809e+02 -1.255886478446846695e+03 -6.930673648283199100e+02 2.289740000000000000e+19 3.884769231081008911e-02 1.214610114693641663e-01
-4.786700068621598803e+02 -1.256789922558660464e+03 -6.925405231376330448e+02 2.289940000000000000e+19 3.412675485014915466e-02 -1.599878966808319092e-01
-4.771958630699597279e+02 -1.257615454270722921e+03 -6.920591246968904215e+02 2.290140000000000000e+19 4.360530152916908264e-02 -2.637026645243167877e-02
-4.722232457752311348e+02 -1.260373328717227878e+03 -6.904509682156466397e+02 2.290340000000000000e+19 -1.395414322614669800e-01 6.664691120386123657e-02
-4.706059031857834611e+02 -1.261261566240289312e+03 -6.899330449499673250e+02 2.290540000000000000e+19 -9.264647029340267181e-03 -7.178210467100143433e-02
-4.689863151441595619e+02 -1.262146749627285544e+03 -6.894169128437150675e+02 2.290740000000000000e+19 4.104846715927124023e-02 1.490856148302555084e-02
-4.673644893730499348e+02 -1.263028874657338520e+03 -6.889025743579915115e+02 2.290940000000000000e+19 4.174817353487014771e-02 -1.833518408238887787e-02
-4.657404336453498672e+02 -1.263907937102637334e+03 -6.883900319578907556e+02 2.291140000000000000e+19 -2.138762548565864563e-02 1.058138441294431686e-02
-4.641141557616741125e+02 -1.264783932740951514e+03 -6.878792881052032726e+02 2.291340000000000000e+19 -4.549512639641761780e-02 -2.678472548723220825e-02
-4.624856634596710023e+02 -1.265656857404437460e+03 -6.873703452299606624e+02 2.291540000000000000e+19 1.139412354677915573e-02 3.644551709294319153e-02
-4.609909684632667677e+02 -1.266454376073053936e+03 -6.869053755422944505e+02 2.291740000000000000e+19 -2.888893149793148041e-02 -1.883634738624095917e-02
-4.722232457752311348e+02 -1.260373328717227878e+03 -6.904509682156466397e+02 2.291940000000000000e+19 -2.143760398030281067e-02 -1.059868782758712769e-01
-4.706059031857834611e+02 -1.261261566240289312e+03 -6.899330449499673250e+02 2.292140000000000000e+19 -5.782542750239372253e-02 -8.189828693866729736e-02
-4.689863151441595619e+02 -1.262146749627285544e+03 -6.894169128437150675e+02 2.292340000000000000e+19 1.506856381893157959e-01 -1.892434209585189819e-01
-4.673644893730499348e+02 -1.263028874657338520e+03 -6.889025743579915115e+02 2.292540000000000000e+19 -7.044454663991928101e-02 7.134241051971912384e-03
-4.657404336453498672e+02 -1.263907937102637334e+03 -6.883900319578907556e+02 2.292740000000000000e+19 -6.152790039777755737e-02 6.542719155550003052e-02
-4.641141557616741125e+02 -1.264783932740951514e+03 -6.878792881052032726e+02 2.292940000000000000e+19 -6.048926711082458496e-02 -5.151301622390747070e-02
-4.624856634596710023e+02 -1.265656857404437460e+03 -6.873703452299606624e+02 2.293140000000000000e+19 -4.975575581192970276e-02 1.975771225988864899e-02
-4.609909684632667677e+02 -1.266454376073053936e+03 -6.869053755422944505e+02 2.293340000000000000e+19 1.103879790753126144e-02 -4.458779469132423401e-02
