# Baseline: 6-8
# Entries: 128
# u [m], v [m], w [m], frequency [GHz], real, imag, std(real), std(imag)
-5.287859198948166295e+02 -8.995204643233752222e+02 -6.461396920841176552e+02 2.267940000000000111e+01 1.205760985612869263e-01 -1.413763165473937988e-01 7.203342020511627197e-02 7.247857004404067993e-02
-5.278006979945067769e+02 -9.005161910767993731e+02 -6.455579984069263446e+02 2.268140000000000001e+01 -1.552889123558998108e-02 -3.576839342713356018e-02 7.203342020511627197e-02 7.247857004404067993e-02
-5.268129557103352454e+02 -9.015100569460875022e+02 -6.449773976062405154e+02 2.268340000000000245e+01 1.990315020084381104e-01 -1.125972345471382141e-01 7.203342020511627197e-02 7.247857004404067993e-02
-5.258226977625180325e+02 -9.025020571817927930e+02 -6.443978924566077922e+02 2.268540000000000134e+01 -1.643006950616836548e-01 -3.138617798686027527e-02 7.203342020511627197e-02 7.247857004404067993e-02
-5.250784345920704936e+02 -9.032448887515711249e+02 -6.439639498869838690e+02 2.268740000000000023e+01 4.338442534208297729e-02 1.035401225090026855e-01 7.203342020511627197e-02 7.247857004404067993e-02
-5.238346538442855262e+02 -9.044804417714852889e+02 -6.432421801987361505e+02 2.268940000000000268e+01 -2.048627287149429321e-01 -1.070662736892700195e-01 7.203342020511627197e-02 7.247857004404067993e-02
-5.228368774089775570e+02 -9.054668166368251150e+02 -6.426659786334695355e+02 2.269140000000000157e+01 3.764107227325439453e-01 -1.617379337549209595e-01 7.203342020511627197e-02 7.247857004404067993e-02
-5.215862473931766772e+02 -9.066972111042592815e+02 -6.419472383237709892e+02 2.269340000000000046e+01 -3.254356607794761658e-02 2.494765222072601318e-01 7.203342020511627197e-02 7.247857004404067993e-02
-5.287859198948166295e+02 -8.995204643233752222e+02 -6.461396920841176552e+02 2.269540000000000290e+01 8.417862653732299805e-02 9.027349948883056641e-02 7.203342020511627197e-02 7.247857004404067993e-02
-5.278006979945067769e+02 -9.005161910767993731e+02 -6.455579984069263446e+02 2.269740000000000180e+01 -7.644825149327516556e-03 -2.394223399460315704e-02 7.203342020511627197e-02 7.247857004404067993e-02
-5.268129557103352454e+02 -9.015100569460875022e+02 -6.449773976062405154e+02 2.269940000000000069e+01 -2.358685061335563660e-02 7.188288122415542603e-02 7.203342020511627197e-02 7.247857004404067993e-02
-5.258226977625180325e+02 -9.025020571817927930e+02 -6.443978924566077922e+02 2.270140000000000313e+01 3.363544493913650513e-02 8.412851393222808838e-02 7.203342020511627197e-02 7.247857004404067993e-02
-5.250784345920704936e+02 -9.032448887515711249e+02 -6.439639498869838690e+02 2.270340000000000202e+01 4.327989742159843445e-02 -3.532568737864494324e-02 7.203342020511627197e-02 7.247857004404067993e-02
-5.238346538442855262e+02 -9.044804417714852889e+02 -6.432421801987361505e+02 2.270540000000000092e+01 -2.040934562683105469e-02 -6.175320129841566086e-03 7.203342020511627197e-02 7.247857004404067993e-02
-5.228368774089775570e+02 -9.054668166368251150e+02 -6.426659786334695355e+02 2.270739999999999981e+01 2.215764671564102173e-02 1.044569090008735657e-01 7.203342020511627197e-02 7.247857004404067993e-02
-5.215862473931766772e+02 -9.066972111042592815e+02 -6.419472383237709892e+02 2.270940000000000225e+01 -7.958570867776870728e-02 7.969512604176998138e-03 7.203342020511627197e-02 7.247857004404067993e-02
-5.188208532390561913e+02 -9.093934233390835971e+02 -6.403722669932376448e+02 2.271140000000000114e+01 1.199354678392410278e-01 -9.121614694595336914e-02 7.203342020511627197e-02 7.247857004404067993e-02
-5.178106416173457092e+02 -9.103703283317080377e+02 -6.398016264618100877e+02 2.271340000000000003e+01 -2.041894383728504181e-02 2.618871442973613739e-02 7.203342020511627197e-02 7.247857004404067993e-02
-5.167979574287600144e+02 -9.113453252741732058e+02 -6.392321063592570454e+02 2.271540000000000248e+01 3.771933168172836304e-02 -3.816362097859382629e-02 7.203342020511627197e-02 7.247857004404067993e-02
-5.157828055056600078e+02 -9.123184095140028376e+02 -6.386637094032022333e+02 2.271740000000000137e+01 -2.160488069057464600e-01 -6.311373412609100342e-02 7.203342020511627197e-02 7.247857004404067993e-02
-5.147651907098397714e+02 -9.132895763908855997e+02 -6.380964383158188866e+02 2.271940000000000026e+01 -1.556492317467927933e-02 3.339152783155441284e-02 7.203342020511627197e-02 7.247857004404067993e-02
-5.137451179113306807e+02 -9.142588212570644828e+02 -6.375302958119176537e+02 2.272140000000000271e+01 -1.302962005138397217e-01 -6.880065053701400757e-02 7.203342020511627197e-02 7.247857004404067993e-02
-5.127225919955219524e+02 -9.152261394706386000e+02 -6.369652846028617432e+02 2.272340000000000160e+01 8.366447687149047852e-02 -3.162968903779983521e-02 7.203342020511627197e-02 7.247857004404067993e-02
-5.117831568577238386e+02 -9.161111760207720636e+02 -6.364483393067507677e+02 2.272540000000000049e+01 -2.762964926660060883e-02 -1.254053041338920593e-02 7.203342020511627197e-02 7.247857004404067993e-02
-5.188208532390561913e+02 -9.093934233390835971e+02 -6.403722669932376448e+02 2.272740000000000293e+01 -1.605501621961593628e-01 -1.639212667942047119e-01 7.203342020511627197e-02 7.247857004404067993e-02
-5.178106416173457092e+02 -9.103703283317080377e+02 -6.398016264618100877e+02 2.272940000000000182e+01 6.540797650814056396e-02 3.498892486095428467e-02 7.203342020511627197e-02 7.247857004404067993e-02
-5.167979574287600144e+02 -9.113453252741732058e+02 -6.392321063592570454e+02 2.273140000000000072e+01 8.787612617015838623e-02 2.049928344786167145e-02 7.203342020511627197e-02 7.247857004404067993e-02
-5.157828055056600078e+02 -9.123184095140028376e+02 -6.386637094032022333e+02 2.273340000000000316e+01 -2.229992002248764038e-01 5.259538441896438599e-02 7.203342020511627197e-02 7.247857004404067993e-02
-5.147651907098397714e+02 -9.132895763908855997e+02 -6.380964383158188866e+02 2.273540000000000205e+01 1.414673030376434326e-01 1.404049396514892578e-01 7.203342020511627197e-02 7.247857004404067993e-02
-5.137451179113306807e+02 -9.142588212570644828e+02 -6.375302958119176537e+02 2.273740000000000094e+01 -2.255237847566604614e-01 1.403388977050781250e-01 7.203342020511627197e-02 7.247857004404067993e-02
-5.127225919955219524e+02 -9.152261394706386000e+02 -6.369652846028617432e+02 2.273939999999999984e+01 -3.961859643459320068e-02 2.431116253137588501e-02 7.203342020511627197e-02 7.247857004404067993e-02
-5.117831568577238386e+02 -9.161111760207720636e+02 -6.364483393067507677e+02 2.274140000000000228e+01 1.589425355195999146e-01 6.292548030614852905e-02 7.203342020511627197e-02 7.247857004404067993e-02
-5.086080551485858336e+02 -9.190760534047824422e+02 -6.347166066820477681e+02 2.274340000000000117e+01 9.394451975822448730e-03 1.362768560647964478e-02 7.203342020511627197e-02 7.247857004404067993e-02
-5.075733372692221224e+02 -9.200336691140718131e+02 -6.341572923904617483e+02 2.274540000000000006e+01 -4.768641665577888489e-02 -1.453990489244461060e-01 7.203342020511627197e-02 7.247857004404067993e-02
-5.065361957947289397e+02 -9.209893305472289740e+02 -6.335991255281944632e+02 2.274740000000000251e+01 3.713299985975027084e-03 5.771804600954055786e-02 7.203342020511627197e-02 7.247857004404067993e-02
-5.054966357066571732e+02 -9.219430331140667931e+02 -6.330421087762020989e+02 2.274940000000000140e+01 2.532199397683143616e-02 2.019478008151054382e-02 7.203342020511627197e-02 7.247857004404067993e-02
-5.044546619583104530e+02 -9.228947722703157979e+02 -6.324862447885947176e+02 2.275140000000000029e+01 -3.531507216393947601e-03 1.141991987824440002e-01 7.203342020511627197e-02 7.247857004404067993e-02
-5.034102795689901768e+02 -9.238445434313877058e+02 -6.319315362430011191e+02 2.275340000000000273e+01 -1.014996916055679321e-01 2.479970827698707581e-02 7.203342020511627197e-02 7.247857004404067993e-02
-5.023634935114218933e+02 -9.247923420751209278e+02 -6.313779857805608344e+02 2.275540000000000163e+01 6.932541728019714355e-02 1.283389981836080551e-02 7.203342020511627197e-02 7.247857004404067993e-02
-5.014018628446692105e+02 -9.256594460311451940e+02 -6.308715693300373459e+02 2.275740000000000052e+01 -7.587138563394546509e-02 -2.552011981606483459e-03 7.203342020511627197e-02 7.247857004404067993e-02
-5.086080551485858336e+02 -9.190760534047824422e+02 -6.347166066820477681e+02 2.275940000000000296e+01 1.528013050556182861e-01 3.228498622775077820e-02 7.203342020511627197e-02 7.247857004404067993e-02
-5.075733372692221224e+02 -9.200336691140718131e+02 -6.341572923904617483e+02 2.276140000000000185e+01 -3.931681159883737564e-03 7.584095746278762817e-02 7.203342020511627197e-02 7.247857004404067993e-02
-5.065361957947289397e+02 -9.209893305472289740e+02 -6.335991255281944632e+02 2.276340000000000074e+01 6.693427264690399170e-02 1.863762736320495605e-02 7.203342020511627197e-02 7.247857004404067993e-02
-5.054966357066571732e+02 -9.219430331140667931e+02 -6.330421087762020989e+02 2.276540000000000319e+01 4.232385009527206421e-02 2.859223820269107819e-02 7.203342020511627197e-02 7.247857004404067993e-02
-5.044546619583104530e+02 -9.228947722703157979e+02 -6.324862447885947176e+02 2.276740000000000208e+01 -1.358862072229385376e-01 2.212852053344249725e-02 7.203342020511627197e-02 7.247857004404067993e-02
-5.034102795689901768e+02 -9.238445434313877058e+02 -6.319315362430011191e+02 2.276940000000000097e+01 -1.223539337515830994e-01 3.355451673269271851e-02 7.203342020511627197e-02 7.247857004404067993e-02
-5.023634935114218933e+02 -9.247923420751209278e+02 -6.313779857805608344e+02 2.277139999999999986e+01 -7.133524864912033081e-02 3.138961270451545715e-02 7.203342020511627197e-02 7.247857004404067993e-02
-5.014018628446692105e+02 -9.256594460311451940e+02 -6.308715693300373459e+02 2.277340000000000231e+01 1.685391739010810852e-02 -2.663782052695751190e-02 7.203342020511627197e-02 7.247857004404067993e-02
-4.981524130364186362e+02 -9.285637208342863005e+02 -6.291754177004248731e+02 2.277540000000000120e+01 -6.418276112526655197e-03 -1.864332109689712524e-01 7.203342020511627197e-02 7.247857004404067993e-02
-4.970936840442334983e+02 -9.295015890123601139e+02 -6.286276972970161978e+02 2.277740000000000009e+01 -2.334779128432273865e-03 -2.599904872477054596e-02 7.203342020511627197e-02 7.247857004404067993e-02
-4.960325816317573526e+02 -9.304374575835765881e+02 -6.280811507976139865e+02 2.277940000000000254e+01 4.403016716241836548e-02 -4.519059881567955017e-02 7.203342020511627197e-02 7.247857004404067993e-02
-4.949691108512781739e+02 -9.313713220919294145e+02 -6.275357808045180263e+02 2.278140000000000143e+01 2.403529547154903412e-02 1.461091339588165283e-01 7.203342020511627197e-02 7.247857004404067993e-02
-4.939032768219261129e+02 -9.323031780421720214e+02 -6.269915899429163346e+02 2.278340000000000032e+01 5.701446533203125000e-02 -1.067901328206062317e-01 7.203342020511627197e-02 7.247857004404067993e-02
-4.928350846148094320e+02 -9.332330210006525704e+02 -6.264485808019959450e+02 2.278540000000000276e+01 1.174107268452644348e-01 3.865348175168037415e-02 7.203342020511627197e-02 7.247857004404067993e-02
-4.917645393717832576e+02 -9.341608464914800152e+02 -6.259067559955813067e+02 2.278740000000000165e+01 8.730666339397430420e-02 -3.722731769084930420e-02 7.203342020511627197e-02 7.247857004404067993e-02
-4.907811733315280094e+02 -9.350096029310145695e+02 -6.254111107182653768e+02 2.278940000000000055e+01 -1.009159088134765625e-01 -3.171249106526374817e-02 7.203342020511627197e-02 7.247857004404067993e-02
-4.981524130364186362e+02 -9.285637208342863005e+02 -6.291754177004248731e+02 2.279140000000000299e+01 1.427541719749569893e-04 -9.191925078630447388e-02 7.203342020511627197e-02 7.247857004404067993e-02
-4.970936840442334983e+02 -9.295015890123601139e+02 -6.286276972970161978e+02 2.279340000000000188e+01 -7.881458848714828491e-02 -2.764507755637168884e-02 7.203342020511627197e-02 7.247857004404067993e-02
-4.960325816317573526e+02 -9.304374575835765881e+02 -6.280811507976139865e+02 2.279540000000000077e+01 3.652495145797729492e-02 -2.415995858609676361e-02 7.203342020511627197e-02 7.247857004404067993e-02
-4.949691108512781739e+02 -9.313713220919294145e+02 -6.275357808045180263e+02 2.279739999999999966e+01 -1.926293782889842987e-02 -2.095048688352108002e-02 7.203342020511627197e-02 7.247857004404067993e-02
-4.939032768219261129e+02 -9.323031780421720214e+02 -6.269915899429163346e+02 2.279940000000000211e+01 4.981392994523048401e-02 -1.512769609689712524e-02 7.203342020511627197e-02 7.247857004404067993e-02
-4.928350846148094320e+02 -9.332330210006525704e+02 -6.264485808019959450e+02 2.280140000000000100e+01 3.242534026503562927e-02 -9.863606840372085571e-02 7.203342020511627197e-02 7.247857004404067993e-02
-4.917645393717832576e+02 -9.341608464914800152e+02 -6.259067559955813067e+02 2.280339999999999989e+01 -5.850987508893013000e-03 3.140701726078987122e-02 7.203342020511627197e-02 7.247857004404067993e-02
-4.907811733315280094e+02 -9.350096029310145695e+02 -6.254111107182653768e+02 2.280540000000000234e+01 2.707049949094653130e-03 1.987920887768268585e-02 7.203342020511627197e-02 7.247857004404067993e-02
-4.876390766122942182e+02 -9.376987415572104965e+02 -6.238407790012259966e+02 2.280740000000000123e+01 -9.668233245611190796e-02 -1.479346007108688354e-01 7.203342020511627197e-02 7.247857004404067993e-02
-4.865572307063205812e+02 -9.386167536049198361e+02 -6.233047148880588111e+02 2.280940000000000012e+01 1.325396597385406494e-01 3.478225693106651306e-02 7.203342020511627197e-02 7.247857004404067993e-02
-4.854730617899426761e+02 -9.395327224359824640e+02 -6.227698501456696931e+02 2.281140000000000256e+01 -7.388725876808166504e-02 -2.499266266822814941e-01 7.203342020511627197e-02 7.247857004404067993e-02
-4.843865750706201538e+02 -9.404466436508878360e+02 -6.222361873430764945e+02 2.281340000000000146e+01 1.791242361068725586e-01 1.364116519689559937e-01 7.203342020511627197e-02 7.247857004404067993e-02
-4.832977757177463332e+02 -9.413585129013351889e+02 -6.217037290193634362e+02 2.281540000000000035e+01 -1.480123847723007202e-01 -3.119908869266510010e-01 7.203342020511627197e-02 7.247857004404067993e-02
-4.822066689685539700e+02 -9.422683258011062435e+02 -6.211724777357241010e+02 2.281740000000000279e+01 1.783921867609024048e-01 4.537786915898323059e-02 7.203342020511627197e-02 7.247857004404067993e-02
-4.811132600296367627e+02 -9.431760780087890907e+02 -6.206424360271623755e+02 2.281940000000000168e+01 -8.526031672954559326e-02 -2.510103881359100342e-01 7.203342020511627197e-02 7.247857004404067993e-02
-4.801089797552610889e+02 -9.440063965601877953e+02 -6.201576137495683270e+02 2.282140000000000057e+01 3.198204040527343750e-01 7.387467473745346069e-02 7.203342020511627197e-02 7.247857004404067993e-02
-4.876390766122942182e+02 -9.376987415572104965e+02 -6.238407790012259966e+02 2.282340000000000302e+01 -1.347120851278305054e-01 -6.762171536684036255e-02 7.203342020511627197e-02 7.247857004404067993e-02
-4.865572307063205812e+02 -9.386167536049198361e+02 -6.233047148880588111e+02 2.282540000000000191e+01 -4.677272588014602661e-02 5.783502012491226196e-02 7.203342020511627197e-02 7.247857004404067993e-02
-4.854730617899426761e+02 -9.395327224359824640e+02 -6.227698501456696931e+02 2.282740000000000080e+01 2.270118799060583115e-03 -8.750382810831069946e-02 7.203342020511627197e-02 7.247857004404067993e-02
-4.843865750706201538e+02 -9.404466436508878360e+02 -6.222361873430764945e+02 2.282939999999999969e+01 3.763931617140769958e-02 -6.091595627367496490e-03 7.203342020511627197e-02 7.247857004404067993e-02
-4.832977757177463332e+02 -9.413585129013351889e+02 -6.217037290193634362e+02 2.283140000000000214e+01 -8.505756407976150513e-02 -6.617210060358047485e-02 7.203342020511627197e-02 7.247857004404067993e-02
-4.822066689685539700e+02 -9.422683258011062435e+02 -6.211724777357241010e+02 2.283340000000000103e+01 1.300524026155471802e-01 -5.672457069158554077e-02 7.203342020511627197e-02 7.247857004404067993e-02
-4.811132600296367627e+02 -9.431760780087890907e+02 -6.206424360271623755e+02 2.283539999999999992e+01 8.066768199205398560e-02 -1.304988861083984375e-01 7.203342020511627197e-02 7.247857004404067993e-02
-4.801089797552610889e+02 -9.440063965601877953e+02 -6.201576137495683270e+02 2.283740000000000236e+01 1.506066024303436279e-01 4.489060863852500916e-02 7.203342020511627197e-02 7.247857004404067993e-02
-4.767167072309487708e+02 -9.467863931531165917e+02 -6.185344156060419891e+02 2.283940000000000126e+01 -6.305374950170516968e-02 9.935021400451660156e-02 7.203342020511627197e-02 7.247857004404067993e-02
-4.756118660849716093e+02 -9.476837769091474684e+02 -6.180104597209442545e+02 2.284140000000000015e+01 -2.953518368303775787e-02 1.313032954931259155e-01 7.203342020511627197e-02 7.247857004404067993e-02
-4.745047542948362320e+02 -9.485790740686246636e+02 -6.174877285362134671e+02 2.284340000000000259e+01 6.201947852969169617e-02 -7.222336530685424805e-02 7.203342020511627197e-02 7.247857004404067993e-02
-4.733953771935950954e+02 -9.494722803188278704e+02 -6.169662245698858669e+02 2.284540000000000148e+01 1.792605072259902954e-01 -5.749286338686943054e-02 7.203342020511627197e-02 7.247857004404067993e-02
-4.722837400633910079e+02 -9.503633914068841477e+02 -6.164459503050231888e+02 2.284740000000000038e+01 7.932392507791519165e-02 -2.799558639526367188e-01 7.203342020511627197e-02 7.247857004404067993e-02
-4.711698482319361574e+02 -9.512524030619298401e+02 -6.159269082351620455e+02 2.284940000000000282e+01 -1.076553240418434143e-01 -1.855457276105880737e-01 7.203342020511627197e-02 7.247857004404067993e-02
-4.700537070455596904e+02 -9.521393110170171212e+02 -6.154091008515191561e+02 2.285140000000000171e+01 6.135244295001029968e-02 4.227119684219360352e-02 7.203342020511627197e-02 7.247857004404067993e-02
-4.690286346862137066e+02 -9.529504852046828773e+02 -6.149355150520021880e+02 2.285340000000000060e+01 4.344288632273674011e-02 -2.364331157878041267e-03 7.203342020511627197e-02 7.247857004404067993e-02
-4.767167072309487708e+02 -9.467863931531165917e+02 -6.185344156060419891e+02 2.285540000000000305e+01 -1.978680044412612915e-01 -9.258661419153213501e-02 7.203342020511627197e-02 7.247857004404067993e-02
-4.756118660849716093e+02 -9.476837769091474684e+02 -6.180104597209442545e+02 2.285740000000000194e+01 -3.968297317624092102e-02 -7.887016981840133667e-02 7.203342020511627197e-02 7.247857004404067993e-02
-4.745047542948362320e+02 -9.485790740686246636e+02 -6.174877285362134671e+02 2.285940000000000083e+01 -1.001426950097084045e-01 1.100294888019561768e-01 7.203342020511627197e-02 7.247857004404067993e-02
-4.733953771935950954e+02 -9.494722803188278704e+02 -6.169662245698858669e+02 2.286139999999999972e+01 1.598942093551158905e-02 -7.121641933917999268e-02 7.203342020511627197e-02 7.247857004404067993e-02
-4.722837400633910079e+02 -9.503633914068841477e+02 -6.164459503050231888e+02 2.286340000000000217e+01 1.911122798919677734e-01 -8.143477141857147217e-02 7.203342020511627197e-02 7.247857004404067993e-02
-4.711698482319361574e+02 -9.512524030619298401e+02 -6.159269082351620455e+02 2.286540000000000106e+01 -3.998307511210441589e-02 7.811157498508691788e-03 7.203342020511627197e-02 7.247857004404067993e-02
-4.700537070455596904e+02 -9.521393110170171212e+02 -6.154091008515191561e+02 2.286739999999999995e+01 4.777865111827850342e-02 4.619850963354110718e-02 7.203342020511627197e-02 7.247857004404067993e-02
-4.690286346862137066e+02 -9.529504852046828773e+02 -6.149355150520021880e+02 2.286940000000000239e+01 1.887272926978766918e-03 -8.167573809623718262e-02 7.203342020511627197e-02 7.247857004404067993e-02
-4.655667556151781241e+02 -9.556658212014560831e+02 -6.133502675922031813e+02 2.287140000000000128e+01 8.255746960639953613e-02 -4.669541493058204651e-02 7.203342020511627197e-02 7.247857004404067993e-02
-4.644394479261103470e+02 -9.565421472438938508e+02 -6.128386706615908679e+02 2.287340000000000018e+01 1.179796904325485229e-01 2.432606741786003113e-02 7.203342020511627197e-02 7.247857004404067993e-02
-4.633099230922357492e+02 -9.574163442712172127e+02 -6.123283231965691584e+02 2.287540000000000262e+01 7.359880208969116211e-02 -2.208374291658401489e-01 7.203342020511627197e-02 7.247857004404067993e-02
-4.621781864916414406e+02 -9.582884081210767135e+02 -6.118192276270732464e+02 2.287740000000000151e+01 1.176747959107160568e-02 1.827286928892135620e-01 7.203342020511627197e-02 7.247857004404067993e-02
-4.610442435720507319e+02 -9.591583345957005804e+02 -6.113113864036848781e+02 2.287940000000000040e+01 3.611867502331733704e-02 3.357964009046554565e-02 7.203342020511627197e-02 7.247857004404067993e-02
-4.599080997286589536e+02 -9.600261195560723309e+02 -6.108048019426478277e+02 2.288140000000000285e+01 -6.881596148014068604e-02 4.034367855638265610e-03 7.203342020511627197e-02 7.247857004404067993e-02
-4.587697604303920684e+02 -9.608917588250554900e+02 -6.102994766824401722e+02 2.288340000000000174e+01 3.363069519400596619e-02 -4.650967568159103394e-02 7.203342020511627197e-02 7.247857004404067993e-02
-4.577243865365139186e+02 -9.616834004602196728e+02 -6.098373539959459322e+02 2.288540000000000063e+01 -7.589935511350631714e-02 2.159732952713966370e-02 7.203342020511627197e-02 7.247857004404067993e-02
-4.655667556151781241e+02 -9.556658212014560831e+02 -6.133502675922031813e+02 2.288740000000000308e+01 -9.144293516874313354e-02 3.974804282188415527e-02 7.203342020511627197e-02 7.247857004404067993e-02
-4.644394479261103470e+02 -9.565421472438938508e+02 -6.128386706615908679e+02 2.288940000000000197e+01 4.084006324410438538e-02 -2.497720345854759216e-02 7.203342020511627197e-02 7.247857004404067993e-02
-4.633099230922357492e+02 -9.574163442712172127e+02 -6.123283231965691584e+02 2.289140000000000086e+01 2.814792096614837646e-02 -6.999708130024373531e-04 7.203342020511627197e-02 7.247857004404067993e-02
-4.621781864916414406e+02 -9.582884081210767135e+02 -6.118192276270732464e+02 2.289339999999999975e+01 4.276304692029953003e-02 -9.194374084472656250e-02 7.203342020511627197e-02 7.247857004404067993e-02
-4.610442435720507319e+02 -9.591583345957005804e+02 -6.113113864036848781e+02 2.289540000000000219e+01 5.411614477634429932e-02 6.705454085022211075e-03 7.203342020511627197e-02 7.247857004404067993e-02
-4.599080997286589536e+02 -9.600261195560723309e+02 -6.108048019426478277e+02 2.289740000000000109e+01 1.325104571878910065e-02 -4.876049235463142395e-02 7.203342020511627197e-02 7.247857004404067993e-02
-4.587697604303920684e+02 -9.608917588250554900e+02 -6.102994766824401722e+02 2.289939999999999998e+01 -2.946913242340087891e-02 -2.796265855431556702e-02 7.203342020511627197e-02 7.247857004404067993e-02
-4.577243865365139186e+02 -9.616834004602196728e+02 -6.098373539959459322e+02 2.290140000000000242e+01 3.937667235732078552e-03 5.736717209219932556e-02 7.203342020511627197e-02 7.247857004404067993e-02
-4.541945576072082531e+02 -9.643327764350250391e+02 -6.082908158399507101e+02 2.290340000000000131e+01 7.138571888208389282e-02 1.616895385086536407e-02 7.203342020511627197e-02 7.247857004404067993e-02
-4.530453228735233324e+02 -9.651876253787291944e+02 -6.077918226994424913e+02 2.290540000000000020e+01 -5.006214603781700134e-02 3.685908019542694092e-02 7.203342020511627197e-02 7.247857004404067993e-02
-4.518939255206284997e+02 -9.660403039356053796e+02 -6.072941031754651249e+02 2.290740000000000265e+01 -5.280201137065887451e-02 2.732819318771362305e-02 7.203342020511627197e-02 7.247857004404067993e-02
-4.507403710387318370e+02 -9.668908080397809499e+02 -6.067976596413182051e+02 2.290940000000000154e+01 9.180222637951374054e-03 3.728718310594558716e-02 7.203342020511627197e-02 7.247857004404067993e-02
-4.495846649564458062e+02 -9.677391336150084271e+02 -6.063024944763243411e+02 2.291140000000000043e+01 -1.296065300703048706e-01 5.539603903889656067e-02 7.203342020511627197e-02 7.247857004404067993e-02
-4.484268128248294261e+02 -9.685852765866785603e+02 -6.058086100588163845e+02 2.291340000000000288e+01 1.176227116957306862e-03 -7.724391762167215347e-03 7.203342020511627197e-02 7.247857004404067993e-02
-4.472668201528205145e+02 -9.694292329289739882e+02 -6.053160087386173700e+02 2.291540000000000177e+01 1.164880022406578064e-01 -4.180342331528663635e-02 7.203342020511627197e-02 7.247857004404067993e-02
-4.462016451747959991e+02 -9.702009630366052306e+02 -6.048655703923707279e+02 2.291740000000000066e+01 -1.290964931249618530e-01 1.254637986421585083e-01 7.203342020511627197e-02 7.247857004404067993e-02
-4.541945576072082531e+02 -9.643327764350250391e+02 -6.082908158399507101e+02 2.291940000000000310e+01 -1.196212992072105408e-01 -1.057525351643562317e-01 7.203342020511627197e-02 7.247857004404067993e-02
-4.530453228735233324e+02 -9.651876253787291944e+02 -6.077918226994424913e+02 2.292140000000000200e+01 -6.695652753114700317e-02 -1.535087544471025467e-02 7.203342020511627197e-02 7.247857004404067993e-02
-4.518939255206284997e+02 -9.660403039356053796e+02 -6.072941031754651249e+02 2.292340000000000089e+01 -4.764404147863388062e-03 5.596338212490081787e-02 7.203342020511627197e-02 7.247857004404067993e-02
-4.507403710387318370e+02 -9.668908080397809499e+02 -6.067976596413182051e+02 2.292539999999999978e+01 2.615812048316001892e-02 -1.085027530789375305e-01 7.203342020511627197e-02 7.247857004404067993e-02
-4.495846649564458062e+02 -9.677391336150084271e+02 -6.063024944763243411e+02 2.292740000000000222e+01 3.172637522220611572e-02 1.154496967792510986e-01 7.203342020511627197e-02 7.247857004404067993e-02
-4.484268128248294261e+02 -9.685852765866785603e+02 -6.058086100588163845e+02 2.292940000000000111e+01 -2.709645964205265045e-02 9.229285269975662231e-02 7.203342020511627197e-02 7.247857004404067993e-02
-4.472668201528205145e+02 -9.694292329289739882e+02 -6.053160087386173700e+02 2.293140000000000001e+01 1.453657541424036026e-02 -2.236471511423587799e-02 7.203342020511627197e-02 7.247857004404067993e-02
-4.462016451747959991e+02 -9.702009630366052306e+02 -6.048655703923707279e+02 2.293340000000000245e+01 5.351649224758148193e-02 -3.428239724598824978e-04 7.203342020511627197e-02 7.247857004404067993e-02
