# Baseline: 15-23
# u [m], v [m], w [m], frequency [GHz], real, imag
3.931385675890019684e+03 -2.146096664457611496e+03 3.657984389784734958e+03 2.267940000000000000e+19 -6.180462427437305450e-03 -2.305135596543550491e-03
3.939471063111119747e+03 -2.138676289249140609e+03 3.653629085500088422e+03 2.268140000000000000e+19 4.196023102849721909e-03 3.469006624072790146e-03
3.947537608350934079e+03 -2.131240656977459821e+03 3.649264873149112191e+03 2.268340000000000000e+19 -7.920399308204650879e-03 -1.061588991433382034e-03
3.955585273061451971e+03 -2.123789803175890029e+03 3.644891773587469743e+03 2.268540000000000000e+19 4.133461974561214447e-03 2.255332074128091335e-04
3.963614018728303563e+03 -2.116323763501966823e+03 3.640509807743512738e+03 2.268740000000000000e+19 -6.098182871937751770e-03 -3.670209320262074471e-03
3.971623806928097110e+03 -2.108842573686258675e+03 3.636118996588224036e+03 2.268940000000000000e+19 1.010197214782238007e-02 8.132497780025005341e-03
3.979614599161038768e+03 -2.101346269688376196e+03 3.631719361226800629e+03 2.269140000000000000e+19 -9.163197828456759453e-04 2.735882881097495556e-04
3.986923014984335168e+03 -2.094461602249711177e+03 3.627678739997822504e+03 2.269340000000000000e+19 -2.805135678499937057e-03 3.496474120765924454e-03
3.931385675890019684e+03 -2.146096664457611496e+03 3.657984389784734958e+03 2.269540000000000000e+19 2.083285944536328316e-03 -1.263841427862644196e-02
3.939471063111119747e+03 -2.138676289249140609e+03 3.653629085500088422e+03 2.269740000000000000e+19 1.014851033687591553e-03 3.794959280639886856e-03
3.947537608350934079e+03 -2.131240656977459821e+03 3.649264873149112191e+03 2.269940000000000000e+19 -6.598783656954765320e-03 1.129491371102631092e-03
3.955585273061451971e+03 -2.123789803175890029e+03 3.644891773587469743e+03 2.270140000000000000e+19 -8.241038769483566284e-03 -2.469844184815883636e-03
3.963614018728303563e+03 -2.116323763501966823e+03 3.640509807743512738e+03 2.270340000000000000e+19 9.376009693369269371e-04 2.467274433001875877e-03
3.971623806928097110e+03 -2.108842573686258675e+03 3.636118996588224036e+03 2.270540000000000000e+19 -3.315608249977231026e-03 6.156583782285451889e-03
3.979614599161038768e+03 -2.101346269688376196e+03 3.631719361226800629e+03 2.270740000000000000e+19 -4.334205761551856995e-03 -3.838084870949387550e-03
3.986923014984335168e+03 -2.094461602249711177e+03 3.627678739997822504e+03 2.270940000000000000e+19 1.487002009525895119e-03 4.265643190592527390e-03
4.011387046684479628e+03 -2.071210628847578391e+03 3.614032998513026996e+03 2.271140000000000000e+19 -5.113628692924976349e-03 -3.429833101108670235e-03
4.019282288116436121e+03 -2.063639292727301381e+03 3.609589558335550919e+03 2.271340000000000000e+19 -1.396912056952714920e-02 1.634815894067287445e-02
4.027158305557860785e+03 -2.056053058704925661e+03 3.605137420885032043e+03 2.271540000000000000e+19 -1.151238451711833477e-03 9.259652346372604370e-03
4.035015061426156990e+03 -2.048451962980668668e+03 3.600676607406323456e+03 2.271740000000000000e+19 -5.619719158858060837e-03 5.078641697764396667e-03
4.042852518093661274e+03 -2.040836041957895986e+03 3.596207139263283807e+03 2.271940000000000000e+19 -5.327121820300817490e-03 6.325880531221628189e-03
4.050670638052333288e+03 -2.033205332084376323e+03 3.591729037845606854e+03 2.272140000000000000e+19 1.582271070219576359e-03 8.890290744602680206e-03
4.058469383859755908e+03 -2.025559869905477171e+03 3.587242324600047141e+03 2.272340000000000000e+19 3.907461068592965603e-04 -1.192630641162395477e-02
4.065601430306988732e+03 -2.018538788175201944e+03 3.583122066279839146e+03 2.272540000000000000e+19 -1.336483005434274673e-02 4.190951585769653320e-03
4.011387046684479628e+03 -2.071210628847578391e+03 3.614032998513026996e+03 2.272740000000000000e+19 1.040130038745701313e-03 -1.799610326997935772e-03
4.019282288116436121e+03 -2.063639292727301381e+03 3.609589558335550919e+03 2.272940000000000000e+19 -1.549708773382008076e-03 -1.279743760824203491e-02
4.027158305557860785e+03 -2.056053058704925661e+03 3.605137420885032043e+03 2.273140000000000000e+19 8.005734416656196117e-04 9.849916212260723114e-03
4.035015061426156990e+03 -2.048451962980668668e+03 3.600676607406323456e+03 2.273340000000000000e+19 -7.160953711718320847e-03 2.275920007377862930e-03
4.042852518093661274e+03 -2.040836041957895986e+03 3.596207139263283807e+03 2.273540000000000000e+19 4.087699111551046371e-03 -2.300961129367351532e-02
4.050670638052333288e+03 -2.033205332084376323e+03 3.591729037845606854e+03 2.273740000000000000e+19 -2.806818298995494843e-02 1.227601151913404465e-02
4.058469383859755908e+03 -2.025559869905477171e+03 3.587242324600047141e+03 2.273940000000000000e+19 6.090243812650442123e-03 4.403204657137393951e-03
4.065601430306988732e+03 -2.018538788175201944e+03 3.583122066279839146e+03 2.274140000000000000e+19 -1.203671935945749283e-02 1.912722946144640446e-03
4.089469880950249262e+03 -1.994831230548062877e+03 3.569209783149432042e+03 2.274340000000000000e+19 6.231797160580754280e-04 7.370478473603725433e-03
4.097171198130460652e+03 -1.987112556979900774e+03 3.564680333606675504e+03 2.274540000000000000e+19 -2.437345916405320168e-03 -5.422226153314113617e-03
4.104852918727830001e+03 -1.979379351587147312e+03 3.560142401621241788e+03 2.274740000000000000e+19 1.383312483085319400e-04 -5.460381042212247849e-03
4.112515005845914857e+03 -1.971631651513580209e+03 3.555596008989526581e+03 2.274940000000000000e+19 7.517655845731496811e-03 1.542677171528339386e-03
4.120157422975838017e+03 -1.963869493675550984e+03 3.551041177374262134e+03 2.275140000000000000e+19 1.494177524000406265e-02 -5.631255917251110077e-03
4.127780133303661387e+03 -1.956092915464182624e+03 3.546477928716556562e+03 2.275340000000000000e+19 1.744492724537849426e-02 1.271077618002891541e-02
4.135383100535350422e+03 -1.948301953906832978e+03 3.541906284743851302e+03 2.275540000000000000e+19 5.401352420449256897e-03 -1.891432143747806549e-02
4.142335364449037115e+03 -1.941147817955436494e+03 3.537708361160522145e+03 2.275740000000000000e+19 5.774407181888818741e-03 9.209753945469856262e-03
4.089469880950249262e+03 -1.994831230548062877e+03 3.569209783149432042e+03 2.275940000000000000e+19 2.087785489857196808e-02 9.825908578932285309e-03
4.097171198130460652e+03 -1.987112556979900774e+03 3.564680333606675504e+03 2.276140000000000000e+19 3.031555097550153732e-03 1.478132326155900955e-02
4.104852918727830001e+03 -1.979379351587147312e+03 3.560142401621241788e+03 2.276340000000000000e+19 -2.298622392117977142e-03 6.220297073014080524e-04
4.112515005845914857e+03 -1.971631651513580209e+03 3.555596008989526581e+03 2.276540000000000000e+19 -2.780380472540855408e-02 1.256281603127717972e-02
4.120157422975838017e+03 -1.963869493675550984e+03 3.551041177374262134e+03 2.276740000000000000e+19 -8.431311696767807007e-03 -1.611975021660327911e-02
4.127780133303661387e+03 -1.956092915464182624e+03 3.546477928716556562e+03 2.276940000000000000e+19 -4.146554507315158844e-03 1.987813413143157959e-02
4.135383100535350422e+03 -1.948301953906832978e+03 3.541906284743851302e+03 2.277140000000000000e+19 -6.193518172949552536e-03 6.334237288683652878e-03
4.142335364449037115e+03 -1.941147817955436494e+03 3.537708361160522145e+03 2.277340000000000000e+19 -1.032468304038047791e-02 -6.014361977577209473e-03
4.165596811675633944e+03 -1.916995021498628603e+03 3.523536194195692133e+03 2.277540000000000000e+19 -1.844351063482463360e-03 -2.474653534591197968e-02
4.173100519296735911e+03 -1.909132704108141525e+03 3.518922902771464578e+03 2.277740000000000000e+19 3.829561546444892883e-02 3.571843728423118591e-02
4.180584266799247416e+03 -1.901256228247562149e+03 3.514301347983606320e+03 2.277940000000000000e+19 -2.133150992449373007e-04 -5.649433471262454987e-03
4.188048018550400229e+03 -1.893365631419610281e+03 3.509671551837006973e+03 2.278140000000000000e+19 3.336210548877716064e-02 -1.080952491611242294e-02
4.195491738622741650e+03 -1.885460951606512026e+03 3.505033536617690061e+03 2.278340000000000000e+19 1.940797455608844757e-02 2.284368313848972321e-02
4.202915391600040493e+03 -1.877542226417764368e+03 3.500387324392775099e+03 2.278540000000000000e+19 -1.250804029405117035e-02 9.738729335367679596e-03
4.210318941747845201e+03 -1.869609493970973972e+03 3.495732937527300692e+03 2.278740000000000000e+19 -5.510960239917039871e-03 -5.602139979600906372e-03
4.217088096367789149e+03 -1.862325727165052058e+03 3.491459357454414658e+03 2.278940000000000000e+19 -1.041781436651945114e-02 6.493953405879437923e-04
4.165596811675633944e+03 -1.916995021498628603e+03 3.523536194195692133e+03 2.279140000000000000e+19 1.515568327158689499e-02 -9.109188802540302277e-03
4.173100519296735911e+03 -1.909132704108141525e+03 3.518922902771464578e+03 2.279340000000000000e+19 1.082848291844129562e-02 -1.864854712039232254e-03
4.180584266799247416e+03 -1.901256228247562149e+03 3.514301347983606320e+03 2.279540000000000000e+19 -5.928440019488334656e-03 1.673023216426372528e-02
4.188048018550400229e+03 -1.893365631419610281e+03 3.509671551837006973e+03 2.279740000000000000e+19 -1.646483503282070160e-02 5.348000675439834595e-03
4.195491738622741650e+03 -1.885460951606512026e+03 3.505033536617690061e+03 2.279940000000000000e+19 5.842314567416906357e-03 -1.104649342596530914e-02
4.202915391600040493e+03 -1.877542226417764368e+03 3.500387324392775099e+03 2.280140000000000000e+19 3.014674223959445953e-02 3.144382266327738762e-03
4.210318941747845201e+03 -1.869609493970973972e+03 3.495732937527300692e+03 2.280340000000000000e+19 -4.828791716136038303e-04 -1.514265686273574829e-02
4.217088096367789149e+03 -1.862325727165052058e+03 3.491459357454414658e+03 2.280540000000000000e+19 1.808740384876728058e-02 1.230308786034584045e-02
4.238512351061605841e+03 -1.839071608076479379e+03 3.477815793276737622e+03 2.280740000000000000e+19 -4.785045981407165527e-03 -4.294851329177618027e-03
4.245818240364123994e+03 -1.831071709654878532e+03 3.473122209999663482e+03 2.280940000000000000e+19 1.591695821844041348e-03 1.973456703126430511e-03
4.253103821644302116e+03 -1.823058026232727343e+03 3.468420582484686747e+03 2.281140000000000000e+19 -2.357526216655969620e-03 -3.652517218142747879e-03
4.260369059908679446e+03 -1.815030596301156038e+03 3.463710933314561316e+03 2.281340000000000000e+19 3.205701475962996483e-03 4.760965239256620407e-03
4.267613920590415546e+03 -1.806989458053824592e+03 3.458993284897309422e+03 2.281540000000000000e+19 -5.738545209169387817e-03 -6.920789601281285286e-04
4.274838368840723888e+03 -1.798934650169438100e+03 3.454267659925317275e+03 2.281740000000000000e+19 2.317934995517134666e-03 4.485199693590402603e-03
4.282042370186341032e+03 -1.790866211084236966e+03 3.449534080948515566e+03 2.281940000000000000e+19 -4.873039200901985168e-03 -4.017448518425226212e-03
4.288628307687502456e+03 -1.783458372954413335e+03 3.445188099623086600e+03 2.282140000000000000e+19 -6.037157494574785233e-03 1.172044780105352402e-02
4.238512351061605841e+03 -1.839071608076479379e+03 3.477815793276737622e+03 2.282340000000000000e+19 -1.284586964175105095e-03 5.048324819654226303e-03
4.245818240364123994e+03 -1.831071709654878532e+03 3.473122209999663482e+03 2.282540000000000000e+19 -9.737106040120124817e-03 1.327123679220676422e-02
4.253103821644302116e+03 -1.823058026232727343e+03 3.468420582484686747e+03 2.282740000000000000e+19 5.893379915505647659e-03 1.047604065388441086e-02
4.260369059908679446e+03 -1.815030596301156038e+03 3.463710933314561316e+03 2.282940000000000000e+19 7.855007424950599670e-03 2.146186772733926773e-03
4.267613920590415546e+03 -1.806989458053824592e+03 3.458993284897309422e+03 2.283140000000000000e+19 -5.061050411313772202e-03 -1.466975547373294830e-03
4.274838368840723888e+03 -1.798934650169438100e+03 3.454267659925317275e+03 2.283340000000000000e+19 1.127257244661450386e-03 -3.243842162191867828e-03
4.282042370186341032e+03 -1.790866211084236966e+03 3.449534080948515566e+03 2.283540000000000000e+19 -6.090242415666580200e-03 1.460093259811401367e-02
4.288628307687502456e+03 -1.783458372954413335e+03 3.445188099623086600e+03 2.283740000000000000e+19 7.423785049468278885e-03 -1.489731855690479279e-02
4.310653218237323927e+03 -1.758456916230674551e+03 3.430520678783346284e+03 2.283940000000000000e+19 -9.707107208669185638e-03 -1.076088193804025650e-02
4.317754469675956898e+03 -1.750320901866555914e+03 3.425747670477421707e+03 2.284140000000000000e+19 -8.240524679422378540e-03 6.378762889653444290e-03
4.324835068923445760e+03 -1.742171488840711163e+03 3.420966844589318953e+03 2.284340000000000000e+19 2.091520233079791069e-03 -3.651411039754748344e-03
4.331894981871992059e+03 -1.734008716409562339e+03 3.416178224148697609e+03 2.284540000000000000e+19 1.820203475654125214e-02 6.673984695225954056e-03
4.338934174906877161e+03 -1.725832623439002646e+03 3.411381831955908638e+03 2.284740000000000000e+19 -6.813798099756240845e-03 1.000240724533796310e-02
4.345952614291040845e+03 -1.717643249114413038e+03 3.406577690998527487e+03 2.284940000000000000e+19 -9.405824355781078339e-03 -3.423597896471619606e-03
4.352950266338476467e+03 -1.709440632742186381e+03 3.401765824334911940e+03 2.285140000000000000e+19 7.477486040443181992e-03 1.032917108386754990e-02
4.359346756557894878e+03 -1.701910136035257437e+03 3.397348277155545475e+03 2.285340000000000000e+19 3.182064276188611984e-03 1.940760016441345215e-02
4.310653218237323927e+03 -1.758456916230674551e+03 3.430520678783346284e+03 2.285540000000000000e+19 1.388660352677106857e-02 2.637690864503383636e-03
4.317754469675956898e+03 -1.750320901866555914e+03 3.425747670477421707e+03 2.285740000000000000e+19 -9.327555075287818909e-03 -8.265244774520397186e-03
4.324835068923445760e+03 -1.742171488840711163e+03 3.420966844589318953e+03 2.285940000000000000e+19 -3.316010581329464912e-03 -7.674037478864192963e-03
4.331894981871992059e+03 -1.734008716409562339e+03 3.416178224148697609e+03 2.286140000000000000e+19 7.872538990341126919e-04 -3.873333800584077835e-03
4.338934174906877161e+03 -1.725832623439002646e+03 3.411381831955908638e+03 2.286340000000000000e+19 -3.479845356196165085e-03 -1.722284406423568726e-02
4.345952614291040845e+03 -1.717643249114413038e+03 3.406577690998527487e+03 2.286540000000000000e+19 -3.832954214885830879e-03 -9.099610149860382080e-03
4.352950266338476467e+03 -1.709440632742186381e+03 3.401765824334911940e+03 2.286740000000000000e+19 8.731824345886707306e-03 -1.224262733012437820e-02
4.359346756557894878e+03 -1.701910136035257437e+03 3.397348277155545475e+03 2.286940000000000000e+19 -1.387217268347740173e-02 6.851075217127799988e-03
4.380732333687516075e+03 -1.676498531895230371e+03 3.382441561185949467e+03 2.287140000000000000e+19 -8.556676097214221954e-03 1.154086738824844360e-02
4.387625549129391402e+03 -1.668230294894889084e+03 3.377591411867752413e+03 2.287340000000000000e+19 -7.640157360583543777e-03 -8.067584596574306488e-03
4.394497777800690528e+03 -1.659949052325444427e+03 3.372733675564747045e+03 2.287540000000000000e+19 1.443618163466453552e-02 -4.042251035571098328e-03
4.401348986980460722e+03 -1.651654843616946891e+03 3.367868375406420910e+03 2.287740000000000000e+19 -4.508046898990869522e-03 6.470521911978721619e-03
4.408179143689697412e+03 -1.643347708694378298e+03 3.362995534812378082e+03 2.287940000000000000e+19 -1.118793338537216187e-02 1.259051030501723289e-03
4.414988215431370008e+03 -1.635027687082245166e+03 3.358115176967023672e+03 2.288140000000000000e+19 -1.874236389994621277e-02 4.389133304357528687e-03
4.421776169429579568e+03 -1.626694818829732867e+03 3.353227325362503962e+03 2.288340000000000000e+19 6.110950838774442673e-03 4.346419125795364380e-03
4.427980151319354263e+03 -1.619045267279975178e+03 3.348740326356169589e+03 2.288540000000000000e+19 -3.763664513826370239e-03 -8.183938451111316681e-03
4.380732333687516075e+03 -1.676498531895230371e+03 3.382441561185949467e+03 2.288740000000000000e+19 -1.621176302433013916e-02 1.938252337276935577e-02
4.387625549129391402e+03 -1.668230294894889084e+03 3.377591411867752413e+03 2.288940000000000000e+19 -7.674561813473701477e-03 -8.041151799261569977e-03
4.394497777800690528e+03 -1.659949052325444427e+03 3.372733675564747045e+03 2.289140000000000000e+19 -3.377322806045413017e-03 -6.688413675874471664e-03
4.401348986980460722e+03 -1.651654843616946891e+03 3.367868375406420910e+03 2.289340000000000000e+19 -2.418907172977924347e-02 -5.966112948954105377e-03
4.408179143689697412e+03 -1.643347708694378298e+03 3.362995534812378082e+03 2.289540000000000000e+19 4.893437726423144341e-04 1.197155937552452087e-02
4.414988215431370008e+03 -1.635027687082245166e+03 3.358115176967023672e+03 2.289740000000000000e+19 -2.182338759303092957e-02 -3.041362203657627106e-02
4.421776169429579568e+03 -1.626694818829732867e+03 3.353227325362503962e+03 2.289940000000000000e+19 -1.681848801672458649e-02 -1.066970452666282654e-02
4.427980151319354263e+03 -1.619045267279975178e+03 3.348740326356169589e+03 2.290140000000000000e+19 1.372458320111036301e-02 -9.348664432764053345e-03
4.448716160960178058e+03 -1.593235676490467085e+03 3.333601448894296482e+03 2.290340000000000000e+19 3.247826360166072845e-03 -9.664479148341342807e-05
4.455398041508799906e+03 -1.584839173804701886e+03 3.328676479712843957e+03 2.290540000000000000e+19 -6.053728982806205750e-03 -6.589150987565517426e-03
4.462058610972021597e+03 -1.576430064610430236e+03 3.323744157624617856e+03 2.290740000000000000e+19 1.643262989819049835e-02 5.134166713105514646e-05
4.468697837589869778e+03 -1.568008389004848141e+03 3.318804506148442215e+03 2.290940000000000000e+19 -4.575557075440883636e-03 3.504246845841407776e-02
4.475315689542209839e+03 -1.559574187350362081e+03 3.313857548958499592e+03 2.291140000000000000e+19 -2.125839143991470337e-02 4.500341136008501053e-03
4.481912135042794034e+03 -1.551127500157888790e+03 3.308903309815883404e+03 2.291340000000000000e+19 -9.422458708286285400e-03 1.142154354602098465e-02
4.488487142706825580e+03 -1.542668367615839088e+03 3.303941812292328450e+03 2.291540000000000000e+19 -1.638735458254814148e-02 -4.001612588763237000e-02
4.494495646304291768e+03 -1.534903423277107549e+03 3.299387509511468124e+03 2.291740000000000000e+19 7.347544305957853794e-04 -7.545536849647760391e-03
4.448716160960178058e+03 -1.593235676490467085e+03 3.333601448894296482e+03 2.291940000000000000e+19 1.753472536802291870e-02 4.290819633752107620e-03
4.455398041508799906e+03 -1.584839173804701886e+03 3.328676479712843957e+03 2.292140000000000000e+19 -1.389166153967380524e-02 -2.684835344552993774e-02
4.462058610972021597e+03 -1.576430064610430236e+03 3.323744157624617856e+03 2.292340000000000000e+19 5.972305778414011002e-03 1.629021763801574707e-02
4.468697837589869778e+03 -1.568008389004848141e+03 3.318804506148442215e+03 2.292540000000000000e+19 2.179775759577751160e-02 7.902459241449832916e-03
4.475315689542209839e+03 -1.559574187350362081e+03 3.313857548958499592e+03 2.292740000000000000e+19 -7.045159582048654556e-03 2.075184509158134460e-02
4.481912135042794034e+03 -1.551127500157888790e+03 3.308903309815883404e+03 2.292940000000000000e+19 -3.130809962749481201e-02 -3.377799584995955229e-04
4.488487142706825580e+03 -1.542668367615839088e+03 3.303941812292328450e+03 2.293140000000000000e+19 1.940784044563770294e-02 1.314759161323308945e-02
4.494495646304291768e+03 -1.534903423277107549e+03 3.299387509511468124e+03 2.293340000000000000e+19 6.096823140978813171e-03 4.542692098766565323e-03
