# Baseline: 16-20
# Entries: 128
# u [m], v [m], w [m], frequency [GHz], real, imag
1.084988002995297336e+02 -8.822800067578586095e+03 -9.909591733577224204e+02 2.267940000000000000e+19 2.812611758708953857e-01 7.176034152507781982e-02
1.240592923585794551e+02 -8.822578076841184156e+03 -9.911097191605247190e+02 2.268140000000000000e+19 -1.374727487564086914e-01 1.724789291620254517e-01
1.396191616285383930e+02 -8.822326710418770745e+03 -9.912774635447275386e+02 2.268340000000000000e+19 3.925814107060432434e-02 -2.029162496328353882e-01
1.551783337523550870e+02 -8.822045969512793818e+03 -9.914624057085413824e+02 2.268540000000000000e+19 -2.058397680521011353e-01 9.818843007087707520e-02
1.668472365765427980e+02 -8.821817055504217933e+03 -9.916118604666361307e+02 2.268740000000000000e+19 9.854546189308166504e-02 4.410600662231445312e-02
1.862942887167896515e+02 -8.821396369763264374e+03 -9.918838797531875571e+02 2.268940000000000000e+19 -3.439256921410560608e-02 2.504844963550567627e-01
2.018509223195338507e+02 -8.821027514036204593e+03 -9.921204096119517999e+02 2.269140000000000000e+19 1.048054471611976624e-01 -9.689991362392902374e-03
2.212953510180177830e+02 -8.820526335049875343e+03 -9.924395540637565318e+02 2.269340000000000000e+19 -4.205990955233573914e-02 -8.032732456922531128e-02
1.084988002995297336e+02 -8.822800067578586095e+03 -9.909591733577224204e+02 2.269540000000000000e+19 -2.366645075380802155e-02 -8.602245151996612549e-02
1.240592923585794551e+02 -8.822578076841184156e+03 -9.911097191605247190e+02 2.269740000000000000e+19 -1.054428219795227051e-01 -5.802654847502708435e-02
1.396191616285383930e+02 -8.822326710418770745e+03 -9.912774635447275386e+02 2.269940000000000000e+19 9.276043623685836792e-02 -1.027505472302436829e-01
1.551783337523550870e+02 -8.822045969512793818e+03 -9.914624057085413824e+02 2.270140000000000000e+19 -5.818448215723037720e-02 3.856970742344856262e-02
1.668472365765427980e+02 -8.821817055504217933e+03 -9.916118604666361307e+02 2.270340000000000000e+19 6.151185929775238037e-02 -7.930858060717582703e-03
1.862942887167896515e+02 -8.821396369763264374e+03 -9.918838797531875571e+02 2.270540000000000000e+19 3.048567660152912140e-02 2.424576692283153534e-02
2.018509223195338507e+02 -8.821027514036204593e+03 -9.921204096119517999e+02 2.270740000000000000e+19 1.490397099405527115e-02 -3.487322106957435608e-02
2.212953510180177830e+02 -8.820526335049875343e+03 -9.924395540637565318e+02 2.270940000000000000e+19 -8.131296932697296143e-02 -4.141289740800857544e-02
2.640667627030967992e+02 -8.819258428225735770e+03 -9.932384539481786305e+02 2.271140000000000000e+19 3.708451986312866211e-02 7.839721441268920898e-02
2.796176770519257389e+02 -8.818742751630668863e+03 -9.935609395688503582e+02 2.271340000000000000e+19 -5.314756557345390320e-02 1.164342686533927917e-01
2.951672240418950537e+02 -8.818197717710780125e+03 -9.939006120363665104e+02 2.271540000000000000e+19 -3.502179309725761414e-02 5.539737641811370850e-02
3.107153294736081648e+02 -8.817623329067200757e+03 -9.942574697296390696e+02 2.271740000000000000e+19 -3.398723527789115906e-02 -5.636962503194808960e-02
3.262619188837794013e+02 -8.817019588450872106e+03 -9.946315109395238778e+02 2.271940000000000000e+19 5.576154962182044983e-02 -5.112226679921150208e-02
3.418069178705194417e+02 -8.816386498751062391e+03 -9.950227338759610802e+02 2.272140000000000000e+19 -8.174850791692733765e-02 -1.321964710950851440e-01
3.573502519854375805e+02 -8.815724063000181559e+03 -9.954311366650226773e+02 2.272340000000000000e+19 -7.708777487277984619e-02 -1.315841358155012131e-02
3.715968053616446127e+02 -8.815091426775288710e+03 -9.958203775720021440e+02 2.272540000000000000e+19 9.426934272050857544e-02 2.462449669837951660e-02
2.640667627030967992e+02 -8.819258428225735770e+03 -9.932384539481786305e+02 2.272740000000000000e+19 -2.132897265255451202e-02 -5.356196686625480652e-02
2.796176770519257389e+02 -8.818742751630668863e+03 -9.935609395688503582e+02 2.272940000000000000e+19 -3.889250010251998901e-02 -4.501669481396675110e-02
2.951672240418950537e+02 -8.818197717710780125e+03 -9.939006120363665104e+02 2.273140000000000000e+19 1.622316241264343262e-02 -1.205639615654945374e-01
3.107153294736081648e+02 -8.817623329067200757e+03 -9.942574697296390696e+02 2.273340000000000000e+19 -6.675652414560317993e-02 -1.451389957219362259e-02
3.262619188837794013e+02 -8.817019588450872106e+03 -9.946315109395238778e+02 2.273540000000000000e+19 -9.866228792816400528e-04 4.021405056118965149e-02
3.418069178705194417e+02 -8.816386498751062391e+03 -9.950227338759610802e+02 2.273740000000000000e+19 -3.048554435372352600e-02 6.556277722120285034e-02
3.573502519854375805e+02 -8.815724063000181559e+03 -9.954311366650226773e+02 2.273940000000000000e+19 -3.708492591977119446e-02 6.026878580451011658e-02
3.715968053616446127e+02 -8.815091426775288710e+03 -9.958203775720021440e+02 2.274140000000000000e+19 -8.391898125410079956e-02 1.630743294954299927e-01
4.195054529938471433e+02 -8.812780924958280593e+03 -9.972365060473877065e+02 2.274340000000000000e+19 4.261381551623344421e-02 4.182456806302070618e-02
4.350393473435075293e+02 -8.811971809305801798e+03 -9.977307771424226530e+02 2.274540000000000000e+19 -4.803977534174919128e-02 -5.055795237421989441e-02
4.505711308519519207e+02 -8.811133368719218197e+03 -9.982422151363484772e+02 2.274740000000000000e+19 8.147710561752319336e-02 -1.688329502940177917e-02
4.661007289176718587e+02 -8.810265607225697750e+03 -9.987708175726005493e+02 2.274940000000000000e+19 1.997922547161579132e-02 1.103539764881134033e-02
4.816280675446062105e+02 -8.809368528959574178e+03 -9.993165819326811743e+02 2.275140000000000000e+19 -8.578463643789291382e-02 -3.898007853422313929e-04
4.971530719362954187e+02 -8.808442138242444344e+03 -9.998795055873803221e+02 2.275340000000000000e+19 1.167290732264518738e-01 4.801211506128311157e-02
5.126756681727179057e+02 -8.807486439485766823e+03 -1.000459585856043418e+03 2.275540000000000000e+19 -2.139021456241607666e-02 -2.499475702643394470e-02
5.269025680012479143e+02 -8.806585012934812767e+03 -1.001006176971436730e+03 2.275740000000000000e+19 1.230997815728187561e-01 -2.232152409851551056e-02
4.195054529938471433e+02 -8.812780924958280593e+03 -9.972365060473877065e+02 2.275940000000000000e+19 -7.188943028450012207e-02 7.267679087817668915e-03
4.350393473435075293e+02 -8.811971809305801798e+03 -9.977307771424226530e+02 2.276140000000000000e+19 -9.611864574253559113e-03 2.748497948050498962e-02
4.505711308519519207e+02 -8.811133368719218197e+03 -9.982422151363484772e+02 2.276340000000000000e+19 2.228052914142608643e-02 -4.974470660090446472e-02
4.661007289176718587e+02 -8.810265607225697750e+03 -9.987708175726005493e+02 2.276540000000000000e+19 8.894853293895721436e-02 -1.385150849819183350e-01
4.816280675446062105e+02 -8.809368528959574178e+03 -9.993165819326811743e+02 2.276740000000000000e+19 4.950621724128723145e-02 -5.936922505497932434e-02
4.971530719362954187e+02 -8.808442138242444344e+03 -9.998795055873803221e+02 2.276940000000000000e+19 -4.086483269929885864e-02 -2.197916992008686066e-02
5.126756681727179057e+02 -8.807486439485766823e+03 -1.000459585856043418e+03 2.277140000000000000e+19 2.246683463454246521e-02 7.838086783885955811e-02
5.269025680012479143e+02 -8.806585012934812767e+03 -1.001006176971436730e+03 2.277340000000000000e+19 -5.438112653791904449e-03 6.786759197711944580e-02
5.747404849235924758e+02 -8.803370657706884231e+03 -1.002951416276264467e+03 2.277540000000000000e+19 -1.563187390565872192e-01 9.431801736354827881e-02
5.902499258341443920e+02 -8.802268490191754609e+03 -1.003617236313190688e+03 2.277740000000000000e+19 7.848885655403137207e-02 -4.419482126832008362e-02
6.057565127822728073e+02 -8.801137044201073877e+03 -1.004300195064840750e+03 2.277940000000000000e+19 1.761350482702255249e-01 -1.402683556079864502e-02
6.212601719356009653e+02 -8.799976325122055641e+03 -1.005000289279368644e+03 2.278140000000000000e+19 7.259873300790786743e-02 4.318273812532424927e-02
6.367608286657298322e+02 -8.798786338542005979e+03 -1.005717515586720538e+03 2.278340000000000000e+19 1.115438994020223618e-02 -4.128034412860870361e-02
6.522584092225033601e+02 -8.797567090122778609e+03 -1.006451870574361124e+03 2.278540000000000000e+19 -9.293467551469802856e-02 1.199347227811813354e-01
6.677528390067782311e+02 -8.796318585733379223e+03 -1.007203350707338927e+03 2.278740000000000000e+19 -5.721682682633399963e-02 5.529843270778656006e-02
6.819532774995064983e+02 -8.795148800206887245e+03 -1.007907030473009058e+03 2.278940000000000000e+19 -7.527465932071208954e-03 -1.372756622731685638e-02
5.747404849235924758e+02 -8.803370657706884231e+03 -1.002951416276264467e+03 2.279140000000000000e+19 3.689745068550109863e-02 -3.878707066178321838e-02
5.902499258341443920e+02 -8.802268490191754609e+03 -1.003617236313190688e+03 2.279340000000000000e+19 2.971892990171909332e-02 -3.722485899925231934e-02
6.057565127822728073e+02 -8.801137044201073877e+03 -1.004300195064840750e+03 2.279540000000000000e+19 1.342307217419147491e-02 8.168780058622360229e-02
6.212601719356009653e+02 -8.799976325122055641e+03 -1.005000289279368644e+03 2.279740000000000000e+19 4.224050790071487427e-02 5.284033715724945068e-02
6.367608286657298322e+02 -8.798786338542005979e+03 -1.005717515586720538e+03 2.279940000000000000e+19 6.191325932741165161e-02 9.382329136133193970e-02
6.522584092225033601e+02 -8.797567090122778609e+03 -1.006451870574361124e+03 2.280140000000000000e+19 8.511786162853240967e-02 -4.525325074791908264e-02
6.677528390067782311e+02 -8.796318585733379223e+03 -1.007203350707338927e+03 2.280340000000000000e+19 5.345488339662551880e-02 -7.801203429698944092e-02
6.819532774995064983e+02 -8.795148800206887245e+03 -1.007907030473009058e+03 2.280540000000000000e+19 -8.559636771678924561e-02 3.909004479646682739e-02
7.271176316097700010e+02 -8.791261737412907678e+03 -1.010242604277463670e+03 2.280740000000000000e+19 8.322841674089431763e-02 -3.226733300834894180e-03
7.425957888074406128e+02 -8.789871915824563985e+03 -1.011076803828330981e+03 2.280940000000000000e+19 -2.962587587535381317e-02 -4.167610034346580505e-02
7.580703631715429083e+02 -8.788452875071188828e+03 -1.011928106403802872e+03 2.281140000000000000e+19 -7.903048396110534668e-02 -1.228897273540496826e-01
7.735412803754151128e+02 -8.787004621969039363e+03 -1.012796507914683275e+03 2.281340000000000000e+19 2.839095331728458405e-02 -7.100027799606323242e-02
7.890084668104369712e+02 -8.785527163409047716e+03 -1.013682004228996107e+03 2.281540000000000000e+19 -5.989093333482742310e-02 9.994726628065109253e-02
8.044718480776136857e+02 -8.784020506497694441e+03 -1.014584591087515605e+03 2.281740000000000000e+19 1.026783064007759094e-01 7.123211771249771118e-02
8.199313503887781280e+02 -8.782484658425009911e+03 -1.015504264182914994e+03 2.281940000000000000e+19 -1.146647855639457703e-01 5.164049193263053894e-02
8.340991411280620014e+02 -8.781051531824368794e+03 -1.016362086446118269e+03 2.282140000000000000e+19 1.262169927358627319e-01 -1.169935166835784912e-01
7.271176316097700010e+02 -8.791261737412907678e+03 -1.010242604277463670e+03 2.282340000000000000e+19 -2.082187449559569359e-03 6.010274868458509445e-03
7.425957888074406128e+02 -8.789871915824563985e+03 -1.011076803828330981e+03 2.282540000000000000e+19 8.889156579971313477e-02 -1.282205246388912201e-02
7.580703631715429083e+02 -8.788452875071188828e+03 -1.011928106403802872e+03 2.282740000000000000e+19 -8.045863360166549683e-02 -1.390935480594635010e-01
7.735412803754151128e+02 -8.787004621969039363e+03 -1.012796507914683275e+03 2.282940000000000000e+19 -2.963983826339244843e-02 -1.063445135951042175e-01
7.890084668104369712e+02 -8.785527163409047716e+03 -1.013682004228996107e+03 2.283140000000000000e+19 1.038582175970077515e-01 -6.863550096750259399e-02
8.044718480776136857e+02 -8.784020506497694441e+03 -1.014584591087515605e+03 2.283340000000000000e+19 5.538030713796615601e-02 -1.223296895623207092e-01
8.199313503887781280e+02 -8.782484658425009911e+03 -1.015504264182914994e+03 2.283540000000000000e+19 -1.559004336595535278e-01 -7.885480672121047974e-02
8.340991411280620014e+02 -8.781051531824368794e+03 -1.016362086446118269e+03 2.283740000000000000e+19 -8.870071917772293091e-02 3.133975341916084290e-02
8.817290901724393279e+02 -8.776049503665166412e+03 -1.019353729652501897e+03 2.283940000000000000e+19 -1.451013684272766113e-01 4.932526964694261551e-03
8.971680878801934114e+02 -8.774367812875061645e+03 -1.020358766251040606e+03 2.284140000000000000e+19 6.015945971012115479e-02 9.321980923414230347e-02
9.126027632272279106e+02 -8.772656977094951799e+03 -1.021380861466842134e+03 2.284340000000000000e+19 1.361202150583267212e-01 -3.120569139719009399e-02
9.280330418634447369e+02 -8.770917004566099422e+03 -1.022420010376334517e+03 2.284540000000000000e+19 -1.601459342055022717e-03 4.623507335782051086e-02
9.434588503198111766e+02 -8.769147903573162694e+03 -1.023476208031707529e+03 2.284740000000000000e+19 -9.981516003608703613e-02 8.312613517045974731e-02
9.588801146649531120e+02 -8.767349682594462138e+03 -1.024549449371149421e+03 2.284940000000000000e+19 7.117616385221481323e-02 -7.287789601832628250e-03
9.742967608819665202e+02 -8.765522350261080646e+03 -1.025639729243288457e+03 2.285140000000000000e+19 6.918437429703772068e-04 8.331384509801864624e-03
9.884246274285144409e+02 -8.763822099969460396e+03 -1.026653899095645784e+03 2.285340000000000000e+19 1.125453859567642212e-01 5.288107320666313171e-02
8.817290901724393279e+02 -8.776049503665166412e+03 -1.019353729652501897e+03 2.285540000000000000e+19 -4.559357184916734695e-03 -1.959942840039730072e-02
8.971680878801934114e+02 -8.774367812875061645e+03 -1.020358766251040606e+03 2.285740000000000000e+19 2.087033689022064209e-01 1.293399278074502945e-02
9.126027632272279106e+02 -8.772656977094951799e+03 -1.021380861466842134e+03 2.285940000000000000e+19 -2.561124972999095917e-03 -5.730366799980401993e-03
9.280330418634447369e+02 -8.770917004566099422e+03 -1.022420010376334517e+03 2.286140000000000000e+19 -6.917688995599746704e-02 -1.000027060508728027e-01
9.434588503198111766e+02 -8.769147903573162694e+03 -1.023476208031707529e+03 2.286340000000000000e+19 2.133782766759395599e-02 -2.384668588638305664e-02
9.588801146649531120e+02 -8.767349682594462138e+03 -1.024549449371149421e+03 2.286540000000000000e+19 9.267206490039825439e-02 -5.040565878152847290e-02
9.742967608819665202e+02 -8.765522350261080646e+03 -1.025639729243288457e+03 2.286740000000000000e+19 -1.773520372807979584e-02 4.443592578172683716e-02
9.884246274285144409e+02 -8.763822099969460396e+03 -1.026653899095645784e+03 2.286940000000000000e+19 7.868887856602668762e-03 6.743579357862472534e-02
1.035915690980672025e+03 -8.757922084168840229e+03 -1.030171128601105465e+03 2.287140000000000000e+19 -2.114113792777061462e-02 1.461465656757354736e-02
1.051308141224704059e+03 -8.755949328918546598e+03 -1.031346521302254587e+03 2.287340000000000000e+19 -3.029321692883968353e-02 -1.050245016813278198e-01
1.066695531004887016e+03 -8.753947516875057772e+03 -1.032538920005476939e+03 2.287540000000000000e+19 1.022877916693687439e-01 6.783695891499519348e-03
1.082077787056423176e+03 -8.751916657569940071e+03 -1.033748319033177268e+03 2.287740000000000000e+19 -1.135790273547172546e-01 -8.169958367943763733e-03
1.097454835335292728e+03 -8.749856760778866374e+03 -1.034974712563792764e+03 2.287940000000000000e+19 -1.283462345600128174e-01 -5.016982555389404297e-02
1.112826602679153439e+03 -8.747767836302664364e+03 -1.036218094762245300e+03 2.288140000000000000e+19 -4.878404084593057632e-03 8.006365597248077393e-02
1.128193015094835800e+03 -8.745649894196754758e+03 -1.037478459643212318e+03 2.288340000000000000e+19 -1.262040287256240845e-01 -1.790318824350833893e-02
1.142274196535187230e+03 -8.743683333874292657e+03 -1.038648491747153230e+03 2.288540000000000000e+19 -1.031222869642078876e-03 -7.527928054332733154e-02
1.035915690980672025e+03 -8.757922084168840229e+03 -1.030171128601105465e+03 2.288740000000000000e+19 -3.253909572958946228e-02 3.117937408387660980e-02
1.051308141224704059e+03 -8.755949328918546598e+03 -1.031346521302254587e+03 2.288940000000000000e+19 -3.833783417940139771e-02 3.461478650569915771e-02
1.066695531004887016e+03 -8.753947516875057772e+03 -1.032538920005476939e+03 2.289140000000000000e+19 6.664589047431945801e-02 1.109249815344810486e-01
1.082077787056423176e+03 -8.751916657569940071e+03 -1.033748319033177268e+03 2.289340000000000000e+19 1.500317826867103577e-02 1.235019937157630920e-01
1.097454835335292728e+03 -8.749856760778866374e+03 -1.034974712563792764e+03 2.289540000000000000e+19 -6.820540875196456909e-02 -1.220290660858154297e-01
1.112826602679153439e+03 -8.747767836302664364e+03 -1.036218094762245300e+03 2.289740000000000000e+19 -1.096488162875175476e-01 8.400109410285949707e-02
1.128193015094835800e+03 -8.745649894196754758e+03 -1.037478459643212318e+03 2.289940000000000000e+19 -9.112704545259475708e-03 -5.676560848951339722e-02
1.142274196535187230e+03 -8.743683333874292657e+03 -1.038648491747153230e+03 2.290140000000000000e+19 4.579583182930946350e-02 -3.829021379351615906e-02
1.189603647699912699e+03 -8.736888153916394003e+03 -1.042689624351483644e+03 2.290340000000000000e+19 -1.213615164160728455e-01 1.445358339697122574e-02
1.204942184083731490e+03 -8.734625278315261312e+03 -1.044034810639195712e+03 2.290540000000000000e+19 1.922588050365447998e-02 1.278905868530273438e-01
1.220274924805974251e+03 -8.732333447968443579e+03 -1.045396942208088831e+03 2.290740000000000000e+19 -8.127155900001525879e-02 5.766108166426420212e-03
1.235601796755144505e+03 -8.730012673803785219e+03 -1.046776012563251243e+03 2.290940000000000000e+19 3.745608404278755188e-02 -5.850236490368843079e-02
1.250922726474032288e+03 -8.727662966943613355e+03 -1.048172015095426787e+03 2.291140000000000000e+19 5.987774953246116638e-02 -2.331531839445233345e-03
1.266237640373990644e+03 -8.725284338674318860e+03 -1.049584943099145903e+03 2.291340000000000000e+19 -5.966721847653388977e-02 -4.797291010618209839e-02
1.281546465588682850e+03 -8.722876800313419153e+03 -1.051014789851658179e+03 2.291540000000000000e+19 -6.902299821376800537e-03 -8.124444633722305298e-02
1.295574220920804237e+03 -8.720644871451228028e+03 -1.052340124051211660e+03 2.291740000000000000e+19 -9.064689278602600098e-02 -1.295021083205938339e-02
1.189603647699912699e+03 -8.736888153916394003e+03 -1.042689624351483644e+03 2.291940000000000000e+19 -4.627704620361328125e-02 -3.040575608611106873e-02
1.204942184083731490e+03 -8.734625278315261312e+03 -1.044034810639195712e+03 2.292140000000000000e+19 -1.290984898805618286e-01 1.538371853530406952e-02
1.220274924805974251e+03 -8.732333447968443579e+03 -1.045396942208088831e+03 2.292340000000000000e+19 1.363715529441833496e-01 9.031679481267929077e-02
1.235601796755144505e+03 -8.730012673803785219e+03 -1.046776012563251243e+03 2.292540000000000000e+19 2.888290584087371826e-02 2.832402009516954422e-03
1.250922726474032288e+03 -8.727662966943613355e+03 -1.048172015095426787e+03 2.292740000000000000e+19 -6.313850171864032745e-03 -1.298024952411651611e-01
1.266237640373990644e+03 -8.725284338674318860e+03 -1.049584943099145903e+03 2.292940000000000000e+19 -2.538568805903196335e-03 5.172094330191612244e-02
1.281546465588682850e+03 -8.722876800313419153e+03 -1.051014789851658179e+03 2.293140000000000000e+19 2.704375423491001129e-02 2.979609556496143341e-02
1.295574220920804237e+03 -8.720644871451228028e+03 -1.052340124051211660e+03 2.293340000000000000e+19 -6.457475572824478149e-02 -1.322772260755300522e-02
