# Baseline: 17-20
# Entries: 128
# u [m], v [m], w [m], frequency [GHz], real, imag
8.692425637905047324e+02 1.479799341950056487e+03 1.063861468645282912e+03 2.267940000000000000e+19 3.745826706290245056e-02 1.940059065818786621e-01
8.676227717299815367e+02 1.481436158799479472e+03 1.062905256824924891e+03 2.268140000000000000e+19 -1.163310930132865906e-02 -1.909476518630981445e-01
8.659988365590866124e+02 1.483069916190800768e+03 1.061950841789372816e+03 2.268340000000000000e+19 -2.641273476183414459e-02 1.778288930654525757e-01
8.643707660382718814e+02 1.484700606316690255e+03 1.060998228099539119e+03 2.268540000000000000e+19 -5.214107409119606018e-02 -3.227813169360160828e-02
8.631471327960242661e+02 1.485921702619220696e+03 1.060284896156575087e+03 2.268740000000000000e+19 -2.105186460539698601e-03 3.706196695566177368e-02
8.611022501324829364e+02 1.487952753570484902e+03 1.059098422984310446e+03 2.268940000000000000e+19 -1.335195302963256836e-01 6.432636827230453491e-02
8.594618204240488240e+02 1.489574195100574116e+03 1.058151240670669495e+03 2.269140000000000000e+19 6.326059345155954361e-03 1.622055619955062866e-01
8.574056786671740156e+02 1.491596764949827048e+03 1.056969748053919375e+03 2.269340000000000000e+19 -2.442964166402816772e-01 -1.675620861351490021e-02
8.692425637905047324e+02 1.479799341950056487e+03 1.063861468645282912e+03 2.269540000000000000e+19 2.037144005298614502e-01 1.725289225578308105e-02
8.676227717299815367e+02 1.481436158799479472e+03 1.062905256824924891e+03 2.269740000000000000e+19 -4.289786145091056824e-02 -1.320313960313796997e-01
8.659988365590866124e+02 1.483069916190800768e+03 1.061950841789372816e+03 2.269940000000000000e+19 9.713521227240562439e-03 1.037611067295074463e-01
8.643707660382718814e+02 1.484700606316690255e+03 1.060998228099539119e+03 2.270140000000000000e+19 -2.757079526782035828e-02 -4.588924348354339600e-02
8.631471327960242661e+02 1.485921702619220696e+03 1.060284896156575087e+03 2.270340000000000000e+19 3.718270361423492432e-02 8.824352174997329712e-03
8.611022501324829364e+02 1.487952753570484902e+03 1.059098422984310446e+03 2.270540000000000000e+19 -5.091306287795305252e-03 -2.451299726963043213e-01
8.594618204240488240e+02 1.489574195100574116e+03 1.058151240670669495e+03 2.270740000000000000e+19 3.400935977697372437e-02 -2.280445955693721771e-02
8.574056786671740156e+02 1.491596764949827048e+03 1.056969748053919375e+03 2.270940000000000000e+19 1.328820735216140747e-01 -1.123469471931457520e-01
8.528591397251638000e+02 1.496028899924689313e+03 1.054380751904393946e+03 2.271140000000000000e+19 1.015548780560493469e-01 7.274550944566726685e-02
8.511982685881087036e+02 1.497634772187703220e+03 1.053442712393967668e+03 2.271340000000000000e+19 5.233190953731536865e-02 -2.059467136859893799e-02
8.495333329558793594e+02 1.499237507459277367e+03 1.052506514959985680e+03 2.271540000000000000e+19 -8.468981087207794189e-02 -2.065566368401050568e-02
8.478643407732721471e+02 1.500837098091504458e+03 1.051572164069775226e+03 2.271740000000000000e+19 4.011986777186393738e-02 5.375667661428451538e-02
8.461913000334714070e+02 1.502433536423597616e+03 1.050639664198138689e+03 2.271940000000000000e+19 -2.757115662097930908e-02 9.140837192535400391e-02
8.445142187432005585e+02 1.504026814815411399e+03 1.049709019807776485e+03 2.272140000000000000e+19 2.910815551877021790e-02 -1.396043002605438232e-01
8.428331049344322992e+02 1.505616925636426231e+03 1.048780235355721288e+03 2.272340000000000000e+19 -1.289121657609939575e-01 -9.294507652521133423e-02
8.412885994837525914e+02 1.507071778630302788e+03 1.047930463510426080e+03 2.272540000000000000e+19 1.031642109155654907e-01 4.254457354545593262e-02
8.528591397251638000e+02 1.496028899924689313e+03 1.054380751904393946e+03 2.272740000000000000e+19 -9.480067342519760132e-02 1.860529184341430664e-02
8.511982685881087036e+02 1.497634772187703220e+03 1.053442712393967668e+03 2.272940000000000000e+19 2.841663954313844442e-04 4.366431385278701782e-02
8.495333329558793594e+02 1.499237507459277367e+03 1.052506514959985680e+03 2.273140000000000000e+19 -1.877000741660594940e-02 -2.308467775583267212e-02
8.478643407732721471e+02 1.500837098091504458e+03 1.051572164069775226e+03 2.273340000000000000e+19 -1.339978724718093872e-01 5.813241750001907349e-02
8.461913000334714070e+02 1.502433536423597616e+03 1.050639664198138689e+03 2.273540000000000000e+19 -9.452712722122669220e-03 3.429023921489715576e-02
8.445142187432005585e+02 1.504026814815411399e+03 1.049709019807776485e+03 2.273740000000000000e+19 -4.155404493212699890e-02 3.507439419627189636e-02
8.428331049344322992e+02 1.505616925636426231e+03 1.048780235355721288e+03 2.273940000000000000e+19 -9.553539752960205078e-02 -5.597788095474243164e-02
8.412885994837525914e+02 1.507071778630302788e+03 1.047930463510426080e+03 2.274140000000000000e+19 9.245618432760238647e-02 -4.640107229351997375e-02
8.360684856165099745e+02 1.511945541331939921e+03 1.045083785643240390e+03 2.274340000000000000e+19 1.490287035703659058e-01 -1.520396769046783447e-01
8.343673302571556860e+02 1.513519700477851075e+03 1.044164367364653572e+03 2.274540000000000000e+19 -4.277867451310157776e-02 -8.884830772876739502e-02
8.326621909160521682e+02 1.515090646644497156e+03 1.043246835546743341e+03 2.274740000000000000e+19 1.144657190889120102e-02 -3.070069849491119385e-02
8.309530757832462768e+02 1.516658372286384520e+03 1.042331194596548812e+03 2.274940000000000000e+19 -3.271931409835815430e-02 8.051836490631103516e-02
8.292399930023437946e+02 1.518222869933502352e+03 1.041417448876974959e+03 2.275140000000000000e+19 7.907519116997718811e-03 1.678048074245452881e-01
8.275229508254512893e+02 1.519784132049568143e+03 1.040505602789587556e+03 2.275340000000000000e+19 6.435416435124352574e-05 -4.925281926989555359e-02
8.258019574280975803e+02 1.521342151200914714e+03 1.039595660675969611e+03 2.275540000000000000e+19 1.682630367577075958e-02 -5.287641659379005432e-03
8.242209662751872656e+02 1.522767521644644376e+03 1.038763199047322587e+03 2.275740000000000000e+19 2.685908973217010498e-02 -2.855829149484634399e-02
8.360684856165099745e+02 1.511945541331939921e+03 1.045083785643240390e+03 2.275940000000000000e+19 -3.835218399763107300e-02 -1.022870615124702454e-01
8.343673302571556860e+02 1.513519700477851075e+03 1.044164367364653572e+03 2.276140000000000000e+19 -5.804563313722610474e-02 1.131318975239992142e-02
8.326621909160521682e+02 1.515090646644497156e+03 1.043246835546743341e+03 2.276340000000000000e+19 6.107014045119285583e-02 -6.091061607003211975e-02
8.309530757832462768e+02 1.516658372286384520e+03 1.042331194596548812e+03 2.276540000000000000e+19 -6.172041594982147217e-02 -5.623879283666610718e-02
8.292399930023437946e+02 1.518222869933502352e+03 1.041417448876974959e+03 2.276740000000000000e+19 1.644092425704002380e-02 -1.694002188742160797e-02
8.275229508254512893e+02 1.519784132049568143e+03 1.040505602789587556e+03 2.276940000000000000e+19 7.941538840532302856e-02 -5.512866005301475525e-02
8.258019574280975803e+02 1.521342151200914714e+03 1.039595660675969611e+03 2.277140000000000000e+19 -1.363347172737121582e-01 1.862899982370436192e-03
8.242209662751872656e+02 1.522767521644644376e+03 1.038763199047322587e+03 2.277340000000000000e+19 5.011380836367607117e-02 -1.654222309589385986e-01
8.188786367611008927e+02 1.527541649158565860e+03 1.035975018980319419e+03 2.277540000000000000e+19 1.153907328844070435e-01 -3.709395823534578085e-04
8.171380112354343055e+02 1.529083341904939971e+03 1.035074661902254320e+03 2.277740000000000000e+19 -2.559083281084895134e-03 -6.849529221653938293e-03
8.153934842191343932e+02 1.530621747156088531e+03 1.034176234804709793e+03 2.277940000000000000e+19 7.816173136234283447e-02 2.104256488382816315e-02
8.136450640185197472e+02 1.532156857587110380e+03 1.033279741965412995e+03 2.278140000000000000e+19 -9.123496711254119873e-02 -1.080751717090606689e-01
8.118927590497958136e+02 1.533688665808604583e+03 1.032385187699713015e+03 2.278340000000000000e+19 1.586695387959480286e-02 -3.990293666720390320e-02
8.101365776502162817e+02 1.535217164532422885e+03 1.031492576263777892e+03 2.278540000000000000e+19 6.172268837690353394e-02 2.276855893433094025e-02
8.083765282733448885e+02 1.536742346400984616e+03 1.030601911954278421e+03 2.278740000000000000e+19 6.426239013671875000e-02 6.467497907578945160e-03
8.067598079474221322e+02 1.538137552233212318e+03 1.029787158887248552e+03 2.278940000000000000e+19 5.882247909903526306e-02 3.657143190503120422e-02
8.188786367611008927e+02 1.527541649158565860e+03 1.035975018980319419e+03 2.279140000000000000e+19 -7.330951839685440063e-02 -3.659472614526748657e-02
8.171380112354343055e+02 1.529083341904939971e+03 1.035074661902254320e+03 2.279340000000000000e+19 3.310361877083778381e-02 -2.422547526657581329e-02
8.153934842191343932e+02 1.530621747156088531e+03 1.034176234804709793e+03 2.279540000000000000e+19 -1.985164359211921692e-02 -4.504003748297691345e-02
8.136450640185197472e+02 1.532156857587110380e+03 1.033279741965412995e+03 2.279740000000000000e+19 3.845724463462829590e-02 5.385062843561172485e-02
8.118927590497958136e+02 1.533688665808604583e+03 1.032385187699713015e+03 2.279940000000000000e+19 -3.913006559014320374e-02 4.480961710214614868e-02
8.101365776502162817e+02 1.535217164532422885e+03 1.031492576263777892e+03 2.280140000000000000e+19 -5.491083860397338867e-02 -1.622620783746242523e-02
8.083765282733448885e+02 1.536742346400984616e+03 1.030601911954278421e+03 2.280340000000000000e+19 -6.299893558025360107e-02 -1.101236045360565186e-02
8.067598079474221322e+02 1.538137552233212318e+03 1.029787158887248552e+03 2.280540000000000000e+19 -4.451850801706314087e-02 3.413568064570426941e-02
8.015939915127485165e+02 1.542558018873621904e+03 1.027205813256723332e+03 2.280740000000000000e+19 -1.905126124620437622e-01 1.705162525177001953e-01
7.998153658506332704e+02 1.544067066783610244e+03 1.026324619909579496e+03 2.280940000000000000e+19 1.548616737127304077e-01 -1.454574167728424072e-01
7.980329215751647780e+02 1.545572755511562036e+03 1.025445398405827291e+03 2.281140000000000000e+19 -1.824794262647628784e-01 1.928032338619232178e-01
7.962466672477463590e+02 1.547075077825467133e+03 1.024568152968466848e+03 2.281340000000000000e+19 3.141809701919555664e-01 -1.671753227710723877e-01
7.944566113671940002e+02 1.548574026577500490e+03 1.023692887771298274e+03 2.281540000000000000e+19 -2.418580353260040283e-01 1.661023199558258057e-01
7.926627625438536597e+02 1.550069594557511664e+03 1.022819607024460311e+03 2.281740000000000000e+19 1.022599488496780396e-01 -5.759828165173530579e-02
7.908651293376966578e+02 1.551561774629002457e+03 1.021948314895038493e+03 2.281940000000000000e+19 -1.288625039160251617e-02 2.792137563228607178e-01
7.892140297599602263e+02 1.552926667370202722e+03 1.021151355538908660e+03 2.282140000000000000e+19 8.154159039258956909e-02 1.265839040279388428e-01
8.015939915127485165e+02 1.542558018873621904e+03 1.027205813256723332e+03 2.282340000000000000e+19 -2.619191408157348633e-01 1.695553809404373169e-01
7.998153658506332704e+02 1.544067066783610244e+03 1.026324619909579496e+03 2.282540000000000000e+19 2.224206030368804932e-01 3.405857458710670471e-02
7.980329215751647780e+02 1.545572755511562036e+03 1.025445398405827291e+03 2.282740000000000000e+19 -2.595133185386657715e-01 -1.050982847809791565e-01
7.962466672477463590e+02 1.547075077825467133e+03 1.024568152968466848e+03 2.282940000000000000e+19 2.901168540120124817e-02 8.122500032186508179e-02
7.944566113671940002e+02 1.548574026577500490e+03 1.023692887771298274e+03 2.283140000000000000e+19 -5.316908471286296844e-03 1.824638247489929199e-02
7.926627625438536597e+02 1.550069594557511664e+03 1.022819607024460311e+03 2.283340000000000000e+19 -5.921215564012527466e-02 9.435372799634933472e-02
7.908651293376966578e+02 1.551561774629002457e+03 1.021948314895038493e+03 2.283540000000000000e+19 -1.413013935089111328e-01 3.082479722797870636e-02
7.892140297599602263e+02 1.552926667370202722e+03 1.021151355538908660e+03 2.283740000000000000e+19 1.665404625236988068e-02 -1.306783258914947510e-01
7.836369250718202011e+02 1.557496473203014148e+03 1.018483115831180498e+03 2.283940000000000000e+19 2.404330670833587646e-02 4.311706405133008957e-03
7.818204994076191952e+02 1.558971606898183609e+03 1.017621829168543968e+03 2.284140000000000000e+19 1.759894378483295441e-02 -1.207036990672349930e-02
7.800003412234608504e+02 1.560443310102624764e+03 1.016762555986528241e+03 2.284340000000000000e+19 2.814883366227149963e-02 4.632947593927383423e-02
7.781764592872020785e+02 1.561911575727020363e+03 1.015905300424314873e+03 2.284540000000000000e+19 2.185557968914508820e-02 9.911043196916580200e-02
7.763488622830014947e+02 1.563376396780435698e+03 1.015050066563598762e+03 2.284740000000000000e+19 -1.297414209693670273e-02 -2.680881693959236145e-02
7.745175589699317698e+02 1.564837766242364751e+03 1.014196858503284489e+03 2.284940000000000000e+19 8.814004063606262207e-02 8.927003294229507446e-02
7.726825581376699574e+02 1.566295677098741180e+03 1.013345680338472789e+03 2.285140000000000000e+19 1.368629187345504761e-01 -8.260067552328109741e-03
7.709972802146612594e+02 1.567629095354281390e+03 1.012567194421530758e+03 2.285340000000000000e+19 1.231519803404808044e-01 2.032354287803173065e-02
7.836369250718202011e+02 1.557496473203014148e+03 1.018483115831180498e+03 2.285540000000000000e+19 -4.464144632220268250e-02 -1.184041611850261688e-03
7.818204994076191952e+02 1.558971606898183609e+03 1.017621829168543968e+03 2.285740000000000000e+19 -1.447217538952827454e-02 -2.338945865631103516e-03
7.800003412234608504e+02 1.560443310102624764e+03 1.016762555986528241e+03 2.285940000000000000e+19 1.247238367795944214e-01 -4.116783663630485535e-02
7.781764592872020785e+02 1.561911575727020363e+03 1.015905300424314873e+03 2.286140000000000000e+19 1.070349738001823425e-01 -7.220298796892166138e-02
7.763488622830014947e+02 1.563376396780435698e+03 1.015050066563598762e+03 2.286340000000000000e+19 -1.033589765429496765e-01 3.669691830873489380e-02
7.745175589699317698e+02 1.564837766242364751e+03 1.014196858503284489e+03 2.286540000000000000e+19 -3.117158263921737671e-02 -3.013920225203037262e-02
7.726825581376699574e+02 1.566295677098741180e+03 1.013345680338472789e+03 2.286740000000000000e+19 -5.600157380104064941e-02 1.795362830162048340e-01
7.709972802146612594e+02 1.567629095354281390e+03 1.012567194421530758e+03 2.286940000000000000e+19 -2.531487680971622467e-02 1.462009102106094360e-01
7.653057553078391493e+02 1.572092595342447112e+03 1.009961347860007550e+03 2.287140000000000000e+19 -3.696909174323081970e-02 -1.439644694328308105e-01
7.634523988512513597e+02 1.573533108932223058e+03 1.009120380029781131e+03 2.287340000000000000e+19 3.740844130516052246e-02 4.699434712529182434e-02
7.615953978307302350e+02 1.574970122303099288e+03 1.008281466389546608e+03 2.287540000000000000e+19 9.035558439791202545e-03 1.054897066205739975e-02
7.597347610881449782e+02 1.576403628612965804e+03 1.007444610933653735e+03 2.287740000000000000e+19 2.200119569897651672e-02 9.434488415718078613e-02
7.578704975798507348e+02 1.577833620961487895e+03 1.006609817690386308e+03 2.287940000000000000e+19 -4.197798669338226318e-03 5.451738834381103516e-02
7.560026161758410126e+02 1.579260092544916688e+03 1.005777090631585907e+03 2.288140000000000000e+19 -4.818817228078842163e-02 2.684170752763748169e-02
7.541311258673219982e+02 1.580683036496842988e+03 1.004946433765639881e+03 2.288340000000000000e+19 -1.171429157257080078e-01 -4.647902771830558777e-02
7.524124760921780535e+02 1.581984342157180890e+03 1.004186793833076194e+03 2.288540000000000000e+19 -1.367641240358352661e-02 -6.051052361726760864e-02
7.653057553078391493e+02 1.572092595342447112e+03 1.009961347860007550e+03 2.288740000000000000e+19 1.108013559132814407e-02 -1.013804748654365540e-01
7.634523988512513597e+02 1.573533108932223058e+03 1.009120380029781131e+03 2.288940000000000000e+19 -1.302802711725234985e-01 4.994430392980575562e-02
7.615953978307302350e+02 1.574970122303099288e+03 1.008281466389546608e+03 2.289140000000000000e+19 -1.887769624590873718e-02 -6.979996804147958755e-03
7.597347610881449782e+02 1.576403628612965804e+03 1.007444610933653735e+03 2.289340000000000000e+19 -1.358269248157739639e-02 -1.256538033485412598e-01
7.578704975798507348e+02 1.577833620961487895e+03 1.006609817690386308e+03 2.289540000000000000e+19 4.948453232645988464e-02 -8.304784446954727173e-02
7.560026161758410126e+02 1.579260092544916688e+03 1.005777090631585907e+03 2.289740000000000000e+19 -1.681999117136001587e-02 -1.171606685966253281e-02
7.541311258673219982e+02 1.580683036496842988e+03 1.004946433765639881e+03 2.289940000000000000e+19 -4.316685255616903305e-03 -6.077816709876060486e-02
7.524124760921780535e+02 1.581984342157180890e+03 1.004186793833076194e+03 2.290140000000000000e+19 -1.596438735723495483e-01 -5.130474641919136047e-02
7.466092546561496874e+02 1.586339400289871719e+03 1.001644587445476986e+03 2.290340000000000000e+19 -3.864712547510862350e-03 1.425521671772003174e-01
7.447198543726326534e+02 1.587744604384727154e+03 1.000824340910744013e+03 2.290540000000000000e+19 -2.287908270955085754e-02 3.202906623482704163e-02
7.428268991681484295e+02 1.589146240253580117e+03 1.000006188265465312e+03 2.290740000000000000e+19 7.287087291479110718e-02 4.401564598083496094e-02
7.409303980688739557e+02 1.590544301212936489e+03 9.991901334108756600e+02 2.290940000000000000e+19 -5.447691306471824646e-02 -2.121252007782459259e-03
7.390303601641230671e+02 1.591938780562248212e+03 9.983761802581097982e+02 2.291140000000000000e+19 -5.208240076899528503e-02 -3.400268731638789177e-03
7.371267945801124597e+02 1.593329671603664565e+03 9.975643327166759491e+02 2.291340000000000000e+19 -3.129890561103820801e-02 9.946393221616744995e-02
7.352197103738055830e+02 1.594716967719539980e+03 9.967545946492128905e+02 2.291540000000000000e+19 -1.057095900177955627e-01 -5.363790318369865417e-02
7.334685115133346471e+02 1.595985537823057484e+03 9.960141643556139570e+02 2.291740000000000000e+19 -4.554029181599617004e-02 -3.009055182337760925e-02
7.466092546561496874e+02 1.586339400289871719e+03 1.001644587445476986e+03 2.291940000000000000e+19 -3.188668191432952881e-02 1.061590686440467834e-01
7.447198543726326534e+02 1.587744604384727154e+03 1.000824340910744013e+03 2.292140000000000000e+19 3.943073749542236328e-02 -1.145180165767669678e-01
7.428268991681484295e+02 1.589146240253580117e+03 1.000006188265465312e+03 2.292340000000000000e+19 -9.956567734479904175e-02 -3.747993335127830505e-02
7.409303980688739557e+02 1.590544301212936489e+03 9.991901334108756600e+02 2.292540000000000000e+19 6.383205205202102661e-02 -5.698512122035026550e-02
7.390303601641230671e+02 1.591938780562248212e+03 9.983761802581097982e+02 2.292740000000000000e+19 1.496415119618177414e-02 5.907185375690460205e-03
7.371267945801124597e+02 1.593329671603664565e+03 9.975643327166759491e+02 2.292940000000000000e+19 -3.907794132828712463e-02 -1.085858512669801712e-02
7.352197103738055830e+02 1.594716967719539980e+03 9.967545946492128905e+02 2.293140000000000000e+19 -1.795716700144112110e-03 -2.841939590871334076e-02
7.334685115133346471e+02 1.595985537823057484e+03 9.960141643556139570e+02 2.293340000000000000e+19 3.879257664084434509e-02 -6.015903502702713013e-02
