# Baseline: 2-11
# u [m], v [m], w [m], frequency [GHz], real, imag
3.101261710310978742e+03 -3.777555006139251873e+03 2.628668683009058441e+03 2.267940000000000000e+19 -5.210978165268898010e-02 -2.052356675267219543e-02
3.111291289494046396e+03 -3.771697377681032322e+03 2.625225793792644254e+03 2.268140000000000000e+19 -9.345700591802597046e-02 -1.534961760044097900e-01
3.121305980785485190e+03 -3.765820820352090323e+03 2.621771841445666723e+03 2.268340000000000000e+19 2.268910966813564301e-02 4.476187378168106079e-02
3.131305736327501563e+03 -3.759925362235308967e+03 2.618306842473888992e+03 2.268540000000000000e+19 6.079646572470664978e-02 9.616253525018692017e-02
3.138796192073742986e+03 -3.755491971015248964e+03 2.615701198132233458e+03 2.268740000000000000e+19 8.104646950960159302e-02 1.228285953402519226e-01
3.151260248809368477e+03 -3.748077856583968696e+03 2.611343771038494651e+03 2.268940000000000000e+19 1.517366170883178711e-01 1.904240064322948456e-02
3.161214910044148837e+03 -3.742125865872842496e+03 2.607845731971448458e+03 2.269140000000000000e+19 -5.945128202438354492e-02 -2.749038934707641602e-01
3.173637574544350173e+03 -3.734660220478995598e+03 2.603458188332844202e+03 2.269340000000000000e+19 1.810770928859710693e-01 8.401212841272354126e-02
3.101261710310978742e+03 -3.777555006139251873e+03 2.628668683009058441e+03 2.269540000000000000e+19 -1.852988600730895996e-01 -6.034266669303178787e-03
3.111291289494046396e+03 -3.771697377681032322e+03 2.625225793792644254e+03 2.269740000000000000e+19 1.642147302627563477e-01 2.295247018337249756e-01
3.121305980785485190e+03 -3.765820820352090323e+03 2.621771841445666723e+03 2.269940000000000000e+19 1.155377402901649475e-01 4.389435797929763794e-02
3.131305736327501563e+03 -3.759925362235308967e+03 2.618306842473888992e+03 2.270140000000000000e+19 -1.264931857585906982e-01 2.696363255381584167e-02
3.138796192073742986e+03 -3.755491971015248964e+03 2.615701198132233458e+03 2.270340000000000000e+19 8.100242353975772858e-03 6.382762640714645386e-02
3.151260248809368477e+03 -3.748077856583968696e+03 2.611343771038494651e+03 2.270540000000000000e+19 1.081070397049188614e-02 -5.788451805710792542e-02
3.161214910044148837e+03 -3.742125865872842496e+03 2.607845731971448458e+03 2.270740000000000000e+19 1.160597503185272217e-01 -1.671884395182132721e-02
3.173637574544350173e+03 -3.734660220478995598e+03 2.603458188332844202e+03 2.270940000000000000e+19 -1.175932511687278748e-01 -7.128077000379562378e-02
3.200881812305534822e+03 -3.718130315281210187e+03 2.593743944093559548e+03 2.271140000000000000e+19 1.318607572466135025e-02 -5.162984505295753479e-02
3.210760364871921865e+03 -3.712084674262130193e+03 2.590191173592894302e+03 2.271340000000000000e+19 5.322095751762390137e-02 -3.899056231603026390e-03
3.220623553446049300e+03 -3.706020389706388414e+03 2.586627507653808607e+03 2.271540000000000000e+19 8.154906332492828369e-02 5.687754228711128235e-02
3.230471330962885531e+03 -3.699937490551798419e+03 2.583052963281571010e+03 2.271740000000000000e+19 -7.464680820703506470e-02 -1.431651320308446884e-02
3.240303650259309961e+03 -3.693836005930752890e+03 2.579467557595512972e+03 2.271940000000000000e+19 9.944000048562884331e-04 3.397244960069656372e-02
3.250120464280402757e+03 -3.687715965043310462e+03 2.575871307754438931e+03 2.272140000000000000e+19 7.612278312444686890e-02 2.053366415202617645e-02
3.259921726011510145e+03 -3.681577397199966526e+03 2.572264230981755645e+03 2.272340000000000000e+19 4.227729886770248413e-02 -2.209178917109966278e-02
3.268892712867493174e+03 -3.675934361441007241e+03 2.568948384905982493e+03 2.272540000000000000e+19 -9.856028854846954346e-02 8.127921074628829956e-02
3.200881812305534822e+03 -3.718130315281210187e+03 2.593743944093559548e+03 2.272740000000000000e+19 -1.260099560022354126e-01 -1.047616172581911087e-02
3.210760364871921865e+03 -3.712084674262130193e+03 2.590191173592894302e+03 2.272940000000000000e+19 -2.981537021696567535e-02 -5.940753221511840820e-02
3.220623553446049300e+03 -3.706020389706388414e+03 2.586627507653808607e+03 2.273140000000000000e+19 -1.471024155616760254e-01 -5.688759312033653259e-02
3.230471330962885531e+03 -3.699937490551798419e+03 2.583052963281571010e+03 2.273340000000000000e+19 8.019748330116271973e-02 1.632761359214782715e-01
3.240303650259309961e+03 -3.693836005930752890e+03 2.579467557595512972e+03 2.273540000000000000e+19 6.836768984794616699e-02 -4.517213528743013740e-05
3.250120464280402757e+03 -3.687715965043310462e+03 2.575871307754438931e+03 2.273740000000000000e+19 -1.100399810820817947e-02 -4.562585800886154175e-02
3.259921726011510145e+03 -3.681577397199966526e+03 2.572264230981755645e+03 2.273940000000000000e+19 -9.859669953584671021e-02 -6.990133225917816162e-02
3.268892712867493174e+03 -3.675934361441007241e+03 2.568948384905982493e+03 2.274140000000000000e+19 5.852598324418067932e-02 -1.142097264528274536e-02
3.298970313577457091e+03 -3.656838444802885988e+03 2.557728000399611119e+03 2.274340000000000000e+19 4.648955538868904114e-02 -5.980848148465156555e-02
3.308693111898465759e+03 -3.650607684527237780e+03 2.554067048890594378e+03 2.274540000000000000e+19 -2.341750822961330414e-02 -6.537462770938873291e-02
3.318400077752115976e+03 -3.644358574799848611e+03 2.550395374748818995e+03 2.274740000000000000e+19 4.596816748380661011e-02 -3.133379667997360229e-02
3.328091164514400134e+03 -3.638091145636157307e+03 2.546712995609919290e+03 2.274940000000000000e+19 -1.338594853878021240e-01 2.736916244029998779e-01
3.337766326008637861e+03 -3.631805426899208214e+03 2.543019929019715164e+03 2.275140000000000000e+19 -2.109142020344734192e-02 5.327245965600013733e-02
3.347425515628947778e+03 -3.625501448868025818e+03 2.539316192768149904e+03 2.275340000000000000e+19 1.265895515680313110e-01 -3.395984694361686707e-02
3.357068687384818077e+03 -3.619179241558472768e+03 2.535601804490268023e+03 2.275540000000000000e+19 3.534306306391954422e-03 -4.905669018626213074e-02
3.365894355730714778e+03 -3.613368128231330502e+03 2.532187741482425736e+03 2.275740000000000000e+19 -2.777962200343608856e-02 -9.003851562738418579e-02
3.298970313577457091e+03 -3.656838444802885988e+03 2.557728000399611119e+03 2.275940000000000000e+19 -4.768760129809379578e-02 6.101637613028287888e-03
3.308693111898465759e+03 -3.650607684527237780e+03 2.554067048890594378e+03 2.276140000000000000e+19 -5.392420664429664612e-02 3.037797287106513977e-02
3.318400077752115976e+03 -3.644358574799848611e+03 2.550395374748818995e+03 2.276340000000000000e+19 1.084877364337444305e-02 -1.129867658019065857e-01
3.328091164514400134e+03 -3.638091145636157307e+03 2.546712995609919290e+03 2.276540000000000000e+19 3.495794162154197693e-02 -9.453412145376205444e-02
3.337766326008637861e+03 -3.631805426899208214e+03 2.543019929019715164e+03 2.276740000000000000e+19 1.238824501633644104e-01 1.893461495637893677e-02
3.347425515628947778e+03 -3.625501448868025818e+03 2.539316192768149904e+03 2.276940000000000000e+19 -1.640456728637218475e-02 -1.451656669378280640e-01
3.357068687384818077e+03 -3.619179241558472768e+03 2.535601804490268023e+03 2.277140000000000000e+19 8.009628206491470337e-02 7.967092841863632202e-02
3.365894355730714778e+03 -3.613368128231330502e+03 2.532187741482425736e+03 2.277340000000000000e+19 9.951173514127731323e-02 2.877359651029109955e-02
3.395480273252665484e+03 -3.593708726410374311e+03 2.520638087658939185e+03 2.277540000000000000e+19 8.029157668352127075e-02 3.156567737460136414e-02
3.405042664679397149e+03 -3.587295828492735836e+03 2.516870707023766954e+03 2.277740000000000000e+19 -5.764783360064029694e-03 -1.170452013611793518e-01
3.414588762334380135e+03 -3.580864884250102932e+03 2.513092781845981335e+03 2.277940000000000000e+19 -1.921924995258450508e-03 6.367550790309906006e-02
3.424118520765255653e+03 -3.574415924302497842e+03 2.509304330113654032e+03 2.278140000000000000e+19 3.798208385705947876e-02 5.321976169943809509e-02
3.433631894099634792e+03 -3.567948979692690045e+03 2.505505370062922793e+03 2.278340000000000000e+19 2.472910843789577484e-02 8.439332991838455200e-02
3.443128837074128114e+03 -3.561464081189620174e+03 2.501695919768800195e+03 2.278540000000000000e+19 -1.337712854146957397e-01 -1.571242697536945343e-02
3.452609303974286377e+03 -3.554961260009026773e+03 2.497875997568493858e+03 2.278740000000000000e+19 -8.797333389520645142e-02 1.482649296522140503e-01
3.461285430596514288e+03 -3.548984849823734294e+03 2.494365351313646443e+03 2.278940000000000000e+19 -8.701177686452865601e-02 -4.397089034318923950e-02
3.395480273252665484e+03 -3.593708726410374311e+03 2.520638087658939185e+03 2.279140000000000000e+19 -1.906636729836463928e-02 -3.386189695447683334e-03
3.405042664679397149e+03 -3.587295828492735836e+03 2.516870707023766954e+03 2.279340000000000000e+19 -5.914744921028614044e-03 9.352231025695800781e-02
3.414588762334380135e+03 -3.580864884250102932e+03 2.513092781845981335e+03 2.279540000000000000e+19 8.057913929224014282e-02 2.037324756383895874e-02
3.424118520765255653e+03 -3.574415924302497842e+03 2.509304330113654032e+03 2.279740000000000000e+19 3.037524223327636719e-02 1.042399331927299500e-01
3.433631894099634792e+03 -3.567948979692690045e+03 2.505505370062922793e+03 2.279940000000000000e+19 -9.957243502140045166e-02 -8.135156705975532532e-03
3.443128837074128114e+03 -3.561464081189620174e+03 2.501695919768800195e+03 2.280140000000000000e+19 8.630054444074630737e-02 -9.446968324482440948e-03
3.452609303974286377e+03 -3.554961260009026773e+03 2.497875997568493858e+03 2.280340000000000000e+19 -5.885833161300979555e-05 3.938676416873931885e-02
3.461285430596514288e+03 -3.548984849823734294e+03 2.494365351313646443e+03 2.280540000000000000e+19 -1.297295000404119492e-02 7.077107578516006470e-02
3.488797646413389884e+03 -3.529868305814018640e+03 2.483136281252631761e+03 2.280740000000000000e+19 1.026746034622192383e-01 -7.135127484798431396e-02
3.498197841514574975e+03 -3.523279298111273420e+03 2.479266003156294573e+03 2.280940000000000000e+19 -1.155252009630203247e-01 8.814513683319091797e-02
3.507581297160745180e+03 -3.516672550360017794e+03 2.475385360430993842e+03 2.281140000000000000e+19 9.339685738086700439e-02 -2.064304053783416748e-01
3.516947968281981503e+03 -3.510048094293703798e+03 2.471494371716202750e+03 2.281340000000000000e+19 1.800746284425258636e-02 1.617914140224456787e-01
3.526297810313050377e+03 -3.503405961430863954e+03 2.467593055524892861e+03 2.281540000000000000e+19 1.231248602271080017e-01 2.686245925724506378e-02
3.535630778279986771e+03 -3.496746183720783392e+03 2.463681430622782500e+03 2.281740000000000000e+19 4.639215022325515747e-02 1.420506387948989868e-01
3.544946827648016551e+03 -3.490068792942965047e+03 2.459759515675597413e+03 2.281940000000000000e+19 3.082544207572937012e-01 -3.949566185474395752e-02
3.553471855360491190e+03 -3.483932629625770460e+03 2.456155534074027855e+03 2.282140000000000000e+19 -1.274833381175994873e-01 -1.026328727602958679e-01
3.488797646413389884e+03 -3.529868305814018640e+03 2.483136281252631761e+03 2.282340000000000000e+19 -1.243499442934989929e-01 -2.926310896873474121e-02
3.498197841514574975e+03 -3.523279298111273420e+03 2.479266003156294573e+03 2.282540000000000000e+19 -5.944913253188133240e-02 2.203825563192367554e-01
3.507581297160745180e+03 -3.516672550360017794e+03 2.475385360430993842e+03 2.282740000000000000e+19 1.787840127944946289e-01 -8.655561506748199463e-02
3.516947968281981503e+03 -3.510048094293703798e+03 2.471494371716202750e+03 2.282940000000000000e+19 -6.387799046933650970e-03 -6.979749351739883423e-02
3.526297810313050377e+03 -3.503405961430863954e+03 2.467593055524892861e+03 2.283140000000000000e+19 -1.115243360400199890e-01 -1.677340269088745117e-01
3.535630778279986771e+03 -3.496746183720783392e+03 2.463681430622782500e+03 2.283340000000000000e+19 2.098416239023208618e-01 6.194622069597244263e-02
3.544946827648016551e+03 -3.490068792942965047e+03 2.459759515675597413e+03 2.283540000000000000e+19 -6.654973328113555908e-02 -5.102970823645591736e-02
3.553471855360491190e+03 -3.483932629625770460e+03 2.456155534074027855e+03 2.283740000000000000e+19 -1.828600615262985229e-01 -3.951817378401756287e-02
3.582040948374096388e+03 -3.463183739748463722e+03 2.443969331680665164e+03 2.283940000000000000e+19 3.571733832359313965e-02 -1.215148493647575378e-01
3.591271737353438311e+03 -3.456418764842853307e+03 2.439996249138697749e+03 2.284140000000000000e+19 1.159759387373924255e-01 -1.822045445442199707e-02
3.600485341579311807e+03 -3.449636369771420959e+03 2.436012989847308290e+03 2.284340000000000000e+19 -6.595800071954727173e-02 5.411098152399063110e-02
3.609681716669058915e+03 -3.442836587205550131e+03 2.432019572994218834e+03 2.284540000000000000e+19 -1.986664161086082458e-02 1.513393819332122803e-01
3.618860818835494683e+03 -3.436019449521455954e+03 2.428016017593539800e+03 2.284740000000000000e+19 -1.362332403659820557e-01 1.382647305727005005e-01
3.628022604085661442e+03 -3.429184989391385443e+03 2.424002342832985505e+03 2.284940000000000000e+19 -6.611163169145584106e-02 1.174150109291076660e-01
3.637167028446180666e+03 -3.422333239618621974e+03 2.419978567976963404e+03 2.285140000000000000e+19 7.349166553467512131e-04 -1.643865555524826050e-02
3.645534351199871708e+03 -3.416037527776688421e+03 2.416281379561278300e+03 2.285340000000000000e+19 3.363200277090072632e-02 -2.835364546626806259e-03
3.582040948374096388e+03 -3.463183739748463722e+03 2.443969331680665164e+03 2.285540000000000000e+19 1.594490744173526764e-02 -7.239893823862075806e-02
3.591271737353438311e+03 -3.456418764842853307e+03 2.439996249138697749e+03 2.285740000000000000e+19 -8.801579475402832031e-03 1.103537157177925110e-01
3.600485341579311807e+03 -3.449636369771420959e+03 2.436012989847308290e+03 2.285940000000000000e+19 -1.234539970755577087e-01 7.578453421592712402e-02
3.609681716669058915e+03 -3.442836587205550131e+03 2.432019572994218834e+03 2.286140000000000000e+19 -7.205696776509284973e-03 7.109352201223373413e-02
3.618860818835494683e+03 -3.436019449521455954e+03 2.428016017593539800e+03 2.286340000000000000e+19 1.278188917785882950e-02 1.232850253582000732e-01
3.628022604085661442e+03 -3.429184989391385443e+03 2.424002342832985505e+03 2.286540000000000000e+19 -5.653944611549377441e-02 1.409842539578676224e-02
3.637167028446180666e+03 -3.422333239618621974e+03 2.419978567976963404e+03 2.286740000000000000e+19 1.030607074499130249e-01 -2.034569345414638519e-02
3.645534351199871708e+03 -3.416037527776688421e+03 2.416281379561278300e+03 2.286940000000000000e+19 8.154376596212387085e-02 -5.337209999561309814e-02
3.673570244041595288e+03 -3.394754000368460765e+03 2.403782852996063411e+03 2.287140000000000000e+19 1.146169230341911316e-01 1.554513722658157349e-01
3.682627209724155819e+03 -3.387816295487757543e+03 2.399708867240145537e+03 2.287340000000000000e+19 6.119199097156524658e-02 -1.149989515542984009e-01
3.691666553195359938e+03 -3.380861498945505446e+03 2.395624897651893662e+03 2.287540000000000000e+19 -4.386133700609207153e-02 1.117853298783302307e-01
3.700688231415822884e+03 -3.373889643856101884e+03 2.391530963676634656e+03 2.287740000000000000e+19 -1.233213618397712708e-01 1.436251401901245117e-01
3.709692200958774265e+03 -3.366900763779234239e+03 2.387427085020926370e+03 2.287940000000000000e+19 1.680344529449939728e-02 6.484397500753402710e-02
3.718678418984392465e+03 -3.359894891967297553e+03 2.383313281210554578e+03 2.288140000000000000e+19 -1.464032381772994995e-01 -1.467467546463012695e-01
3.727646842236896646e+03 -3.352872062143743278e+03 2.379189572047809634e+03 2.288340000000000000e+19 2.294121310114860535e-02 -1.607482694089412689e-02
3.735852455838171863e+03 -3.346419814603046689e+03 2.375400946116737487e+03 2.288540000000000000e+19 -9.760466963052749634e-02 2.949870005249977112e-02
3.673570244041595288e+03 -3.394754000368460765e+03 2.403782852996063411e+03 2.288740000000000000e+19 7.007927447557449341e-02 1.226118579506874084e-02
3.682627209724155819e+03 -3.387816295487757543e+03 2.399708867240145537e+03 2.288940000000000000e+19 1.354884915053844452e-02 4.899594932794570923e-02
3.691666553195359938e+03 -3.380861498945505446e+03 2.395624897651893662e+03 2.289140000000000000e+19 -9.531362354755401611e-02 -5.465737357735633850e-02
3.700688231415822884e+03 -3.373889643856101884e+03 2.391530963676634656e+03 2.289340000000000000e+19 -4.967445135116577148e-02 -4.511172883212566376e-03
3.709692200958774265e+03 -3.366900763779234239e+03 2.387427085020926370e+03 2.289540000000000000e+19 3.212916105985641479e-02 1.857738047838211060e-01
3.718678418984392465e+03 -3.359894891967297553e+03 2.383313281210554578e+03 2.289740000000000000e+19 -2.962784282863140106e-02 6.169310957193374634e-02
3.727646842236896646e+03 -3.352872062143743278e+03 2.379189572047809634e+03 2.289940000000000000e+19 1.105033010244369507e-01 -5.073265731334686279e-02
3.735852455838171863e+03 -3.346419814603046689e+03 2.375400946116737487e+03 2.290140000000000000e+19 8.660767227411270142e-02 -1.594159156084060669e-01
3.763341731919843369e+03 -3.324611834937600179e+03 2.362596076579118744e+03 2.290340000000000000e+19 1.087386831641197205e-01 -1.860901713371276855e-02
3.772220539897918570e+03 -3.317504720277234355e+03 2.358423137308823243e+03 2.290540000000000000e+19 -1.722816191613674164e-02 -3.655334189534187317e-02
3.781081296928204210e+03 -3.310380850425708559e+03 2.354240411775889243e+03 2.290740000000000000e+19 1.839044317603111267e-02 -6.903843581676483154e-02
3.789923960759562306e+03 -3.303240259351731311e+03 2.350047919924797498e+03 2.290940000000000000e+19 -9.152863174676895142e-02 5.261689424514770508e-02
3.798748489011480160e+03 -3.296082981277786985e+03 2.345845681848788445e+03 2.291140000000000000e+19 6.383867561817169189e-02 5.059840157628059387e-02
3.807554839298677052e+03 -3.288909050581585689e+03 2.341633717731993784e+03 2.291340000000000000e+19 -5.415465682744979858e-02 -1.117819696664810181e-01
3.816342969721870304e+03 -3.281718501395970634e+03 2.337412047614529001e+03 2.291540000000000000e+19 -1.042752340435981750e-01 5.382758751511573792e-02
3.824382945971274239e+03 -3.275112807037939547e+03 2.333533797896548094e+03 2.291740000000000000e+19 1.284041702747344971e-01 -7.606418430805206299e-02
3.763341731919843369e+03 -3.324611834937600179e+03 2.362596076579118744e+03 2.291940000000000000e+19 -7.422695308923721313e-02 -6.328455358743667603e-02
3.772220539897918570e+03 -3.317504720277234355e+03 2.358423137308823243e+03 2.292140000000000000e+19 -9.962932020425796509e-02 2.627239935100078583e-02
3.781081296928204210e+03 -3.310380850425708559e+03 2.354240411775889243e+03 2.292340000000000000e+19 -4.982540756464004517e-02 5.670955404639244080e-03
3.789923960759562306e+03 -3.303240259351731311e+03 2.350047919924797498e+03 2.292540000000000000e+19 3.124034032225608826e-02 -1.338346600532531738e-01
3.798748489011480160e+03 -3.296082981277786985e+03 2.345845681848788445e+03 2.292740000000000000e+19 4.609129205346107483e-02 8.979399502277374268e-02
3.807554839298677052e+03 -3.288909050581585689e+03 2.341633717731993784e+03 2.292940000000000000e+19 2.607089467346668243e-03 6.684248149394989014e-02
3.816342969721870304e+03 -3.281718501395970634e+03 2.337412047614529001e+03 2.293140000000000000e+19 4.633802548050880432e-02 -6.901311129331588745e-02
3.824382945971274239e+03 -3.275112807037939547e+03 2.333533797896548094e+03 2.293340000000000000e+19 -1.298089977353811264e-02 6.466288119554519653e-02
