# Baseline: 8-10
# u [m], v [m], w [m], frequency [GHz], real, imag
7.746004659147847633e+02 2.000958128495489291e+03 1.033413309875700861e+03 2.267940000000000000e+19 6.976848933845758438e-03 -1.068647485226392746e-03
7.719633771516404295e+02 2.002415390851833990e+03 1.032563571714682439e+03 2.268140000000000000e+19 -3.020723583176732063e-03 -6.138098891824483871e-03
7.693226043771328477e+02 2.003867673413368493e+03 1.031716754084736067e+03 2.268340000000000000e+19 3.614648710936307907e-03 -4.398628138005733490e-03
7.666781602109423375e+02 2.005314969240002029e+03 1.030872861032580431e+03 2.268540000000000000e+19 -3.431985853239893913e-03 3.036389360204339027e-03
7.640300573086134364e+02 2.006757271405253732e+03 1.030031896596918159e+03 2.268740000000000000e+19 9.854035452008247375e-03 4.995990544557571411e-03
7.613783083432845160e+02 2.008194573006658857e+03 1.029193864802367671e+03 2.268940000000000000e+19 3.459252417087554932e-03 1.114939805120229721e-03
7.587229260610066603e+02 2.009626867135713837e+03 1.028358769676986640e+03 2.269140000000000000e+19 4.923377186059951782e-03 -1.529812929220497608e-03
7.562856905829745529e+02 2.010935462606069223e+03 1.027595811495621774e+03 2.269340000000000000e+19 -1.981421746313571930e-02 -1.694700866937637329e-02
7.746004659147847633e+02 2.000958128495489291e+03 1.033413309875700861e+03 2.269540000000000000e+19 6.872721016407012939e-03 -5.114187486469745636e-03
7.719633771516404295e+02 2.002415390851833990e+03 1.032563571714682439e+03 2.269740000000000000e+19 -2.271280623972415924e-03 7.529656402766704559e-03
7.693226043771328477e+02 2.003867673413368493e+03 1.031716754084736067e+03 2.269940000000000000e+19 -7.511454168707132339e-03 1.382215693593025208e-02
7.666781602109423375e+02 2.005314969240002029e+03 1.030872861032580431e+03 2.270140000000000000e+19 -1.127305533736944199e-02 -1.964264316484332085e-03
7.640300573086134364e+02 2.006757271405253732e+03 1.030031896596918159e+03 2.270340000000000000e+19 2.290650969371199608e-03 3.884237492457032204e-03
7.613783083432845160e+02 2.008194573006658857e+03 1.029193864802367671e+03 2.270540000000000000e+19 1.740598934702575207e-03 1.552529353648424149e-02
7.587229260610066603e+02 2.009626867135713837e+03 1.028358769676986640e+03 2.270740000000000000e+19 -1.744288764894008636e-02 5.543859442695975304e-04
7.562856905829745529e+02 2.010935462606069223e+03 1.027595811495621774e+03 2.270940000000000000e+19 1.817810907959938049e-02 -1.465333532541990280e-02
7.480653176084916822e+02 2.015305832507072182e+03 1.025047835405863680e+03 2.271140000000000000e+19 2.434817887842655182e-02 1.150566153228282928e-02
7.453919594293010960e+02 2.016712987085935310e+03 1.024227483205261478e+03 2.271340000000000000e+19 -4.811904393136501312e-03 7.490957155823707581e-03
7.427150444214277059e+02 2.018115093435918197e+03 1.023410091435535492e+03 2.271540000000000000e+19 -5.487742833793163300e-03 8.234538836404681206e-04
7.400345853586313751e+02 2.019512144866496556e+03 1.022595663997080010e+03 2.271740000000000000e+19 -6.183557678014039993e-03 9.941108291968703270e-04
7.373505950782309810e+02 2.020904134686893713e+03 1.021784204790353556e+03 2.271940000000000000e+19 1.719541288912296295e-02 9.589018300175666809e-03
7.346630864250904551e+02 2.022291056235394763e+03 1.020975717698787662e+03 2.272140000000000000e+19 6.163360550999641418e-03 2.060857042670249939e-02
7.319720722703309548e+02 2.023672902869797326e+03 1.020170206594357637e+03 2.272340000000000000e+19 2.869289368391036987e-02 -3.544769715517759323e-03
7.295022850948724908e+02 2.024935196585540780e+03 1.019434401038687952e+03 2.272540000000000000e+19 -1.651086099445819855e-02 9.364415891468524933e-03
7.480653176084916822e+02 2.015305832507072182e+03 1.025047835405863680e+03 2.272740000000000000e+19 2.818668261170387268e-03 -2.209291048347949982e-02
7.453919594293010960e+02 2.016712987085935310e+03 1.024227483205261478e+03 2.272940000000000000e+19 -1.473230216652154922e-02 -4.055364523082971573e-03
7.427150444214277059e+02 2.018115093435918197e+03 1.023410091435535492e+03 2.273140000000000000e+19 -7.840664125978946686e-03 7.506816647946834564e-03
7.400345853586313751e+02 2.019512144866496556e+03 1.022595663997080010e+03 2.273340000000000000e+19 -1.154566463083028793e-02 4.210235550999641418e-03
7.373505950782309810e+02 2.020904134686893713e+03 1.021784204790353556e+03 2.273540000000000000e+19 1.569194160401821136e-02 2.033603377640247345e-03
7.346630864250904551e+02 2.022291056235394763e+03 1.020975717698787662e+03 2.273740000000000000e+19 1.342708338052034378e-02 -1.993857510387897491e-02
7.319720722703309548e+02 2.023672902869797326e+03 1.020170206594357637e+03 2.273940000000000000e+19 -1.161097921431064606e-02 -1.329575665295124054e-02
7.295022850948724908e+02 2.024935196585540780e+03 1.019434401038687952e+03 2.274140000000000000e+19 -5.370154976844787598e-03 -1.422601006925106049e-02
7.211732183050222602e+02 2.029149408444901383e+03 1.016977998888435764e+03 2.274340000000000000e+19 1.719878171570599079e-03 8.630771189928054810e-03
7.184648701154887931e+02 2.030505781817724028e+03 1.016187425247234046e+03 2.274540000000000000e+19 -9.436267428100109100e-03 -2.737682370934635401e-04
7.157530939071003786e+02 2.031857040981931959e+03 1.015399850497552052e+03 2.274740000000000000e+19 -7.498810067772865295e-03 5.352320149540901184e-03
7.130379027049335718e+02 2.033203179447222055e+03 1.014615278422222218e+03 2.274940000000000000e+19 4.402818623930215836e-03 -1.388635765761137009e-02
7.103193094463913440e+02 2.034544190799385660e+03 1.013833712759641458e+03 2.275140000000000000e+19 1.279134955257177353e-02 -1.658191159367561340e-02
7.075973272272009353e+02 2.035880068578709370e+03 1.013055157274638987e+03 2.275340000000000000e+19 6.410055328160524368e-03 -1.860379427671432495e-02
7.048719690077585938e+02 2.037210806424702241e+03 1.012279615674128763e+03 2.275540000000000000e+19 1.072366442531347275e-02 6.108156871050596237e-03
7.023708120969511128e+02 2.038426194294708694e+03 1.011571314875085250e+03 2.275740000000000000e+19 -7.356737274676561356e-03 7.217856124043464661e-03
7.211732183050222602e+02 2.029149408444901383e+03 1.016977998888435764e+03 2.275940000000000000e+19 -2.049759775400161743e-02 -5.081988405436277390e-03
7.184648701154887931e+02 2.030505781817724028e+03 1.016187425247234046e+03 2.276140000000000000e+19 -5.697498098015785217e-03 -2.513902960345149040e-03
7.157530939071003786e+02 2.031857040981931959e+03 1.015399850497552052e+03 2.276340000000000000e+19 1.216980349272489548e-02 1.477406919002532959e-02
7.130379027049335718e+02 2.033203179447222055e+03 1.014615278422222218e+03 2.276540000000000000e+19 1.672217156738042831e-03 -3.425293043255805969e-02
7.103193094463913440e+02 2.034544190799385660e+03 1.013833712759641458e+03 2.276740000000000000e+19 4.818706307560205460e-03 1.218973100185394287e-02
7.075973272272009353e+02 2.035880068578709370e+03 1.013055157274638987e+03 2.276940000000000000e+19 9.699059650301933289e-03 -5.249514710158109665e-03
7.048719690077585938e+02 2.037210806424702241e+03 1.012279615674128763e+03 2.277140000000000000e+19 8.463770151138305664e-03 2.035591192543506622e-02
7.023708120969511128e+02 2.038426194294708694e+03 1.011571314875085250e+03 2.277340000000000000e+19 8.006910793483257294e-03 3.904111916199326515e-03
6.939370374151976648e+02 2.042482231380802659e+03 1.009207662185052754e+03 2.277540000000000000e+19 -1.266821846365928650e-02 2.303055021911859512e-03
6.911949952434974875e+02 2.043787174482837827e+03 1.008447245415287966e+03 2.277740000000000000e+19 2.664286410436034203e-03 6.333294790238142014e-03
6.884496556164772301e+02 2.045086939787358233e+03 1.007689864595539234e+03 2.277940000000000000e+19 3.145968541502952576e-02 -2.391804940998554230e-02
6.857010316056785086e+02 2.046381521105715137e+03 1.006935523331959189e+03 2.278140000000000000e+19 -3.429770935326814651e-03 1.336098555475473404e-02
6.829491364418876174e+02 2.047670912206321873e+03 1.006184225255632441e+03 2.278340000000000000e+19 -1.469379756599664688e-02 -3.590729786083102226e-03
6.801939832182795271e+02 2.048955106954423627e+03 1.005435973941127486e+03 2.278540000000000000e+19 2.605785802006721497e-02 -4.258283227682113647e-02
6.774355851970666436e+02 2.050234099168425018e+03 1.004690772990217397e+03 2.278740000000000000e+19 -1.805726252496242523e-02 2.706857956945896149e-02
6.749042553933636555e+02 2.051401999611505744e+03 1.004010315879529458e+03 2.278940000000000000e+19 1.112448517233133316e-02 -3.334730491042137146e-02
6.939370374151976648e+02 2.042482231380802659e+03 1.009207662185052754e+03 2.279140000000000000e+19 2.492039091885089874e-02 -1.437746267765760422e-02
6.911949952434974875e+02 2.043787174482837827e+03 1.008447245415287966e+03 2.279340000000000000e+19 -1.782764121890068054e-02 6.287155207246541977e-03
6.884496556164772301e+02 2.045086939787358233e+03 1.007689864595539234e+03 2.279540000000000000e+19 8.114580996334552765e-03 -1.413257326930761337e-02
6.857010316056785086e+02 2.046381521105715137e+03 1.006935523331959189e+03 2.279740000000000000e+19 -7.928038947284221649e-03 2.354816533625125885e-02
6.829491364418876174e+02 2.047670912206321873e+03 1.006184225255632441e+03 2.279940000000000000e+19 -2.302592433989048004e-02 -3.326315665617585182e-03
6.801939832182795271e+02 2.048955106954423627e+03 1.005435973941127486e+03 2.280140000000000000e+19 3.158085793256759644e-02 7.888227701187133789e-03
6.774355851970666436e+02 2.050234099168425018e+03 1.004690772990217397e+03 2.280340000000000000e+19 7.541052531450986862e-03 2.206712588667869568e-02
6.749042553933636555e+02 2.051401999611505744e+03 1.004010315879529458e+03 2.280540000000000000e+19 1.345147285610437393e-02 -2.578050456941127777e-02
6.668319042408908217e+02 2.055088597213616595e+03 1.001862491515146189e+03 2.280740000000000000e+19 8.049906231462955475e-03 6.570759229362010956e-03
6.640580091916461924e+02 2.056342358107309792e+03 1.001132083941977612e+03 2.280940000000000000e+19 -5.593892652541399002e-03 -5.245768930763006210e-03
6.612809465192713105e+02 2.057590881135686232e+03 1.000404747316692010e+03 2.281140000000000000e+19 3.335986053571105003e-03 1.225113496184349060e-02
6.585007295624618564e+02 2.058834160301967586e+03 9.996804851327509596e+02 2.281340000000000000e+19 -9.908880107104778290e-03 -4.455747082829475403e-03
6.557173715491745725e+02 2.060072189690845789e+03 9.989593008360607200e+02 2.281540000000000000e+19 1.043792720884084702e-02 -3.949139732867479324e-03
6.529308858676603222e+02 2.061304963347203284e+03 9.982411978956218945e+02 2.281740000000000000e+19 1.504062529420480132e-04 -9.059191681444644928e-03
6.501412858145457676e+02 2.062532475388582498e+03 9.975261797380184134e+02 2.281940000000000000e+19 -4.808938596397638321e-03 3.161172848194837570e-03
6.475814672987228278e+02 2.063653134678197148e+03 9.968734198958184152e+02 2.282140000000000000e+19 -4.145361017435789108e-03 -4.285693634301424026e-03
6.668319042408908217e+02 2.055088597213616595e+03 1.001862491515146189e+03 2.282340000000000000e+19 6.893505342304706573e-03 1.944385282695293427e-02
6.640580091916461924e+02 2.056342358107309792e+03 1.001132083941977612e+03 2.282540000000000000e+19 -1.074331067502498627e-02 -2.927739638835191727e-03
6.612809465192713105e+02 2.057590881135686232e+03 1.000404747316692010e+03 2.282740000000000000e+19 -5.134535022079944611e-03 -8.756233146414160728e-04
6.585007295624618564e+02 2.058834160301967586e+03 9.996804851327509596e+02 2.282940000000000000e+19 1.057039364241063595e-03 -4.539450630545616150e-03
6.557173715491745725e+02 2.060072189690845789e+03 9.989593008360607200e+02 2.283140000000000000e+19 1.110712997615337372e-02 2.299302257597446442e-03
6.529308858676603222e+02 2.061304963347203284e+03 9.982411978956218945e+02 2.283340000000000000e+19 7.215397898107767105e-03 -5.908573977649211884e-03
6.501412858145457676e+02 2.062532475388582498e+03 9.975261797380184134e+02 2.283540000000000000e+19 -1.316178683191537857e-02 -1.366100180894136429e-02
6.475814672987228278e+02 2.063653134678197148e+03 9.968734198958184152e+02 2.283740000000000000e+19 -5.232409574091434479e-03 1.260440330952405930e-03
6.389520092013939347e+02 2.067389790252749208e+03 9.946970231744198827e+02 2.283940000000000000e+19 1.412139926105737686e-02 -8.315433748066425323e-03
6.361470379183714385e+02 2.068590906571573669e+03 9.939974799831790051e+02 2.284140000000000000e+19 -1.285392441786825657e-03 -1.237261760979890823e-02
6.333390325477020042e+02 2.069786726423444179e+03 9.933010418743548371e+02 2.284340000000000000e+19 5.650784354656934738e-03 2.494596410542726517e-03
6.305280066157840793e+02 2.070977244048001012e+03 9.926077122027378437e+02 2.284540000000000000e+19 -4.311950877308845520e-03 8.342497050762176514e-03
6.277139735069164317e+02 2.072162453776767052e+03 9.919174942695071877e+02 2.284740000000000000e+19 1.029441412538290024e-02 9.354003705084323883e-03
6.248969467078774187e+02 2.073342349929300781e+03 9.912303913827145152e+02 2.284940000000000000e+19 1.405392307788133621e-02 -6.408700719475746155e-03
6.220769397394841462e+02 2.074516926842529756e+03 9.905464068401937539e+02 2.285140000000000000e+19 -1.219806447625160217e-02 1.350098662078380585e-02
6.194893644647220299e+02 2.075589012612213082e+03 9.899221233961591224e+02 2.285340000000000000e+19 7.779056206345558167e-03 -9.016251191496849060e-03
6.389520092013939347e+02 2.067389790252749208e+03 9.946970231744198827e+02 2.285540000000000000e+19 -1.105157472193241119e-02 6.740264594554901123e-03
6.361470379183714385e+02 2.068590906571573669e+03 9.939974799831790051e+02 2.285740000000000000e+19 -1.286731567233800888e-03 -8.324010414071381092e-04
6.333390325477020042e+02 2.069786726423444179e+03 9.933010418743548371e+02 2.285940000000000000e+19 -8.145179599523544312e-03 -1.418073516106233001e-04
6.305280066157840793e+02 2.070977244048001012e+03 9.926077122027378437e+02 2.286140000000000000e+19 1.925816759467124939e-02 4.765320336446166039e-04
6.277139735069164317e+02 2.072162453776767052e+03 9.919174942695071877e+02 2.286340000000000000e+19 2.842194214463233948e-02 -6.866045296192169189e-03
6.248969467078774187e+02 2.073342349929300781e+03 9.912303913827145152e+02 2.286540000000000000e+19 -1.386155001819133759e-02 -9.994842112064361572e-03
6.220769397394841462e+02 2.074516926842529756e+03 9.905464068401937539e+02 2.286740000000000000e+19 1.670950278639793396e-02 -1.532371062785387039e-02
6.194893644647220299e+02 2.075589012612213082e+03 9.899221233961591224e+02 2.286940000000000000e+19 -3.203050000593066216e-03 -1.486144308000802994e-02
6.107673799777331851e+02 2.079161930196647063e+03 9.878417172766007752e+02 2.287140000000000000e+19 1.037302892655134201e-02 6.035399856045842171e-04
6.079326747160440618e+02 2.080309827175207374e+03 9.871733732160736281e+02 2.287340000000000000e+19 -1.695576123893260956e-02 -1.483770785853266716e-03
6.050950704717857889e+02 2.081452371570378091e+03 9.865081669153388475e+02 2.287540000000000000e+19 1.234266255050897598e-02 1.418670453131198883e-02
6.022545807558252591e+02 2.082589557942137617e+03 9.858461015416523878e+02 2.287740000000000000e+19 -6.428436376154422760e-03 2.721918746829032898e-02
5.994112192411367914e+02 2.083721380816510191e+03 9.851871802819310915e+02 2.287940000000000000e+19 3.160490840673446655e-02 -3.354377113282680511e-03
5.965649994561541689e+02 2.084847834808411335e+03 9.845314062712336636e+02 2.288140000000000000e+19 -2.785941585898399353e-03 6.697691977024078369e-03
5.937159351013887090e+02 2.085968914495602803e+03 9.838787826661564395e+02 2.288340000000000000e+19 -1.455723587423563004e-02 -2.744772098958492279e-02
5.911018413566216623e+02 2.086991913697101609e+03 9.832832743713131549e+02 2.288540000000000000e+19 5.870230030268430710e-03 -9.271810762584209442e-03
6.107673799777331851e+02 2.079161930196647063e+03 9.878417172766007752e+02 2.288740000000000000e+19 1.548406109213829041e-02 9.982769377529621124e-03
6.079326747160440618e+02 2.080309827175207374e+03 9.871733732160736281e+02 2.288940000000000000e+19 -1.352163497358560562e-03 1.893014460802078247e-02
6.050950704717857889e+02 2.081452371570378091e+03 9.865081669153388475e+02 2.289140000000000000e+19 2.416591532528400421e-02 1.338978298008441925e-02
6.022545807558252591e+02 2.082589557942137617e+03 9.858461015416523878e+02 2.289340000000000000e+19 8.574765175580978394e-03 -8.147910237312316895e-03
5.994112192411367914e+02 2.083721380816510191e+03 9.851871802819310915e+02 2.289540000000000000e+19 2.700564078986644745e-02 -6.308252923190593719e-03
5.965649994561541689e+02 2.084847834808411335e+03 9.845314062712336636e+02 2.289740000000000000e+19 9.485536254942417145e-03 -1.289362180978059769e-02
5.937159351013887090e+02 2.085968914495602803e+03 9.838787826661564395e+02 2.289940000000000000e+19 7.410583202727138996e-04 -3.087184391915798187e-03
5.911018413566216623e+02 2.086991913697101609e+03 9.832832743713131549e+02 2.290140000000000000e+19 3.703793976455926895e-03 -2.453843830153346062e-03
5.822915043984038448e+02 2.090399383471476995e+03 9.812998544295293186e+02 2.290340000000000000e+19 -6.402931176126003265e-03 -1.503693312406539917e-02
5.794284217695295638e+02 2.091493511758666045e+03 9.806630293494996522e+02 2.290540000000000000e+19 2.664792165160179138e-02 -7.046576123684644699e-03
5.765625765623639154e+02 2.092582233944849122e+03 9.800293731833199899e+02 2.290740000000000000e+19 -4.701979050878435373e-04 2.537938393652439117e-02
5.736939824421452840e+02 2.093665544838581354e+03 9.793988889524979413e+02 2.290940000000000000e+19 1.320595853030681610e-02 9.822995401918888092e-03
5.708226531571516489e+02 2.094743439247792139e+03 9.787715796787973659e+02 2.291140000000000000e+19 -1.737649436108767986e-03 4.938238766044378281e-03
5.679486024988460713e+02 2.095815911995261104e+03 9.781474483752309652e+02 2.291340000000000000e+19 -1.593861496075987816e-03 -1.317661488428711891e-03
5.650718441416269116e+02 2.096882957978355535e+03 9.775264980112946205e+02 2.291540000000000000e+19 1.132589206099510193e-02 4.606226086616516113e-02
5.624324833635866980e+02 2.097856380885471935e+03 9.769600499442622095e+02 2.291740000000000000e+19 -1.695910468697547913e-02 3.969124518334865570e-03
5.822915043984038448e+02 2.090399383471476995e+03 9.812998544295293186e+02 2.291940000000000000e+19 -1.907022297382354736e-02 -2.883633784949779510e-02
5.794284217695295638e+02 2.091493511758666045e+03 9.806630293494996522e+02 2.292140000000000000e+19 1.175501849502325058e-02 9.392667561769485474e-04
5.765625765623639154e+02 2.092582233944849122e+03 9.800293731833199899e+02 2.292340000000000000e+19 -1.011050958186388016e-02 7.681193295866250992e-03
5.736939824421452840e+02 2.093665544838581354e+03 9.793988889524979413e+02 2.292540000000000000e+19 -7.832041941583156586e-03 3.058844991028308868e-02
5.708226531571516489e+02 2.094743439247792139e+03 9.787715796787973659e+02 2.292740000000000000e+19 3.774705901741981506e-02 1.690930221229791641e-03
5.679486024988460713e+02 2.095815911995261104e+03 9.781474483752309652e+02 2.292940000000000000e+19 -9.827086701989173889e-03 1.291922014206647873e-02
5.650718441416269116e+02 2.096882957978355535e+03 9.775264980112946205e+02 2.293140000000000000e+19 -1.319840457290410995e-02 -9.513261727988719940e-03
5.624324833635866980e+02 2.097856380885471935e+03 9.769600499442622095e+02 2.293340000000000000e+19 -1.339936442673206329e-02 -3.121688030660152435e-03
