# Baseline: 12-16
# Entries: 128
# u [m], v [m], w [m], frequency [GHz], real, imag
-2.405590707157188717e+03 6.305039242554253178e+03 -1.631062914351661220e+03 2.267940000000000000e+19 1.393320411443710327e-02 1.504061520099639893e-01
-2.419290765989173451e+03 6.300488983265056959e+03 -1.628380634998850610e+03 2.268140000000000000e+19 -2.473857700824737549e-01 -2.830182015895843506e-01
-2.432979236971700175e+03 6.295912864562430514e+03 -1.625683230333107986e+03 2.268340000000000000e+19 1.828673332929611206e-01 1.175249814987182617e-01
-2.446656054690794463e+03 6.291310908314807421e+03 -1.622970713244868875e+03 2.268540000000000000e+19 -5.545692890882492065e-02 -2.087122052907943726e-01
-2.456906349040957593e+03 6.287843304650092250e+03 -1.620926887229921476e+03 2.268740000000000000e+19 7.068885117769241333e-02 2.467274516820907593e-01
-2.473974468579534459e+03 6.282029571401696558e+03 -1.617500393798023879e+03 2.268940000000000000e+19 -2.130283266305923462e-01 -1.972812712192535400e-01
-2.487615933725366176e+03 6.277350235252022685e+03 -1.614742617676613918e+03 2.269140000000000000e+19 2.564585208892822266e-01 -8.882258087396621704e-03
-2.504651488826380046e+03 6.271465900341329871e+03 -1.611274830170832729e+03 2.269340000000000000e+19 -2.971015274524688721e-01 -1.064408272504806519e-01
-2.405590707157188717e+03 6.305039242554253178e+03 -1.631062914351661220e+03 2.269540000000000000e+19 -7.431083358824253082e-04 -2.488423883914947510e-02
-2.419290765989173451e+03 6.300488983265056959e+03 -1.628380634998850610e+03 2.269740000000000000e+19 -6.531003117561340332e-02 -1.134804636240005493e-01
-2.432979236971700175e+03 6.295912864562430514e+03 -1.625683230333107986e+03 2.269940000000000000e+19 2.061336189508438110e-01 1.079221963882446289e-01
-2.446656054690794463e+03 6.291310908314807421e+03 -1.622970713244868875e+03 2.270140000000000000e+19 -6.351067870855331421e-02 -1.056504026055335999e-01
-2.456906349040957593e+03 6.287843304650092250e+03 -1.620926887229921476e+03 2.270340000000000000e+19 -4.524716641753911972e-03 -4.296403750777244568e-02
-2.473974468579534459e+03 6.282029571401696558e+03 -1.617500393798023879e+03 2.270540000000000000e+19 -1.400044187903404236e-02 3.467047959566116333e-02
-2.487615933725366176e+03 6.277350235252022685e+03 -1.614742617676613918e+03 2.270740000000000000e+19 1.228429526090621948e-01 -1.930232532322406769e-02
-2.504651488826380046e+03 6.271465900341329871e+03 -1.611274830170832729e+03 2.270940000000000000e+19 -3.687274828553199768e-02 -6.113262102007865906e-02
-2.542061995013493743e+03 6.258375629317582025e+03 -1.603561045597733710e+03 2.271140000000000000e+19 1.855624318122863770e-01 6.295152753591537476e-02
-2.555643234757971641e+03 6.253567776024760860e+03 -1.600728102579003462e+03 2.271340000000000000e+19 6.386854220181703568e-03 -5.489389970898628235e-02
-2.569212234012136832e+03 6.248734287906169811e+03 -1.597880166606070361e+03 2.271540000000000000e+19 1.091541635105386376e-04 3.327315300703048706e-02
-2.582768928027510356e+03 6.243875188026576325e+03 -1.595017251268938253e+03 2.271740000000000000e+19 -9.665073826909065247e-03 9.176067262887954712e-02
-2.596313251878149458e+03 6.238990499657345936e+03 -1.592139370278805472e+03 2.271940000000000000e+19 6.751111149787902832e-02 1.202105805277824402e-01
-2.609845140744458604e+03 6.234080246175248249e+03 -1.589246537408448603e+03 2.272140000000000000e+19 8.077511191368103027e-02 -3.205382451415061951e-02
-2.623364529819434210e+03 6.229144451096934063e+03 -1.586338766512522398e+03 2.272340000000000000e+19 -4.117987677454948425e-02 -4.246421158313751221e-02
-2.635746428023889621e+03 6.224597879415590796e+03 -1.583660388912544931e+03 2.272540000000000000e+19 -8.109507709741592407e-02 -3.284400328993797302e-02
-2.542061995013493743e+03 6.258375629317582025e+03 -1.603561045597733710e+03 2.272740000000000000e+19 4.017516598105430603e-02 -6.292449682950973511e-02
-2.555643234757971641e+03 6.253567776024760860e+03 -1.600728102579003462e+03 2.272940000000000000e+19 2.482008002698421478e-02 -3.081354498863220215e-02
-2.569212234012136832e+03 6.248734287906169811e+03 -1.597880166606070361e+03 2.273140000000000000e+19 2.858729101717472076e-03 5.086062476038932800e-02
-2.582768928027510356e+03 6.243875188026576325e+03 -1.595017251268938253e+03 2.273340000000000000e+19 5.887313187122344971e-02 1.145656183362007141e-01
-2.596313251878149458e+03 6.238990499657345936e+03 -1.592139370278805472e+03 2.273540000000000000e+19 9.037482738494873047e-02 3.978015854954719543e-02
-2.609845140744458604e+03 6.234080246175248249e+03 -1.589246537408448603e+03 2.273740000000000000e+19 -4.189501702785491943e-02 2.396927587687969208e-02
-2.623364529819434210e+03 6.229144451096934063e+03 -1.586338766512522398e+03 2.273940000000000000e+19 7.970055192708969116e-02 5.753440782427787781e-02
-2.635746428023889621e+03 6.224597879415590796e+03 -1.583660388912544931e+03 2.274140000000000000e+19 1.295969728380441666e-02 7.500471919775009155e-02
-2.677315795857791727e+03 6.209146328804405130e+03 -1.574558581898258808e+03 2.274340000000000000e+19 5.484065040946006775e-02 1.249910220503807068e-01
-2.690771716868707699e+03 6.204083182439241682e+03 -1.571576330999863785e+03 2.274540000000000000e+19 -9.995635598897933960e-02 -3.997243568301200867e-02
-2.704214750982824171e+03 6.198994637966027767e+03 -1.568579226599866161e+03 2.274740000000000000e+19 -5.873478949069976807e-03 6.303977966308593750e-02
-2.717644833631226447e+03 6.193880719825835513e+03 -1.565567283093857668e+03 2.274940000000000000e+19 -2.995055168867111206e-02 -7.503407448530197144e-02
-2.731061900821560812e+03 6.188741452385307639e+03 -1.562540514833085808e+03 2.275140000000000000e+19 9.418655186891555786e-02 3.344129025936126709e-02
-2.744465887922840011e+03 6.183576860400994519e+03 -1.559498936397933221e+03 2.275340000000000000e+19 -4.748616740107536316e-02 1.824232935905456543e-02
-2.757856731114182367e+03 6.178386968463869380e+03 -1.556442562270763801e+03 2.275540000000000000e+19 4.789479076862335205e-02 4.592217877507209778e-02
-2.770120238101793348e+03 6.173607685008867520e+03 -1.553628088937107805e+03 2.275740000000000000e+19 8.948267251253128052e-02 5.658708512783050537e-03
-2.677315795857791727e+03 6.209146328804405130e+03 -1.574558581898258808e+03 2.275940000000000000e+19 -6.930880248546600342e-02 -8.010204881429672241e-02
-2.690771716868707699e+03 6.204083182439241682e+03 -1.571576330999863785e+03 2.276140000000000000e+19 -6.521164625883102417e-02 -6.128647550940513611e-02
-2.704214750982824171e+03 6.198994637966027767e+03 -1.568579226599866161e+03 2.276340000000000000e+19 6.688578985631465912e-03 5.978998914361000061e-02
-2.717644833631226447e+03 6.193880719825835513e+03 -1.565567283093857668e+03 2.276540000000000000e+19 3.866541758179664612e-02 1.817188598215579987e-02
-2.731061900821560812e+03 6.188741452385307639e+03 -1.562540514833085808e+03 2.276740000000000000e+19 1.405934616923332214e-02 1.556131802499294281e-02
-2.744465887922840011e+03 6.183576860400994519e+03 -1.559498936397933221e+03 2.276940000000000000e+19 9.310600906610488892e-02 -2.787318825721740723e-02
-2.757856731114182367e+03 6.178386968463869380e+03 -1.556442562270763801e+03 2.277140000000000000e+19 -2.469233796000480652e-02 1.024664379656314850e-02
-2.770120238101793348e+03 6.173607685008867520e+03 -1.553628088937107805e+03 2.277340000000000000e+19 -4.361521825194358826e-02 -7.645821571350097656e-02
-2.811287383096077065e+03 6.157374900110711678e+03 -1.544069402655610247e+03 2.277540000000000000e+19 1.118932887911796570e-01 9.157126396894454956e-02
-2.824611546310775793e+03 6.152058883550758765e+03 -1.540939270982933976e+03 2.277740000000000000e+19 1.013957895338535309e-02 -1.024204585701227188e-02
-2.837922181827255827e+03 6.146717717966794226e+03 -1.537794432494297553e+03 2.277940000000000000e+19 -3.663528338074684143e-02 3.987362608313560486e-02
-2.851219226268854072e+03 6.141351428790011596e+03 -1.534634902163428251e+03 2.278140000000000000e+19 1.885299570858478546e-02 2.232974022626876831e-02
-2.864502615628965941e+03 6.135960041851653841e+03 -1.531460695199112024e+03 2.278340000000000000e+19 -1.248112693428993225e-02 4.165708646178245544e-02
-2.877772286706934210e+03 6.130543582803302343e+03 -1.528271826703875831e+03 2.278540000000000000e+19 1.022190041840076447e-02 -2.999779768288135529e-02
-2.891028175627903238e+03 6.125102077717661814e+03 -1.525068312027711045e+03 2.278740000000000000e+19 6.273982673883438110e-02 -2.199615910649299622e-02
-2.903167423126236372e+03 6.120092369453454921e+03 -1.522119089734040244e+03 2.278940000000000000e+19 -1.531818415969610214e-02 -6.695587188005447388e-02
-2.811287383096077065e+03 6.157374900110711678e+03 -1.544069402655610247e+03 2.279140000000000000e+19 5.622340366244316101e-02 4.814142733812332153e-02
-2.824611546310775793e+03 6.152058883550758765e+03 -1.540939270982933976e+03 2.279340000000000000e+19 7.222483307123184204e-02 -6.444457173347473145e-02
-2.837922181827255827e+03 6.146717717966794226e+03 -1.537794432494297553e+03 2.279540000000000000e+19 -7.598775625228881836e-02 -1.346888989210128784e-01
-2.851219226268854072e+03 6.141351428790011596e+03 -1.534634902163428251e+03 2.279740000000000000e+19 -4.262557998299598694e-02 7.382604293525218964e-03
-2.864502615628965941e+03 6.135960041851653841e+03 -1.531460695199112024e+03 2.279940000000000000e+19 -3.770942613482475281e-02 3.297637775540351868e-02
-2.877772286706934210e+03 6.130543582803302343e+03 -1.528271826703875831e+03 2.280140000000000000e+19 2.675670897588133812e-03 2.928753942251205444e-02
-2.891028175627903238e+03 6.125102077717661814e+03 -1.525068312027711045e+03 2.280340000000000000e+19 3.292465582489967346e-02 8.826866745948791504e-02
-2.903167423126236372e+03 6.120092369453454921e+03 -1.522119089734040244e+03 2.280540000000000000e+19 5.459760501980781555e-02 5.316668376326560974e-02
-2.941713600242841494e+03 6.104011420978728893e+03 -1.512652768414964385e+03 2.280740000000000000e+19 1.843942701816558838e-01 1.073027178645133972e-01
-2.954901983318130078e+03 6.098449228894179214e+03 -1.509378681003805696e+03 2.280940000000000000e+19 -1.349681317806243896e-01 -1.957879168912768364e-03
-2.968076215344832235e+03 6.092862144272585283e+03 -1.506090037773644099e+03 2.281140000000000000e+19 3.758733347058296204e-02 -1.232806369662284851e-01
-2.981236233045325207e+03 6.087250193949889763e+03 -1.502786854520554016e+03 2.281340000000000000e+19 -2.888714075088500977e-01 -8.456177264451980591e-02
-2.994381973806079259e+03 6.081613404627336422e+03 -1.499469146960859234e+03 2.281540000000000000e+19 2.112215310335159302e-01 4.114740714430809021e-02
-3.007513374394439325e+03 6.075951803418317468e+03 -1.496136931053023318e+03 2.281740000000000000e+19 -7.710693031549453735e-02 -1.643459200859069824e-01
-3.020630372150201310e+03 6.070265417339369378e+03 -1.492790222698035905e+03 2.281940000000000000e+19 1.070317849516868591e-01 1.930597573518753052e-01
-3.032641765422148637e+03 6.065031462128849853e+03 -1.489709873324958608e+03 2.282140000000000000e+19 -4.260303825139999390e-02 -8.393371850252151489e-02
-2.941713600242841494e+03 6.104011420978728893e+03 -1.512652768414964385e+03 2.282340000000000000e+19 -1.039888150990009308e-02 1.045946329832077026e-01
-2.954901983318130078e+03 6.098449228894179214e+03 -1.509378681003805696e+03 2.282540000000000000e+19 2.866368927061557770e-02 -5.403681844472885132e-02
-2.968076215344832235e+03 6.092862144272585283e+03 -1.506090037773644099e+03 2.282740000000000000e+19 -5.620488151907920837e-02 -2.304549366235733032e-01
-2.981236233045325207e+03 6.087250193949889763e+03 -1.502786854520554016e+03 2.282940000000000000e+19 -2.851347438991069794e-02 9.366463124752044678e-02
-2.994381973806079259e+03 6.081613404627336422e+03 -1.499469146960859234e+03 2.283140000000000000e+19 -5.176758393645286560e-03 -1.280438750982284546e-01
-3.007513374394439325e+03 6.075951803418317468e+03 -1.496136931053023318e+03 2.283340000000000000e+19 8.757262490689754486e-03 4.798525571823120117e-02
-3.020630372150201310e+03 6.070265417339369378e+03 -1.492790222698035905e+03 2.283540000000000000e+19 1.383830793201923370e-02 -1.635482013225555420e-01
-3.032641765422148637e+03 6.065031462128849853e+03 -1.489709873324958608e+03 2.283740000000000000e+19 -7.257798314094543457e-02 -4.137822613120079041e-02
-3.072953079985785735e+03 6.047272570548388103e+03 -1.479258786279179958e+03 2.283940000000000000e+19 1.792366355657577515e-01 1.163938418030738831e-01
-3.085997122985572332e+03 6.041462670850261020e+03 -1.475839857414186326e+03 2.284140000000000000e+19 4.452425055205821991e-03 -2.322440780699253082e-02
-3.099026387731790692e+03 6.035628151256791170e+03 -1.472406533190804794e+03 2.284340000000000000e+19 -5.595519021153450012e-02 -3.828150406479835510e-02
-3.112040811461423800e+03 6.029769039873370275e+03 -1.468958830147688559e+03 2.284540000000000000e+19 -1.235962510108947754e-01 -1.469735405407845974e-03
-3.125040332208199743e+03 6.023885364597348598e+03 -1.465496764700623999e+03 2.284740000000000000e+19 4.090443253517150879e-02 -4.837754182517528534e-03
-3.138024887669064810e+03 6.017977153627053667e+03 -1.462020353442068199e+03 2.284940000000000000e+19 -9.650717675685882568e-02 -4.275754839181900024e-02
-3.150994415522594409e+03 6.012044435320128287e+03 -1.458529613057781717e+03 2.285140000000000000e+19 -9.829743951559066772e-02 -6.520041078329086304e-02
-3.162870088015209149e+03 6.006584916696673645e+03 -1.455317376219447851e+03 2.285340000000000000e+19 5.939240753650665283e-02 3.834503516554832458e-02
-3.072953079985785735e+03 6.047272570548388103e+03 -1.479258786279179958e+03 2.285540000000000000e+19 6.632321327924728394e-02 -8.040793985128402710e-02
-3.085997122985572332e+03 6.041462670850261020e+03 -1.475839857414186326e+03 2.285740000000000000e+19 -7.895413041114807129e-02 9.681146591901779175e-02
-3.099026387731790692e+03 6.035628151256791170e+03 -1.472406533190804794e+03 2.285940000000000000e+19 4.603502154350280762e-02 6.832694262266159058e-02
-3.112040811461423800e+03 6.029769039873370275e+03 -1.468958830147688559e+03 2.286140000000000000e+19 -3.868222935125231743e-03 -7.034616917371749878e-02
-3.125040332208199743e+03 6.023885364597348598e+03 -1.465496764700623999e+03 2.286340000000000000e+19 3.145442157983779907e-02 4.386577382683753967e-02
-3.138024887669064810e+03 6.017977153627053667e+03 -1.462020353442068199e+03 2.286540000000000000e+19 -2.992717549204826355e-02 -5.097714439034461975e-02
-3.150994415522594409e+03 6.012044435320128287e+03 -1.458529613057781717e+03 2.286740000000000000e+19 8.036162704229354858e-03 -8.790663629770278931e-02
-3.162870088015209149e+03 6.006584916696673645e+03 -1.455317376219447851e+03 2.286940000000000000e+19 -7.797975093126296997e-02 -3.739991411566734314e-02
-3.202721012067877837e+03 5.988069057654898643e+03 -1.444423695008212235e+03 2.287140000000000000e+19 -7.503939419984817505e-02 2.655557915568351746e-02
-3.215614473071938846e+03 5.982014230543369194e+03 -1.440861560745598808e+03 2.287340000000000000e+19 -1.294954400509595871e-02 -9.771277010440826416e-02
-3.228492535146709997e+03 5.975935068206344113e+03 -1.437285198619028961e+03 2.287540000000000000e+19 3.071797452867031097e-02 5.776906758546829224e-02
-3.241355136975282221e+03 5.969831599589066172e+03 -1.433694625656971539e+03 2.287740000000000000e+19 1.038900017738342285e-01 -3.098063543438911438e-02
-3.254202216642224812e+03 5.963703854071140995e+03 -1.430089859143004333e+03 2.287940000000000000e+19 -1.548444386571645737e-02 -3.744518011808395386e-02
-3.267033713022587108e+03 5.957551860807787307e+03 -1.426470916228210626e+03 2.288140000000000000e+19 4.801792651414871216e-02 -6.304937414824962616e-04
-3.279849564351035497e+03 5.951375649412298117e+03 -1.422837814332867083e+03 2.288340000000000000e+19 -4.943535104393959045e-02 7.699254155158996582e-02
-3.291583832943689686e+03 5.945693180040600055e+03 -1.419495227254800284e+03 2.288540000000000000e+19 1.042974814772605896e-01 -4.845333285629749298e-03
-3.202721012067877837e+03 5.988069057654898643e+03 -1.444423695008212235e+03 2.288740000000000000e+19 -9.445806592702865601e-02 -1.372155454009771347e-02
-3.215614473071938846e+03 5.982014230543369194e+03 -1.440861560745598808e+03 2.288940000000000000e+19 -5.526562687009572983e-03 -3.117044642567634583e-02
-3.228492535146709997e+03 5.975935068206344113e+03 -1.437285198619028961e+03 2.289140000000000000e+19 -4.629334062337875366e-02 -1.299099344760179520e-02
-3.241355136975282221e+03 5.969831599589066172e+03 -1.433694625656971539e+03 2.289340000000000000e+19 1.228969842195510864e-01 -2.546642348170280457e-02
-3.254202216642224812e+03 5.963703854071140995e+03 -1.430089859143004333e+03 2.289540000000000000e+19 8.550541102886199951e-02 -3.387886285781860352e-02
-3.267033713022587108e+03 5.957551860807787307e+03 -1.426470916228210626e+03 2.289740000000000000e+19 1.772689074277877808e-02 -1.004103757441043854e-02
-3.279849564351035497e+03 5.951375649412298117e+03 -1.422837814332867083e+03 2.289940000000000000e+19 -8.698011934757232666e-02 9.525567293167114258e-02
-3.291583832943689686e+03 5.945693180040600055e+03 -1.419495227254800284e+03 2.290140000000000000e+19 5.176850780844688416e-02 5.586501210927963257e-02
-3.330955295798603856e+03 5.926429214345905166e+03 -1.408164165083469697e+03 2.290340000000000000e+19 7.103820797055959702e-03 -3.105645254254341125e-02
-3.343692004359098519e+03 5.920132357496372606e+03 -1.404460530166392346e+03 2.290540000000000000e+19 -1.477742046117782593e-01 -4.373713582754135132e-02
-3.356412701091760027e+03 5.913811461553231311e+03 -1.400742841580499999e+03 2.290740000000000000e+19 3.311736136674880981e-02 8.108498901128768921e-02
-3.369117325340047955e+03 5.907466556656261673e+03 -1.397011117052787768e+03 2.290940000000000000e+19 5.023481696844100952e-02 -1.255641411989927292e-02
-3.381805816214255628e+03 5.901097673214345377e+03 -1.393265374468118125e+03 2.291140000000000000e+19 6.314833462238311768e-02 8.238670416176319122e-03
-3.394478112769875679e+03 5.894704841818515888e+03 -1.389505631818072970e+03 2.291340000000000000e+19 8.672958239912986755e-03 5.582237243652343750e-02
-3.407134154713926819e+03 5.888288092885320111e+03 -1.385731906991209371e+03 2.291540000000000000e+19 3.184841200709342957e-02 2.444465458393096924e-02
-3.418721401948466337e+03 5.882385393147074865e+03 -1.382260569880124876e+03 2.291740000000000000e+19 7.062403112649917603e-02 8.969835005700588226e-03
-3.330955295798603856e+03 5.926429214345905166e+03 -1.408164165083469697e+03 2.291940000000000000e+19 -3.948116675019264221e-02 -6.935790926218032837e-02
-3.343692004359098519e+03 5.920132357496372606e+03 -1.404460530166392346e+03 2.292140000000000000e+19 -5.715833322028629482e-05 -5.165342614054679871e-02
-3.356412701091760027e+03 5.913811461553231311e+03 -1.400742841580499999e+03 2.292340000000000000e+19 -2.459407970309257507e-02 -6.007235497236251831e-02
-3.369117325340047955e+03 5.907466556656261673e+03 -1.397011117052787768e+03 2.292540000000000000e+19 -4.026121273636817932e-02 -9.812447428703308105e-02
-3.381805816214255628e+03 5.901097673214345377e+03 -1.393265374468118125e+03 2.292740000000000000e+19 -1.077294722199440002e-02 -7.194702047854661942e-03
-3.394478112769875679e+03 5.894704841818515888e+03 -1.389505631818072970e+03 2.292940000000000000e+19 -9.385465085506439209e-02 4.921108484268188477e-02
-3.407134154713926819e+03 5.888288092885320111e+03 -1.385731906991209371e+03 2.293140000000000000e+19 1.180053781718015671e-02 -3.190302103757858276e-02
-3.418721401948466337e+03 5.882385393147074865e+03 -1.382260569880124876e+03 2.293340000000000000e+19 8.473528176546096802e-02 -7.048983126878738403e-02
