# Baseline: 3-8
# Entries: 128
# u [m], v [m], w [m], frequency [GHz], real, imag, std(real), std(imag)
-1.247023700308073103e+03 -1.427643084064481172e+03 -1.430966141182329920e+03 2.267940000000000111e+01 2.749560475349426270e-01 3.697523772716522217e-01 8.418717980384826660e-02 8.423417061567306519e-02
-1.245907240442709963e+03 -1.429992654532385359e+03 -1.429591948079349095e+03 2.268140000000000001e+01 -5.356581211090087891e-01 -3.457783162593841553e-02 8.418717980384826660e-02 8.423417061567306519e-02
-1.244784828681680665e+03 -1.432340115091423741e+03 -1.428218998193650350e+03 2.268340000000000245e+01 1.895917952060699463e-01 1.305006444454193115e-01 8.418717980384826660e-02 8.423417061567306519e-02
-1.243656470388784328e+03 -1.434685454523629232e+03 -1.426847298086235014e+03 2.268540000000000134e+01 -3.567870259284973145e-01 -1.303604543209075928e-01 8.418717980384826660e-02 8.423417061567306519e-02
-1.242806488025824592e+03 -1.436443127280195085e+03 -1.425819307692549728e+03 2.268740000000000023e+01 5.132208466529846191e-01 2.722948193550109863e-01 8.418717980384826660e-02 8.423417061567306519e-02
-1.241381935835612694e+03 -1.439369725120898920e+03 -1.424107673458690670e+03 2.268940000000000268e+01 -5.380213856697082520e-01 -3.776274323463439941e-01 8.418717980384826660e-02 8.423417061567306519e-02
-1.240235770484615387e+03 -1.441708633819386478e+03 -1.422739762078266722e+03 2.269140000000000157e+01 7.208543419837951660e-01 1.834858357906341553e-01 8.418717980384826660e-02 8.423417061567306519e-02
-1.238794972435581712e+03 -1.444629310883684639e+03 -1.421031615928115571e+03 2.269340000000000046e+01 -1.949177980422973633e-01 8.991561830043792725e-02 8.418717980384826660e-02 8.423417061567306519e-02
-1.247023700308073103e+03 -1.427643084064481172e+03 -1.430966141182329920e+03 2.269540000000000290e+01 2.958208024501800537e-01 1.027807965874671936e-01 8.418717980384826660e-02 8.423417061567306519e-02
-1.245907240442709963e+03 -1.429992654532385359e+03 -1.429591948079349095e+03 2.269740000000000180e+01 -1.266723275184631348e-01 -4.500374943017959595e-02 8.418717980384826660e-02 8.423417061567306519e-02
-1.244784828681680665e+03 -1.432340115091423741e+03 -1.428218998193650350e+03 2.269940000000000069e+01 1.370859146118164062e-01 1.970220953226089478e-01 8.418717980384826660e-02 8.423417061567306519e-02
-1.243656470388784328e+03 -1.434685454523629232e+03 -1.426847298086235014e+03 2.270140000000000313e+01 -3.759891167283058167e-02 -8.135999739170074463e-02 8.418717980384826660e-02 8.423417061567306519e-02
-1.242806488025824592e+03 -1.436443127280195085e+03 -1.425819307692549728e+03 2.270340000000000202e+01 -9.137556701898574829e-02 8.577903360128402710e-02 8.418717980384826660e-02 8.423417061567306519e-02
-1.241381935835612694e+03 -1.439369725120898920e+03 -1.424107673458690670e+03 2.270540000000000092e+01 -4.233143851161003113e-02 6.837438046932220459e-02 8.418717980384826660e-02 8.423417061567306519e-02
-1.240235770484615387e+03 -1.441708633819386478e+03 -1.422739762078266722e+03 2.270739999999999981e+01 1.259983181953430176e-01 -2.032562643289566040e-01 8.418717980384826660e-02 8.423417061567306519e-02
-1.238794972435581712e+03 -1.444629310883684639e+03 -1.421031615928115571e+03 2.270940000000000225e+01 -1.883816719055175781e-01 -2.012423723936080933e-01 8.418717980384826660e-02 8.423417061567306519e-02
-1.235591916737618476e+03 -1.451042497230133677e+03 -1.417280941924483386e+03 2.271140000000000114e+01 7.906920462846755981e-02 -1.809629611670970917e-02 8.418717980384826660e-02 8.423417061567306519e-02
-1.234416182999240618e+03 -1.453370464391968426e+03 -1.415919475888431407e+03 2.271340000000000003e+01 -3.895083209499716759e-04 2.647698391228914261e-03 8.418717980384826660e-02 8.423417061567306519e-02
-1.233234552366961680e+03 -1.455696209748752381e+03 -1.414559318511902802e+03 2.271540000000000248e+01 6.950137671083211899e-03 -1.738433986902236938e-01 8.418717980384826660e-02 8.423417061567306519e-02
-1.232047030479363457e+03 -1.458019722202501498e+03 -1.413200476285285959e+03 2.271740000000000137e+01 -5.116119980812072754e-02 -8.659793436527252197e-02 8.418717980384826660e-02 8.423417061567306519e-02
-1.230853623023768705e+03 -1.460340990625405311e+03 -1.411842955716370398e+03 2.271940000000000026e+01 1.330448240041732788e-01 5.132500082254409790e-03 8.418717980384826660e-02 8.423417061567306519e-02
-1.229654335711499471e+03 -1.462660003908472618e+03 -1.410486763301891642e+03 2.272140000000000271e+01 -1.314252763986587524e-01 -3.206387162208557129e-02 8.418717980384826660e-02 8.423417061567306519e-02
-1.228449174286293101e+03 -1.464976750945466847e+03 -1.409131905536933573e+03 2.272340000000000160e+01 2.366585657000541687e-02 4.056224972009658813e-02 8.418717980384826660e-02 8.423417061567306519e-02
-1.227339362292272654e+03 -1.467098464573672800e+03 -1.407891113411322522e+03 2.272540000000000049e+01 -6.278787553310394287e-02 8.424219489097595215e-02 8.418717980384826660e-02 8.423417061567306519e-02
-1.235591916737618476e+03 -1.451042497230133677e+03 -1.417280941924483386e+03 2.272740000000000293e+01 5.487337335944175720e-02 -6.452006287872791290e-03 8.418717980384826660e-02 8.423417061567306519e-02
-1.234416182999240618e+03 -1.453370464391968426e+03 -1.415919475888431407e+03 2.272940000000000182e+01 1.952870748937129974e-02 9.090418368577957153e-02 8.418717980384826660e-02 8.423417061567306519e-02
-1.233234552366961680e+03 -1.455696209748752381e+03 -1.414559318511902802e+03 2.273140000000000072e+01 5.322009697556495667e-02 9.950172156095504761e-02 8.418717980384826660e-02 8.423417061567306519e-02
-1.232047030479363457e+03 -1.458019722202501498e+03 -1.413200476285285959e+03 2.273340000000000316e+01 4.683222621679306030e-02 1.751032024621963501e-01 8.418717980384826660e-02 8.423417061567306519e-02
-1.230853623023768705e+03 -1.460340990625405311e+03 -1.411842955716370398e+03 2.273540000000000205e+01 5.976155772805213928e-02 -6.998701393604278564e-02 8.418717980384826660e-02 8.423417061567306519e-02
-1.229654335711499471e+03 -1.462660003908472618e+03 -1.410486763301891642e+03 2.273740000000000094e+01 5.270084738731384277e-02 5.858976393938064575e-02 8.418717980384826660e-02 8.423417061567306519e-02
-1.228449174286293101e+03 -1.464976750945466847e+03 -1.409131905536933573e+03 2.273939999999999984e+01 7.376410067081451416e-02 1.292979624122381210e-02 8.418717980384826660e-02 8.423417061567306519e-02
-1.227339362292272654e+03 -1.467098464573672800e+03 -1.407891113411322522e+03 2.274140000000000228e+01 -1.348452642560005188e-02 -9.623385220766067505e-02 8.418717980384826660e-02 8.423417061567306519e-02
-1.223569903161436969e+03 -1.474220855178530883e+03 -1.403725950480237316e+03 2.274340000000000117e+01 1.550507359206676483e-02 4.455164819955825806e-02 8.418717980384826660e-02 8.423417061567306519e-02
-1.222335458230074209e+03 -1.476526104926087555e+03 -1.402377863074981178e+03 2.274540000000000006e+01 9.239631891250610352e-02 -1.347464919090270996e-01 8.418717980384826660e-02 8.423417061567306519e-02
-1.221095174194962055e+03 -1.478829022100203247e+03 -1.401031149107479905e+03 2.274740000000000251e+01 -7.551399990916252136e-03 -1.375216096639633179e-01 8.418717980384826660e-02 8.423417061567306519e-02
-1.219849057013379479e+03 -1.481129595639614536e+03 -1.399685815046199650e+03 2.274940000000000140e+01 -2.188091129064559937e-01 6.890236586332321167e-02 8.418717980384826660e-02 8.423417061567306519e-02
-1.218597112622795521e+03 -1.483427814582420297e+03 -1.398341867301459160e+03 2.275140000000000029e+01 3.531389310956001282e-02 -9.777898341417312622e-02 8.418717980384826660e-02 8.423417061567306519e-02
-1.217339347053996335e+03 -1.485723667857929513e+03 -1.396999312347150180e+03 2.275340000000000273e+01 -2.757433988153934479e-02 -5.818064510822296143e-02 8.418717980384826660e-02 8.423417061567306519e-02
-1.216075766295769427e+03 -1.488017144534808494e+03 -1.395658156575623252e+03 2.275540000000000163e+01 -2.698515355587005615e-02 8.759362995624542236e-02 8.418717980384826660e-02 8.423417061567306519e-02
-1.214912454524419445e+03 -1.490117431493453068e+03 -1.394429980461475452e+03 2.275740000000000052e+01 -8.726219087839126587e-02 -1.682122796773910522e-02 8.418717980384826660e-02 8.423417061567306519e-02
-1.223569903161436969e+03 -1.474220855178530883e+03 -1.403725950480237316e+03 2.275940000000000296e+01 -7.651052623987197876e-02 6.026554107666015625e-02 8.418717980384826660e-02 8.423417061567306519e-02
-1.222335458230074209e+03 -1.476526104926087555e+03 -1.402377863074981178e+03 2.276140000000000185e+01 -3.398021683096885681e-02 1.449355185031890869e-01 8.418717980384826660e-02 8.423417061567306519e-02
-1.221095174194962055e+03 -1.478829022100203247e+03 -1.401031149107479905e+03 2.276340000000000074e+01 6.048038601875305176e-02 -6.078379228711128235e-03 8.418717980384826660e-02 8.423417061567306519e-02
-1.219849057013379479e+03 -1.481129595639614536e+03 -1.399685815046199650e+03 2.276540000000000319e+01 -3.952440805733203888e-03 6.039787549525499344e-03 8.418717980384826660e-02 8.423417061567306519e-02
-1.218597112622795521e+03 -1.483427814582420297e+03 -1.398341867301459160e+03 2.276740000000000208e+01 -4.059411957859992981e-02 9.993232786655426025e-02 8.418717980384826660e-02 8.423417061567306519e-02
-1.217339347053996335e+03 -1.485723667857929513e+03 -1.396999312347150180e+03 2.276940000000000097e+01 -1.042209491133689880e-01 -1.017903611063957214e-01 8.418717980384826660e-02 8.423417061567306519e-02
-1.216075766295769427e+03 -1.488017144534808494e+03 -1.395658156575623252e+03 2.277139999999999986e+01 6.952302902936935425e-02 -1.694935113191604614e-01 8.418717980384826660e-02 8.423417061567306519e-02
-1.214912454524419445e+03 -1.490117431493453068e+03 -1.394429980461475452e+03 2.277340000000000231e+01 1.521789878606796265e-01 -1.947915554046630859e-01 8.418717980384826660e-02 8.423417061567306519e-02
-1.210963412816600112e+03 -1.497167065748279583e+03 -1.390307653678050656e+03 2.277540000000000120e+01 5.795191507786512375e-03 -3.099582158029079437e-02 8.418717980384826660e-02 8.423417061567306519e-02
-1.209670847413778120e+03 -1.499448494949654105e+03 -1.388973590003761274e+03 2.277740000000000009e+01 -1.470061987638473511e-01 -8.838095515966415405e-02 8.418717980384826660e-02 8.423417061567306519e-02
-1.208372503543354696e+03 -1.501727481829180078e+03 -1.387640963944495979e+03 2.277940000000000254e+01 1.047535985708236694e-01 -3.714162483811378479e-02 8.418717980384826660e-02 8.423417061567306519e-02
-1.207068387387211715e+03 -1.504004015535783537e+03 -1.386309781845358430e+03 2.278140000000000143e+01 5.106563866138458252e-02 -7.909513264894485474e-02 8.418717980384826660e-02 8.423417061567306519e-02
-1.205758505222859185e+03 -1.506278085111144492e+03 -1.384980050114122150e+03 2.278340000000000032e+01 6.675564497709274292e-02 -1.848713308572769165e-02 8.418717980384826660e-02 8.423417061567306519e-02
-1.204442863282563849e+03 -1.508549679735526752e+03 -1.383651775077475804e+03 2.278540000000000276e+01 -1.482311077415943146e-02 6.813742220401763916e-02 8.418717980384826660e-02 8.423417061567306519e-02
-1.203121467899312393e+03 -1.510818788474382018e+03 -1.382324963129199659e+03 2.278740000000000165e+01 2.065462432801723480e-02 5.228203162550926208e-02 8.418717980384826660e-02 8.423417061567306519e-02
-1.201905213014288847e+03 -1.512896643744008770e+03 -1.381109990727094100e+03 2.278940000000000055e+01 2.233894318342208862e-01 -8.572210371494293213e-02 8.418717980384826660e-02 8.423417061567306519e-02
-1.210963412816600112e+03 -1.497167065748279583e+03 -1.390307653678050656e+03 2.279140000000000299e+01 -5.974980443716049194e-02 -2.595040574669837952e-02 8.418717980384826660e-02 8.423417061567306519e-02
-1.209670847413778120e+03 -1.499448494949654105e+03 -1.388973590003761274e+03 2.279340000000000188e+01 5.686752870678901672e-02 -3.701465576887130737e-02 8.418717980384826660e-02 8.423417061567306519e-02
-1.208372503543354696e+03 -1.501727481829180078e+03 -1.387640963944495979e+03 2.279540000000000077e+01 -2.239312417805194855e-02 -8.075342327356338501e-02 8.418717980384826660e-02 8.423417061567306519e-02
-1.207068387387211715e+03 -1.504004015535783537e+03 -1.386309781845358430e+03 2.279739999999999966e+01 -5.491284187883138657e-03 -3.674174100160598755e-02 8.418717980384826660e-02 8.423417061567306519e-02
-1.205758505222859185e+03 -1.506278085111144492e+03 -1.384980050114122150e+03 2.279940000000000211e+01 6.657437770627439022e-04 -2.996673807501792908e-02 8.418717980384826660e-02 8.423417061567306519e-02
-1.204442863282563849e+03 -1.508549679735526752e+03 -1.383651775077475804e+03 2.280140000000000100e+01 -1.200682148337364197e-01 -8.430835604667663574e-02 8.418717980384826660e-02 8.423417061567306519e-02
-1.203121467899312393e+03 -1.510818788474382018e+03 -1.382324963129199659e+03 2.280339999999999989e+01 -5.582727119326591492e-02 -9.049353003501892090e-02 8.418717980384826660e-02 8.423417061567306519e-02
-1.201905213014288847e+03 -1.512896643744008770e+03 -1.381109990727094100e+03 2.280540000000000234e+01 1.603525690734386444e-02 5.939193442463874817e-02 8.418717980384826660e-02 8.423417061567306519e-02
-1.198002933737357353e+03 -1.519493814558998793e+03 -1.377252518636700188e+03 2.280740000000000123e+01 -1.594585627317428589e-01 1.169055029749870300e-01 8.418717980384826660e-02 8.423417061567306519e-02
-1.196653819587867019e+03 -1.521750755490190159e+03 -1.375932867565972856e+03 2.280940000000000012e+01 -8.287003636360168457e-02 -1.925595551729202271e-01 8.418717980384826660e-02 8.423417061567306519e-02
-1.195298989248704856e+03 -1.524005147398455620e+03 -1.374614716501160956e+03 2.281140000000000256e+01 -9.603453218005597591e-04 1.458196341991424561e-01 8.418717980384826660e-02 8.423417061567306519e-02
-1.193938449227405727e+03 -1.526256979455640476e+03 -1.373298071773520633e+03 2.281340000000000146e+01 2.705472409725189209e-01 1.476159542798995972e-01 8.418717980384826660e-02 8.423417061567306519e-02
-1.192572205997314541e+03 -1.528506240947836886e+03 -1.371982939647461080e+03 2.281540000000000035e+01 -3.767233192920684814e-01 2.365489006042480469e-01 8.418717980384826660e-02 8.423417061567306519e-02
-1.191200266130173304e+03 -1.530752921055806382e+03 -1.370669326448930178e+03 2.281740000000000279e+01 3.794172704219818115e-01 -5.331339314579963684e-02 8.418717980384826660e-02 8.423417061567306519e-02
-1.189822636172722923e+03 -1.532997009058875619e+03 -1.369357238446204065e+03 2.281940000000000168e+01 -1.485570371150970459e-01 1.760394722223281860e-01 8.418717980384826660e-02 8.423417061567306519e-02
-1.188554888052145316e+03 -1.535051836703841445e+03 -1.368155816757926232e+03 2.282140000000000057e+01 4.716125875711441040e-02 1.034412160515785217e-01 8.418717980384826660e-02 8.423417061567306519e-02
-1.198002933737357353e+03 -1.519493814558998793e+03 -1.377252518636700188e+03 2.282340000000000302e+01 2.754266746342182159e-02 5.061020851135253906e-01 8.418717980384826660e-02 8.423417061567306519e-02
-1.196653819587867019e+03 -1.521750755490190159e+03 -1.375932867565972856e+03 2.282540000000000191e+01 -6.355937570333480835e-02 1.957190632820129395e-01 8.418717980384826660e-02 8.423417061567306519e-02
-1.195298989248704856e+03 -1.524005147398455620e+03 -1.374614716501160956e+03 2.282740000000000080e+01 -7.994428277015686035e-02 -2.680371105670928955e-01 8.418717980384826660e-02 8.423417061567306519e-02
-1.193938449227405727e+03 -1.526256979455640476e+03 -1.373298071773520633e+03 2.282939999999999969e+01 1.041326150298118591e-01 -1.252178698778152466e-01 8.418717980384826660e-02 8.423417061567306519e-02
-1.192572205997314541e+03 -1.528506240947836886e+03 -1.371982939647461080e+03 2.283140000000000214e+01 2.185727469623088837e-02 1.269106566905975342e-01 8.418717980384826660e-02 8.423417061567306519e-02
-1.191200266130173304e+03 -1.530752921055806382e+03 -1.370669326448930178e+03 2.283340000000000103e+01 4.438431188464164734e-02 9.768199920654296875e-02 8.418717980384826660e-02 8.423417061567306519e-02
-1.189822636172722923e+03 -1.532997009058875619e+03 -1.369357238446204065e+03 2.283539999999999992e+01 6.980912294238805771e-03 3.272252157330513000e-02 8.418717980384826660e-02 8.423417061567306519e-02
-1.188554888052145316e+03 -1.535051836703841445e+03 -1.368155816757926232e+03 2.283740000000000236e+01 1.522008776664733887e-01 1.035848855972290039e-01 8.418717980384826660e-02 8.423417061567306519e-02
-1.184255347749997100e+03 -1.541947225346423920e+03 -1.364124263910538275e+03 2.283940000000000126e+01 -1.754686422646045685e-02 -1.057453900575637817e-01 8.418717980384826660e-02 8.423417061567306519e-02
-1.182849366817809823e+03 -1.544178191918203311e+03 -1.362819895965855267e+03 2.284140000000000015e+01 1.829787716269493103e-02 5.151569843292236328e-02 8.418717980384826660e-02 8.423417061567306519e-02
-1.181437735740857534e+03 -1.546406502166285691e+03 -1.361517090764116574e+03 2.284340000000000259e+01 -9.028910845518112183e-02 -1.875471174716949463e-01 8.418717980384826660e-02 8.423417061567306519e-02
-1.180020461319092874e+03 -1.548632145356715228e+03 -1.360215854581038911e+03 2.284540000000000148e+01 -1.631548977456986904e-03 -1.519687771797180176e-01 8.418717980384826660e-02 8.423417061567306519e-02
-1.178597550300672765e+03 -1.550855110892410039e+03 -1.358916193612264806e+03 2.284740000000000038e+01 3.832695260643959045e-02 1.162579432129859924e-01 8.418717980384826660e-02 8.423417061567306519e-02
-1.177169009505102849e+03 -1.553075388119312947e+03 -1.357618114086704963e+03 2.284940000000000282e+01 1.416646540164947510e-01 3.869116306304931641e-02 8.418717980384826660e-02 8.423417061567306519e-02
-1.175734845788949997e+03 -1.555292966380847020e+03 -1.356321622234693223e+03 2.285140000000000171e+01 7.388704270124435425e-02 -5.009004846215248108e-02 8.418717980384826660e-02 8.423417061567306519e-02
-1.174415333403082968e+03 -1.557323401067689474e+03 -1.355134551018327556e+03 2.285340000000000060e+01 3.826308250427246094e-02 -1.186052337288856506e-01 8.418717980384826660e-02 8.423417061567306519e-02
-1.184255347749997100e+03 -1.541947225346423920e+03 -1.364124263910538275e+03 2.285540000000000305e+01 1.760927885770797729e-01 6.139971315860748291e-02 8.418717980384826660e-02 8.423417061567306519e-02
-1.182849366817809823e+03 -1.544178191918203311e+03 -1.362819895965855267e+03 2.285740000000000194e+01 -1.977228000760078430e-02 1.499198959209024906e-03 8.418717980384826660e-02 8.423417061567306519e-02
-1.181437735740857534e+03 -1.546406502166285691e+03 -1.361517090764116574e+03 2.285940000000000083e+01 1.079210191965103149e-01 8.317344635725021362e-02 8.418717980384826660e-02 8.423417061567306519e-02
-1.180020461319092874e+03 -1.548632145356715228e+03 -1.360215854581038911e+03 2.286139999999999972e+01 -4.740124568343162537e-02 4.031966626644134521e-02 8.418717980384826660e-02 8.423417061567306519e-02
-1.178597550300672765e+03 -1.550855110892410039e+03 -1.358916193612264806e+03 2.286340000000000217e+01 -7.147895544767379761e-02 -5.306969210505485535e-02 8.418717980384826660e-02 8.423417061567306519e-02
-1.177169009505102849e+03 -1.553075388119312947e+03 -1.357618114086704963e+03 2.286540000000000106e+01 -2.372488193213939667e-02 -1.402552723884582520e-01 8.418717980384826660e-02 8.423417061567306519e-02
-1.175734845788949997e+03 -1.555292966380847020e+03 -1.356321622234693223e+03 2.286739999999999995e+01 2.056402713060379028e-02 3.622398013249039650e-03 8.418717980384826660e-02 8.423417061567306519e-02
-1.174415333403082968e+03 -1.557323401067689474e+03 -1.355134551018327556e+03 2.286940000000000239e+01 3.813876956701278687e-02 -1.394604146480560303e-01 8.418717980384826660e-02 8.423417061567306519e-02
-1.169942099228580219e+03 -1.564136077968609015e+03 -1.351151655391469831e+03 2.287140000000000128e+01 1.251770257949829102e-01 1.764252409338951111e-02 8.418717980384826660e-02 8.423417061567306519e-02
-1.168479924315189010e+03 -1.566340002603727271e+03 -1.349863194747259058e+03 2.287340000000000018e+01 -2.789133787155151367e-02 1.262089982628822327e-02 8.418717980384826660e-02 8.423417061567306519e-02
-1.167012168065373316e+03 -1.568541164792729660e+03 -1.348576358889442872e+03 2.287540000000000262e+01 5.950993299484252930e-02 -1.356445550918579102e-01 8.418717980384826660e-02 8.423417061567306519e-02
-1.165538837467687472e+03 -1.570739554055115832e+03 -1.347291153945092219e+03 2.287740000000000151e+01 -2.111031860113143921e-02 -5.345666408538818359e-02 8.418717980384826660e-02 8.423417061567306519e-02
-1.164059939614146060e+03 -1.572935159808710296e+03 -1.346007586100666913e+03 2.287940000000000040e+01 -6.845907866954803467e-02 2.520834328606724739e-03 8.418717980384826660e-02 8.423417061567306519e-02
-1.162575481541226281e+03 -1.575127971607054178e+03 -1.344725661463223332e+03 2.288140000000000285e+01 -1.850517541170120239e-01 -4.978064075112342834e-02 8.418717980384826660e-02 8.423417061567306519e-02
-1.161085470394505364e+03 -1.577317978894893486e+03 -1.343445386203408816e+03 2.288340000000000174e+01 -4.076748341321945190e-02 -5.388301610946655273e-02 8.418717980384826660e-02 8.423417061567306519e-02
-1.159714825199072493e+03 -1.579323048955496006e+03 -1.342273233533469693e+03 2.288540000000000063e+01 -4.552386701107025146e-02 -1.051232125610113144e-02 8.418717980384826660e-02 8.423417061567306519e-02
-1.169942099228580219e+03 -1.564136077968609015e+03 -1.351151655391469831e+03 2.288740000000000308e+01 1.666507273912429810e-01 1.695912033319473267e-01 8.418717980384826660e-02 8.423417061567306519e-02
-1.168479924315189010e+03 -1.566340002603727271e+03 -1.349863194747259058e+03 2.288940000000000197e+01 -2.170206904411315918e-01 5.736271291971206665e-02 8.418717980384826660e-02 8.423417061567306519e-02
-1.167012168065373316e+03 -1.568541164792729660e+03 -1.348576358889442872e+03 2.289140000000000086e+01 5.751546844840049744e-02 2.466220781207084656e-02 8.418717980384826660e-02 8.423417061567306519e-02
-1.165538837467687472e+03 -1.570739554055115832e+03 -1.347291153945092219e+03 2.289339999999999975e+01 -6.466208491474390030e-03 -2.115237526595592499e-03 8.418717980384826660e-02 8.423417061567306519e-02
-1.164059939614146060e+03 -1.572935159808710296e+03 -1.346007586100666913e+03 2.289540000000000219e+01 2.983949705958366394e-02 -7.309628278017044067e-02 8.418717980384826660e-02 8.423417061567306519e-02
-1.162575481541226281e+03 -1.575127971607054178e+03 -1.344725661463223332e+03 2.289740000000000109e+01 1.782428473234176636e-02 5.210509523749351501e-02 8.418717980384826660e-02 8.423417061567306519e-02
-1.161085470394505364e+03 -1.577317978894893486e+03 -1.343445386203408816e+03 2.289939999999999998e+01 -9.271068871021270752e-02 8.272632211446762085e-02 8.418717980384826660e-02 8.423417061567306519e-02
-1.159714825199072493e+03 -1.579323048955496006e+03 -1.342273233533469693e+03 2.290140000000000242e+01 -4.924722760915756226e-02 1.232647299766540527e-01 8.418717980384826660e-02 8.423417061567306519e-02
-1.155070037829431385e+03 -1.586049753901659869e+03 -1.338340901143917790e+03 2.290340000000000131e+01 8.149228245019912720e-02 5.318114906549453735e-02 8.418717980384826660e-02 8.423417061567306519e-02
-1.153552368692103300e+03 -1.588225581863118123e+03 -1.337068964421012652e+03 2.290540000000000020e+01 -1.569271236658096313e-01 -9.348831325769424438e-02 8.418717980384826660e-02 8.423417061567306519e-02
-1.152029189653229878e+03 -1.590398542647787735e+03 -1.335798713709615413e+03 2.290740000000000265e+01 3.559594973921775818e-02 -3.304174169898033142e-02 8.418717980384826660e-02 8.423417061567306519e-02
-1.150500507975756136e+03 -1.592568625894254865e+03 -1.334530155066706811e+03 2.290940000000000154e+01 5.651254951953887939e-02 5.512574315071105957e-02 8.418717980384826660e-02 8.423417061567306519e-02
-1.148966330986119829e+03 -1.594735821201909857e+03 -1.333263294572132509e+03 2.291140000000000043e+01 -8.352854289114475250e-03 -6.494698673486709595e-02 8.418717980384826660e-02 8.423417061567306519e-02
-1.147426666053278495e+03 -1.596900118161421005e+03 -1.331998138310788363e+03 2.291340000000000288e+01 -4.575749486684799194e-02 9.888076782226562500e-02 8.418717980384826660e-02 8.423417061567306519e-02
-1.145881520502825879e+03 -1.599061506475366514e+03 -1.330734692302104804e+03 2.291540000000000177e+01 -5.418720096349716187e-02 -6.301644444465637207e-02 8.418717980384826660e-02 8.423417061567306519e-02
-1.144460398669662254e+03 -1.601040252037230175e+03 -1.329578019314097901e+03 2.291740000000000066e+01 3.439712524414062500e-02 -7.366441935300827026e-02 8.418717980384826660e-02 8.423417061567306519e-02
-1.155070037829431385e+03 -1.586049753901659869e+03 -1.338340901143917790e+03 2.291940000000000310e+01 -6.523910164833068848e-02 -9.871523082256317139e-02 8.418717980384826660e-02 8.423417061567306519e-02
-1.153552368692103300e+03 -1.588225581863118123e+03 -1.337068964421012652e+03 2.292140000000000200e+01 1.556389629840850830e-01 4.126873984932899475e-02 8.418717980384826660e-02 8.423417061567306519e-02
-1.152029189653229878e+03 -1.590398542647787735e+03 -1.335798713709615413e+03 2.292340000000000089e+01 -4.366858303546905518e-02 -1.808472909033298492e-02 8.418717980384826660e-02 8.423417061567306519e-02
-1.150500507975756136e+03 -1.592568625894254865e+03 -1.334530155066706811e+03 2.292539999999999978e+01 -2.787069976329803467e-02 -3.485735505819320679e-03 8.418717980384826660e-02 8.423417061567306519e-02
-1.148966330986119829e+03 -1.594735821201909857e+03 -1.333263294572132509e+03 2.292740000000000222e+01 1.441228985786437988e-01 4.265727475285530090e-02 8.418717980384826660e-02 8.423417061567306519e-02
-1.147426666053278495e+03 -1.596900118161421005e+03 -1.331998138310788363e+03 2.292940000000000111e+01 5.901519581675529480e-02 -8.219555765390396118e-02 8.418717980384826660e-02 8.423417061567306519e-02
-1.145881520502825879e+03 -1.599061506475366514e+03 -1.330734692302104804e+03 2.293140000000000001e+01 -1.056168600916862488e-01 5.751411244273185730e-02 8.418717980384826660e-02 8.423417061567306519e-02
-1.144460398669662254e+03 -1.601040252037230175e+03 -1.329578019314097901e+03 2.293340000000000245e+01 -9.679491072893142700e-02 3.078868053853511810e-02 8.418717980384826660e-02 8.423417061567306519e-02
