# Baseline: 9-10
# u [m], v [m], w [m], frequency [GHz], real, imag
-1.248611109083411293e+03 8.324109029526102859e+02 -1.141311559881143012e+03 2.267940000000000000e+19 7.847979431971907616e-04 4.493280313909053802e-03
-1.251441115464887616e+03 8.300538876238679222e+02 -1.139927790679639656e+03 2.268140000000000000e+19 -4.948189947754144669e-03 2.582568209618330002e-03
-1.254265135850814886e+03 8.276915318701366004e+02 -1.138540902584921469e+03 2.268340000000000000e+19 2.008692594245076180e-03 1.523603801615536213e-03
-1.257083156745897440e+03 8.253238469806211697e+02 -1.137150902224642550e+03 2.268540000000000000e+19 -7.416054606437683105e-03 -7.311922498047351837e-03
-1.259895164663713103e+03 8.229508442863365190e+02 -1.135757796250924002e+03 2.268740000000000000e+19 1.715715625323355198e-03 2.730286680161952972e-03
-1.262701146146755036e+03 8.205725351438721873e+02 -1.134361591330822876e+03 2.268940000000000000e+19 1.910967170260846615e-03 -3.883089404553174973e-03
-1.265501087707800707e+03 8.181889309849825622e+02 -1.132962294175444413e+03 2.269140000000000000e+19 1.679313369095325470e-02 7.747841067612171173e-03
-1.268062460770425560e+03 8.159993857818366223e+02 -1.131676933553104845e+03 2.269340000000000000e+19 2.411522204056382179e-03 1.040612999349832535e-02
-1.248611109083411293e+03 8.324109029526102859e+02 -1.141311559881143012e+03 2.269540000000000000e+19 7.916682399809360504e-03 5.024502053856849670e-03
-1.251441115464887616e+03 8.300538876238679222e+02 -1.139927790679639656e+03 2.269740000000000000e+19 2.166009071515873075e-04 8.743590675294399261e-03
-1.254265135850814886e+03 8.276915318701366004e+02 -1.138540902584921469e+03 2.269940000000000000e+19 4.259593784809112549e-03 3.937045112252235413e-03
-1.257083156745897440e+03 8.253238469806211697e+02 -1.137150902224642550e+03 2.270140000000000000e+19 -2.143660793080925941e-03 -1.936033804668113589e-04
-1.259895164663713103e+03 8.229508442863365190e+02 -1.135757796250924002e+03 2.270340000000000000e+19 -3.717206884175539017e-03 1.330922823399305344e-02
-1.262701146146755036e+03 8.205725351438721873e+02 -1.134361591330822876e+03 2.270540000000000000e+19 -2.225050004199147224e-03 -2.401570323854684830e-03
-1.265501087707800707e+03 8.181889309849825622e+02 -1.132962294175444413e+03 2.270740000000000000e+19 7.996173575520515442e-03 5.980860441923141479e-03
-1.268062460770425560e+03 8.159993857818366223e+02 -1.131676933553104845e+03 2.270940000000000000e+19 2.886246656998991966e-03 -1.193826645612716675e-02
-1.276640187777091569e+03 8.086017921965391224e+02 -1.127334317054382382e+03 2.271140000000000000e+19 2.270601876080036163e-02 -2.920450409874320030e-03
-1.279409729604687982e+03 8.061918843212578167e+02 -1.125919659321559493e+03 2.271340000000000000e+19 -1.083318982273340225e-02 3.217271761968731880e-03
-1.282173151567418927e+03 8.037767502354058706e+02 -1.124501949744867261e+03 2.271540000000000000e+19 4.950554575771093369e-04 2.061634091660380363e-03
-1.284930440478847004e+03 8.013564014635984449e+02 -1.123081195089383300e+03 2.271740000000000000e+19 -1.757698692381381989e-02 -5.571266636252403259e-03
-1.287681583133728282e+03 7.989308495974336211e+02 -1.121657402159427193e+03 2.271940000000000000e+19 -8.131918497383594513e-03 -6.187525577843189240e-03
-1.290426566365807275e+03 7.965001062449549636e+02 -1.120230577768896865e+03 2.272140000000000000e+19 1.269902009516954422e-02 -7.648803293704986572e-03
-1.293165377028846251e+03 7.940641830476034784e+02 -1.118800728751218003e+03 2.272340000000000000e+19 1.052578259259462357e-02 2.905314043164253235e-02
-1.295670598779469856e+03 7.918267786922490359e+02 -1.117487420936842227e+03 2.272540000000000000e+19 -1.280890079215168953e-03 -1.294919196516275406e-02
-1.276640187777091569e+03 8.086017921965391224e+02 -1.127334317054382382e+03 2.272740000000000000e+19 3.057605354115366936e-03 5.571552319452166557e-04
-1.279409729604687982e+03 8.061918843212578167e+02 -1.125919659321559493e+03 2.272940000000000000e+19 -1.166028343141078949e-02 -1.349421945633366704e-04
-1.282173151567418927e+03 8.037767502354058706e+02 -1.124501949744867261e+03 2.273140000000000000e+19 6.985878106206655502e-03 7.838222198188304901e-03
-1.284930440478847004e+03 8.013564014635984449e+02 -1.123081195089383300e+03 2.273340000000000000e+19 -1.266593579202890396e-02 -1.029082946479320526e-02
-1.287681583133728282e+03 7.989308495974336211e+02 -1.121657402159427193e+03 2.273540000000000000e+19 -7.453722646459937096e-04 -1.243801601231098175e-02
-1.290426566365807275e+03 7.965001062449549636e+02 -1.120230577768896865e+03 2.273740000000000000e+19 -1.145729329437017441e-02 8.894409984350204468e-03
-1.293165377028846251e+03 7.940641830476034784e+02 -1.118800728751218003e+03 2.273940000000000000e+19 8.000270463526248932e-03 -1.994647830724716187e-02
-1.295670598779469856e+03 7.918267786922490359e+02 -1.117487420936842227e+03 2.274140000000000000e+19 -5.344917532056570053e-03 7.102278061211109161e-03
-1.304058632442792486e+03 7.842689251978886205e+02 -1.113051223403338099e+03 2.274340000000000000e+19 2.462835516780614853e-03 -2.684535458683967590e-03
-1.306766384283670277e+03 7.818072781016277304e+02 -1.111606354161779109e+03 2.274540000000000000e+19 -5.558489356189966202e-03 3.707567695528268814e-03
-1.309467885395339181e+03 7.793405214423563621e+02 -1.110158501546320849e+03 2.274740000000000000e+19 -9.568262845277786255e-03 -2.291826903820037842e-02
-1.312163122802089447e+03 7.768686670682869817e+02 -1.108707672511227202e+03 2.274940000000000000e+19 -8.144291932694613934e-04 7.980528287589550018e-03
-1.314852083661463666e+03 7.743917267573409617e+02 -1.107253873969429378e+03 2.275140000000000000e+19 5.805764812976121902e-03 -1.024063210934400558e-02
-1.317534755020584271e+03 7.719097124412018047e+02 -1.105797112924034536e+03 2.275340000000000000e+19 -1.647593639791011810e-02 -2.121729589998722076e-02
-1.320211124106426496e+03 7.694226359377286144e+02 -1.104337396311266048e+03 2.275540000000000000e+19 1.832649670541286469e-02 4.842793103307485580e-03
-1.322658995629891933e+03 7.671384431822285705e+02 -1.102996769813502397e+03 2.275740000000000000e+19 1.886148378252983093e-02 1.489608362317085266e-02
-1.304058632442792486e+03 7.842689251978886205e+02 -1.113051223403338099e+03 2.275940000000000000e+19 -5.301624070852994919e-03 -9.097564965486526489e-03
-1.306766384283670277e+03 7.818072781016277304e+02 -1.111606354161779109e+03 2.276140000000000000e+19 5.667830351740121841e-03 7.423155009746551514e-03
-1.309467885395339181e+03 7.793405214423563621e+02 -1.110158501546320849e+03 2.276340000000000000e+19 -1.080055627971887589e-02 2.274339552968740463e-03
-1.312163122802089447e+03 7.768686670682869817e+02 -1.108707672511227202e+03 2.276540000000000000e+19 -2.106718346476554871e-02 1.247997488826513290e-02
-1.314852083661463666e+03 7.743917267573409617e+02 -1.107253873969429378e+03 2.276740000000000000e+19 2.799408696591854095e-02 3.337536938488483429e-03
-1.317534755020584271e+03 7.719097124412018047e+02 -1.105797112924034536e+03 2.276940000000000000e+19 -3.965586889535188675e-03 2.722977194935083389e-03
-1.320211124106426496e+03 7.694226359377286144e+02 -1.104337396311266048e+03 2.277140000000000000e+19 8.595664985477924347e-03 -7.081498391926288605e-03
-1.322658995629891933e+03 7.671384431822285705e+02 -1.102996769813502397e+03 2.277340000000000000e+19 2.500381134450435638e-02 -2.196418121457099915e-02
-1.330853321816177186e+03 7.594239466356935964e+02 -1.098469114216013850e+03 2.277540000000000000e+19 1.827663742005825043e-02 -1.354299206286668777e-02
-1.333497987931004218e+03 7.569117382933432054e+02 -1.096994724881153843e+03 2.277740000000000000e+19 -1.746208290569484234e-03 -1.078720018267631531e-02
-1.336136275330558192e+03 7.543945395836773287e+02 -1.095517422130483965e+03 2.277940000000000000e+19 -9.114860557019710541e-03 -1.211345195770263672e-02
-1.338768171453016976e+03 7.518723624919790609e+02 -1.094037212997975303e+03 2.278140000000000000e+19 -1.531169191002845764e-02 -1.574347354471683502e-02
-1.341393663629506136e+03 7.493452191590162101e+02 -1.092554104608776470e+03 2.278340000000000000e+19 8.700712583959102631e-03 -1.336326450109481812e-02
-1.344012739368281700e+03 7.468131216086291033e+02 -1.091068104019340126e+03 2.278540000000000000e+19 4.226101096719503403e-03 4.451524000614881516e-03
-1.346625386062173902e+03 7.442760820293318602e+02 -1.089579218382689078e+03 2.278740000000000000e+19 -6.002906244248151779e-03 -2.574695274233818054e-02
-1.349014736015937160e+03 7.419461938959167355e+02 -1.088211914712848511e+03 2.278940000000000000e+19 9.854942327365279198e-04 -1.034090062603354454e-03
-1.330853321816177186e+03 7.594239466356935964e+02 -1.098469114216013850e+03 2.279140000000000000e+19 -8.044976741075515747e-03 -1.900719664990901947e-02
-1.333497987931004218e+03 7.569117382933432054e+02 -1.096994724881153843e+03 2.279340000000000000e+19 8.080736733973026276e-03 -3.183066612109541893e-03
-1.336136275330558192e+03 7.543945395836773287e+02 -1.095517422130483965e+03 2.279540000000000000e+19 -2.544040046632289886e-02 1.110348477959632874e-02
-1.338768171453016976e+03 7.518723624919790609e+02 -1.094037212997975303e+03 2.279740000000000000e+19 4.019353538751602173e-03 1.304790936410427094e-02
-1.341393663629506136e+03 7.493452191590162101e+02 -1.092554104608776470e+03 2.279940000000000000e+19 -7.085571065545082092e-03 3.068661550059914589e-03
-1.344012739368281700e+03 7.468131216086291033e+02 -1.091068104019340126e+03 2.280140000000000000e+19 1.404093927703797817e-03 1.521024573594331741e-02
-1.346625386062173902e+03 7.442760820293318602e+02 -1.089579218382689078e+03 2.280340000000000000e+19 -6.272596772760152817e-03 4.990038927644491196e-03
-1.349014736015937160e+03 7.419461938959167355e+02 -1.088211914712848511e+03 2.280540000000000000e+19 6.818203255534172058e-03 9.416184388101100922e-03
-1.356580749329663831e+03 7.345051998600920342e+02 -1.083845224986513585e+03 2.280740000000000000e+19 -1.213914062827825546e-02 6.935079116374254227e-03
-1.359162146802606685e+03 7.319444451978653206e+02 -1.082342495535656326e+03 2.280940000000000000e+19 1.541544497013092041e-02 5.239524762146174908e-04
-1.361737042775077725e+03 7.293788196201084020e+02 -1.080836922770139836e+03 2.281140000000000000e+19 -9.232415817677974701e-03 -6.472713430412113667e-04
-1.364305424879555403e+03 7.268083354499771076e+02 -1.079328513921502235e+03 2.281340000000000000e+19 1.075469329953193665e-02 -7.011756300926208496e-03
-1.366867280896080274e+03 7.242330049175679960e+02 -1.077817276166599413e+03 2.281540000000000000e+19 -8.173586800694465637e-03 -5.969724152237176895e-03
-1.369422598501773564e+03 7.216528404104823267e+02 -1.076303216774642578e+03 2.281740000000000000e+19 9.271750226616859436e-03 4.062135412823408842e-04
-1.371971365503286506e+03 7.190678542408562635e+02 -1.074786342970487794e+03 2.281940000000000000e+19 -1.326189190149307251e-02 9.944694116711616516e-03
-1.374302053982689586e+03 7.166941195654929970e+02 -1.073393444803468583e+03 2.282140000000000000e+19 4.426836967468261719e-03 -6.469172891229391098e-03
-1.356580749329663831e+03 7.345051998600920342e+02 -1.083845224986513585e+03 2.282340000000000000e+19 -1.160566601902246475e-02 3.009190550073981285e-03
-1.359162146802606685e+03 7.319444451978653206e+02 -1.082342495535656326e+03 2.282540000000000000e+19 1.277612894773483276e-02 5.061091855168342590e-03
-1.361737042775077725e+03 7.293788196201084020e+02 -1.080836922770139836e+03 2.282740000000000000e+19 -1.018711086362600327e-02 1.252357289195060730e-02
-1.364305424879555403e+03 7.268083354499771076e+02 -1.079328513921502235e+03 2.282940000000000000e+19 1.203845441341400146e-02 -5.151092074811458588e-03
-1.366867280896080274e+03 7.242330049175679960e+02 -1.077817276166599413e+03 2.283140000000000000e+19 1.199403498321771622e-02 -2.714807400479912758e-03
-1.369422598501773564e+03 7.216528404104823267e+02 -1.076303216774642578e+03 2.283340000000000000e+19 -1.932874508202075958e-02 -1.203315798193216324e-02
-1.371971365503286506e+03 7.190678542408562635e+02 -1.074786342970487794e+03 2.283540000000000000e+19 -1.970426383195444942e-04 8.622707799077033997e-03
-1.374302053982689586e+03 7.166941195654929970e+02 -1.073393444803468583e+03 2.283740000000000000e+19 -1.722254790365695953e-02 -5.967337172478437424e-03
-1.382100683904237485e+03 7.086799407838811931e+02 -1.068690849067846557e+03 2.283940000000000000e+19 -3.357691457495093346e-03 -1.146598160266876221e-02
-1.384616515477314579e+03 7.060710323992116173e+02 -1.067160012403716109e+03 2.284140000000000000e+19 -1.162215974181890488e-02 9.744119830429553986e-03
-1.387125723767101590e+03 7.034573768860259406e+02 -1.065626405063018183e+03 2.284340000000000000e+19 -8.823285810649394989e-03 -5.857623647898435593e-03
-1.389628296686546264e+03 7.008389868345275318e+02 -1.064090034433274695e+03 2.284540000000000000e+19 -1.700136065483093262e-02 -7.493072771467268467e-04
-1.392124222320020863e+03 6.982158747118124893e+02 -1.062550907829701600e+03 2.284740000000000000e+19 3.428633324801921844e-03 2.094298787415027618e-02
-1.394613488705198733e+03 6.955880530896059781e+02 -1.061009032628838440e+03 2.284940000000000000e+19 9.841326624155044556e-03 6.895735859870910645e-03
-1.397096083894483172e+03 6.929555345806192008e+02 -1.059464416231201767e+03 2.285140000000000000e+19 -7.594460621476173401e-03 -1.200309582054615021e-02
-1.399366010793402893e+03 6.905383367521195623e+02 -1.058046150817390753e+03 2.285340000000000000e+19 1.480895560234785080e-02 -2.145400270819664001e-03
-1.382100683904237485e+03 7.086799407838811931e+02 -1.068690849067846557e+03 2.285540000000000000e+19 -3.282301593571901321e-03 1.462425291538238525e-02
-1.384616515477314579e+03 7.060710323992116173e+02 -1.067160012403716109e+03 2.285740000000000000e+19 -9.968666126951575279e-04 -7.607796695083379745e-03
-1.387125723767101590e+03 7.034573768860259406e+02 -1.065626405063018183e+03 2.285940000000000000e+19 -3.373271785676479340e-03 -1.396732591092586517e-02
-1.389628296686546264e+03 7.008389868345275318e+02 -1.064090034433274695e+03 2.286140000000000000e+19 -1.205853093415498734e-02 -3.704251488670706749e-03
-1.392124222320020863e+03 6.982158747118124893e+02 -1.062550907829701600e+03 2.286340000000000000e+19 6.660004612058401108e-03 -1.394989341497421265e-02
-1.394613488705198733e+03 6.955880530896059781e+02 -1.061009032628838440e+03 2.286540000000000000e+19 1.734725316055119038e-03 -2.565995790064334869e-02
-1.397096083894483172e+03 6.929555345806192008e+02 -1.059464416231201767e+03 2.286740000000000000e+19 -1.290618441998958588e-02 1.374008879065513611e-02
-1.399366010793402893e+03 6.905383367521195623e+02 -1.058046150817390753e+03 2.286940000000000000e+19 -1.326531078666448593e-02 -8.828529156744480133e-03
-1.406959515838825610e+03 6.823787436821418169e+02 -1.053258686534700473e+03 2.287140000000000000e+19 7.699933368712663651e-03 1.696181111037731171e-02
-1.409408577621194354e+03 6.797229300094423934e+02 -1.051700475205132079e+03 2.287340000000000000e+19 -7.148881908506155014e-03 -2.423711121082305908e-02
-1.411850897402863893e+03 6.770624953766684939e+02 -1.050139567227352245e+03 2.287540000000000000e+19 -2.254285383969545364e-03 -2.445238828659057617e-02
-1.414286463555136606e+03 6.743974524511346544e+02 -1.048575970033426756e+03 2.287740000000000000e+19 -1.291095372289419174e-02 9.457991458475589752e-03
-1.416715264354161945e+03 6.717278140612826292e+02 -1.047009691149885157e+03 2.287940000000000000e+19 -1.075768936425447464e-02 1.268596481531858444e-02
-1.419137288244007550e+03 6.690535929089834326e+02 -1.045440738028900341e+03 2.288140000000000000e+19 4.966954700648784637e-03 -5.091795697808265686e-03
-1.421552523566101854e+03 6.663748018668482018e+02 -1.043869118222804218e+03 2.288340000000000000e+19 6.643373053520917892e-03 -5.972245242446660995e-03
-1.423760602608248973e+03 6.639152976401059050e+02 -1.042426164276324926e+03 2.288540000000000000e+19 -2.023407258093357086e-02 1.629121601581573486e-02
-1.406959515838825610e+03 6.823787436821418169e+02 -1.053258686534700473e+03 2.288740000000000000e+19 -1.154927816241979599e-02 3.380686976015567780e-03
-1.409408577621194354e+03 6.797229300094423934e+02 -1.051700475205132079e+03 2.288940000000000000e+19 -4.952899180352687836e-03 -7.479890715330839157e-03
-1.411850897402863893e+03 6.770624953766684939e+02 -1.050139567227352245e+03 2.289140000000000000e+19 -2.041753008961677551e-02 4.914138116873800755e-04
-1.414286463555136606e+03 6.743974524511346544e+02 -1.048575970033426756e+03 2.289340000000000000e+19 -3.666207659989595413e-03 -2.679708786308765411e-02
-1.416715264354161945e+03 6.717278140612826292e+02 -1.047009691149885157e+03 2.289540000000000000e+19 9.480262175202369690e-03 1.246678456664085388e-02
-1.419137288244007550e+03 6.690535929089834326e+02 -1.045440738028900341e+03 2.289740000000000000e+19 -6.611745804548263550e-03 -1.403166167438030243e-02
-1.421552523566101854e+03 6.663748018668482018e+02 -1.043869118222804218e+03 2.289940000000000000e+19 -6.234995089471340179e-03 -4.521786235272884369e-03
-1.423760602608248973e+03 6.639152976401059050e+02 -1.042426164276324926e+03 2.290140000000000000e+19 -6.685455329716205597e-03 -1.443598140031099319e-02
-1.431145348904698267e+03 6.556141950694060370e+02 -1.037556122497196839e+03 2.290340000000000000e+19 6.290854886174201965e-03 5.701082292944192886e-03
-1.433526468845030877e+03 6.529127471080977330e+02 -1.035971282219671366e+03 2.290540000000000000e+19 -1.206606533378362656e-02 -4.700595512986183167e-03
-1.435900731372112432e+03 6.502068064844532955e+02 -1.034383820564618190e+03 2.290740000000000000e+19 1.194472331553697586e-02 2.307787537574768066e-02
-1.438268125164620642e+03 6.474963861012163306e+02 -1.032793745101540253e+03 2.290940000000000000e+19 3.221607767045497894e-03 -2.999892691150307655e-03
-1.440628638876245532e+03 6.447814989485613069e+02 -1.031201063451161190e+03 2.291140000000000000e+19 -7.115455344319343567e-03 8.238189853727817535e-03
-1.442982261169178855e+03 6.420621580665629153e+02 -1.029605783263410558e+03 2.291340000000000000e+19 -8.668515831232070923e-03 2.040866576135158539e-02
-1.445328980845266642e+03 6.393383763935506749e+02 -1.028007912128462976e+03 2.291540000000000000e+19 1.157674007117748260e-03 -1.582581549882888794e-02
-1.447474154980428693e+03 6.368377432026412635e+02 -1.026540960432385873e+03 2.291740000000000000e+19 -6.744175683706998825e-03 4.873624537140130997e-03
-1.431145348904698267e+03 6.556141950694060370e+02 -1.037556122497196839e+03 2.291940000000000000e+19 1.344281062483787537e-02 4.440959542989730835e-03
-1.433526468845030877e+03 6.529127471080977330e+02 -1.035971282219671366e+03 2.292140000000000000e+19 4.777752619702368975e-04 -1.437126845121383667e-02
-1.435900731372112432e+03 6.502068064844532955e+02 -1.034383820564618190e+03 2.292340000000000000e+19 -1.779601792804896832e-03 -1.625694520771503448e-02
-1.438268125164620642e+03 6.474963861012163306e+02 -1.032793745101540253e+03 2.292540000000000000e+19 1.690630428493022919e-02 2.979153534397482872e-03
-1.440628638876245532e+03 6.447814989485613069e+02 -1.031201063451161190e+03 2.292740000000000000e+19 -1.072598155587911606e-02 -1.695321500301361084e-02
-1.442982261169178855e+03 6.420621580665629153e+02 -1.029605783263410558e+03 2.292940000000000000e+19 2.163067832589149475e-02 -2.698634983971714973e-03
-1.445328980845266642e+03 6.393383763935506749e+02 -1.028007912128462976e+03 2.293140000000000000e+19 -1.714471913874149323e-02 1.268193405121564865e-02
-1.447474154980428693e+03 6.368377432026412635e+02 -1.026540960432385873e+03 2.293340000000000000e+19 1.765918731689453125e-02 3.485409310087561607e-03
