# Baseline: 9-22
# u [m], v [m], w [m], frequency [GHz], real, imag
-1.012728794538594229e+03 3.380470937593428289e+02 -9.702075390216647293e+02 2.267940000000000000e+19 -7.478716433979570866e-04 -8.306103758513927460e-03
-1.014436955326261796e+03 3.361360211330373886e+02 -9.690863514808501122e+02 2.268140000000000000e+19 5.007824394851922989e-03 1.312750205397605896e-02
-1.016140264919677065e+03 3.342217255418985928e+02 -9.679632833150268425e+02 2.268340000000000000e+19 2.231229329481720924e-03 -1.464812643826007843e-02
-1.017838715179154292e+03 3.323042161339367340e+02 -9.668383398911006452e+02 2.268540000000000000e+19 1.169189694337546825e-03 1.247309241443872452e-02
-1.019532297976264090e+03 3.303835020857864606e+02 -9.657115265927226346e+02 2.268740000000000000e+19 -1.021070056594908237e-03 -1.272447500377893448e-02
-1.021221005205984170e+03 3.284595925894951165e+02 -9.645828488125349622e+02 2.268940000000000000e+19 9.620807133615016937e-03 1.286220643669366837e-02
-1.022904828751400260e+03 3.265324968926486804e+02 -9.634523119757158156e+02 2.269140000000000000e+19 -1.493914891034364700e-02 -1.707439310848712921e-02
-1.024444099031135920e+03 3.247632416698059501e+02 -9.624143815333424072e+02 2.269340000000000000e+19 2.403060160577297211e-02 4.459484480321407318e-03
-1.012728794538594229e+03 3.380470937593428289e+02 -9.702075390216647293e+02 2.269540000000000000e+19 -5.391061771661043167e-03 -1.357141043990850449e-02
-1.014436955326261796e+03 3.361360211330373886e+02 -9.690863514808501122e+02 2.269740000000000000e+19 -1.105449441820383072e-02 1.154384668916463852e-02
-1.016140264919677065e+03 3.342217255418985928e+02 -9.679632833150268425e+02 2.269940000000000000e+19 1.369300764054059982e-02 -1.888632960617542267e-02
-1.017838715179154292e+03 3.323042161339367340e+02 -9.668383398911006452e+02 2.270140000000000000e+19 -3.688703756779432297e-03 8.475252427160739899e-03
-1.019532297976264090e+03 3.303835020857864606e+02 -9.657115265927226346e+02 2.270340000000000000e+19 -1.803350518457591534e-03 -2.787644043564796448e-03
-1.021221005205984170e+03 3.284595925894951165e+02 -9.645828488125349622e+02 2.270540000000000000e+19 6.945575587451457977e-04 7.847813889384269714e-03
-1.022904828751400260e+03 3.265324968926486804e+02 -9.634523119757158156e+02 2.270740000000000000e+19 4.865854978561401367e-03 -1.836811751127243042e-02
-1.024444099031135920e+03 3.247632416698059501e+02 -9.624143815333424072e+02 2.270940000000000000e+19 1.851653330959379673e-03 -1.158054079860448837e-02
-1.029591125639259872e+03 3.187924363634988367e+02 -9.589116821603720382e+02 2.271140000000000000e+19 2.214795676991343498e-03 -1.634745625779032707e-03
-1.031250410533142713e+03 3.168495481047655744e+02 -9.577719312562463756e+02 2.271340000000000000e+19 1.351712644100189209e-02 -1.033131778240203857e-02
-1.032904763756768716e+03 3.149035291949465432e+02 -9.566303538830471780e+02 2.271540000000000000e+19 5.553048104047775269e-03 -2.637780271470546722e-03
-1.034554177415946015e+03 3.129543889201049751e+02 -9.554869554881864815e+02 2.271740000000000000e+19 7.926383055746555328e-03 1.899170503020286560e-02
-1.036198643611285206e+03 3.110021366151125335e+02 -9.543417415476577617e+02 2.271940000000000000e+19 -1.064975745975971222e-03 -1.714204996824264526e-02
-1.037838154472795168e+03 3.090467816229303821e+02 -9.531947175421533984e+02 2.272140000000000000e+19 3.889147425070405006e-03 7.494574412703514099e-03
-1.039472702148570761e+03 3.070883333082302329e+02 -9.520458889650540186e+02 2.272340000000000000e+19 -2.263222075998783112e-02 -9.975723922252655029e-03
-1.040966734212752726e+03 3.052904187589957701e+02 -9.509912383604078059e+02 2.272540000000000000e+19 -1.776659116148948669e-02 -1.212614588439464569e-02
-1.029591125639259872e+03 3.187924363634988367e+02 -9.589116821603720382e+02 2.272740000000000000e+19 -1.266505010426044464e-02 -2.298762835562229156e-02
-1.031250410533142713e+03 3.168495481047655744e+02 -9.577719312562463756e+02 2.272940000000000000e+19 7.778571918606758118e-03 -1.058411039412021637e-02
-1.032904763756768716e+03 3.149035291949465432e+02 -9.566303538830471780e+02 2.273140000000000000e+19 -6.705182138830423355e-03 -4.164432175457477570e-03
-1.034554177415946015e+03 3.129543889201049751e+02 -9.554869554881864815e+02 2.273340000000000000e+19 2.796960435807704926e-02 9.651057422161102295e-03
-1.036198643611285206e+03 3.110021366151125335e+02 -9.543417415476577617e+02 2.273540000000000000e+19 9.116362780332565308e-03 5.671594757586717606e-03
-1.037838154472795168e+03 3.090467816229303821e+02 -9.531947175421533984e+02 2.273740000000000000e+19 1.073125656694173813e-02 -1.373594813048839569e-02
-1.039472702148570761e+03 3.070883333082302329e+02 -9.520458889650540186e+02 2.273940000000000000e+19 1.885335147380828857e-02 6.903206463903188705e-03
-1.040966734212752726e+03 3.052904187589957701e+02 -9.509912383604078059e+02 2.274140000000000000e+19 4.630470648407936096e-03 -3.096327418461441994e-03
-1.045961104991934008e+03 2.992237943884626361e+02 -9.474326389654657987e+02 2.274340000000000000e+19 1.063408609479665756e-02 -1.472805999219417572e-02
-1.047570719900673566e+03 2.972500203178298079e+02 -9.462748701561840790e+02 2.274540000000000000e+19 1.525689288973808289e-02 -1.335678156465291977e-02
-1.049175325068747270e+03 2.952732093534703495e+02 -9.451153298758143819e+02 2.274740000000000000e+19 -2.021448127925395966e-02 -5.631626117974519730e-03
-1.050774912789001064e+03 2.932933709903119279e+02 -9.439540236938095177e+02 2.274940000000000000e+19 2.148095704615116119e-02 2.777406247332692146e-03
-1.052369475439588768e+03 2.913105146619263905e+02 -9.427909571435857288e+02 2.275140000000000000e+19 -1.901223883032798767e-02 -9.922279976308345795e-03
-1.053959005339425858e+03 2.893246499199324262e+02 -9.416261358277537283e+02 2.275340000000000000e+19 8.849987760186195374e-03 -1.058017462491989136e-02
-1.055543494920297007e+03 2.873357862198022872e+02 -9.404595652924821252e+02 2.275540000000000000e+19 9.003765881061553955e-03 4.799315240234136581e-03
-1.056991573775888810e+03 2.855100727696541867e+02 -9.393886992484497114e+02 2.275740000000000000e+19 2.367661707103252411e-02 -6.880761124193668365e-03
-1.045961104991934008e+03 2.992237943884626361e+02 -9.474326389654657987e+02 2.275940000000000000e+19 1.415576087310910225e-03 6.451131775975227356e-03
-1.047570719900673566e+03 2.972500203178298079e+02 -9.462748701561840790e+02 2.276140000000000000e+19 1.747160963714122772e-02 2.597897686064243317e-02
-1.049175325068747270e+03 2.952732093534703495e+02 -9.451153298758143819e+02 2.276340000000000000e+19 -1.771564781665802002e-02 1.227583736181259155e-02
-1.050774912789001064e+03 2.932933709903119279e+02 -9.439540236938095177e+02 2.276540000000000000e+19 -4.569304734468460083e-02 6.060278043150901794e-03
-1.052369475439588768e+03 2.913105146619263905e+02 -9.427909571435857288e+02 2.276740000000000000e+19 -2.557797171175479889e-02 -2.148580551147460938e-02
-1.053959005339425858e+03 2.893246499199324262e+02 -9.416261358277537283e+02 2.276940000000000000e+19 -6.342039443552494049e-03 1.807093247771263123e-02
-1.055543494920297007e+03 2.873357862198022872e+02 -9.404595652924821252e+02 2.277140000000000000e+19 -4.837613552808761597e-03 6.175867281854152679e-03
-1.056991573775888810e+03 2.855100727696541867e+02 -9.393886992484497114e+02 2.277340000000000000e+19 6.873048841953277588e-03 2.365764696151018143e-03
-1.061830898647220920e+03 2.793505325543013100e+02 -9.357759028212707335e+02 2.277540000000000000e+19 9.350921027362346649e-03 2.308542840182781219e-02
-1.063390073322947046e+03 2.773468171839097067e+02 -9.346006701353559265e+02 2.277740000000000000e+19 3.210981190204620361e-02 1.919619925320148468e-02
-1.064944162517859013e+03 2.753401602129845855e+02 -9.334237218724828153e+02 2.277940000000000000e+19 -3.864468308165669441e-03 2.920702844858169556e-02
-1.066493158832387735e+03 2.733305711959374662e+02 -9.322450636365252876e+02 2.278140000000000000e+19 7.906936109066009521e-03 2.342961728572845459e-02
-1.068037054810301697e+03 2.713180598061367732e+02 -9.310647011010811411e+02 2.278340000000000000e+19 -2.299439162015914917e-03 8.516474626958370209e-03
-1.069575843105950298e+03 2.693026356188648265e+02 -9.298826398821717021e+02 2.278540000000000000e+19 -1.960394345223903656e-02 -4.303019493818283081e-03
-1.071109516312233836e+03 2.672843083355738258e+02 -9.286988856697738584e+02 2.278740000000000000e+19 -2.515063062310218811e-02 -4.022892564535140991e-03
-1.072510949032470990e+03 2.654316696170284331e+02 -9.276123166127451896e+02 2.278940000000000000e+19 1.854718476533889771e-02 2.096175402402877808e-02
-1.061830898647220920e+03 2.793505325543013100e+02 -9.357759028212707335e+02 2.279140000000000000e+19 1.567948982119560242e-02 -6.910314783453941345e-03
-1.063390073322947046e+03 2.773468171839097067e+02 -9.346006701353559265e+02 2.279340000000000000e+19 -3.894359618425369263e-02 -7.004010491073131561e-03
-1.064944162517859013e+03 2.753401602129845855e+02 -9.334237218724828153e+02 2.279540000000000000e+19 -8.201654069125652313e-03 -2.347454242408275604e-02
-1.066493158832387735e+03 2.733305711959374662e+02 -9.322450636365252876e+02 2.279740000000000000e+19 4.900056403130292892e-03 -2.797385863959789276e-02
-1.068037054810301697e+03 2.713180598061367732e+02 -9.310647011010811411e+02 2.279940000000000000e+19 -4.728120286017656326e-03 2.538285451009869576e-03
-1.069575843105950298e+03 2.693026356188648265e+02 -9.298826398821717021e+02 2.280140000000000000e+19 -8.668708615005016327e-03 -2.207347936928272247e-02
-1.071109516312233836e+03 2.672843083355738258e+02 -9.286988856697738584e+02 2.280340000000000000e+19 -4.816366359591484070e-03 1.061728317290544510e-02
-1.072510949032470990e+03 2.654316696170284331e+02 -9.276123166127451896e+02 2.280540000000000000e+19 1.148812938481569290e-02 -1.257391413673758507e-03
-1.076941079651287055e+03 2.595206669867476990e+02 -9.241455794557373338e+02 2.280740000000000000e+19 -7.449725526385009289e-04 4.268492572009563446e-03
-1.078449927017155233e+03 2.574884443324148151e+02 -9.229537223573474876e+02 2.280940000000000000e+19 -1.361201400868594646e-03 -4.056659061461687088e-03
-1.079953616851326842e+03 2.554533750865237778e+02 -9.217602054048403488e+02 2.281140000000000000e+19 -3.133768914267420769e-04 4.698945209383964539e-03
-1.081452141931426013e+03 2.534154690238605383e+02 -9.205650343308844867e+02 2.281340000000000000e+19 3.190751303918659687e-04 7.806814974173903465e-04
-1.082945495127721642e+03 2.513747358405591115e+02 -9.193682148219749024e+02 2.281540000000000000e+19 3.534318413585424423e-03 -3.730140393599867821e-03
-1.084433669256968642e+03 2.493311853527625033e+02 -9.181697526349413465e+02 2.281740000000000000e+19 -3.564371261745691299e-03 3.518543671816587448e-03
-1.085916657217992224e+03 2.472848273119510623e+02 -9.169696534886470545e+02 2.281940000000000000e+19 6.564809940755367279e-03 -1.309339143335819244e-02
-1.087271567067615479e+03 2.454065766407312310e+02 -9.158681501994267364e+02 2.282140000000000000e+19 -2.554582199081778526e-03 -5.876629613339900970e-03
-1.076941079651287055e+03 2.595206669867476990e+02 -9.241455794557373338e+02 2.282340000000000000e+19 9.606812149286270142e-03 2.213947102427482605e-02
-1.078449927017155233e+03 2.574884443324148151e+02 -9.229537223573474876e+02 2.282540000000000000e+19 -7.468382362276315689e-03 -2.793379127979278564e-03
-1.079953616851326842e+03 2.554533750865237778e+02 -9.217602054048403488e+02 2.282740000000000000e+19 -1.334825251251459122e-02 -2.832883270457386971e-03
-1.081452141931426013e+03 2.534154690238605383e+02 -9.205650343308844867e+02 2.282940000000000000e+19 -3.324887948110699654e-04 9.319755248725414276e-03
-1.082945495127721642e+03 2.513747358405591115e+02 -9.193682148219749024e+02 2.283140000000000000e+19 -1.134864985942840576e-02 -2.606662455946207047e-03
-1.084433669256968642e+03 2.493311853527625033e+02 -9.181697526349413465e+02 2.283340000000000000e+19 1.992087811231613159e-03 -1.358316163532435894e-03
-1.085916657217992224e+03 2.472848273119510623e+02 -9.169696534886470545e+02 2.283540000000000000e+19 -4.724496102426201105e-04 -1.797044533304870129e-03
-1.087271567067615479e+03 2.454065766407312310e+02 -9.158681501994267364e+02 2.283740000000000000e+19 -2.086027525365352631e-02 1.063181459903717041e-02
-1.091796605762320041e+03 2.390715157497494658e+02 -9.121530023325448155e+02 2.283940000000000000e+19 -1.598183589521795511e-04 -1.295757293701171875e-02
-1.093253556880924179e+03 2.370112671680856522e+02 -9.109448047296010600e+02 2.284140000000000000e+19 3.879867144860327244e-04 1.762090600095689297e-03
-1.094705279641882726e+03 2.349482699645591310e+02 -9.097350047272562961e+02 2.284340000000000000e+19 1.224015839397907257e-03 -4.005113150924444199e-03
-1.096151767052136847e+03 2.328825340768035801e+02 -9.085236081532219714e+02 2.284540000000000000e+19 -6.633757730014622211e-04 -5.064228549599647522e-03
-1.097593012224454242e+03 2.308140693405296986e+02 -9.073106207753930903e+02 2.284740000000000000e+19 -1.351771503686904907e-02 1.539214607328176498e-02
-1.099029008251298819e+03 2.287428856692329475e+02 -9.060960484072364807e+02 2.284940000000000000e+19 8.617734536528587341e-03 1.932299579493701458e-03
-1.100459748240409908e+03 2.266689930039314049e+02 -9.048798968783122518e+02 2.285140000000000000e+19 6.906345952302217484e-03 -5.916415713727474213e-03
-1.101766703864764622e+03 2.247655876532889181e+02 -9.037637289821319655e+02 2.285340000000000000e+19 -2.346046967431902885e-03 1.940817746799439192e-04
-1.091796605762320041e+03 2.390715157497494658e+02 -9.121530023325448155e+02 2.285540000000000000e+19 2.168671227991580963e-02 1.326130237430334091e-03
-1.093253556880924179e+03 2.370112671680856522e+02 -9.109448047296010600e+02 2.285740000000000000e+19 2.150005660951137543e-02 -1.898670569062232971e-03
-1.094705279641882726e+03 2.349482699645591310e+02 -9.097350047272562961e+02 2.285940000000000000e+19 -1.046138582751154900e-03 1.611280813813209534e-02
-1.096151767052136847e+03 2.328825340768035801e+02 -9.085236081532219714e+02 2.286140000000000000e+19 3.318893909454345703e-02 2.942574443295598030e-03
-1.097593012224454242e+03 2.308140693405296986e+02 -9.073106207753930903e+02 2.286340000000000000e+19 -4.775341600179672241e-03 -1.783872209489345551e-02
-1.099029008251298819e+03 2.287428856692329475e+02 -9.060960484072364807e+02 2.286540000000000000e+19 -3.108695382252335548e-03 -1.133915409445762634e-02
-1.100459748240409908e+03 2.266689930039314049e+02 -9.048798968783122518e+02 2.286740000000000000e+19 5.544111598283052444e-03 3.442641347646713257e-02
-1.101766703864764622e+03 2.247655876532889181e+02 -9.037637289821319655e+02 2.286940000000000000e+19 1.604488305747509003e-02 8.367756381630897522e-03
-1.106130011420352730e+03 2.183465308605358359e+02 -8.999996155319749960e+02 2.287140000000000000e+19 -1.110557466745376587e-02 -9.046996943652629852e-03
-1.107534369103142353e+03 2.162592422369091025e+02 -8.987756555802922094e+02 2.287340000000000000e+19 1.940658874809741974e-02 6.976958364248275757e-03
-1.108933430044246279e+03 2.141693043629453257e+02 -8.975501515014624374e+02 2.287540000000000000e+19 4.802974406629800797e-03 3.125389292836189270e-02
-1.110327187582281340e+03 2.120767271896050943e+02 -8.963231091305616474e+02 2.287740000000000000e+19 -2.364668034715577960e-04 -8.517190814018249512e-03
-1.111715635008249365e+03 2.099815207897137270e+02 -8.950945343740798990e+02 2.287940000000000000e+19 1.951912790536880493e-02 -1.097959652543067932e-02
-1.113098765716098796e+03 2.078836951320505477e+02 -8.938644330774310447e+02 2.288140000000000000e+19 9.253145195543766022e-03 -5.391935119405388832e-04
-1.114476573048045111e+03 2.057832603146863164e+02 -8.926328111618400953e+02 2.288340000000000000e+19 -2.541707828640937805e-03 -4.831467755138874054e-03
-1.115734949002139274e+03 2.038556111630154248e+02 -8.915025128032081057e+02 2.288540000000000000e+19 -1.634677499532699585e-02 -1.863004639744758606e-02
-1.106130011420352730e+03 2.183465308605358359e+02 -8.999996155319749960e+02 2.288740000000000000e+19 -2.836206741631031036e-02 -2.895059296861290932e-03
-1.107534369103142353e+03 2.162592422369091025e+02 -8.987756555802922094e+02 2.288940000000000000e+19 3.064504126086831093e-03 1.811400754377245903e-03
-1.108933430044246279e+03 2.141693043629453257e+02 -8.975501515014624374e+02 2.289140000000000000e+19 1.261875592172145844e-02 1.048004254698753357e-02
-1.110327187582281340e+03 2.120767271896050943e+02 -8.963231091305616474e+02 2.289340000000000000e+19 -6.135072093456983566e-03 7.450975477695465088e-03
-1.111715635008249365e+03 2.099815207897137270e+02 -8.950945343740798990e+02 2.289540000000000000e+19 -1.441969815641641617e-02 -6.830330006778240204e-03
-1.113098765716098796e+03 2.078836951320505477e+02 -8.938644330774310447e+02 2.289740000000000000e+19 2.618889138102531433e-02 4.930995870381593704e-03
-1.114476573048045111e+03 2.057832603146863164e+02 -8.926328111618400953e+02 2.289940000000000000e+19 -4.129773471504449844e-03 -1.550030242651700974e-02
-1.115734949002139274e+03 2.038556111630154248e+02 -8.915025128032081057e+02 2.290140000000000000e+19 -5.424439441412687302e-03 -1.330250990577042103e-03
-1.119934437358749847e+03 1.973556303186215075e+02 -8.876912350929342210e+02 2.290340000000000000e+19 4.343792051076889038e-02 -6.710281129926443100e-03
-1.121285529520359205e+03 1.952423005718807474e+02 -8.864520985461969076e+02 2.290540000000000000e+19 8.309646509587764740e-03 6.280325353145599365e-03
-1.122631259136360995e+03 1.931264221493806872e+02 -8.852114768455375042e+02 2.290740000000000000e+19 -2.949333190917968750e-02 1.231820695102214813e-02
-1.123971619789824445e+03 1.910080051402817105e+02 -8.839693759066249186e+02 2.290940000000000000e+19 2.003533765673637390e-02 2.031121589243412018e-02
-1.125306605056723811e+03 1.888870596974907983e+02 -8.827258016824595188e+02 2.291140000000000000e+19 1.187276840209960938e-02 2.019562572240829468e-02
-1.126636208524998437e+03 1.867635960082647273e+02 -8.814807601461384365e+02 2.291340000000000000e+19 3.088074270635843277e-03 -3.464209614321589470e-03
-1.127960423868627231e+03 1.846376241758036940e+02 -8.802342572214301981e+02 2.291540000000000000e+19 -1.634367741644382477e-02 -5.051593761891126633e-03
-1.129169617746109452e+03 1.826866540414918632e+02 -8.790903695052132889e+02 2.291740000000000000e+19 2.023780532181262970e-02 2.532214112579822540e-02
-1.119934437358749847e+03 1.973556303186215075e+02 -8.876912350929342210e+02 2.291940000000000000e+19 -6.707221735268831253e-03 8.842156268656253815e-03
-1.121285529520359205e+03 1.952423005718807474e+02 -8.864520985461969076e+02 2.292140000000000000e+19 -2.312862500548362732e-02 2.614543959498405457e-02
-1.122631259136360995e+03 1.931264221493806872e+02 -8.852114768455375042e+02 2.292340000000000000e+19 1.749159768223762512e-02 3.497930988669395447e-02
-1.123971619789824445e+03 1.910080051402817105e+02 -8.839693759066249186e+02 2.292540000000000000e+19 -1.884284242987632751e-02 1.136645860970020294e-02
-1.125306605056723811e+03 1.888870596974907983e+02 -8.827258016824595188e+02 2.292740000000000000e+19 1.683617569506168365e-02 -4.164625331759452820e-02
-1.126636208524998437e+03 1.867635960082647273e+02 -8.814807601461384365e+02 2.292940000000000000e+19 6.684588734060525894e-03 8.625548332929611206e-03
-1.127960423868627231e+03 1.846376241758036940e+02 -8.802342572214301981e+02 2.293140000000000000e+19 4.553036391735076904e-02 1.445775851607322693e-02
-1.129169617746109452e+03 1.826866540414918632e+02 -8.790903695052132889e+02 2.293340000000000000e+19 -2.041554637253284454e-02 5.697055254131555557e-03
