# Baseline: 0-4
# u [m], v [m], w [m], frequency [GHz], real, imag
-1.841497401030325818e+03 -3.131916807308105490e+03 -2.249263709799559365e+03 2.267940000000000000e+19 -2.439640462398529053e-02 1.252667605876922607e-01
-1.838066603359794726e+03 -3.135384429062863546e+03 -2.247237959301445699e+03 2.268140000000000000e+19 5.804485827684402466e-02 -1.333534121513366699e-01
-1.834627028443093195e+03 -3.138845570737160415e+03 -2.245216014483150957e+03 2.268340000000000000e+19 3.802407532930374146e-02 7.168056815862655640e-02
-1.831178692717238391e+03 -3.142300215791034134e+03 -2.243197885007053173e+03 2.268540000000000000e+19 1.136106476187705994e-01 -7.847972214221954346e-02
-1.828586974402031046e+03 -3.144887130187877119e+03 -2.241686677749845785e+03 2.268740000000000000e+19 4.838034138083457947e-02 1.067468300461769104e-01
-1.824255804890757872e+03 -3.149189949936194807e+03 -2.239173110696271124e+03 2.268940000000000000e+19 -7.941018044948577881e-02 4.832216724753379822e-02
-1.820781285993866049e+03 -3.152625005983218671e+03 -2.237166485165018457e+03 2.269140000000000000e+19 -1.008257269859313965e-01 2.449377998709678650e-02
-1.816426263867047055e+03 -3.156909862301598878e+03 -2.234663467202674838e+03 2.269340000000000000e+19 6.161920353770256042e-02 -1.530421245843172073e-02
-1.841497401030325818e+03 -3.131916807308105490e+03 -2.249263709799559365e+03 2.269540000000000000e+19 2.234136462211608887e-01 4.983461275696754456e-02
-1.838066603359794726e+03 -3.135384429062863546e+03 -2.247237959301445699e+03 2.269740000000000000e+19 -8.441158384084701538e-02 1.213454231619834900e-01
-1.834627028443093195e+03 -3.138845570737160415e+03 -2.245216014483150957e+03 2.269940000000000000e+19 7.499679177999496460e-02 6.176306307315826416e-02
-1.831178692717238391e+03 -3.142300215791034134e+03 -2.243197885007053173e+03 2.270140000000000000e+19 -8.215724676847457886e-02 -2.104820683598518372e-02
-1.828586974402031046e+03 -3.144887130187877119e+03 -2.241686677749845785e+03 2.270340000000000000e+19 -1.013171076774597168e-01 -8.678906597197055817e-03
-1.824255804890757872e+03 -3.149189949936194807e+03 -2.239173110696271124e+03 2.270540000000000000e+19 -1.262614317238330841e-02 -1.555743515491485596e-01
-1.820781285993866049e+03 -3.152625005983218671e+03 -2.237166485165018457e+03 2.270740000000000000e+19 -9.138866513967514038e-02 2.356991320848464966e-01
-1.816426263867047055e+03 -3.156909862301598878e+03 -2.234663467202674838e+03 2.270940000000000000e+19 1.217262074351310730e-01 8.855684101581573486e-02
-1.806796431816470886e+03 -3.166299440621781741e+03 -2.229178617431893599e+03 2.271140000000000000e+19 5.680932104587554932e-02 7.667787373065948486e-03
-1.803278607296289465e+03 -3.169701520078931026e+03 -2.227191356888498831e+03 2.271340000000000000e+19 1.400370299816131592e-01 -5.568471550941467285e-02
-1.799752172041224185e+03 -3.173096955199667264e+03 -2.225207997976227944e+03 2.271540000000000000e+19 -4.491695389151573181e-02 8.149155229330062866e-02
-1.796217142878838558e+03 -3.176485729781703412e+03 -2.223228550159229599e+03 2.271740000000000000e+19 1.138821914792060852e-01 1.096861734986305237e-01
-1.792673536739192741e+03 -3.179867827595461677e+03 -2.221253022917498583e+03 2.271940000000000000e+19 7.421237975358963013e-02 -6.158870644867420197e-03
-1.789121370581036217e+03 -3.183243232455087764e+03 -2.219281425705390575e+03 2.272140000000000000e+19 -7.827961444854736328e-02 -1.245078817009925842e-01
-1.785560661416599032e+03 -3.186611928195111886e+03 -2.217313767965253646e+03 2.272340000000000000e+19 -1.174025833606719971e-01 1.541121602058410645e-01
-1.782289296085640899e+03 -3.189694077591661426e+03 -2.215513500056917565e+03 2.272540000000000000e+19 6.747479736804962158e-02 1.341301295906305313e-02
-1.806796431816470886e+03 -3.166299440621781741e+03 -2.229178617431893599e+03 2.272740000000000000e+19 -2.150626294314861298e-02 -1.511042267084121704e-01
-1.803278607296289465e+03 -3.169701520078931026e+03 -2.227191356888498831e+03 2.272940000000000000e+19 -2.847458794713020325e-02 -4.501258209347724915e-02
-1.799752172041224185e+03 -3.173096955199667264e+03 -2.225207997976227944e+03 2.273140000000000000e+19 7.005586475133895874e-02 3.150981292128562927e-02
-1.796217142878838558e+03 -3.176485729781703412e+03 -2.223228550159229599e+03 2.273340000000000000e+19 -5.138142406940460205e-02 1.130319014191627502e-01
-1.792673536739192741e+03 -3.179867827595461677e+03 -2.221253022917498583e+03 2.273540000000000000e+19 -9.487396478652954102e-02 1.359898149967193604e-01
-1.789121370581036217e+03 -3.183243232455087764e+03 -2.219281425705390575e+03 2.273740000000000000e+19 -2.528724633157253265e-02 -9.408919513225555420e-02
-1.785560661416599032e+03 -3.186611928195111886e+03 -2.217313767965253646e+03 2.273940000000000000e+19 -2.388543263077735901e-02 -2.293336018919944763e-02
-1.782289296085640899e+03 -3.189694077591661426e+03 -2.215513500056917565e+03 2.274140000000000000e+19 2.600485831499099731e-02 -5.268986523151397705e-02
-1.771232735921067615e+03 -3.200019298195745705e+03 -2.209482719664977139e+03 2.274340000000000000e+19 2.833874151110649109e-02 -1.582323461771011353e-01
-1.767629568100097458e+03 -3.203354207204315117e+03 -2.207534900128770914e+03 2.274540000000000000e+19 4.451666492968797684e-03 9.331385046243667603e-02
-1.764017960076995450e+03 -3.206682310894028433e+03 -2.205591076253037045e+03 2.274740000000000000e+19 2.115548402070999146e-01 -5.735001713037490845e-02
-1.760397929198872589e+03 -3.210003593279497181e+03 -2.203651257374245688e+03 2.274940000000000000e+19 -4.319081827998161316e-02 -6.262129172682762146e-03
-1.756769492714479611e+03 -3.213318038535243431e+03 -2.201715452735371855e+03 2.275140000000000000e+19 1.101905480027198792e-02 1.005394309759140015e-01
-1.753132668102391108e+03 -3.216625630695370546e+03 -2.199783671661295557e+03 2.275340000000000000e+19 5.888617411255836487e-02 -4.051421210169792175e-02
-1.749487472678995346e+03 -3.219926354011382955e+03 -2.197855923349829936e+03 2.275540000000000000e+19 -6.470467150211334229e-02 2.406018041074275970e-02
-1.746138811119613592e+03 -3.222946057253225717e+03 -2.196092319743600910e+03 2.275740000000000000e+19 -1.054741144180297852e-01 3.742072731256484985e-02
-1.771232735921067615e+03 -3.200019298195745705e+03 -2.209482719664977139e+03 2.275940000000000000e+19 -1.444633901119232178e-01 -5.159055069088935852e-02
-1.767629568100097458e+03 -3.203354207204315117e+03 -2.207534900128770914e+03 2.276140000000000000e+19 1.922802440822124481e-02 3.134019672870635986e-02
-1.764017960076995450e+03 -3.206682310894028433e+03 -2.205591076253037045e+03 2.276340000000000000e+19 4.607953876256942749e-02 9.259468317031860352e-02
-1.760397929198872589e+03 -3.210003593279497181e+03 -2.203651257374245688e+03 2.276540000000000000e+19 1.122072897851467133e-02 -6.553591042757034302e-02
-1.756769492714479611e+03 -3.213318038535243431e+03 -2.201715452735371855e+03 2.276740000000000000e+19 3.135156293865293264e-04 -4.428153485059738159e-02
-1.753132668102391108e+03 -3.216625630695370546e+03 -2.199783671661295557e+03 2.276940000000000000e+19 -1.468810439109802246e-01 8.577202446758747101e-03
-1.749487472678995346e+03 -3.219926354011382955e+03 -2.197855923349829936e+03 2.277140000000000000e+19 -1.721634157001972198e-02 -1.278399210423231125e-02
-1.746138811119613592e+03 -3.222946057253225717e+03 -2.196092319743600910e+03 2.277340000000000000e+19 5.349504947662353516e-02 -3.440004959702491760e-02
-1.734823332624102022e+03 -3.233060243170782542e+03 -2.190185442087822594e+03 2.277540000000000000e+19 -6.249310821294784546e-02 -7.893856614828109741e-02
-1.731136545730715852e+03 -3.236326385876639961e+03 -2.188277995647730222e+03 2.277740000000000000e+19 -1.068105772137641907e-01 1.401573717594146729e-01
-1.727441493357724767e+03 -3.239585565398685503e+03 -2.186374637066639025e+03 2.277940000000000000e+19 -1.053264588117599487e-01 3.696574270725250244e-02
-1.723738193098595275e+03 -3.242837766218796332e+03 -2.184475375407111187e+03 2.278140000000000000e+19 -1.556369662284851074e-01 -5.232825502753257751e-02
-1.720026662779557910e+03 -3.246082972682186210e+03 -2.182580219811411098e+03 2.278340000000000000e+19 2.488659508526325226e-02 1.278566271066665649e-01
-1.716306920059621234e+03 -3.249321169348583680e+03 -2.180689179296435668e+03 2.278540000000000000e+19 -1.770265586674213409e-02 3.385430946946144104e-02
-1.712578982844155689e+03 -3.252552340630602885e+03 -2.178802262964884449e+03 2.278740000000000000e+19 1.219211146235466003e-01 -6.652466952800750732e-02
-1.709154627443761683e+03 -3.255508152743984283e+03 -2.177076167570678990e+03 2.278940000000000000e+19 2.320416271686553955e-02 -2.117303572595119476e-02
-1.734823332624102022e+03 -3.233060243170782542e+03 -2.190185442087822594e+03 2.279140000000000000e+19 -5.674465000629425049e-02 -5.892719142138957977e-03
-1.731136545730715852e+03 -3.236326385876639961e+03 -2.188277995647730222e+03 2.279340000000000000e+19 1.669061481952667236e-01 -3.735265880823135376e-02
-1.727441493357724767e+03 -3.239585565398685503e+03 -2.186374637066639025e+03 2.279540000000000000e+19 2.153764851391315460e-02 1.337443199008703232e-02
-1.723738193098595275e+03 -3.242837766218796332e+03 -2.184475375407111187e+03 2.279740000000000000e+19 -1.848362013697624207e-02 3.381654247641563416e-02
-1.720026662779557910e+03 -3.246082972682186210e+03 -2.182580219811411098e+03 2.279940000000000000e+19 -5.244794860482215881e-02 -7.085217535495758057e-02
-1.716306920059621234e+03 -3.249321169348583680e+03 -2.180689179296435668e+03 2.280140000000000000e+19 2.496863715350627899e-02 -1.081412541680037975e-03
-1.712578982844155689e+03 -3.252552340630602885e+03 -2.178802262964884449e+03 2.280340000000000000e+19 -4.725790768861770630e-02 -1.822140254080295563e-02
-1.709154627443761683e+03 -3.255508152743984283e+03 -2.177076167570678990e+03 2.280540000000000000e+19 -8.670806884765625000e-02 -1.857508532702922821e-02
-1.698212965260728424e+03 -3.264873137206247520e+03 -2.171607451794943699e+03 2.280740000000000000e+19 7.600983232259750366e-02 -1.726845502853393555e-01
-1.694445673238739573e+03 -3.268070135330463017e+03 -2.169740595814534572e+03 2.280940000000000000e+19 -6.441798061132431030e-02 9.199974685907363892e-02
-1.690670291278448531e+03 -3.271260018398871580e+03 -2.167877916381703017e+03 2.281140000000000000e+19 7.400570809841156006e-02 -2.332002669572830200e-01
-1.686886837513696037e+03 -3.274442771090073165e+03 -2.166019422443116127e+03 2.281340000000000000e+19 5.151729099452495575e-03 8.324172347784042358e-02
-1.683095329945771709e+03 -3.277618378261006455e+03 -2.164165122841196535e+03 2.281540000000000000e+19 7.968789339065551758e-02 1.184812499559484422e-04
-1.679295786812203232e+03 -3.280786824636560141e+03 -2.162315026495369693e+03 2.281740000000000000e+19 -6.003397982567548752e-03 1.140021681785583496e-01
-1.675488226243826830e+03 -3.283948095097653550e+03 -2.160469142233848288e+03 2.281940000000000000e+19 2.622360363602638245e-02 -9.793224930763244629e-02
-1.671991036525832214e+03 -3.286839701286717627e+03 -2.158780735582474790e+03 2.282140000000000000e+19 4.587646573781967163e-02 2.805670797824859619e-01
-1.698212965260728424e+03 -3.264873137206247520e+03 -2.171607451794943699e+03 2.282340000000000000e+19 -1.865581236779689789e-02 -1.291601210832595825e-01
-1.694445673238739573e+03 -3.268070135330463017e+03 -2.169740595814534572e+03 2.282540000000000000e+19 -5.208944529294967651e-02 -6.465950608253479004e-02
-1.690670291278448531e+03 -3.271260018398871580e+03 -2.167877916381703017e+03 2.282740000000000000e+19 1.038492023944854736e-01 -5.352690070867538452e-02
-1.686886837513696037e+03 -3.274442771090073165e+03 -2.166019422443116127e+03 2.282940000000000000e+19 -1.856537163257598877e-01 -1.028525978326797485e-01
-1.683095329945771709e+03 -3.277618378261006455e+03 -2.164165122841196535e+03 2.283140000000000000e+19 -2.352007105946540833e-02 -1.845314353704452515e-01
-1.679295786812203232e+03 -3.280786824636560141e+03 -2.162315026495369693e+03 2.283340000000000000e+19 -8.206189423799514771e-02 -1.626214757561683655e-02
-1.675488226243826830e+03 -3.283948095097653550e+03 -2.160469142233848288e+03 2.283540000000000000e+19 -1.202236488461494446e-01 -7.184061408042907715e-02
-1.671991036525832214e+03 -3.286839701286717627e+03 -2.158780735582474790e+03 2.283740000000000000e+19 1.358186006546020508e-01 1.531479135155677795e-02
-1.660178174754481461e+03 -3.296521115634240232e+03 -2.153127902463825194e+03 2.283940000000000000e+19 1.504982169717550278e-02 2.211677283048629761e-02
-1.656330801212610368e+03 -3.299646280189426307e+03 -2.151303210779043638e+03 2.284140000000000000e+19 4.737585037946701050e-02 -5.317930877208709717e-02
-1.652475520086594543e+03 -3.302764178617148900e+03 -2.149482783852809916e+03 2.284340000000000000e+19 -6.242422387003898621e-02 6.554794311523437500e-02
-1.648612349947655275e+03 -3.305874795898234879e+03 -2.147666630454259575e+03 2.284540000000000000e+19 -1.974741071462631226e-01 -5.531129986047744751e-02
-1.644741309189732192e+03 -3.308978117221928187e+03 -2.145854759230730906e+03 2.284740000000000000e+19 1.365471780300140381e-01 -9.556619822978973389e-02
-1.640862416365454692e+03 -3.312074127714814040e+03 -2.144047178866042486e+03 2.284940000000000000e+19 4.048954322934150696e-02 -6.966776400804519653e-02
-1.636975690092283685e+03 -3.315162812517120983e+03 -2.142243898035936581e+03 2.285140000000000000e+19 1.205725967884063721e-01 -9.519483894109725952e-02
-1.633406091330018853e+03 -3.317987752538385394e+03 -2.140594620032086368e+03 2.285340000000000000e+19 4.416851699352264404e-02 2.759229019284248352e-02
-1.660178174754481461e+03 -3.296521115634240232e+03 -2.153127902463825194e+03 2.285540000000000000e+19 -1.295998841524124146e-01 -6.999206542968750000e-02
-1.656330801212610368e+03 -3.299646280189426307e+03 -2.151303210779043638e+03 2.285740000000000000e+19 -6.224632635712623596e-02 5.942315235733985901e-02
-1.652475520086594543e+03 -3.302764178617148900e+03 -2.149482783852809916e+03 2.285940000000000000e+19 4.473029822111129761e-02 -3.150111436843872070e-02
-1.648612349947655275e+03 -3.305874795898234879e+03 -2.147666630454259575e+03 2.286140000000000000e+19 -5.103253200650215149e-02 1.655609160661697388e-02
-1.644741309189732192e+03 -3.308978117221928187e+03 -2.145854759230730906e+03 2.286340000000000000e+19 4.064615815877914429e-02 -8.312185853719711304e-02
-1.640862416365454692e+03 -3.312074127714814040e+03 -2.144047178866042486e+03 2.286540000000000000e+19 2.146768756210803986e-02 -6.978999823331832886e-03
-1.636975690092283685e+03 -3.315162812517120983e+03 -2.142243898035936581e+03 2.286740000000000000e+19 6.710785441100597382e-03 9.456116706132888794e-02
-1.633406091330018853e+03 -3.317987752538385394e+03 -2.140594620032086368e+03 2.286940000000000000e+19 2.100150100886821747e-03 -9.614363312721252441e-02
-1.621350822643227957e+03 -3.327444000071816845e+03 -2.135073942143952536e+03 2.287140000000000000e+19 -3.838810371235013008e-03 -8.191784471273422241e-02
-1.617425208655660754e+03 -3.330495835583893950e+03 -2.133292287916869100e+03 2.287340000000000000e+19 -1.195801645517349243e-01 -1.024853140115737915e-01
-1.613491873384169594e+03 -3.333540257244526856e+03 -2.131514984694029863e+03 2.287540000000000000e+19 -1.216344907879829407e-01 -9.047175198793411255e-02
-1.609550835556825405e+03 -3.336577250558185824e+03 -2.129742040937766433e+03 2.287740000000000000e+19 -1.334922611713409424e-01 2.826446667313575745e-02
-1.605602114144193365e+03 -3.339606800905984073e+03 -2.127973465182319615e+03 2.287940000000000000e+19 8.330181241035461426e-03 -4.522614926099777222e-02
-1.601645727933924263e+03 -3.342628893873647030e+03 -2.126209265842346667e+03 2.288140000000000000e+19 5.766966845840215683e-03 -3.600202500820159912e-02
-1.597681695970422425e+03 -3.345643514914143907e+03 -2.124449451409940139e+03 2.288340000000000000e+19 -3.268755972385406494e-02 -7.326199114322662354e-02
-1.594041396402548116e+03 -3.348400436887821797e+03 -2.122840091317204497e+03 2.288540000000000000e+19 -3.706591203808784485e-02 -2.613250166177749634e-02
-1.621350822643227957e+03 -3.327444000071816845e+03 -2.135073942143952536e+03 2.288740000000000000e+19 -3.149345144629478455e-02 -2.227338217198848724e-02
-1.617425208655660754e+03 -3.330495835583893950e+03 -2.133292287916869100e+03 2.288940000000000000e+19 -8.647173643112182617e-02 -1.274083089083433151e-02
-1.613491873384169594e+03 -3.333540257244526856e+03 -2.131514984694029863e+03 2.289140000000000000e+19 -5.943195149302482605e-02 -4.062420502305030823e-02
-1.609550835556825405e+03 -3.336577250558185824e+03 -2.129742040937766433e+03 2.289340000000000000e+19 1.190889850258827209e-01 -4.844290018081665039e-02
-1.605602114144193365e+03 -3.339606800905984073e+03 -2.127973465182319615e+03 2.289540000000000000e+19 9.969805926084518433e-02 -1.125123798847198486e-01
-1.601645727933924263e+03 -3.342628893873647030e+03 -2.126209265842346667e+03 2.289740000000000000e+19 -9.414578974246978760e-02 2.518488466739654541e-02
-1.597681695970422425e+03 -3.345643514914143907e+03 -2.124449451409940139e+03 2.289940000000000000e+19 2.073499374091625214e-02 -9.699632227420806885e-02
-1.594041396402548116e+03 -3.348400436887821797e+03 -2.122840091317204497e+03 2.290140000000000000e+19 -2.902968786656856537e-03 7.014442235231399536e-02
-1.581749489870822572e+03 -3.357626992313737446e+03 -2.117454210579661321e+03 2.290340000000000000e+19 6.475473940372467041e-02 7.497090846300125122e-02
-1.577747514128509465e+03 -3.360604038259563367e+03 -2.115716446458895916e+03 2.290540000000000000e+19 -6.526525318622589111e-02 2.281715162098407745e-02
-1.573738006976437646e+03 -3.363573526275395579e+03 -2.113983117448947269e+03 2.290740000000000000e+19 2.140458300709724426e-02 2.278451621532440186e-02
-1.569720987533142534e+03 -3.366535442201667138e+03 -2.112254231814929426e+03 2.290940000000000000e+19 -2.106192894279956818e-02 -1.331319212913513184e-01
-1.565696475050890285e+03 -3.369489771842675054e+03 -2.110529797842933021e+03 2.291140000000000000e+19 7.641873508691787720e-02 2.170512638986110687e-02
-1.561664488860126085e+03 -3.372436501008423875e+03 -2.108809823815607160e+03 2.291340000000000000e+19 1.623983378522098064e-03 -2.112361788749694824e-02
-1.557625048144610446e+03 -3.375375615678828126e+03 -2.107094317916311866e+03 2.291540000000000000e+19 -3.133479878306388855e-02 -5.916973203420639038e-02
-1.553915790486662672e+03 -3.378063199810018887e+03 -2.105525646167041941e+03 2.291740000000000000e+19 -1.101499609649181366e-02 -2.401627972722053528e-02
-1.581749489870822572e+03 -3.357626992313737446e+03 -2.117454210579661321e+03 2.291940000000000000e+19 1.994575746357440948e-02 1.048666536808013916e-01
-1.577747514128509465e+03 -3.360604038259563367e+03 -2.115716446458895916e+03 2.292140000000000000e+19 8.762513101100921631e-02 3.825344145298004150e-02
-1.573738006976437646e+03 -3.363573526275395579e+03 -2.113983117448947269e+03 2.292340000000000000e+19 -1.091416329145431519e-01 1.222248524427413940e-01
-1.569720987533142534e+03 -3.366535442201667138e+03 -2.112254231814929426e+03 2.292540000000000000e+19 8.365947008132934570e-02 8.485105633735656738e-02
-1.565696475050890285e+03 -3.369489771842675054e+03 -2.110529797842933021e+03 2.292740000000000000e+19 -1.466258708387613297e-02 6.424070801585912704e-03
-1.561664488860126085e+03 -3.372436501008423875e+03 -2.108809823815607160e+03 2.292940000000000000e+19 3.109946288168430328e-02 6.451158970594406128e-02
-1.557625048144610446e+03 -3.375375615678828126e+03 -2.107094317916311866e+03 2.293140000000000000e+19 4.587437584996223450e-02 1.176481470465660095e-01
-1.553915790486662672e+03 -3.378063199810018887e+03 -2.105525646167041941e+03 2.293340000000000000e+19 -2.649842575192451477e-02 -1.482672337442636490e-02
