# Baseline: 14-20
# Entries: 128
# u [m], v [m], w [m], frequency [GHz], real, imag, std(real), std(imag)
-1.556820165147639500e+03 -2.646190522355328085e+03 -1.899239515196858065e+03 2.267940000000000111e+01 1.070627197623252869e-01 -1.172598153352737427e-01 6.736619025468826294e-02 6.747265905141830444e-02
-1.553920131801983644e+03 -2.649122090316217509e+03 -1.897526921515968752e+03 2.268140000000000001e+01 -7.425867021083831787e-02 1.757195144891738892e-01 6.736619025468826294e-02 6.747265905141830444e-02
-1.551012678068274909e+03 -2.652048180702347963e+03 -1.895817544755720292e+03 2.268340000000000245e+01 8.818814903497695923e-02 -1.248425468802452087e-01 6.736619025468826294e-02 6.747265905141830444e-02
-1.548097817840632615e+03 -2.654968779530634947e+03 -1.894111393084799374e+03 2.268540000000000134e+01 -2.223938703536987305e-01 1.121846884489059448e-01 6.736619025468826294e-02 6.747265905141830444e-02
-1.545907051206086180e+03 -2.657155788814588959e+03 -1.892833799460148839e+03 2.268740000000000023e+01 -1.219808384776115417e-01 -1.610203832387924194e-01 6.736619025468826294e-02 6.747265905141830444e-02
-1.542245933737548739e+03 -2.660793446630824747e+03 -1.890708797656400975e+03 2.268940000000000268e+01 -9.707485884428024292e-02 1.806025058031082153e-01 6.736619025468826294e-02 6.747265905141830444e-02
-1.539308937929065678e+03 -2.663697486966696488e+03 -1.889012370218290243e+03 2.269140000000000157e+01 7.817031443119049072e-02 -1.485754400491714478e-01 6.736619025468826294e-02 6.747265905141830444e-02
-1.535627655152557509e+03 -2.667319960374884431e+03 -1.886896285518500918e+03 2.269340000000000046e+01 -1.207848489284515381e-01 3.207009434700012207e-01 6.736619025468826294e-02 6.747265905141830444e-02
-1.556820165147639500e+03 -2.646190522355328085e+03 -1.899239515196858065e+03 2.269540000000000290e+01 3.744392469525337219e-02 -6.098220869898796082e-02 6.736619025468826294e-02 6.747265905141830444e-02
-1.553920131801983644e+03 -2.649122090316217509e+03 -1.897526921515968752e+03 2.269740000000000180e+01 -5.847865715622901917e-02 1.428554058074951172e-01 6.736619025468826294e-02 6.747265905141830444e-02
-1.551012678068274909e+03 -2.652048180702347963e+03 -1.895817544755720292e+03 2.269940000000000069e+01 -3.491690754890441895e-02 -5.987759307026863098e-02 6.736619025468826294e-02 6.747265905141830444e-02
-1.548097817840632615e+03 -2.654968779530634947e+03 -1.894111393084799374e+03 2.270140000000000313e+01 -1.155523657798767090e-01 2.877879142761230469e-02 6.736619025468826294e-02 6.747265905141830444e-02
-1.545907051206086180e+03 -2.657155788814588959e+03 -1.892833799460148839e+03 2.270340000000000202e+01 1.770443841814994812e-02 -8.341056108474731445e-02 6.736619025468826294e-02 6.747265905141830444e-02
-1.542245933737548739e+03 -2.660793446630824747e+03 -1.890708797656400975e+03 2.270540000000000092e+01 -8.653144538402557373e-02 8.381336927413940430e-02 6.736619025468826294e-02 6.747265905141830444e-02
-1.539308937929065678e+03 -2.663697486966696488e+03 -1.889012370218290243e+03 2.270739999999999981e+01 -1.303499191999435425e-01 2.574267424643039703e-02 6.736619025468826294e-02 6.747265905141830444e-02
-1.535627655152557509e+03 -2.667319960374884431e+03 -1.886896285518500918e+03 2.270940000000000225e+01 8.136328309774398804e-02 -4.831472877413034439e-03 6.736619025468826294e-02 6.747265905141830444e-02
-1.527487590929787530e+03 -2.675258036665272812e+03 -1.882259317977293449e+03 2.271140000000000114e+01 -6.501423567533493042e-02 1.722537875175476074e-01 6.736619025468826294e-02 6.747265905141830444e-02
-1.524513983965956186e+03 -2.678134202011104662e+03 -1.880579259698843998e+03 2.271340000000000003e+01 -8.531706035137176514e-02 5.140594765543937683e-02 6.736619025468826294e-02 6.747265905141830444e-02
-1.521533097365366075e+03 -2.681004750918073114e+03 -1.878902499459529281e+03 2.271540000000000248e+01 7.579040527343750000e-02 -8.705238997936248779e-02 6.736619025468826294e-02 6.747265905141830444e-02
-1.518544945352316063e+03 -2.683869669688535851e+03 -1.877229045260477733e+03 2.271740000000000137e+01 -2.142534404993057251e-02 1.458311527967453003e-01 6.736619025468826294e-02 6.747265905141830444e-02
-1.515549542237744618e+03 -2.686728944601775311e+03 -1.875558905116216010e+03 2.271940000000000026e+01 -9.874072670936584473e-02 -4.347326233983039856e-03 6.736619025468826294e-02 6.747265905141830444e-02
-1.512546902356849614e+03 -2.689582561974032615e+03 -1.873892087019596829e+03 2.272140000000000271e+01 3.317458182573318481e-02 4.370160773396492004e-02 6.736619025468826294e-02 6.747265905141830444e-02
-1.509537040090038317e+03 -2.692430508138779714e+03 -1.872228598953324308e+03 2.272340000000000160e+01 -3.021727502346038818e-02 5.583566427230834961e-02 6.736619025468826294e-02 6.747265905141830444e-02
-1.506771758882386848e+03 -2.695036204382984124e+03 -1.870706624423052745e+03 2.272540000000000049e+01 -6.003229320049285889e-02 -2.115841209888458252e-02 6.736619025468826294e-02 6.747265905141830444e-02
-1.527487590929787530e+03 -2.675258036665272812e+03 -1.882259317977293449e+03 2.272740000000000293e+01 -7.378599606454372406e-03 2.106234282255172729e-01 6.736619025468826294e-02 6.747265905141830444e-02
-1.524513983965956186e+03 -2.678134202011104662e+03 -1.880579259698843998e+03 2.272940000000000182e+01 -5.419796332716941833e-02 -3.480803593993186951e-02 6.736619025468826294e-02 6.747265905141830444e-02
-1.521533097365366075e+03 -2.681004750918073114e+03 -1.878902499459529281e+03 2.273140000000000072e+01 1.394264865666627884e-02 -2.731250133365392685e-04 6.736619025468826294e-02 6.747265905141830444e-02
-1.518544945352316063e+03 -2.683869669688535851e+03 -1.877229045260477733e+03 2.273340000000000316e+01 4.438364412635564804e-03 8.186880499124526978e-03 6.736619025468826294e-02 6.747265905141830444e-02
-1.515549542237744618e+03 -2.686728944601775311e+03 -1.875558905116216010e+03 2.273540000000000205e+01 -6.790784001350402832e-02 -1.037241369485855103e-01 6.736619025468826294e-02 6.747265905141830444e-02
-1.512546902356849614e+03 -2.689582561974032615e+03 -1.873892087019596829e+03 2.273740000000000094e+01 -4.812192916870117188e-02 -2.553994208574295044e-02 6.736619025468826294e-02 6.747265905141830444e-02
-1.509537040090038317e+03 -2.692430508138779714e+03 -1.872228598953324308e+03 2.273939999999999984e+01 1.512684375047683716e-01 3.255120944231748581e-03 6.736619025468826294e-02 6.747265905141830444e-02
-1.506771758882386848e+03 -2.695036204382984124e+03 -1.870706624423052745e+03 2.274140000000000228e+01 -2.853390760719776154e-02 3.138512000441551208e-02 6.736619025468826294e-02 6.747265905141830444e-02
-1.497425655600726714e+03 -2.703765308698943500e+03 -1.865608105879570076e+03 2.274340000000000117e+01 -1.242015063762664795e-01 -1.330272555351257324e-01 6.736619025468826294e-02 6.747265905141830444e-02
-1.494379898117737866e+03 -2.706584694968214535e+03 -1.863961387036818451e+03 2.274540000000000006e+01 8.032979071140289307e-02 4.009913280606269836e-02 6.736619025468826294e-02 6.747265905141830444e-02
-1.491327005149101751e+03 -2.709398328701619903e+03 -1.862318045727068693e+03 2.274740000000000251e+01 -2.890540659427642822e-02 8.394840359687805176e-02 6.736619025468826294e-02 6.747265905141830444e-02
-1.488266991358335872e+03 -2.712206196384849136e+03 -1.860678089843528142e+03 2.274940000000000140e+01 6.034404411911964417e-02 -1.054440364241600037e-01 6.736619025468826294e-02 6.747265905141830444e-02
-1.485199871325815820e+03 -2.715008284638776786e+03 -1.859041527200366318e+03 2.275140000000000029e+01 5.479420721530914307e-02 1.283831298351287842e-01 6.736619025468826294e-02 6.747265905141830444e-02
-1.482125659826193896e+03 -2.717804579965562880e+03 -1.857408365680996667e+03 2.275340000000000273e+01 5.445063859224319458e-02 7.665601372718811035e-02 6.736619025468826294e-02 6.747265905141830444e-02
-1.479044371497031307e+03 -2.720595069051161317e+03 -1.855778613061411534e+03 2.275540000000000163e+01 2.445517852902412415e-02 4.114899039268493652e-02 6.736619025468826294e-02 6.747265905141830444e-02
-1.476213742778817732e+03 -2.723147979554684298e+03 -1.854287630881197401e+03 2.275740000000000052e+01 -5.190585926175117493e-02 2.231480367481708527e-02 6.736619025468826294e-02 6.747265905141830444e-02
-1.497425655600726714e+03 -2.703765308698943500e+03 -1.865608105879570076e+03 2.275940000000000296e+01 -4.313096869736909866e-03 5.247685685753822327e-02 6.736619025468826294e-02 6.747265905141830444e-02
-1.494379898117737866e+03 -2.706584694968214535e+03 -1.863961387036818451e+03 2.276140000000000185e+01 3.027547895908355713e-02 2.413082495331764221e-02 6.736619025468826294e-02 6.747265905141830444e-02
-1.491327005149101751e+03 -2.709398328701619903e+03 -1.862318045727068693e+03 2.276340000000000074e+01 -4.919546842575073242e-02 1.059381440281867981e-01 6.736619025468826294e-02 6.747265905141830444e-02
-1.488266991358335872e+03 -2.712206196384849136e+03 -1.860678089843528142e+03 2.276540000000000319e+01 3.961691632866859436e-03 -3.876790776848793030e-02 6.736619025468826294e-02 6.747265905141830444e-02
-1.485199871325815820e+03 -2.715008284638776786e+03 -1.859041527200366318e+03 2.276740000000000208e+01 5.903020873665809631e-02 2.180958399549126625e-04 6.736619025468826294e-02 6.747265905141830444e-02
-1.482125659826193896e+03 -2.717804579965562880e+03 -1.857408365680996667e+03 2.276940000000000097e+01 6.867420673370361328e-02 6.786251813173294067e-02 6.736619025468826294e-02 6.747265905141830444e-02
-1.479044371497031307e+03 -2.720595069051161317e+03 -1.855778613061411534e+03 2.277139999999999986e+01 -9.825557470321655273e-02 -4.012136906385421753e-02 6.736619025468826294e-02 6.747265905141830444e-02
-1.476213742778817732e+03 -2.723147979554684298e+03 -1.854287630881197401e+03 2.277340000000000231e+01 -1.325713545083999634e-01 -7.937693595886230469e-02 6.736619025468826294e-02 6.747265905141830444e-02
-1.466648745530648057e+03 -2.731698696114160612e+03 -1.849293847440264017e+03 2.277540000000000120e+01 1.222394555807113647e-01 1.922298409044742584e-02 6.736619025468826294e-02 6.747265905141830444e-02
-1.463532295018613468e+03 -2.734459954145855136e+03 -1.847681256036601098e+03 2.277740000000000009e+01 -2.350629121065139771e-02 -5.918635055422782898e-02 6.736619025468826294e-02 6.747265905141830444e-02
-1.460408856714130707e+03 -2.737215326179876683e+03 -1.846072120112222137e+03 2.277940000000000254e+01 -1.823309808969497681e-01 7.591525465250015259e-02 6.736619025468826294e-02 6.747265905141830444e-02
-1.457278445489004980e+03 -2.739964799096910610e+03 -1.844466447328790764e+03 2.278140000000000143e+01 -5.144775658845901489e-02 -7.095888257026672363e-02 6.736619025468826294e-02 6.747265905141830444e-02
-1.454141076411805670e+03 -2.742708359662100065e+03 -1.842864245415357118e+03 2.278340000000000032e+01 -7.447330653667449951e-02 -9.017383307218551636e-02 6.736619025468826294e-02 6.747265905141830444e-02
-1.450996764409751904e+03 -2.745445994821938257e+03 -1.841265521994983374e+03 2.278540000000000276e+01 3.336405754089355469e-02 -1.565166603541001678e-04 6.736619025468826294e-02 6.747265905141830444e-02
-1.447845524618318223e+03 -2.748177691398545448e+03 -1.839670284763271184e+03 2.278740000000000165e+01 -1.422005798667669296e-02 1.080893166363239288e-02 6.736619025468826294e-02 6.747265905141830444e-02
-1.444950902890063162e+03 -2.750676594555032807e+03 -1.838211008389724839e+03 2.278940000000000055e+01 2.247169427573680878e-02 5.134564265608787537e-02 6.736619025468826294e-02 6.747265905141830444e-02
-1.466648745530648057e+03 -2.731698696114160612e+03 -1.849293847440264017e+03 2.279140000000000299e+01 6.886284798383712769e-02 -6.397264543920755386e-03 6.736619025468826294e-02 6.747265905141830444e-02
-1.463532295018613468e+03 -2.734459954145855136e+03 -1.847681256036601098e+03 2.279340000000000188e+01 8.108222484588623047e-02 -9.319654852151870728e-02 6.736619025468826294e-02 6.747265905141830444e-02
-1.460408856714130707e+03 -2.737215326179876683e+03 -1.846072120112222137e+03 2.279540000000000077e+01 5.369659885764122009e-02 1.033995114266872406e-02 6.736619025468826294e-02 6.747265905141830444e-02
-1.457278445489004980e+03 -2.739964799096910610e+03 -1.844466447328790764e+03 2.279739999999999966e+01 -9.635381400585174561e-02 7.771283388137817383e-02 6.736619025468826294e-02 6.747265905141830444e-02
-1.454141076411805670e+03 -2.742708359662100065e+03 -1.842864245415357118e+03 2.279940000000000211e+01 -6.074684113264083862e-02 -7.530043274164199829e-02 6.736619025468826294e-02 6.747265905141830444e-02
-1.450996764409751904e+03 -2.745445994821938257e+03 -1.841265521994983374e+03 2.280140000000000100e+01 4.189034178853034973e-02 3.270483389496803284e-02 6.736619025468826294e-02 6.747265905141830444e-02
-1.447845524618318223e+03 -2.748177691398545448e+03 -1.839670284763271184e+03 2.280339999999999989e+01 5.631573498249053955e-02 -1.007774323225021362e-01 6.736619025468826294e-02 6.747265905141830444e-02
-1.444950902890063162e+03 -2.750676594555032807e+03 -1.838211008389724839e+03 2.280540000000000234e+01 -9.560522437095642090e-02 3.897924348711967468e-02 6.736619025468826294e-02 6.747265905141830444e-02
-1.435701865414079293e+03 -2.758593945857103336e+03 -1.833587641435745809e+03 2.280740000000000123e+01 6.131320819258689880e-02 7.474470138549804688e-02 6.736619025468826294e-02 6.747265905141830444e-02
-1.432517354257922307e+03 -2.761296755712525282e+03 -1.832009361313479531e+03 2.280940000000000012e+01 -6.551127135753631592e-02 4.209804907441139221e-02 6.736619025468826294e-02 6.747265905141830444e-02
-1.429326003695079407e+03 -2.763993551174647109e+03 -1.830434611649622866e+03 2.281140000000000256e+01 4.474889859557151794e-02 -8.660624735057353973e-04 6.736619025468826294e-02 6.747265905141830444e-02
-1.426127829054182712e+03 -2.766684319290430267e+03 -1.828863400007883683e+03 2.281340000000000146e+01 -6.676269322633743286e-02 -1.099904906004667282e-02 6.736619025468826294e-02 6.747265905141830444e-02
-1.422922845551823002e+03 -2.769369047257601324e+03 -1.827295733863839132e+03 2.281540000000000035e+01 1.538879573345184326e-01 -1.006348654627799988e-01 6.736619025468826294e-02 6.747265905141830444e-02
-1.419711068604289494e+03 -2.772047722162246373e+03 -1.825731620758171402e+03 2.281740000000000279e+01 -4.922639951109886169e-02 4.941053688526153564e-02 6.736619025468826294e-02 6.747265905141830444e-02
-1.416492513537687273e+03 -2.774720331222358709e+03 -1.824171068154448903e+03 2.281940000000000168e+01 1.759397424757480621e-02 -1.319568902254104614e-01 6.736619025468826294e-02 6.747265905141830444e-02
-1.413536316111196811e+03 -2.777164960772046015e+03 -1.822743650285389094e+03 2.282140000000000057e+01 -1.120350044220685959e-02 -5.823421850800514221e-02 6.736619025468826294e-02 6.747265905141830444e-02
-1.435701865414079293e+03 -2.758593945857103336e+03 -1.833587641435745809e+03 2.282340000000000302e+01 9.983786195516586304e-02 1.363671571016311646e-01 6.736619025468826294e-02 6.747265905141830444e-02
-1.432517354257922307e+03 -2.761296755712525282e+03 -1.832009361313479531e+03 2.282540000000000191e+01 -6.685066502541303635e-03 4.498293995857238770e-02 6.736619025468826294e-02 6.747265905141830444e-02
-1.429326003695079407e+03 -2.763993551174647109e+03 -1.830434611649622866e+03 2.282740000000000080e+01 1.320012938231229782e-02 -4.941705986857414246e-02 6.736619025468826294e-02 6.747265905141830444e-02
-1.426127829054182712e+03 -2.766684319290430267e+03 -1.828863400007883683e+03 2.282939999999999969e+01 2.512847259640693665e-02 -3.083017095923423767e-02 6.736619025468826294e-02 6.747265905141830444e-02
-1.422922845551823002e+03 -2.769369047257601324e+03 -1.827295733863839132e+03 2.283140000000000214e+01 9.020185470581054688e-02 -1.995091140270233154e-01 6.736619025468826294e-02 6.747265905141830444e-02
-1.419711068604289494e+03 -2.772047722162246373e+03 -1.825731620758171402e+03 2.283340000000000103e+01 -8.636614680290222168e-02 6.427340954542160034e-02 6.736619025468826294e-02 6.747265905141830444e-02
-1.416492513537687273e+03 -2.774720331222358709e+03 -1.824171068154448903e+03 2.283539999999999992e+01 -1.333114206790924072e-01 5.060551688075065613e-02 6.736619025468826294e-02 6.747265905141830444e-02
-1.413536316111196811e+03 -2.777164960772046015e+03 -1.822743650285389094e+03 2.283740000000000236e+01 1.097264662384986877e-01 7.182370126247406006e-02 6.736619025468826294e-02 6.747265905141830444e-02
-1.403550820729263023e+03 -2.785349853561881901e+03 -1.817964611919538584e+03 2.283940000000000126e+01 1.132324784994125366e-01 4.255069047212600708e-02 6.736619025468826294e-02 6.747265905141830444e-02
-1.400298606850867827e+03 -2.787991942051738533e+03 -1.816421973552619647e+03 2.284140000000000015e+01 -1.201075837016105652e-01 1.071638911962509155e-01 6.736619025468826294e-02 6.747265905141830444e-02
-1.397039707710933499e+03 -2.790627888428903134e+03 -1.814882940219686816e+03 2.284340000000000259e+01 7.854160666465759277e-02 2.962853945791721344e-02 6.736619025468826294e-02 6.747265905141830444e-02
-1.393774139007857457e+03 -2.793257679995806939e+03 -1.813347519334379740e+03 2.284540000000000148e+01 -5.757252126932144165e-02 -3.333841683343052864e-03 6.736619025468826294e-02 6.747265905141830444e-02
-1.390501916290183772e+03 -2.795881304231073045e+03 -1.811815718207373038e+03 2.284740000000000038e+01 -1.960641890764236450e-02 -1.582081019878387451e-01 6.736619025468826294e-02 6.747265905141830444e-02
-1.387223055240603799e+03 -2.798498748560354215e+03 -1.810287544180182294e+03 2.284940000000000282e+01 -3.080753423273563385e-02 -7.139752805233001709e-02 6.736619025468826294e-02 6.747265905141830444e-02
-1.383937571596615271e+03 -2.801110000420826054e+03 -1.808763004587498926e+03 2.285140000000000171e+01 -1.418582908809185028e-02 1.110122725367546082e-01 6.736619025468826294e-02 6.747265905141830444e-02
-1.380920157816359506e+03 -2.803498276545768931e+03 -1.807368662476495274e+03 2.285340000000000060e+01 1.263326704502105713e-01 -1.605709791183471680e-01 6.736619025468826294e-02 6.747265905141830444e-02
-1.403550820729263023e+03 -2.785349853561881901e+03 -1.817964611919538584e+03 2.285540000000000305e+01 1.402985863387584686e-02 4.485943913459777832e-02 6.736619025468826294e-02 6.747265905141830444e-02
-1.400298606850867827e+03 -2.787991942051738533e+03 -1.816421973552619647e+03 2.285740000000000194e+01 -3.340625017881393433e-02 7.489075511693954468e-02 6.736619025468826294e-02 6.747265905141830444e-02
-1.397039707710933499e+03 -2.790627888428903134e+03 -1.814882940219686816e+03 2.285940000000000083e+01 7.063496857881546021e-02 -3.442931920289993286e-02 6.736619025468826294e-02 6.747265905141830444e-02
-1.393774139007857457e+03 -2.793257679995806939e+03 -1.813347519334379740e+03 2.286139999999999972e+01 -1.389179378747940063e-02 1.195162683725357056e-01 6.736619025468826294e-02 6.747265905141830444e-02
-1.390501916290183772e+03 -2.795881304231073045e+03 -1.811815718207373038e+03 2.286340000000000217e+01 -1.206445787101984024e-02 1.549909859895706177e-01 6.736619025468826294e-02 6.747265905141830444e-02
-1.387223055240603799e+03 -2.798498748560354215e+03 -1.810287544180182294e+03 2.286540000000000106e+01 3.305980190634727478e-02 -1.810056157410144806e-02 6.736619025468826294e-02 6.747265905141830444e-02
-1.383937571596615271e+03 -2.801110000420826054e+03 -1.808763004587498926e+03 2.286739999999999995e+01 9.904959797859191895e-02 3.385799005627632141e-02 6.736619025468826294e-02 6.747265905141830444e-02
-1.380920157816359506e+03 -2.803498276545768931e+03 -1.807368662476495274e+03 2.286940000000000239e+01 3.310639038681983948e-02 -8.748537302017211914e-02 6.736619025468826294e-02 6.747265905141830444e-02
-1.370729725643546317e+03 -2.811492833986579171e+03 -1.802701336044911159e+03 2.287140000000000128e+01 3.291750093922019005e-03 1.958387531340122223e-02 6.736619025468826294e-02 6.747265905141830444e-02
-1.367411365316812180e+03 -2.814072936801492233e+03 -1.801195077625618751e+03 2.287340000000000018e+01 1.081585045903921127e-02 2.897474169731140137e-02 6.736619025468826294e-02 6.747265905141830444e-02
-1.364086477209762052e+03 -2.816646772614122710e+03 -1.799692497154632520e+03 2.287540000000000262e+01 1.007295101881027222e-01 6.896904110908508301e-02 6.736619025468826294e-02 6.747265905141830444e-02
-1.360755077153425646e+03 -2.819214329169562461e+03 -1.798193601786240833e+03 2.287740000000000151e+01 2.907284535467624664e-02 -5.612792447209358215e-02 6.736619025468826294e-02 6.747265905141830444e-02
-1.357417181183816183e+03 -2.821775594108603400e+03 -1.796698398735523369e+03 2.287940000000000040e+01 2.842590957880020142e-02 -1.064479118213057518e-03 6.736619025468826294e-02 6.747265905141830444e-02
-1.354072805182334832e+03 -2.824330555245025607e+03 -1.795206895116466512e+03 2.288140000000000285e+01 3.654015064239501953e-02 5.261777341365814209e-02 6.736619025468826294e-02 6.747265905141830444e-02
-1.350721965247422077e+03 -2.826879200280366149e+03 -1.793719098108522985e+03 2.288340000000000174e+01 6.351703405380249023e-02 1.235821694135665894e-01 6.736619025468826294e-02 6.747265905141830444e-02
-1.347644779102830398e+03 -2.829209980067017113e+03 -1.792358499019348983e+03 2.288540000000000063e+01 1.384830772876739502e-01 1.115202903747558594e-02 6.736619025468826294e-02 6.747265905141830444e-02
-1.370729725643546317e+03 -2.811492833986579171e+03 -1.802701336044911159e+03 2.288740000000000308e+01 -6.564191728830337524e-02 -1.543175522238016129e-02 6.736619025468826294e-02 6.747265905141830444e-02
-1.367411365316812180e+03 -2.814072936801492233e+03 -1.801195077625618751e+03 2.288940000000000197e+01 -6.670055538415908813e-02 7.334781438112258911e-02 6.736619025468826294e-02 6.747265905141830444e-02
-1.364086477209762052e+03 -2.816646772614122710e+03 -1.799692497154632520e+03 2.289140000000000086e+01 7.299669086933135986e-02 -2.776808105409145355e-02 6.736619025468826294e-02 6.747265905141830444e-02
-1.360755077153425646e+03 -2.819214329169562461e+03 -1.798193601786240833e+03 2.289339999999999975e+01 -1.151738502085208893e-02 -1.148484051227569580e-01 6.736619025468826294e-02 6.747265905141830444e-02
-1.357417181183816183e+03 -2.821775594108603400e+03 -1.796698398735523369e+03 2.289540000000000219e+01 1.983843045309185982e-03 -2.084792964160442352e-02 6.736619025468826294e-02 6.747265905141830444e-02
-1.354072805182334832e+03 -2.824330555245025607e+03 -1.795206895116466512e+03 2.289740000000000109e+01 5.696688219904899597e-02 1.998903788626194000e-02 6.736619025468826294e-02 6.747265905141830444e-02
-1.350721965247422077e+03 -2.826879200280366149e+03 -1.793719098108522985e+03 2.289939999999999998e+01 9.206353127956390381e-02 -2.449515648186206818e-02 6.736619025468826294e-02 6.747265905141830444e-02
-1.347644779102830398e+03 -2.829209980067017113e+03 -1.792358499019348983e+03 2.290140000000000242e+01 8.043793961405754089e-03 1.183182932436466217e-02 6.736619025468826294e-02 6.747265905141830444e-02
-1.337254286788777563e+03 -2.837010376358125086e+03 -1.787805118070815979e+03 2.290340000000000131e+01 -6.161132454872131348e-02 -2.198110567405819893e-03 6.736619025468826294e-02 6.747265905141830444e-02
-1.333871368089743783e+03 -2.839527258733032795e+03 -1.786335960451231585e+03 2.290540000000000020e+01 3.725755959749221802e-02 6.944392621517181396e-02 6.736619025468826294e-02 6.747265905141830444e-02
-1.330482082113141814e+03 -2.842037752297597763e+03 -1.784870551886048133e+03 2.290740000000000265e+01 -7.624671608209609985e-02 -4.677914083003997803e-02 6.736619025468826294e-02 6.747265905141830444e-02
-1.327086445020106567e+03 -2.844541845080899748e+03 -1.783408899362842703e+03 2.290940000000000154e+01 -1.686089817667379975e-04 2.098347060382366180e-02 6.736619025468826294e-02 6.747265905141830444e-02
-1.323684473084821548e+03 -2.847039525081464035e+03 -1.781951009886927750e+03 2.291140000000000043e+01 -1.199627574533224106e-02 -7.187058031558990479e-02 6.736619025468826294e-02 6.747265905141830444e-02
-1.320276182647558244e+03 -2.849530780302637595e+03 -1.780496890460709210e+03 2.291340000000000288e+01 -1.353951264172792435e-02 -3.253472223877906799e-02 6.736619025468826294e-02 6.747265905141830444e-02
-1.316861589924599912e+03 -2.852015598891410264e+03 -1.779046548002653253e+03 2.291540000000000177e+01 1.259390544146299362e-02 2.537740767002105713e-02 6.736619025468826294e-02 6.747265905141830444e-02
-1.313726104552706602e+03 -2.854287766547844967e+03 -1.777720343280872157e+03 2.291740000000000066e+01 -3.468195348978042603e-02 -5.135735124349594116e-02 6.736619025468826294e-02 6.747265905141830444e-02
-1.337254286788777563e+03 -2.837010376358125086e+03 -1.787805118070815979e+03 2.291940000000000310e+01 7.292106747627258301e-02 -6.541564594954252243e-03 6.736619025468826294e-02 6.747265905141830444e-02
-1.333871368089743783e+03 -2.839527258733032795e+03 -1.786335960451231585e+03 2.292140000000000200e+01 -5.956960842013359070e-02 1.184817329049110413e-01 6.736619025468826294e-02 6.747265905141830444e-02
-1.330482082113141814e+03 -2.842037752297597763e+03 -1.784870551886048133e+03 2.292340000000000089e+01 8.402301929891109467e-03 7.575242966413497925e-02 6.736619025468826294e-02 6.747265905141830444e-02
-1.327086445020106567e+03 -2.844541845080899748e+03 -1.783408899362842703e+03 2.292539999999999978e+01 -3.269243752583861351e-03 -3.870834410190582275e-02 6.736619025468826294e-02 6.747265905141830444e-02
-1.323684473084821548e+03 -2.847039525081464035e+03 -1.781951009886927750e+03 2.292740000000000222e+01 4.152527451515197754e-02 5.351137369871139526e-03 6.736619025468826294e-02 6.747265905141830444e-02
-1.320276182647558244e+03 -2.849530780302637595e+03 -1.780496890460709210e+03 2.292940000000000111e+01 -5.718495696783065796e-03 5.641790572553873062e-03 6.736619025468826294e-02 6.747265905141830444e-02
-1.316861589924599912e+03 -2.852015598891410264e+03 -1.779046548002653253e+03 2.293140000000000001e+01 7.113526761531829834e-02 -2.282971516251564026e-02 6.736619025468826294e-02 6.747265905141830444e-02
-1.313726104552706602e+03 -2.854287766547844967e+03 -1.777720343280872157e+03 2.293340000000000245e+01 -1.223752647638320923e-02 -9.036690741777420044e-02 6.736619025468826294e-02 6.747265905141830444e-02
