# Baseline: 14-19
# Entries: 128
# u [m], v [m], w [m], frequency [GHz], real, imag
-1.224068293971931098e+03 -2.081482989046895455e+03 -1.494577334012839174e+03 2.267940000000000000e+19 -2.630332857370376587e-02 1.162530779838562012e-01
-1.221787851252960536e+03 -2.083787965646246448e+03 -1.493230789296304465e+03 2.268140000000000000e+19 -1.165456697344779968e-01 -1.184137687087059021e-01
-1.219501574175684937e+03 -2.086088634952103348e+03 -1.491886774205948313e+03 2.268340000000000000e+19 1.250302642583847046e-01 7.841984927654266357e-02
-1.217209473665749101e+03 -2.088384985970119942e+03 -1.490545295164487015e+03 2.268540000000000000e+19 -8.675018697977066040e-02 -7.486617565155029297e-02
-1.215486764610130649e+03 -2.090104544317452564e+03 -1.489540774411005941e+03 2.268740000000000000e+19 1.553885936737060547e-01 -6.890601664781570435e-02
-1.212607846252966738e+03 -2.092964689204161459e+03 -1.487869970896066889e+03 2.268940000000000000e+19 -1.472263634204864502e-01 8.486789464950561523e-02
-1.210298341420563929e+03 -2.095248019455200392e+03 -1.486536138500372772e+03 2.269140000000000000e+19 2.631979584693908691e-01 7.109560817480087280e-02
-1.207403567892872161e+03 -2.098096224090992564e+03 -1.484872346942837567e+03 2.269340000000000000e+19 3.899908438324928284e-02 2.462981268763542175e-03
-1.224068293971931098e+03 -2.081482989046895455e+03 -1.494577334012839174e+03 2.269540000000000000e+19 1.965614221990108490e-02 8.794457465410232544e-02
-1.221787851252960536e+03 -2.083787965646246448e+03 -1.493230789296304465e+03 2.269740000000000000e+19 -1.943905502557754517e-01 1.793963611125946045e-01
-1.219501574175684937e+03 -2.086088634952103348e+03 -1.491886774205948313e+03 2.269940000000000000e+19 6.295055896043777466e-02 3.772715106606483459e-02
-1.217209473665749101e+03 -2.088384985970119942e+03 -1.490545295164487015e+03 2.270140000000000000e+19 -9.523156099021434784e-03 -3.910546749830245972e-02
-1.215486764610130649e+03 -2.090104544317452564e+03 -1.489540774411005941e+03 2.270340000000000000e+19 6.209461763501167297e-02 -7.546699140220880508e-03
-1.212607846252966738e+03 -2.092964689204161459e+03 -1.487869970896066889e+03 2.270540000000000000e+19 3.693198785185813904e-02 -1.673625260591506958e-01
-1.210298341420563929e+03 -2.095248019455200392e+03 -1.486536138500372772e+03 2.270740000000000000e+19 1.222198922187089920e-02 -6.978220492601394653e-02
-1.207403567892872161e+03 -2.098096224090992564e+03 -1.484872346942837567e+03 2.270940000000000000e+19 -1.237657517194747925e-01 -1.474432498216629028e-01
-1.201002639132230570e+03 -2.104337610291738656e+03 -1.481226489114047808e+03 2.271140000000000000e+19 4.089264944195747375e-02 -1.643726378679275513e-01
-1.198664348436814862e+03 -2.106599021075304790e+03 -1.479905528584546573e+03 2.271340000000000000e+19 -6.049549207091331482e-02 5.763490125536918640e-02
-1.196320334062771963e+03 -2.108856015382122223e+03 -1.478587161461415008e+03 2.271540000000000000e+19 -3.919595479965209961e-02 3.253813087940216064e-02
-1.193970607195350794e+03 -2.111108582442300303e+03 -1.477271394035608409e+03 2.271740000000000000e+19 -3.874494135379791260e-02 -2.220288617536425591e-03
-1.191615179087927800e+03 -2.113356711467806235e+03 -1.475958232608615162e+03 2.271940000000000000e+19 4.420417174696922302e-02 -3.463965374976396561e-03
-1.189254061012950842e+03 -2.115600391699668762e+03 -1.474647683464881993e+03 2.272140000000000000e+19 2.235233411192893982e-02 9.885713458061218262e-02
-1.186887264278416978e+03 -2.117839612392467643e+03 -1.473339752880875722e+03 2.272340000000000000e+19 3.240190213546156883e-03 -5.104530602693557739e-02
-1.184712793729317355e+03 -2.119888361688725126e+03 -1.472143088685542807e+03 2.272540000000000000e+19 -2.468734234571456909e-02 -4.226483404636383057e-02
-1.201002639132230570e+03 -2.104337610291738656e+03 -1.481226489114047808e+03 2.272740000000000000e+19 -6.452933419495820999e-03 2.915923111140727997e-02
-1.198664348436814862e+03 -2.106599021075304790e+03 -1.479905528584546573e+03 2.272940000000000000e+19 1.631236262619495392e-02 2.001514658331871033e-02
-1.196320334062771963e+03 -2.108856015382122223e+03 -1.478587161461415008e+03 2.273140000000000000e+19 -6.486112624406814575e-02 3.520514443516731262e-02
-1.193970607195350794e+03 -2.111108582442300303e+03 -1.477271394035608409e+03 2.273340000000000000e+19 6.429097801446914673e-02 -1.197351142764091492e-01
-1.191615179087927800e+03 -2.113356711467806235e+03 -1.475958232608615162e+03 2.273540000000000000e+19 -3.826879337430000305e-02 1.837832182645797729e-01
-1.189254061012950842e+03 -2.115600391699668762e+03 -1.474647683464881993e+03 2.273740000000000000e+19 1.794823072850704193e-02 -4.994335770606994629e-02
-1.186887264278416978e+03 -2.117839612392467643e+03 -1.473339752880875722e+03 2.273940000000000000e+19 -9.102931246161460876e-03 -3.822629153728485107e-02
-1.184712793729317355e+03 -2.119888361688725126e+03 -1.472143088685542807e+03 2.274140000000000000e+19 -4.428231716156005859e-02 -5.852503329515457153e-02
-1.177363517556357237e+03 -2.126751685892210844e+03 -1.468134341068917365e+03 2.274340000000000000e+19 3.427833435125648975e-04 -5.478044226765632629e-02
-1.174968497935949927e+03 -2.128968448604797231e+03 -1.466839596904638711e+03 2.274540000000000000e+19 1.034297700971364975e-02 7.810810953378677368e-02
-1.172567867989720980e+03 -2.131180687833279990e+03 -1.465547508649401379e+03 2.274740000000000000e+19 9.613075293600559235e-03 8.412517607212066650e-02
-1.170161639248266965e+03 -2.133388392951937931e+03 -1.464258082509292535e+03 2.274940000000000000e+19 4.170227423310279846e-02 -7.651423104107379913e-03
-1.167749823176804966e+03 -2.135591553441340693e+03 -1.462971324628254024e+03 2.275140000000000000e+19 -1.316994335502386093e-02 9.736444056034088135e-02
-1.165332431393316483e+03 -2.137790158688723295e+03 -1.461687241204672091e+03 2.275340000000000000e+19 3.410229110158979893e-04 -1.089447215199470520e-01
-1.162909475407978334e+03 -2.139984198225829914e+03 -1.460405838352466617e+03 2.275540000000000000e+19 2.496051602065563202e-02 -3.267531096935272217e-02
-1.160683624923996831e+03 -2.141991439666037877e+03 -1.459233544859944232e+03 2.275740000000000000e+19 -3.076866967603564262e-03 5.036665126681327820e-02
-1.177363517556357237e+03 -2.126751685892210844e+03 -1.468134341068917365e+03 2.275940000000000000e+19 8.897910825908184052e-03 -1.103280633687973022e-01
-1.174968497935949927e+03 -2.128968448604797231e+03 -1.466839596904638711e+03 2.276140000000000000e+19 -1.945794932544231415e-02 -7.330834865570068359e-02
-1.172567867989720980e+03 -2.131180687833279990e+03 -1.465547508649401379e+03 2.276340000000000000e+19 7.128493487834930420e-02 7.478432264178991318e-03
-1.170161639248266965e+03 -2.133388392951937931e+03 -1.464258082509292535e+03 2.276540000000000000e+19 1.254431158304214478e-01 8.424364030361175537e-02
-1.167749823176804966e+03 -2.135591553441340693e+03 -1.462971324628254024e+03 2.276740000000000000e+19 7.403735816478729248e-02 2.914230898022651672e-02
-1.165332431393316483e+03 -2.137790158688723295e+03 -1.461687241204672091e+03 2.276940000000000000e+19 -7.881432771682739258e-02 4.238056391477584839e-02
-1.162909475407978334e+03 -2.139984198225829914e+03 -1.460405838352466617e+03 2.277140000000000000e+19 -7.825273275375366211e-02 5.114023387432098389e-02
-1.160683624923996831e+03 -2.141991439666037877e+03 -1.459233544859944232e+03 2.277340000000000000e+19 4.004731774330139160e-02 2.135906927287578583e-02
-1.153162241927616151e+03 -2.148714489445285380e+03 -1.455307155202757031e+03 2.277540000000000000e+19 -1.073443517088890076e-01 4.264810308814048767e-02
-1.150711639473930063e+03 -2.150885543299351411e+03 -1.454039246976857612e+03 2.277740000000000000e+19 5.032221972942352295e-02 -6.184937432408332825e-03
-1.148255542832230276e+03 -2.153051968734141155e+03 -1.452774055945728378e+03 2.277940000000000000e+19 -2.064465545117855072e-02 6.585625559091567993e-02
-1.145793963696871742e+03 -2.155213755434527684e+03 -1.451511588133388614e+03 2.278140000000000000e+19 9.128284454345703125e-02 8.522143214941024780e-02
-1.143326913916927879e+03 -2.157370892994540554e+03 -1.450251849616840900e+03 2.278340000000000000e+19 -4.391560703516006470e-02 3.343906253576278687e-02
-1.140854405230320481e+03 -2.159523371150795356e+03 -1.448994846389751729e+03 2.278540000000000000e+19 -2.691955491900444031e-02 -7.734581083059310913e-02
-1.138376449538729275e+03 -2.161671179542125628e+03 -1.447740584502822458e+03 2.278740000000000000e+19 8.870662748813629150e-02 1.515086460858583450e-02
-1.136100284224455208e+03 -2.163635952630841985e+03 -1.446593222672556749e+03 2.278940000000000000e+19 1.261291466653347015e-02 2.636560797691345215e-02
-1.153162241927616151e+03 -2.148714489445285380e+03 -1.455307155202757031e+03 2.279140000000000000e+19 -5.952744930982589722e-02 5.898326635360717773e-02
-1.150711639473930063e+03 -2.150885543299351411e+03 -1.454039246976857612e+03 2.279340000000000000e+19 -3.306587040424346924e-02 -3.203495964407920837e-02
-1.148255542832230276e+03 -2.153051968734141155e+03 -1.452774055945728378e+03 2.279540000000000000e+19 -4.571736603975296021e-02 -1.061156205832958221e-02
-1.145793963696871742e+03 -2.155213755434527684e+03 -1.451511588133388614e+03 2.279740000000000000e+19 -4.183530434966087341e-02 5.143857095390558243e-03
-1.143326913916927879e+03 -2.157370892994540554e+03 -1.450251849616840900e+03 2.279940000000000000e+19 -4.705721046775579453e-03 1.227414142340421677e-02
-1.140854405230320481e+03 -2.159523371150795356e+03 -1.448994846389751729e+03 2.280140000000000000e+19 3.550472483038902283e-02 -7.800066843628883362e-03
-1.138376449538729275e+03 -2.161671179542125628e+03 -1.447740584502822458e+03 2.280340000000000000e+19 4.178049415349960327e-02 -5.604526400566101074e-02
-1.136100284224455208e+03 -2.163635952630841985e+03 -1.446593222672556749e+03 2.280540000000000000e+19 -7.302290201187133789e-02 -1.056429073214530945e-01
-1.128827372509939096e+03 -2.169861000317172966e+03 -1.442958083839874234e+03 2.280740000000000000e+19 -2.719510532915592194e-02 -9.831720590591430664e-02
-1.126323257079784980e+03 -2.171986093846223866e+03 -1.441717156048230663e+03 2.280940000000000000e+19 -6.895906478166580200e-02 1.094646286219358444e-02
-1.123813764143725848e+03 -2.174106458004388060e+03 -1.440479004403999397e+03 2.281140000000000000e+19 -1.433695703744888306e-01 -4.657579585909843445e-02
-1.121298905755310898e+03 -2.176222082607293942e+03 -1.439243634854166430e+03 2.281340000000000000e+19 9.782294183969497681e-02 1.044386178255081177e-01
-1.118778693879980892e+03 -2.178332957589117996e+03 -1.438011053276427447e+03 2.281540000000000000e+19 -1.181922629475593567e-01 -8.158504962921142578e-02
-1.116253140640205174e+03 -2.180439072796257278e+03 -1.436781265599661083e+03 2.281740000000000000e+19 2.121146619319915771e-01 2.571640908718109131e-02
-1.113722258087534783e+03 -2.182540418178825803e+03 -1.435554277692118376e+03 2.281940000000000000e+19 1.401955485343933105e-01 1.715787453576922417e-03
-1.111397678685343408e+03 -2.184462513648988079e+03 -1.434431967535947251e+03 2.282140000000000000e+19 -6.361817009747028351e-03 7.714246958494186401e-02
-1.128827372509939096e+03 -2.169861000317172966e+03 -1.442958083839874234e+03 2.282340000000000000e+19 -2.263827472925186157e-01 -1.341082248836755753e-02
-1.126323257079784980e+03 -2.171986093846223866e+03 -1.441717156048230663e+03 2.282540000000000000e+19 1.681757159531116486e-02 -4.396252334117889404e-02
-1.123813764143725848e+03 -2.174106458004388060e+03 -1.440479004403999397e+03 2.282740000000000000e+19 -1.237639486789703369e-01 1.212026253342628479e-01
-1.121298905755310898e+03 -2.176222082607293942e+03 -1.439243634854166430e+03 2.282940000000000000e+19 1.392321847379207611e-02 -4.108885675668716431e-02
-1.118778693879980892e+03 -2.178332957589117996e+03 -1.438011053276427447e+03 2.283140000000000000e+19 2.506979275494813919e-03 -1.472634524106979370e-01
-1.116253140640205174e+03 -2.180439072796257278e+03 -1.436781265599661083e+03 2.283340000000000000e+19 -3.299016505479812622e-02 1.622468605637550354e-02
-1.113722258087534783e+03 -2.182540418178825803e+03 -1.435554277692118376e+03 2.283540000000000000e+19 -1.977300038561224937e-03 1.050209812819957733e-02
-1.111397678685343408e+03 -2.184462513648988079e+03 -1.434431967535947251e+03 2.283740000000000000e+19 1.141064986586570740e-02 -1.052812556736171246e-03
-1.103545677451044867e+03 -2.190897900610841589e+03 -1.430674441031935885e+03 2.283940000000000000e+19 1.029467303305864334e-02 1.608892679214477539e-01
-1.100988330594808531e+03 -2.192975246423095996e+03 -1.429461539816133609e+03 2.284140000000000000e+19 1.194582693278789520e-02 -8.810032159090042114e-02
-1.098425727443338246e+03 -2.195047762444792625e+03 -1.428251473382945051e+03 2.284340000000000000e+19 -1.315119769424200058e-02 -1.014368832111358643e-01
-1.095857880340914335e+03 -2.197115438692451335e+03 -1.427044247561352904e+03 2.284540000000000000e+19 4.666649922728538513e-02 -5.634546652436256409e-02
-1.093284801513978209e+03 -2.199178265321129402e+03 -1.425839868099379373e+03 2.284740000000000000e+19 4.701099824160337448e-03 -2.053013257682323456e-02
-1.090706503294453796e+03 -2.201236232444233792e+03 -1.424638340769295610e+03 2.284940000000000000e+19 9.084536135196685791e-02 9.972964227199554443e-02
-1.088122998057357563e+03 -2.203289330184237770e+03 -1.423439671338005610e+03 2.285140000000000000e+19 4.874798655509948730e-02 -4.486148059368133545e-02
-1.085750287226266209e+03 -2.205167112691732655e+03 -1.422343369972471692e+03 2.285340000000000000e+19 -3.807947039604187012e-02 -3.940841183066368103e-02
-1.103545677451044867e+03 -2.190897900610841589e+03 -1.430674441031935885e+03 2.285540000000000000e+19 4.458250477910041809e-02 1.516104489564895630e-02
-1.100988330594808531e+03 -2.192975246423095996e+03 -1.429461539816133609e+03 2.285740000000000000e+19 -3.737762942910194397e-02 6.100204214453697205e-02
-1.098425727443338246e+03 -2.195047762444792625e+03 -1.428251473382945051e+03 2.285940000000000000e+19 6.349395960569381714e-02 -5.118547379970550537e-02
-1.095857880340914335e+03 -2.197115438692451335e+03 -1.427044247561352904e+03 2.286140000000000000e+19 -8.443053811788558960e-02 -3.505725041031837463e-02
-1.093284801513978209e+03 -2.199178265321129402e+03 -1.425839868099379373e+03 2.286340000000000000e+19 -1.369781494140625000e-01 4.066788032650947571e-02
-1.090706503294453796e+03 -2.201236232444233792e+03 -1.424638340769295610e+03 2.286540000000000000e+19 -1.603874191641807556e-02 -1.534358365461230278e-03
-1.088122998057357563e+03 -2.203289330184237770e+03 -1.423439671338005610e+03 2.286740000000000000e+19 -2.442614547908306122e-02 3.121689520776271820e-02
-1.085750287226266209e+03 -2.205167112691732655e+03 -1.422343369972471692e+03 2.286940000000000000e+19 -1.553207077085971832e-02 1.842765696346759796e-02
-1.077737154289621685e+03 -2.211452831389098719e+03 -1.418673686986834355e+03 2.287140000000000000e+19 -1.269392371177673340e-01 -7.819641381502151489e-02
-1.075127799768196837e+03 -2.213481435419520494e+03 -1.417489392751412652e+03 2.287340000000000000e+19 2.739994041621685028e-02 2.004147320985794067e-02
-1.072513312785215703e+03 -2.215505111464909533e+03 -1.416307990627490653e+03 2.287540000000000000e+19 -1.305418312549591064e-01 3.034946322441101074e-02
-1.069893705789222395e+03 -2.217523849889855683e+03 -1.415129486240118467e+03 2.287740000000000000e+19 8.063360117375850677e-03 -2.754308469593524933e-02
-1.067268991389947359e+03 -2.219537640976947841e+03 -1.413953885262143103e+03 2.287940000000000000e+19 1.176158338785171509e-01 8.047078736126422882e-03
-1.064639182075538656e+03 -2.221546475144785745e+03 -1.412781193286924236e+03 2.288140000000000000e+19 8.966878056526184082e-02 -4.418096318840980530e-02
-1.062004290504808978e+03 -2.223550342723720405e+03 -1.411611415959293254e+03 2.288340000000000000e+19 4.440706223249435425e-03 2.641299925744533539e-02
-1.059584583710354536e+03 -2.225382913652578281e+03 -1.410541648020480352e+03 2.288540000000000000e+19 -2.872846648097038269e-02 -1.503459960222244263e-01
-1.077737154289621685e+03 -2.211452831389098719e+03 -1.418673686986834355e+03 2.288740000000000000e+19 -1.923458464443683624e-02 -3.013265784829854965e-03
-1.075127799768196837e+03 -2.213481435419520494e+03 -1.417489392751412652e+03 2.288940000000000000e+19 4.004501551389694214e-02 3.467698022723197937e-02
-1.072513312785215703e+03 -2.215505111464909533e+03 -1.416307990627490653e+03 2.289140000000000000e+19 -1.319044362753629684e-02 2.166154421865940094e-02
-1.069893705789222395e+03 -2.217523849889855683e+03 -1.415129486240118467e+03 2.289340000000000000e+19 -3.080966696143150330e-02 -1.117097213864326477e-01
-1.067268991389947359e+03 -2.219537640976947841e+03 -1.413953885262143103e+03 2.289540000000000000e+19 7.727978378534317017e-02 7.486114650964736938e-02
-1.064639182075538656e+03 -2.221546475144785745e+03 -1.412781193286924236e+03 2.289740000000000000e+19 8.410219103097915649e-02 -8.644256740808486938e-02
-1.062004290504808978e+03 -2.223550342723720405e+03 -1.411611415959293254e+03 2.289940000000000000e+19 -3.254760801792144775e-02 -6.646461039781570435e-02
-1.059584583710354536e+03 -2.225382913652578281e+03 -1.410541648020480352e+03 2.290140000000000000e+19 -2.941029518842697144e-02 7.852243632078170776e-02
-1.051414153770538405e+03 -2.231515956050674504e+03 -1.406961564679791763e+03 2.290340000000000000e+19 -2.455201931297779083e-02 -1.418650615960359573e-02
-1.048754040349275101e+03 -2.233494847466096871e+03 -1.405806444194008463e+03 2.290540000000000000e+19 -9.077615290880203247e-02 -3.081990405917167664e-02
-1.046088920675794270e+03 -2.235468715125132348e+03 -1.404654271726736170e+03 2.290740000000000000e+19 -7.665124535560607910e-02 7.621339708566665649e-02
-1.043418807458185256e+03 -2.237437549615682201e+03 -1.403505052771934061e+03 2.290940000000000000e+19 9.913966804742813110e-02 5.719631537795066833e-02
-1.040743713493434143e+03 -2.239401341501629304e+03 -1.402358792837504325e+03 2.291140000000000000e+19 3.149992227554321289e-02 1.041292846202850342e-01
-1.038063651630487811e+03 -2.241360081350646851e+03 -1.401215497429059496e+03 2.291340000000000000e+19 5.869155004620552063e-02 1.913078874349594116e-02
-1.035378634620796674e+03 -2.243313759843352273e+03 -1.400075171986217356e+03 2.291540000000000000e+19 -5.096865072846412659e-02 -5.345477163791656494e-02
-1.032913090245838930e+03 -2.245100241904411178e+03 -1.399032449593093588e+03 2.291740000000000000e+19 -5.168913304805755615e-02 4.136583209037780762e-02
-1.051414153770538405e+03 -2.231515956050674504e+03 -1.406961564679791763e+03 2.291940000000000000e+19 9.380903095006942749e-02 2.597565576434135437e-02
-1.048754040349275101e+03 -2.233494847466096871e+03 -1.405806444194008463e+03 2.292140000000000000e+19 8.635444194078445435e-02 -7.297250628471374512e-02
-1.046088920675794270e+03 -2.235468715125132348e+03 -1.404654271726736170e+03 2.292340000000000000e+19 -7.071437314152717590e-03 4.111772030591964722e-02
-1.043418807458185256e+03 -2.237437549615682201e+03 -1.403505052771934061e+03 2.292540000000000000e+19 -4.904695972800254822e-02 -6.873234175145626068e-03
-1.040743713493434143e+03 -2.239401341501629304e+03 -1.402358792837504325e+03 2.292740000000000000e+19 -8.937415480613708496e-02 2.580947428941726685e-02
-1.038063651630487811e+03 -2.241360081350646851e+03 -1.401215497429059496e+03 2.292940000000000000e+19 1.416584756225347519e-02 1.122533306479454041e-01
-1.035378634620796674e+03 -2.243313759843352273e+03 -1.400075171986217356e+03 2.293140000000000000e+19 -4.769117385149002075e-02 -1.922584325075149536e-02
-1.032913090245838930e+03 -2.245100241904411178e+03 -1.399032449593093588e+03 2.293340000000000000e+19 1.103553548455238342e-02 1.064269617199897766e-01
