# Baseline: 3-21
# u [m], v [m], w [m], frequency [GHz], real, imag
1.297488972107694735e+03 -4.328374682485482481e+02 1.242142044994383696e+03 2.267940000000000000e+19 4.661815986037254333e-02 2.433568611741065979e-02
1.299675979552857825e+03 -4.303890373588259877e+02 1.240705602187088971e+03 2.268140000000000000e+19 5.681204795837402344e-01 -6.765509396791458130e-02
1.301856771743323861e+03 -4.279364800159432320e+02 1.239266751567796291e+03 2.268340000000000000e+19 -1.388923227787017822e-01 -1.833408623933792114e-01
1.304031338257638481e+03 -4.254798079401482482e+02 1.237825500012468638e+03 2.268540000000000000e+19 -8.300308883190155029e-02 -5.018658041954040527e-01
1.305658366426358953e+03 -4.236347385769008156e+02 1.236743064516612549e+03 2.268740000000000000e+19 -5.564260482788085938e-01 -4.828698039054870605e-01
1.308361752659712465e+03 -4.205541666371897804e+02 1.234935821694858305e+03 2.268940000000000000e+19 -6.724358536303043365e-03 1.766389980912208557e-02
1.310517579778197387e+03 -4.180852210344503419e+02 1.233487408792093674e+03 2.269140000000000000e+19 -2.185038477182388306e-01 -3.648620545864105225e-01
1.313203803795792965e+03 -4.149934844654065387e+02 1.231673651794825673e+03 2.269340000000000000e+19 1.790559887886047363e-01 2.671675682067871094e-01
1.297488972107694735e+03 -4.328374682485482481e+02 1.242142044994383696e+03 2.269540000000000000e+19 -4.773564338684082031e-01 1.573868840932846069e-01
1.299675979552857825e+03 -4.303890373588259877e+02 1.240705602187088971e+03 2.269740000000000000e+19 -1.320004016160964966e-01 -2.510247565805912018e-02
1.301856771743323861e+03 -4.279364800159432320e+02 1.239266751567796291e+03 2.269940000000000000e+19 -5.061616897583007812e-01 3.808694705367088318e-02
1.304031338257638481e+03 -4.254798079401482482e+02 1.237825500012468638e+03 2.270140000000000000e+19 1.845459043979644775e-01 -1.839799247682094574e-02
1.305658366426358953e+03 -4.236347385769008156e+02 1.236743064516612549e+03 2.270340000000000000e+19 -4.725806880742311478e-03 1.874140463769435883e-02
1.308361752659712465e+03 -4.205541666371897804e+02 1.234935821694858305e+03 2.270540000000000000e+19 -4.272873327136039734e-02 -1.097405403852462769e-01
1.310517579778197387e+03 -4.180852210344503419e+02 1.233487408792093674e+03 2.270740000000000000e+19 2.437733262777328491e-01 -2.053729146718978882e-01
1.313203803795792965e+03 -4.149934844654065387e+02 1.231673651794825673e+03 2.270940000000000000e+19 2.541632950305938721e-01 5.990006774663925171e-02
1.319078114300196830e+03 -4.081688811815456575e+02 1.227670093882377614e+03 2.271140000000000000e+19 -7.620078325271606445e-02 4.134149104356765747e-02
1.321202503224371640e+03 -4.056797161875674647e+02 1.226209884135455923e+03 2.271340000000000000e+19 -3.864859044551849365e-02 1.299379318952560425e-01
1.323320573859191200e+03 -4.031865430103707695e+02 1.224747335959602651e+03 2.271540000000000000e+19 -5.123041570186614990e-02 5.599892884492874146e-02
1.325432316097711009e+03 -4.006893735469421358e+02 1.223282456333846312e+03 2.271740000000000000e+19 -1.787616163492202759e-01 -6.434506177902221680e-02
1.327537719826353623e+03 -3.981882197567903745e+02 1.221815252273827127e+03 2.271940000000000000e+19 4.422726482152938843e-02 -1.037701070308685303e-01
1.329636774969198996e+03 -3.956830936097717313e+02 1.220345730801197760e+03 2.272140000000000000e+19 8.185978978872299194e-02 -1.296303793787956238e-02
1.331729471473504191e+03 -3.931740071035471260e+02 1.218873898953858088e+03 2.272340000000000000e+19 4.091802611947059631e-02 -2.697218954563140869e-01
1.333642263382449983e+03 -3.908705924300418815e+02 1.217522725402742026e+03 2.272540000000000000e+19 2.358725666999816895e-01 -1.349677145481109619e-01
1.319078114300196830e+03 -4.081688811815456575e+02 1.227670093882377614e+03 2.272740000000000000e+19 -9.992468357086181641e-02 -3.727855905890464783e-02
1.321202503224371640e+03 -4.056797161875674647e+02 1.226209884135455923e+03 2.272940000000000000e+19 2.726648375391960144e-02 -2.849517576396465302e-02
1.323320573859191200e+03 -4.031865430103707695e+02 1.224747335959602651e+03 2.273140000000000000e+19 9.046491980552673340e-02 9.344460070133209229e-02
1.325432316097711009e+03 -4.006893735469421358e+02 1.223282456333846312e+03 2.273340000000000000e+19 -2.089877426624298096e-01 8.755342103540897369e-03
1.327537719826353623e+03 -3.981882197567903745e+02 1.221815252273827127e+03 2.273540000000000000e+19 5.957391485571861267e-02 -1.062345504760742188e-01
1.329636774969198996e+03 -3.956830936097717313e+02 1.220345730801197760e+03 2.273740000000000000e+19 -7.853133603930473328e-03 9.874600172042846680e-02
1.331729471473504191e+03 -3.931740071035471260e+02 1.218873898953858088e+03 2.273940000000000000e+19 -2.283118367195129395e-01 8.617760613560676575e-03
1.333642263382449983e+03 -3.908705924300418815e+02 1.217522725402742026e+03 2.274140000000000000e+19 1.281636357307434082e-01 -2.832567989826202393e-01
1.340036471377185990e+03 -3.830982977862409484e+02 1.212963608776474985e+03 2.274340000000000000e+19 1.125378385186195374e-01 2.978320717811584473e-01
1.342097225102108496e+03 -3.805695899437041021e+02 1.211480330912196223e+03 2.274540000000000000e+19 5.885216593742370605e-02 -2.028114944696426392e-01
1.344151560584947447e+03 -3.780369940361042040e+02 1.209994785080101110e+03 2.274740000000000000e+19 1.043877527117729187e-01 -1.533086299896240234e-01
1.346199467958425657e+03 -3.755005222278885526e+02 1.208506978415497542e+03 2.274940000000000000e+19 8.157809823751449585e-02 1.312779337167739868e-01
1.348240937464506487e+03 -3.729601866048869852e+02 1.207016918007518598e+03 2.275140000000000000e+19 9.388966485857963562e-03 -9.392614662647247314e-02
1.350275959269334862e+03 -3.704159994041524442e+02 1.205524611033937845e+03 2.275340000000000000e+19 -6.117883697152137756e-02 -8.261421322822570801e-02
1.352304523683579646e+03 -3.678679727395468149e+02 1.204030064600210608e+03 2.275540000000000000e+19 1.642787903547286987e-01 -7.883941382169723511e-02
1.354158442549258780e+03 -3.655289678076582049e+02 1.202658130868707758e+03 2.275740000000000000e+19 1.421130299568176270e-01 1.565384119749069214e-02
1.340036471377185990e+03 -3.830982977862409484e+02 1.212963608776474985e+03 2.275940000000000000e+19 -4.192228987812995911e-02 1.241971272975206375e-02
1.342097225102108496e+03 -3.805695899437041021e+02 1.211480330912196223e+03 2.276140000000000000e+19 1.682122647762298584e-01 9.887095540761947632e-03
1.344151560584947447e+03 -3.780369940361042040e+02 1.209994785080101110e+03 2.276340000000000000e+19 7.461240142583847046e-02 6.608688831329345703e-02
1.346199467958425657e+03 -3.755005222278885526e+02 1.208506978415497542e+03 2.276540000000000000e+19 -3.414388373494148254e-02 -1.154328882694244385e-01
1.348240937464506487e+03 -3.729601866048869852e+02 1.207016918007518598e+03 2.276740000000000000e+19 1.329634338617324829e-01 -4.753230139613151550e-02
1.350275959269334862e+03 -3.704159994041524442e+02 1.205524611033937845e+03 2.276940000000000000e+19 7.895110547542572021e-02 -1.506022363901138306e-01
1.352304523683579646e+03 -3.678679727395468149e+02 1.204030064600210608e+03 2.277140000000000000e+19 1.418709307909011841e-01 -1.734158396720886230e-02
1.354158442549258780e+03 -3.655289678076582049e+02 1.202658130868707758e+03 2.277340000000000000e+19 -7.444347441196441650e-02 2.077444642782211304e-01
1.360354013594276466e+03 -3.576377157779340337e+02 1.198029627578117697e+03 2.277540000000000000e+19 -2.144866287708282471e-01 -1.078298166394233704e-01
1.362350145988945087e+03 -3.550706751520087892e+02 1.196523991391249410e+03 2.277740000000000000e+19 -3.352876380085945129e-02 1.475481390953063965e-01
1.364339763174276413e+03 -3.524998685455400960e+02 1.195016158845033033e+03 2.277940000000000000e+19 -1.151025667786598206e-01 5.147848278284072876e-02
1.366322855676998415e+03 -3.499253081990581791e+02 1.193506137118801234e+03 2.278140000000000000e+19 1.026833429932594299e-01 1.519199013710021973e-01
1.368299413951318684e+03 -3.473470065054797828e+02 1.191993933481205204e+03 2.278340000000000000e+19 -2.595095038414001465e-01 2.308247843757271767e-03
1.370269428593037446e+03 -3.447649757320484696e+02 1.190479555127125877e+03 2.278540000000000000e+19 -1.566340476274490356e-01 -7.385836541652679443e-02
1.372232890119307513e+03 -3.421792283076360945e+02 1.188963009346183526e+03 2.278740000000000000e+19 -1.184912119060754776e-02 1.142965443432331085e-02
1.374027048814618411e+03 -3.398057523679028122e+02 1.187570971926347511e+03 2.278940000000000000e+19 -9.375748038291931152e-02 1.281785964965820312e-01
1.360354013594276466e+03 -3.576377157779340337e+02 1.198029627578117697e+03 2.279140000000000000e+19 -4.638879746198654175e-02 -2.192222513258457184e-02
1.362350145988945087e+03 -3.550706751520087892e+02 1.196523991391249410e+03 2.279340000000000000e+19 1.428118497133255005e-01 2.295296788215637207e-01
1.364339763174276413e+03 -3.524998685455400960e+02 1.195016158845033033e+03 2.279540000000000000e+19 6.115027144551277161e-02 6.897889822721481323e-02
1.366322855676998415e+03 -3.499253081990581791e+02 1.193506137118801234e+03 2.279740000000000000e+19 -2.590898871421813965e-01 9.437338262796401978e-02
1.368299413951318684e+03 -3.473470065054797828e+02 1.191993933481205204e+03 2.279940000000000000e+19 -4.701875150203704834e-02 -3.131741881370544434e-01
1.370269428593037446e+03 -3.447649757320484696e+02 1.190479555127125877e+03 2.280140000000000000e+19 1.431993544101715088e-01 -1.934042870998382568e-01
1.372232890119307513e+03 -3.421792283076360945e+02 1.188963009346183526e+03 2.280340000000000000e+19 3.813599050045013428e-02 -1.378695014864206314e-02
1.374027048814618411e+03 -3.398057523679028122e+02 1.187570971926347511e+03 2.280540000000000000e+19 1.016496215015649796e-02 -8.366225287318229675e-03
1.379698616740831540e+03 -3.322329886136110417e+02 1.183129635688411327e+03 2.280740000000000000e+19 1.223646849393844604e-01 1.290544569492340088e-01
1.381630273129157104e+03 -3.296294519428333274e+02 1.181602716393638048e+03 2.280940000000000000e+19 -4.402043223381042480e-01 -2.287752628326416016e-01
1.383555322066202962e+03 -3.270222710106767749e+02 1.180073672127818782e+03 2.281140000000000000e+19 5.139757990837097168e-01 6.055839061737060547e-01
1.385473754305761076e+03 -3.244114583398774130e+02 1.178542510235218288e+03 2.281340000000000000e+19 -4.556686282157897949e-01 -1.140126809477806091e-01
1.387385560720253125e+03 -3.217970263523961876e+02 1.177009238000938694e+03 2.281540000000000000e+19 3.618648946285247803e-01 -1.165568232536315918e-01
1.389290732113614240e+03 -3.191789876239283217e+02 1.175473862800184406e+03 2.281740000000000000e+19 -3.740510940551757812e-01 -5.269763469696044922e-01
1.391189259394866212e+03 -3.165573546473154352e+02 1.173936391959511639e+03 2.281940000000000000e+19 3.800173699855804443e-01 6.836912035942077637e-01
1.392923816432233934e+03 -3.141510898342352789e+02 1.172525235528212534e+03 2.282140000000000000e+19 -2.555315494537353516e-01 -2.271168977022171021e-01
1.379698616740831540e+03 -3.322329886136110417e+02 1.183129635688411327e+03 2.282340000000000000e+19 -4.368579387664794922e-01 3.923361003398895264e-01
1.381630273129157104e+03 -3.296294519428333274e+02 1.181602716393638048e+03 2.282540000000000000e+19 -3.458436727523803711e-01 -5.086413025856018066e-02
1.383555322066202962e+03 -3.270222710106767749e+02 1.180073672127818782e+03 2.282740000000000000e+19 -3.484079148620367050e-03 5.465110763907432556e-02
1.385473754305761076e+03 -3.244114583398774130e+02 1.178542510235218288e+03 2.282940000000000000e+19 8.986779302358627319e-02 -2.405769824981689453e-01
1.387385560720253125e+03 -3.217970263523961876e+02 1.177009238000938694e+03 2.283140000000000000e+19 1.846472024917602539e-01 2.252929508686065674e-01
1.389290732113614240e+03 -3.191789876239283217e+02 1.175473862800184406e+03 2.283340000000000000e+19 2.672949992120265961e-02 8.467312157154083252e-02
1.391189259394866212e+03 -3.165573546473154352e+02 1.173936391959511639e+03 2.283540000000000000e+19 -1.117087304592132568e-01 -2.460610717535018921e-01
1.392923816432233934e+03 -3.141510898342352789e+02 1.172525235528212534e+03 2.283740000000000000e+19 9.033718705177307129e-02 -1.101728975772857666e-01
1.398716746099796410e+03 -3.060351315270895611e+02 1.167765699554084904e+03 2.283940000000000000e+19 1.146035194396972656e-01 9.967740625143051147e-03
1.400581917117664261e+03 -3.033957159216006971e+02 1.166217861125119498e+03 2.284140000000000000e+19 7.707572658546268940e-04 -3.097405433654785156e-01
1.402440390012693797e+03 -3.007527815657396673e+02 1.164667971331449507e+03 2.284340000000000000e+19 2.385219633579254150e-01 -1.419001668691635132e-01
1.404292155832479921e+03 -2.981063411907475711e+02 1.163116037639028718e+03 2.284540000000000000e+19 -6.869966536760330200e-02 3.585314005613327026e-02
1.406137205760119286e+03 -2.954564073972771894e+02 1.161562067437172573e+03 2.284740000000000000e+19 1.215175390243530273e-01 5.565131828188896179e-02
1.407975530952736563e+03 -2.928029928856212223e+02 1.160006068173571293e+03 2.284940000000000000e+19 2.280084341764450073e-01 -1.438683364540338516e-02
1.409807122587038975e+03 -2.901461103913191550e+02 1.158448047316523798e+03 2.285140000000000000e+19 -6.441680341958999634e-02 2.592676281929016113e-01
1.411480244815512606e+03 -2.877076429186059841e+02 1.157018117524664603e+03 2.285340000000000000e+19 6.847719661891460419e-03 -1.037976443767547607e-01
1.398716746099796410e+03 -3.060351315270895611e+02 1.167765699554084904e+03 2.285540000000000000e+19 -7.101504132151603699e-03 6.204849109053611755e-02
1.400581917117664261e+03 -3.033957159216006971e+02 1.166217861125119498e+03 2.285740000000000000e+19 9.783617407083511353e-02 7.931420579552650452e-03
1.402440390012693797e+03 -3.007527815657396673e+02 1.164667971331449507e+03 2.285940000000000000e+19 5.169202387332916260e-02 -1.417867690324783325e-01
1.404292155832479921e+03 -2.981063411907475711e+02 1.163116037639028718e+03 2.286140000000000000e+19 -1.493900716304779053e-01 -7.556433230638504028e-02
1.406137205760119286e+03 -2.954564073972771894e+02 1.161562067437172573e+03 2.286340000000000000e+19 7.833318412303924561e-02 3.022760450839996338e-01
1.407975530952736563e+03 -2.928029928856212223e+02 1.160006068173571293e+03 2.286540000000000000e+19 1.731369085609912872e-02 -5.273009836673736572e-02
1.409807122587038975e+03 -2.901461103913191550e+02 1.158448047316523798e+03 2.286740000000000000e+19 -2.563096284866333008e-01 -7.654690742492675781e-02
1.411480244815512606e+03 -2.877076429186059841e+02 1.157018117524664603e+03 2.286940000000000000e+19 -1.938501894474029541e-01 8.229746669530868530e-02
1.417065978927199694e+03 -2.794841548336098072e+02 1.152195897045270158e+03 2.287140000000000000e+19 1.869073361158370972e-01 8.670306950807571411e-02
1.418863772042347819e+03 -2.768101233260582035e+02 1.150627880165411852e+03 2.287340000000000000e+19 9.219292551279067993e-02 1.429135352373123169e-01
1.420654779491521595e+03 -2.741327003738267081e+02 1.149057886573836186e+03 2.287540000000000000e+19 -1.933201849460601807e-01 2.246541698696091771e-04
1.422438992747153179e+03 -2.714518987251082649e+02 1.147485923745860646e+03 2.287740000000000000e+19 -1.393766999244689941e-01 -1.744910031557083130e-01
1.424216403220743132e+03 -2.687677312842044444e+02 1.145911999248283337e+03 2.287940000000000000e+19 -4.396972432732582092e-02 -7.684973627328872681e-02
1.425987002455605989e+03 -2.660802108221104163e+02 1.144336120569652849e+03 2.288140000000000000e+19 -1.110928505659103394e-01 1.354646682739257812e-01
1.427750781928855076e+03 -2.633893502754463611e+02 1.142758295295630205e+03 2.288340000000000000e+19 -1.280982196331024170e-01 -8.574705570936203003e-02
1.429361668674030170e+03 -2.609198470765308002e+02 1.141310276439138079e+03 2.288540000000000000e+19 1.011521667242050171e-01 -1.855667494237422943e-02
1.417065978927199694e+03 -2.794841548336098072e+02 1.152195897045270158e+03 2.288740000000000000e+19 -1.744310855865478516e-01 2.042086571455001831e-01
1.418863772042347819e+03 -2.768101233260582035e+02 1.150627880165411852e+03 2.288940000000000000e+19 -1.816688664257526398e-02 -2.346371859312057495e-01
1.420654779491521595e+03 -2.741327003738267081e+02 1.149057886573836186e+03 2.289140000000000000e+19 -2.462060153484344482e-01 2.636424964293837547e-03
1.422438992747153179e+03 -2.714518987251082649e+02 1.147485923745860646e+03 2.289340000000000000e+19 -2.501239478588104248e-01 1.420261114835739136e-01
1.424216403220743132e+03 -2.687677312842044444e+02 1.145911999248283337e+03 2.289540000000000000e+19 -7.856882363557815552e-02 1.416943818330764771e-01
1.425987002455605989e+03 -2.660802108221104163e+02 1.144336120569652849e+03 2.289740000000000000e+19 1.947533339262008667e-01 -8.071681857109069824e-02
1.427750781928855076e+03 -2.633893502754463611e+02 1.142758295295630205e+03 2.289940000000000000e+19 -2.398793399333953857e-01 1.057782769203186035e-01
1.429361668674030170e+03 -2.609198470765308002e+02 1.141310276439138079e+03 2.290140000000000000e+19 -2.892415784299373627e-02 6.414376199245452881e-02
1.434737534178029819e+03 -2.525927645773587358e+02 1.136427679136624420e+03 2.290340000000000000e+19 -3.175756633281707764e-01 8.753211796283721924e-02
1.436467089018164870e+03 -2.498853968855777055e+02 1.134840234215771716e+03 2.290540000000000000e+19 -1.382056251168251038e-02 -1.996862469241023064e-03
1.438189773954540215e+03 -2.471747665948371662e+02 1.133250888133499529e+03 2.290740000000000000e+19 -2.643904387950897217e-01 2.586848139762878418e-01
1.439905580772765461e+03 -2.444608866302579600e+02 1.131659648468301612e+03 2.290940000000000000e+19 -6.526739150285720825e-02 4.655981808900833130e-02
1.441614501249390742e+03 -2.417437699986137716e+02 1.130066522846491580e+03 2.291140000000000000e+19 -8.103876374661922455e-03 1.944469213485717773e-01
1.443316527176308909e+03 -2.390234297506709709e+02 1.128471518920119934e+03 2.291340000000000000e+19 -2.571769356727600098e-01 -1.763602048158645630e-01
1.445011650455578774e+03 -2.362998788295021768e+02 1.126874644278037294e+03 2.291540000000000000e+19 -1.361935138702392578e-01 -5.419341847300529480e-02
1.446559530558095958e+03 -2.338005221231234714e+02 1.125409229563304280e+03 2.291740000000000000e+19 1.510952506214380264e-02 -9.778125211596488953e-03
1.434737534178029819e+03 -2.525927645773587358e+02 1.136427679136624420e+03 2.291940000000000000e+19 -1.198072582483291626e-01 -2.992117106914520264e-01
1.436467089018164870e+03 -2.498853968855777055e+02 1.134840234215771716e+03 2.292140000000000000e+19 9.276502579450607300e-02 1.309219896793365479e-01
1.438189773954540215e+03 -2.471747665948371662e+02 1.133250888133499529e+03 2.292340000000000000e+19 -1.281818300485610962e-01 1.494743227958679199e-01
1.439905580772765461e+03 -2.444608866302579600e+02 1.131659648468301612e+03 2.292540000000000000e+19 2.263725548982620239e-01 -4.584916867315769196e-03
1.441614501249390742e+03 -2.417437699986137716e+02 1.130066522846491580e+03 2.292740000000000000e+19 2.184461504220962524e-01 5.765110999345779419e-02
1.443316527176308909e+03 -2.390234297506709709e+02 1.128471518920119934e+03 2.292940000000000000e+19 -4.380613565444946289e-02 -2.781713902950286865e-01
1.445011650455578774e+03 -2.362998788295021768e+02 1.126874644278037294e+03 2.293140000000000000e+19 1.967258751392364502e-02 -1.450022011995315552e-01
1.446559530558095958e+03 -2.338005221231234714e+02 1.125409229563304280e+03 2.293340000000000000e+19 -1.440816521644592285e-01 -7.399204373359680176e-02
