# Baseline: 15-24
# Entries: 128
# u [m], v [m], w [m], frequency [GHz], real, imag
-1.679375310523026883e+02 5.888017598050760171e+02 -9.391352954419284060e+01 2.267940000000000000e+19 2.960906364023685455e-03 1.311270985752344131e-03
-1.691525023323311245e+02 5.884838062171846786e+02 -9.372576215639132613e+01 2.268140000000000000e+19 -1.363297225907444954e-03 7.068103877827525139e-04
-1.703666629064519213e+02 5.881635592419247587e+02 -9.353665306681965319e+01 2.268340000000000000e+19 -4.874359816312789917e-03 4.011822864413261414e-03
-1.715800069724760135e+02 5.878410204097032192e+02 -9.334620317920020227e+01 2.268540000000000000e+19 9.706430719234049320e-04 -2.581240260042250156e-04
-1.727925287236428176e+02 5.875161912640602395e+02 -9.315441340495245015e+01 2.268740000000000000e+19 -2.257257699966430664e-03 1.397012732923030853e-03
-1.740042223571441582e+02 5.871890733595511165e+02 -9.296128466193964357e+01 2.268940000000000000e+19 3.819653997197747231e-03 -3.383047413080930710e-03
-1.752150820488271847e+02 5.868596682685498536e+02 -9.276681787848639260e+01 2.269140000000000000e+19 -6.446594838052988052e-03 4.841112066060304642e-03
-1.763243100196625619e+02 5.865557347883620878e+02 -9.258739902994962279e+01 2.269340000000000000e+19 8.426349610090255737e-03 -1.153359888121485710e-03
-1.679375310523026883e+02 5.888017598050760171e+02 -9.391352954419284060e+01 2.269540000000000000e+19 -1.226545311510562897e-03 -1.066575199365615845e-02
-1.691525023323311245e+02 5.884838062171846786e+02 -9.372576215639132613e+01 2.269740000000000000e+19 -3.558317665010690689e-03 1.204687505378387868e-04
-1.703666629064519213e+02 5.881635592419247587e+02 -9.353665306681965319e+01 2.269940000000000000e+19 4.377170931547880173e-03 2.554675098508596420e-03
-1.715800069724760135e+02 5.878410204097032192e+02 -9.334620317920020227e+01 2.270140000000000000e+19 8.252950385212898254e-03 -2.721714554354548454e-03
-1.727925287236428176e+02 5.875161912640602395e+02 -9.315441340495245015e+01 2.270340000000000000e+19 -6.381812039762735367e-03 7.715949323028326035e-04
-1.740042223571441582e+02 5.871890733595511165e+02 -9.296128466193964357e+01 2.270540000000000000e+19 7.403611671179533005e-03 4.226960241794586182e-03
-1.752150820488271847e+02 5.868596682685498536e+02 -9.276681787848639260e+01 2.270740000000000000e+19 4.302503541111946106e-03 2.684560371562838554e-03
-1.763243100196625619e+02 5.865557347883620878e+02 -9.258739902994962279e+01 2.270940000000000000e+19 -2.986908331513404846e-02 -4.824844654649496078e-03
-1.800500658223375297e+02 5.855192076618798183e+02 -9.197558900787657876e+01 2.271140000000000000e+19 -8.928336203098297119e-03 1.073368079960346222e-02
-1.812566690894479109e+02 5.851783904694754028e+02 -9.177444608993390318e+01 2.271340000000000000e+19 3.048906102776527405e-03 -7.525323424488306046e-03
-1.824624037149436901e+02 5.848352957110691932e+02 -9.157197081021847396e+01 2.271540000000000000e+19 -4.618521779775619507e-03 -9.328175336122512817e-03
-1.836672639453041427e+02 5.844899250238692048e+02 -9.136816413492046252e+01 2.271740000000000000e+19 1.315101142972707748e-02 7.624080753885209560e-04
-1.848712440101925267e+02 5.841422800619378677e+02 -9.116302704012127833e+01 2.271940000000000000e+19 4.477041657082736492e-04 -7.663209922611713409e-03
-1.860743381476742968e+02 5.837923624890059955e+02 -9.095656050755239619e+01 2.272140000000000000e+19 -2.205235185101628304e-03 6.878733634948730469e-03
-1.872765405958812153e+02 5.834401739809392211e+02 -9.074876552604949609e+01 2.272340000000000000e+19 -3.292401321232318878e-03 1.185575529234483838e-04
-1.883777827744144417e+02 5.831153698683967832e+02 -9.055713752326789745e+01 2.272540000000000000e+19 1.677509211003780365e-02 -5.721831694245338440e-03
-1.800500658223375297e+02 5.855192076618798183e+02 -9.197558900787657876e+01 2.272740000000000000e+19 1.170131284743547440e-02 -9.522464126348495483e-03
-1.812566690894479109e+02 5.851783904694754028e+02 -9.177444608993390318e+01 2.272940000000000000e+19 2.253283048048615456e-03 1.672759419307112694e-03
-1.824624037149436901e+02 5.848352957110691932e+02 -9.157197081021847396e+01 2.273140000000000000e+19 -1.156268827617168427e-02 -1.239525806158781052e-02
-1.836672639453041427e+02 5.844899250238692048e+02 -9.136816413492046252e+01 2.273340000000000000e+19 -9.142838825937360525e-05 5.476640071719884872e-03
-1.848712440101925267e+02 5.841422800619378677e+02 -9.116302704012127833e+01 2.273540000000000000e+19 -1.822050660848617554e-03 -6.262224633246660233e-03
-1.860743381476742968e+02 5.837923624890059955e+02 -9.095656050755239619e+01 2.273740000000000000e+19 -5.877253599464893341e-03 -9.871966205537319183e-03
-1.872765405958812153e+02 5.834401739809392211e+02 -9.074876552604949609e+01 2.273940000000000000e+19 -4.942734376527369022e-04 -6.481291726231575012e-03
-1.883777827744144417e+02 5.831153698683967832e+02 -9.055713752326789745e+01 2.274140000000000000e+19 1.773326471447944641e-02 1.313167531043291092e-02
-1.920763185590061255e+02 5.820087444500341007e+02 -8.990432108339261674e+01 2.274340000000000000e+19 -3.130641067400574684e-03 2.292659366503357887e-03
-1.932739763625719718e+02 5.816452267607727435e+02 -8.968989889818112715e+01 2.274540000000000000e+19 1.273365132510662079e-02 3.291246946901082993e-03
-1.944707080380005380e+02 5.812794484069951295e+02 -8.947415432300671512e+01 2.274740000000000000e+19 3.298380598425865173e-02 -2.805400826036930084e-02
-1.956665078372099060e+02 5.809114111455918419e+02 -8.925708839412709494e+01 2.274940000000000000e+19 -9.370042011141777039e-03 -6.027385592460632324e-03
-1.968613700623939167e+02 5.805411167301691648e+02 -8.903870214581048970e+01 2.275140000000000000e+19 -4.737382754683494568e-03 7.960984483361244202e-03
-1.980552889578121665e+02 5.801685669444905216e+02 -8.881899663005835066e+01 2.275340000000000000e+19 3.157038241624832153e-02 -1.354317087680101395e-02
-1.992482588388110401e+02 5.797937635624439281e+02 -8.859797289299609702e+01 2.275540000000000000e+19 -1.689589582383632660e-03 3.535144729539752007e-03
-2.003409882065511454e+02 5.794482442593179030e+02 -8.839422744378410357e+01 2.275740000000000000e+19 -1.533684972673654556e-02 -6.265765521675348282e-03
-1.920763185590061255e+02 5.820087444500341007e+02 -8.990432108339261674e+01 2.275940000000000000e+19 -2.905504079535603523e-03 -1.220213435590267181e-02
-1.932739763625719718e+02 5.816452267607727435e+02 -8.968989889818112715e+01 2.276140000000000000e+19 -2.748300693929195404e-02 1.072138454765081406e-02
-1.944707080380005380e+02 5.812794484069951295e+02 -8.947415432300671512e+01 2.276340000000000000e+19 1.600579358637332916e-02 2.894508279860019684e-02
-1.956665078372099060e+02 5.809114111455918419e+02 -8.925708839412709494e+01 2.276540000000000000e+19 -5.640355404466390610e-03 -9.824168868362903595e-03
-1.968613700623939167e+02 5.805411167301691648e+02 -8.903870214581048970e+01 2.276740000000000000e+19 4.171208012849092484e-03 1.093698106706142426e-02
-1.980552889578121665e+02 5.801685669444905216e+02 -8.881899663005835066e+01 2.276940000000000000e+19 1.987092010676860809e-02 1.057551149278879166e-02
-1.992482588388110401e+02 5.797937635624439281e+02 -8.859797289299609702e+01 2.277140000000000000e+19 8.866287767887115479e-03 -8.957647718489170074e-03
-2.003409882065511454e+02 5.794482442593179030e+02 -8.839422744378410357e+01 2.277340000000000000e+19 2.194036962464451790e-03 -1.095769088715314865e-02
-2.040105340193971699e+02 5.782720501324009774e+02 -8.770071699680001132e+01 2.277540000000000000e+19 -2.957031363621354103e-03 -1.416854094713926315e-02
-2.051986732440819878e+02 5.778860059012507691e+02 -8.747311815253380018e+01 2.277740000000000000e+19 1.247072778642177582e-02 7.974699139595031738e-03
-2.063858292472836808e+02 5.774977190041444146e+02 -8.724420753192988798e+01 2.277940000000000000e+19 -1.930782012641429901e-02 -8.102440275251865387e-03
-2.075719963765311320e+02 5.771071912898538585e+02 -8.701398622491569768e+01 2.278140000000000000e+19 1.844515791162848473e-03 -2.211482450366020203e-02
-2.087571689220937117e+02 5.767144246382295023e+02 -8.678245533969084136e+01 2.278340000000000000e+19 -6.653570104390382767e-03 1.188241504132747650e-02
-2.099413412450725502e+02 5.763194209180095413e+02 -8.654961597785477068e+01 2.278540000000000000e+19 -1.054126070812344551e-03 2.119630202651023865e-02
-2.111245076453387810e+02 5.759221820305872370e+02 -8.631546926020750732e+01 2.278740000000000000e+19 -3.006004914641380310e-02 5.550713744014501572e-03
-2.122082013148113617e+02 5.755561128735115517e+02 -8.609970386033498357e+01 2.278940000000000000e+19 1.165947411209344864e-02 3.057817555963993073e-02
-2.040105340193971699e+02 5.782720501324009774e+02 -8.770071699680001132e+01 2.279140000000000000e+19 2.274885028600692749e-02 -3.107307106256484985e-02
-2.051986732440819878e+02 5.778860059012507691e+02 -8.747311815253380018e+01 2.279340000000000000e+19 -7.634768728166818619e-03 -1.203963533043861389e-02
-2.063858292472836808e+02 5.774977190041444146e+02 -8.724420753192988798e+01 2.279540000000000000e+19 -2.399514988064765930e-02 -2.099066739901900291e-03
-2.075719963765311320e+02 5.771071912898538585e+02 -8.701398622491569768e+01 2.279740000000000000e+19 1.725701801478862762e-02 1.112423371523618698e-02
-2.087571689220937117e+02 5.767144246382295023e+02 -8.678245533969084136e+01 2.279940000000000000e+19 1.197540201246738434e-02 -4.967474378645420074e-03
-2.099413412450725502e+02 5.763194209180095413e+02 -8.654961597785477068e+01 2.280140000000000000e+19 2.735825069248676300e-02 -1.001709140837192535e-02
-2.111245076453387810e+02 5.759221820305872370e+02 -8.631546926020750732e+01 2.280340000000000000e+19 -1.483042631298303604e-02 4.744919948279857635e-03
-2.122082013148113617e+02 5.755561128735115517e+02 -8.609970386033498357e+01 2.280540000000000000e+19 -4.487975034862756729e-03 2.324635861441493034e-03
-2.156505583355691158e+02 5.743787609422946616e+02 -8.540581587289783272e+01 2.280740000000000000e+19 4.841755609959363937e-03 6.196510512381792068e-04
-2.168287831326883577e+02 5.739707457083296731e+02 -8.516536616012039929e+01 2.280940000000000000e+19 -2.202655188739299774e-03 -5.038970266468822956e-04
-2.180059690662152150e+02 5.735605065403733533e+02 -8.492361571211763760e+01 2.281140000000000000e+19 4.768236540257930756e-03 -4.592328914441168308e-04
-2.191821104819617858e+02 5.731480454088967917e+02 -8.468056569007369205e+01 2.281340000000000000e+19 -4.000735469162464142e-03 3.909752704203128815e-03
-2.203572017840096180e+02 5.727333642763629769e+02 -8.443621725040701165e+01 2.281540000000000000e+19 3.217189805582165718e-03 1.268347376026213169e-03
-2.215312373200237062e+02 5.723164651374175946e+02 -8.419057156845401835e+01 2.281740000000000000e+19 -5.654648877680301666e-03 -3.679671557620167732e-03
-2.227042114877566235e+02 5.718973499814636625e+02 -8.394362981641465637e+01 2.281940000000000000e+19 -3.128521842882037163e-03 4.885571543127298355e-03
-2.237785142688549911e+02 5.715112442604533953e+02 -8.371614546591152362e+01 2.282140000000000000e+19 -6.315704900771379471e-03 -6.745274178683757782e-03
-2.156505583355691158e+02 5.743787609422946616e+02 -8.540581587289783272e+01 2.282340000000000000e+19 1.082055503502488136e-03 8.588142693042755127e-03
-2.168287831326883577e+02 5.739707457083296731e+02 -8.516536616012039929e+01 2.282540000000000000e+19 9.366666898131370544e-03 -9.764149785041809082e-03
-2.180059690662152150e+02 5.735605065403733533e+02 -8.492361571211763760e+01 2.282740000000000000e+19 1.079407986253499985e-02 1.139390934258699417e-02
-2.191821104819617858e+02 5.731480454088967917e+02 -8.468056569007369205e+01 2.282940000000000000e+19 -6.462922785431146622e-03 1.066172122955322266e-02
-2.203572017840096180e+02 5.727333642763629769e+02 -8.443621725040701165e+01 2.283140000000000000e+19 -7.254579570144414902e-03 -4.915835801512002945e-03
-2.215312373200237062e+02 5.723164651374175946e+02 -8.419057156845401835e+01 2.283340000000000000e+19 -2.348463982343673706e-03 1.999628497287631035e-03
-2.227042114877566235e+02 5.718973499814636625e+02 -8.394362981641465637e+01 2.283540000000000000e+19 7.090120110660791397e-03 -4.563766531646251678e-03
-2.237785142688549911e+02 5.715112442604533953e+02 -8.371614546591152362e+01 2.283740000000000000e+19 9.214983583660796285e-05 -6.881588487885892391e-04
-2.273853822449083282e+02 5.701987694749373077e+02 -8.294292584399171631e+01 2.283940000000000000e+19 -1.058892719447612762e-02 -5.321817588992416859e-04
-2.285529654379636497e+02 5.697686045441095075e+02 -8.268952159932621271e+01 2.284140000000000000e+19 4.032678261864930391e-04 1.010372582823038101e-02
-2.297194536748524740e+02 5.693362357836355159e+02 -8.243482846466930880e+01 2.284340000000000000e+19 1.255704555660486221e-02 4.025794565677642822e-03
-2.308848413365063834e+02 5.689016652762746844e+02 -8.217884766690299614e+01 2.284540000000000000e+19 2.995327115058898926e-03 -5.018712021410465240e-03
-2.320491228741023235e+02 5.684648950911738439e+02 -8.192158042484720681e+01 2.284740000000000000e+19 -1.328651327639818192e-02 6.158201023936271667e-03
-2.332122927075693326e+02 5.680259273216091742e+02 -8.166302797148939874e+01 2.284940000000000000e+19 4.432436544448137283e-03 -6.051247008144855499e-03
-2.343743452540877570e+02 5.675847640744976843e+02 -8.140319154780883082e+01 2.285140000000000000e+19 2.410385350231081247e-04 -4.419907636474817991e-04
-2.354385882056945718e+02 5.671784654637276617e+02 -8.116389760283485089e+01 2.285340000000000000e+19 -8.038021042011678219e-05 1.757629401981830597e-02
-2.273853822449083282e+02 5.701987694749373077e+02 -8.294292584399171631e+01 2.285540000000000000e+19 -1.266254205256700516e-02 2.295613987371325493e-03
-2.285529654379636497e+02 5.697686045441095075e+02 -8.268952159932621271e+01 2.285740000000000000e+19 2.000587247312068939e-02 1.586228609085083008e-02
-2.297194536748524740e+02 5.693362357836355159e+02 -8.243482846466930880e+01 2.285940000000000000e+19 7.430746220052242279e-03 1.936545781791210175e-02
-2.308848413365063834e+02 5.689016652762746844e+02 -8.217884766690299614e+01 2.286140000000000000e+19 -1.044301036745309830e-02 -1.704247109591960907e-02
-2.320491228741023235e+02 5.684648950911738439e+02 -8.192158042484720681e+01 2.286340000000000000e+19 -1.981511712074279785e-02 4.242779221385717392e-03
-2.332122927075693326e+02 5.680259273216091742e+02 -8.166302797148939874e+01 2.286540000000000000e+19 1.803203672170639038e-02 -4.142654128372669220e-03
-2.343743452540877570e+02 5.675847640744976843e+02 -8.140319154780883082e+01 2.286740000000000000e+19 2.955490024760365486e-03 1.720329187810420990e-02
-2.354385882056945718e+02 5.671784654637276617e+02 -8.116389760283485089e+01 2.286940000000000000e+19 -3.455654159188270569e-02 -1.812327466905117035e-02
-2.390112715597367696e+02 5.657981986435924000e+02 -8.035103108255674442e+01 2.287140000000000000e+19 1.238912995904684067e-02 -3.747115610167384148e-03
-2.401676544291569826e+02 5.653460898619924819e+02 -8.008479356735743693e+01 2.287340000000000000e+19 2.537749242037534714e-03 -7.366285193711519241e-03
-2.413228867252021530e+02 5.648917984280260498e+02 -7.981727963497208123e+01 2.287540000000000000e+19 -5.859533790498971939e-03 -1.285931654274463654e-02
-2.424769629474095893e+02 5.644353265047515151e+02 -7.954849055914161227e+01 2.287740000000000000e+19 -2.975733252242207527e-03 4.676310345530509949e-03
-2.436298775405175547e+02 5.639766762894381600e+02 -7.927842763370831847e+01 2.287940000000000000e+19 1.039876788854598999e-02 8.662454783916473389e-03
-2.447816250190869880e+02 5.635158499642993775e+02 -7.900709214360308863e+01 2.288140000000000000e+19 2.179099246859550476e-02 -2.056692028418183327e-03
-2.459321998390977058e+02 5.630528497475761469e+02 -7.873448539493826104e+01 2.288340000000000000e+19 5.427572876214981079e-03 4.657671786844730377e-03
-2.469858736661398666e+02 5.626265526821719050e+02 -7.848349637038650428e+01 2.288540000000000000e+19 -1.977030746638774872e-02 4.841397050768136978e-03
-2.390112715597367696e+02 5.657981986435924000e+02 -8.035103108255674442e+01 2.288740000000000000e+19 -2.486176090314984322e-03 1.795554161071777344e-02
-2.401676544291569826e+02 5.653460898619924819e+02 -8.008479356735743693e+01 2.288940000000000000e+19 -7.371958345174789429e-04 -2.137771435081958771e-02
-2.413228867252021530e+02 5.648917984280260498e+02 -7.981727963497208123e+01 2.289140000000000000e+19 3.832527995109558105e-02 2.585736103355884552e-03
-2.424769629474095893e+02 5.644353265047515151e+02 -7.954849055914161227e+01 2.289340000000000000e+19 -2.317642793059349060e-03 -2.804490551352500916e-02
-2.436298775405175547e+02 5.639766762894381600e+02 -7.927842763370831847e+01 2.289540000000000000e+19 -1.267673354595899582e-02 -6.256876979023218155e-03
-2.447816250190869880e+02 5.635158499642993775e+02 -7.900709214360308863e+01 2.289740000000000000e+19 1.781672122888267040e-03 6.496396847069263458e-03
-2.459321998390977058e+02 5.630528497475761469e+02 -7.873448539493826104e+01 2.289940000000000000e+19 -6.863061804324388504e-03 7.963734678924083710e-03
-2.469858736661398666e+02 5.626265526821719050e+02 -7.848349637038650428e+01 2.290140000000000000e+19 1.749782264232635498e-02 -1.157398521900177002e-02
-2.505226626878743446e+02 5.611791543576892991e+02 -7.763137195190418538e+01 2.290340000000000000e+19 1.563237980008125305e-02 -5.722871050238609314e-03
-2.516672918212917978e+02 5.607053180923128366e+02 -7.735242858047107006e+01 2.290540000000000000e+19 9.381465613842010498e-03 -3.891312051564455032e-03
-2.528107153512687830e+02 5.602293213827408636e+02 -7.707222186746521686e+01 2.290740000000000000e+19 1.412970386445522308e-02 -3.579755779355764389e-03
-2.539529278255813267e+02 5.597511664986527649e+02 -7.679075314899000659e+01 2.290940000000000000e+19 -1.881321705877780914e-02 -3.160647349432110786e-03
-2.550939237699281819e+02 5.592708557316703946e+02 -7.650802377402510501e+01 2.291140000000000000e+19 6.278823595494031906e-03 -1.695308275520801544e-02
-2.562336977039508383e+02 5.587883913888275629e+02 -7.622403510058127551e+01 2.291340000000000000e+19 -1.417568884789943695e-02 1.183947082608938217e-02
-2.573722442047647405e+02 5.583037757656517215e+02 -7.593878847985688196e+01 2.291540000000000000e+19 -8.604926988482475281e-03 1.137646101415157318e-02
-2.584148444894814247e+02 5.578576843284008646e+02 -7.567622453285237327e+01 2.291740000000000000e+19 -2.909012604504823685e-03 3.378845285624265671e-03
-2.505226626878743446e+02 5.611791543576892991e+02 -7.763137195190418538e+01 2.291940000000000000e+19 1.442118198610842228e-03 4.099413752555847168e-03
-2.516672918212917978e+02 5.607053180923128366e+02 -7.735242858047107006e+01 2.292140000000000000e+19 -6.406897213310003281e-03 -3.415019065141677856e-02
-2.528107153512687830e+02 5.602293213827408636e+02 -7.707222186746521686e+01 2.292340000000000000e+19 -2.057359321042895317e-03 2.885598130524158478e-02
-2.539529278255813267e+02 5.597511664986527649e+02 -7.679075314899000659e+01 2.292540000000000000e+19 9.117215522564947605e-04 -4.809196572750806808e-03
-2.550939237699281819e+02 5.592708557316703946e+02 -7.650802377402510501e+01 2.292740000000000000e+19 -1.202645798912271857e-04 4.785976372659206390e-03
-2.562336977039508383e+02 5.587883913888275629e+02 -7.622403510058127551e+01 2.292940000000000000e+19 -2.331206575036048889e-02 4.685942549258470535e-03
-2.573722442047647405e+02 5.583037757656517215e+02 -7.593878847985688196e+01 2.293140000000000000e+19 -3.223003586754202843e-03 -1.721339486539363861e-02
-2.584148444894814247e+02 5.578576843284008646e+02 -7.567622453285237327e+01 2.293340000000000000e+19 1.807141699828207493e-03 2.633397933095693588e-03
