# Baseline: 4-8
# u [m], v [m], w [m], frequency [GHz], real, imag
1.122987143137599332e+03 1.910747388934597438e+03 1.372795303206966992e+03 2.267940000000000000e+19 -3.685298189520835876e-02 2.175926268100738525e-01
1.120894655115198020e+03 1.912862020676785960e+03 1.371559956570026543e+03 2.268140000000000000e+19 -1.642459817230701447e-02 -1.057176217436790466e-01
1.118796814536923875e+03 1.914972700134101387e+03 1.370326931065364306e+03 2.268340000000000000e+19 -2.554179169237613678e-02 1.324418187141418457e-01
1.116693631427923947e+03 1.917079417220116284e+03 1.369096232585307007e+03 2.268540000000000000e+19 -1.051323115825653076e-01 -2.453826367855072021e-02
1.115112910494475727e+03 1.918656973060633845e+03 1.368174666323907559e+03 2.268740000000000000e+19 -1.071067713201045990e-02 2.398173213005065918e-01
1.112471277904103545e+03 1.921280923968235811e+03 1.366641840247146547e+03 2.268940000000000000e+19 4.659169167280197144e-02 -1.556457728147506714e-01
1.110352127740645301e+03 1.923375693479244774e+03 1.365418158160684243e+03 2.269140000000000000e+19 -2.203015238046646118e-01 2.051879763603210449e-01
1.107695949324264348e+03 1.925988688277218898e+03 1.363891766097299524e+03 2.269340000000000000e+19 -1.699430495500564575e-01 2.255178801715373993e-02
1.122987143137599332e+03 1.910747388934597438e+03 1.372795303206966992e+03 2.269540000000000000e+19 5.788013339042663574e-02 1.085769981145858765e-01
1.120894655115198020e+03 1.912862020676785960e+03 1.371559956570026543e+03 2.269740000000000000e+19 -2.765931747853755951e-02 -8.596860803663730621e-03
1.118796814536923875e+03 1.914972700134101387e+03 1.370326931065364306e+03 2.269940000000000000e+19 -2.205602638423442841e-02 3.152428194880485535e-02
1.116693631427923947e+03 1.917079417220116284e+03 1.369096232585307007e+03 2.270140000000000000e+19 2.601041705929674208e-05 -3.876283392310142517e-02
1.115112910494475727e+03 1.918656973060633845e+03 1.368174666323907559e+03 2.270340000000000000e+19 -7.527315616607666016e-02 1.227210760116577148e-01
1.112471277904103545e+03 1.921280923968235811e+03 1.366641840247146547e+03 2.270540000000000000e+19 -1.381828933954238892e-01 -5.341809615492820740e-02
1.110352127740645301e+03 1.923375693479244774e+03 1.365418158160684243e+03 2.270740000000000000e+19 1.735997498035430908e-01 4.680690821260213852e-03
1.107695949324264348e+03 1.925988688277218898e+03 1.363891766097299524e+03 2.270940000000000000e+19 -5.528910551220178604e-03 2.377841025590896606e-01
1.101822607702619734e+03 1.931714645716839186e+03 1.360546993366436482e+03 2.271140000000000000e+19 7.256481796503067017e-02 -3.657976910471916199e-02
1.099677048879332006e+03 1.933789302432087197e+03 1.359335122200260230e+03 2.271340000000000000e+19 -6.035754457116127014e-02 -1.702785044908523560e-01
1.097526239057355042e+03 1.935859906695738800e+03 1.358125630679459846e+03 2.271540000000000000e+19 -4.830620437860488892e-02 -1.653723716735839844e-01
1.095370188499997539e+03 1.937926448627314812e+03 1.356918524575460197e+03 2.271740000000000000e+19 -3.874704241752624512e-02 7.958606630563735962e-02
1.093208907533076172e+03 1.939988918329697526e+03 1.355713809669349303e+03 2.271940000000000000e+19 -3.245457634329795837e-02 -5.270579457283020020e-02
1.091042406499902427e+03 1.942047305932434483e+03 1.354511491726575969e+03 2.272140000000000000e+19 5.814428627490997314e-02 -3.319240361452102661e-02
1.088870695776403863e+03 1.944101601577507836e+03 1.353311576505265975e+03 2.272340000000000000e+19 1.639059484004974365e-01 1.266651302576065063e-01
1.086875459304093965e+03 1.945981155209193730e+03 1.352213739104680371e+03 2.272540000000000000e+19 -4.261693730950355530e-02 -5.988299846649169922e-02
1.101822607702619734e+03 1.931714645716839186e+03 1.360546993366436482e+03 2.272740000000000000e+19 6.780999153852462769e-02 -1.123118307441473007e-02
1.099677048879332006e+03 1.933789302432087197e+03 1.359335122200260230e+03 2.272940000000000000e+19 6.287895143032073975e-02 2.863916754722595215e-02
1.097526239057355042e+03 1.935859906695738800e+03 1.358125630679459846e+03 2.273140000000000000e+19 -3.772737830877304077e-02 -5.747351795434951782e-02
1.095370188499997539e+03 1.937926448627314812e+03 1.356918524575460197e+03 2.273340000000000000e+19 -2.123307883739471436e-01 1.025037392973899841e-01
1.093208907533076172e+03 1.939988918329697526e+03 1.355713809669349303e+03 2.273540000000000000e+19 2.933720499277114868e-02 1.410100013017654419e-01
1.091042406499902427e+03 1.942047305932434483e+03 1.354511491726575969e+03 2.273740000000000000e+19 -2.890981435775756836e-01 -1.294580549001693726e-01
1.088870695776403863e+03 1.944101601577507836e+03 1.353311576505265975e+03 2.273940000000000000e+19 6.021053716540336609e-02 5.604067817330360413e-02
1.086875459304093965e+03 1.945981155209193730e+03 1.352213739104680371e+03 2.274140000000000000e+19 -2.800288610160350800e-02 1.117340922355651855e-01
1.080131964095512558e+03 1.952277668363650037e+03 1.348536057444373682e+03 2.274340000000000000e+19 5.621384829282760620e-02 -1.067380681633949280e-01
1.077934361285806062e+03 1.954311357172636008e+03 1.347348241719750376e+03 2.274540000000000000e+19 3.434395883232355118e-03 -1.132265757769346237e-02
1.075731611486956581e+03 1.956340895359840488e+03 1.346162862981385388e+03 2.274740000000000000e+19 1.281450092792510986e-01 -7.699663937091827393e-02
1.073523725279111204e+03 1.958366273177083031e+03 1.344979926922824689e+03 2.274940000000000000e+19 5.210009962320327759e-02 -4.181867465376853943e-02
1.071310713182422433e+03 1.960387480973701940e+03 1.343799439180599620e+03 2.275140000000000000e+19 1.428160467185080051e-03 -7.666222751140594482e-02
1.069092585857212043e+03 1.962404509013409324e+03 1.342621405441186198e+03 2.275340000000000000e+19 -7.819040864706039429e-02 1.874901056289672852e-01
1.066869353864877894e+03 1.964417347692495241e+03 1.341445831313571261e+03 2.275540000000000000e+19 4.836783185601234436e-02 -6.731201708316802979e-02
1.064826980749576023e+03 1.966258814889840778e+03 1.340370355769618300e+03 2.275740000000000000e+19 5.183279514312744141e-02 5.199541524052619934e-02
1.080131964095512558e+03 1.952277668363650037e+03 1.348536057444373682e+03 2.275940000000000000e+19 8.992338180541992188e-02 9.479733183979988098e-03
1.077934361285806062e+03 1.954311357172636008e+03 1.347348241719750376e+03 2.276140000000000000e+19 -8.722555637359619141e-02 1.178631484508514404e-01
1.075731611486956581e+03 1.956340895359840488e+03 1.346162862981385388e+03 2.276340000000000000e+19 1.155875623226165771e-02 5.384658277034759521e-02
1.073523725279111204e+03 1.958366273177083031e+03 1.344979926922824689e+03 2.276540000000000000e+19 1.110477820038795471e-01 -1.224332973361015320e-01
1.071310713182422433e+03 1.960387480973701940e+03 1.343799439180599620e+03 2.276740000000000000e+19 -9.805712848901748657e-02 -8.943375945091247559e-02
1.069092585857212043e+03 1.962404509013409324e+03 1.342621405441186198e+03 2.276940000000000000e+19 -5.573439225554466248e-02 4.185757786035537720e-02
1.066869353864877894e+03 1.964417347692495241e+03 1.341445831313571261e+03 2.277140000000000000e+19 -5.351596698164939880e-02 -1.452069878578186035e-01
1.064826980749576023e+03 1.966258814889840778e+03 1.340370355769618300e+03 2.277340000000000000e+19 6.866344716399908066e-03 3.762873634696006775e-02
1.057925592540471371e+03 1.972426616305545622e+03 1.336768243345597057e+03 2.277540000000000000e+19 5.952429026365280151e-03 -1.058351323008537292e-01
1.055676997365948409e+03 1.974418364027086682e+03 1.335605051467279736e+03 2.277740000000000000e+19 1.260502636432647705e-01 3.995939344167709351e-02
1.053423361766841708e+03 1.976405864858057157e+03 1.334444352799462422e+03 2.277940000000000000e+19 3.322689980268478394e-02 2.634312584996223450e-02
1.051164696473517552e+03 1.978389109335251533e+03 1.333286152868642148e+03 2.278140000000000000e+19 -2.027135789394378662e-01 -6.860528886318206787e-02
1.048901012358300932e+03 1.980368087912128885e+03 1.332130457249914798e+03 2.278340000000000000e+19 -9.491302818059921265e-02 -7.518327236175537109e-02
1.046632320191525878e+03 1.982342791172967054e+03 1.330977271441927542e+03 2.278540000000000000e+19 -2.148690670728683472e-01 -5.089376494288444519e-02
1.044358630893777899e+03 1.984313209612332003e+03 1.329826600995647368e+03 2.278740000000000000e+19 -4.860827326774597168e-02 5.885592848062515259e-02
1.042270098443256529e+03 1.986115709205382700e+03 1.328774001938980518e+03 2.278940000000000000e+19 -9.205900132656097412e-02 6.865297909826040268e-03
1.057925592540471371e+03 1.972426616305545622e+03 1.336768243345597057e+03 2.279140000000000000e+19 -5.468095839023590088e-02 6.489188969135284424e-02
1.055676997365948409e+03 1.974418364027086682e+03 1.335605051467279736e+03 2.279340000000000000e+19 -2.350184023380279541e-01 4.092666506767272949e-02
1.053423361766841708e+03 1.976405864858057157e+03 1.334444352799462422e+03 2.279540000000000000e+19 1.237659621983766556e-02 1.474209595471620560e-02
1.051164696473517552e+03 1.978389109335251533e+03 1.333286152868642148e+03 2.279740000000000000e+19 -6.403863430023193359e-02 -4.046145826578140259e-02
1.048901012358300932e+03 1.980368087912128885e+03 1.332130457249914798e+03 2.279940000000000000e+19 3.251506015658378601e-02 1.239512339234352112e-01
1.046632320191525878e+03 1.982342791172967054e+03 1.330977271441927542e+03 2.280140000000000000e+19 3.787542507052421570e-02 8.424891531467437744e-02
1.044358630893777899e+03 1.984313209612332003e+03 1.329826600995647368e+03 2.280340000000000000e+19 -2.054243721067905426e-02 -5.936514958739280701e-02
1.042270098443256529e+03 1.986115709205382700e+03 1.328774001938980518e+03 2.280540000000000000e+19 2.266006022691726685e-01 -7.918768376111984253e-02
1.035596725018788902e+03 1.991826616886438160e+03 1.325439098515281785e+03 2.280740000000000000e+19 9.940376877784729004e-02 -5.098251625895500183e-02
1.033299036569803775e+03 1.993776192944139439e+03 1.324300662973866338e+03 2.280940000000000000e+19 6.643369048833847046e-02 -2.359366789460182190e-02
1.030996414759821391e+03 1.995721429497379631e+03 1.323164774726594260e+03 2.281140000000000000e+19 -7.178976386785507202e-02 -5.200238153338432312e-02
1.028688870648749344e+03 1.997662317202949453e+03 1.322031439229269608e+03 2.281340000000000000e+19 -1.508810836821794510e-02 -9.239950031042098999e-02
1.026376415215649558e+03 1.999598846826395629e+03 1.320900661874124808e+03 2.281540000000000000e+19 -3.061452507972717285e-02 -6.613259762525558472e-02
1.024059059583661110e+03 2.001531009052740728e+03 1.319772448100348811e+03 2.281740000000000000e+19 -8.138883858919143677e-02 9.495729953050613403e-02
1.021736814810850433e+03 2.003458794662162518e+03 1.318646803291504511e+03 2.281940000000000000e+19 -1.271288841962814331e-01 1.596430875360965729e-02
1.019603866951256919e+03 2.005222134780450233e+03 1.317617190755668616e+03 2.282140000000000000e+19 -1.414276659488677979e-02 -8.470133692026138306e-02
1.035596725018788902e+03 1.991826616886438160e+03 1.325439098515281785e+03 2.282340000000000000e+19 1.225371733307838440e-01 1.081942096352577209e-01
1.033299036569803775e+03 1.993776192944139439e+03 1.324300662973866338e+03 2.282540000000000000e+19 -1.162274330854415894e-01 -1.802675873041152954e-01
1.030996414759821391e+03 1.995721429497379631e+03 1.323164774726594260e+03 2.282740000000000000e+19 -1.012591868638992310e-01 -1.479360181838274002e-02
1.028688870648749344e+03 1.997662317202949453e+03 1.322031439229269608e+03 2.282940000000000000e+19 -1.614612638950347900e-01 7.717347145080566406e-02
1.026376415215649558e+03 1.999598846826395629e+03 1.320900661874124808e+03 2.283140000000000000e+19 -2.140628360211849213e-02 -1.555972099304199219e-01
1.024059059583661110e+03 2.001531009052740728e+03 1.319772448100348811e+03 2.283340000000000000e+19 -2.066030055284500122e-01 -9.247954003512859344e-03
1.021736814810850433e+03 2.003458794662162518e+03 1.318646803291504511e+03 2.283540000000000000e+19 1.552506536245346069e-01 -3.383731096982955933e-02
1.019603866951256919e+03 2.005222134780450233e+03 1.317617190755668616e+03 2.283740000000000000e+19 1.075018867850303650e-01 -1.195077598094940186e-02
1.012399167006778612e+03 2.011125986667446796e+03 1.314170021296612958e+03 2.283940000000000000e+19 1.315094623714685440e-02 5.845150724053382874e-02
1.010052643765673338e+03 2.013031751171007727e+03 1.313057301902399331e+03 2.284140000000000000e+19 5.617392435669898987e-02 3.063004836440086365e-02
1.007701298382005007e+03 2.014933084044577754e+03 1.311947183594544640e+03 2.284340000000000000e+19 3.953373432159423828e-02 -9.061547368764877319e-02
1.005345142182406335e+03 2.016829976129281022e+03 1.310839671720573961e+03 2.284540000000000000e+19 -7.139704190194606781e-03 -1.167383715510368347e-01
1.002984186385382827e+03 2.018722418393337648e+03 1.309734771553735527e+03 2.284740000000000000e+19 -1.411375701427459717e-01 -4.091901332139968872e-02
1.000618442306221823e+03 2.020610401766763061e+03 1.308632488389524269e+03 2.284940000000000000e+19 7.663980126380920410e-02 4.180642589926719666e-02
9.982479212997479863e+02 2.022493917187895249e+03 1.307532827518506792e+03 2.285140000000000000e+19 5.570195149630308151e-03 1.024341657757759094e-01
9.960708175166776073e+02 2.024216597443020646e+03 1.306527079634422080e+03 2.285340000000000000e+19 5.222081765532493591e-02 6.777481734752655029e-02
1.012399167006778612e+03 2.011125986667446796e+03 1.314170021296612958e+03 2.285540000000000000e+19 -3.678118437528610229e-02 1.838855445384979248e-01
1.010052643765673338e+03 2.013031751171007727e+03 1.313057301902399331e+03 2.285740000000000000e+19 -2.549608051776885986e-01 -1.831644214689731598e-02
1.007701298382005007e+03 2.014933084044577754e+03 1.311947183594544640e+03 2.285940000000000000e+19 2.249664813280105591e-02 -1.302038133144378662e-01
1.005345142182406335e+03 2.016829976129281022e+03 1.310839671720573961e+03 2.286140000000000000e+19 3.268850967288017273e-02 -2.605170942842960358e-03
1.002984186385382827e+03 2.018722418393337648e+03 1.309734771553735527e+03 2.286340000000000000e+19 -1.838828250765800476e-02 7.512826472520828247e-02
1.000618442306221823e+03 2.020610401766763061e+03 1.308632488389524269e+03 2.286540000000000000e+19 2.978176437318325043e-02 -7.213379442691802979e-02
9.982479212997479863e+02 2.022493917187895249e+03 1.307532827518506792e+03 2.286740000000000000e+19 -5.967550352215766907e-02 -1.783846169710159302e-01
9.960708175166776073e+02 2.024216597443020646e+03 1.306527079634422080e+03 2.286940000000000000e+19 -6.633713841438293457e-02 7.620572298765182495e-02
9.887182949649590000e+02 2.029983119608373954e+03 1.303160511904251962e+03 2.287140000000000000e+19 9.840143471956253052e-02 -7.410776615142822266e-02
9.863240598077214827e+02 2.031844160598962844e+03 1.302074041122191602e+03 2.287340000000000000e+19 7.086337357759475708e-02 -2.054872550070285797e-02
9.839251161327268846e+02 2.033700679875799096e+03 1.300990224020074038e+03 2.287540000000000000e+19 -9.783677756786346436e-02 1.646905392408370972e-01
9.815214753622383341e+02 2.035552668599360231e+03 1.299909065758311954e+03 2.287740000000000000e+19 5.878941342234611511e-02 -1.245594695210456848e-01
9.791131490664110970e+02 2.037400117854906284e+03 1.298830571541169320e+03 2.287940000000000000e+19 -5.640145018696784973e-02 3.212683647871017456e-02
9.767001487038396590e+02 2.039243018852469049e+03 1.297754746499982502e+03 2.288140000000000000e+19 1.718017309904098511e-01 -6.977489590644836426e-02
9.742824858897078002e+02 2.041081362721134383e+03 1.296681595813308377e+03 2.288340000000000000e+19 3.836943581700325012e-02 -8.924428373575210571e-02
9.720622680405496112e+02 2.042762558721569803e+03 1.295700193882600615e+03 2.288540000000000000e+19 -6.655962765216827393e-02 -4.417565092444419861e-02
9.887182949649590000e+02 2.029983119608373954e+03 1.303160511904251962e+03 2.288740000000000000e+19 -1.965085715055465698e-01 -1.193837970495223999e-01
9.863240598077214827e+02 2.031844160598962844e+03 1.302074041122191602e+03 2.288940000000000000e+19 -3.656195476651191711e-02 -1.213103756308555603e-01
9.839251161327268846e+02 2.033700679875799096e+03 1.300990224020074038e+03 2.289140000000000000e+19 -1.938387937843799591e-02 -5.096281529404222965e-04
9.815214753622383341e+02 2.035552668599360231e+03 1.299909065758311954e+03 2.289340000000000000e+19 2.624215558171272278e-02 2.136774957180023193e-01
9.791131490664110970e+02 2.037400117854906284e+03 1.298830571541169320e+03 2.289540000000000000e+19 1.972720725461840630e-03 -1.224260181188583374e-01
9.767001487038396590e+02 2.039243018852469049e+03 1.297754746499982502e+03 2.289740000000000000e+19 -7.477442175149917603e-02 -6.496758200228214264e-03
9.742824858897078002e+02 2.041081362721134383e+03 1.296681595813308377e+03 2.289940000000000000e+19 -2.892773412168025970e-02 1.592296957969665527e-01
9.720622680405496112e+02 2.042762558721569803e+03 1.295700193882600615e+03 2.290140000000000000e+19 1.173327863216400146e-01 7.933942228555679321e-02
9.645654414444773010e+02 2.048388991592336879e+03 1.292415838952103968e+03 2.290340000000000000e+19 -1.043983385898172855e-03 -1.857516020536422729e-01
9.621246401862421180e+02 2.050204418427772453e+03 1.291356136735956397e+03 2.290540000000000000e+19 -1.257077157497406006e-01 7.588450610637664795e-02
9.596792462144741194e+02 2.052015235689036672e+03 1.290299139488686933e+03 2.290740000000000000e+19 -4.055219888687133789e-02 -1.260223519057035446e-02
9.572292711895456705e+02 2.053821434741511894e+03 1.289244852250424856e+03 2.290940000000000000e+19 -1.458084285259246826e-01 -1.778542697429656982e-01
9.547747268533896658e+02 2.055623006928551149e+03 1.288193280074090808e+03 2.291140000000000000e+19 -5.122100561857223511e-02 3.967442363500595093e-02
9.523156249956168722e+02 2.057419943596988560e+03 1.287144428010501770e+03 2.291340000000000000e+19 1.149601265788078308e-01 -9.077434241771697998e-02
9.498519773163720856e+02 2.059212236197275615e+03 1.286098301049928523e+03 2.291540000000000000e+19 3.878867626190185547e-02 -6.183999404311180115e-02
9.475897082829206965e+02 2.060851143120133202e+03 1.285141714889017294e+03 2.291740000000000000e+19 -4.891533404588699341e-03 4.367830231785774231e-02
9.645654414444773010e+02 2.048388991592336879e+03 1.292415838952103968e+03 2.291940000000000000e+19 2.545457519590854645e-02 -6.935391575098037720e-02
9.621246401862421180e+02 2.050204418427772453e+03 1.291356136735956397e+03 2.292140000000000000e+19 3.084435127675533295e-02 3.812434151768684387e-02
9.596792462144741194e+02 2.052015235689036672e+03 1.290299139488686933e+03 2.292340000000000000e+19 3.517645969986915588e-02 -6.207534298300743103e-02
9.572292711895456705e+02 2.053821434741511894e+03 1.289244852250424856e+03 2.292540000000000000e+19 3.840755298733711243e-02 5.390839651226997375e-03
9.547747268533896658e+02 2.055623006928551149e+03 1.288193280074090808e+03 2.292740000000000000e+19 -1.440381705760955811e-01 -7.262678444385528564e-02
9.523156249956168722e+02 2.057419943596988560e+03 1.287144428010501770e+03 2.292940000000000000e+19 -1.575293540954589844e-01 4.579500854015350342e-02
9.498519773163720856e+02 2.059212236197275615e+03 1.286098301049928523e+03 2.293140000000000000e+19 -3.818686679005622864e-02 2.122375741600990295e-02
9.475897082829206965e+02 2.060851143120133202e+03 1.285141714889017294e+03 2.293340000000000000e+19 -1.442109607160091400e-02 9.260211884975433350e-02
