# Baseline: 0-5
# Entries: 128
# u [m], v [m], w [m], frequency [GHz], real, imag, std(real), std(imag)
1.484753029229420349e+02 4.600330117100556890e+02 2.068513054446743240e+02 2.267940000000000111e+01 4.257848486304283142e-02 1.692580245435237885e-02 6.265825033187866211e-02 6.275913119316101074e-02
1.478351156478478572e+02 4.603121905071098467e+02 2.066886931043511311e+02 2.268140000000000001e+01 -8.636083453893661499e-02 3.732423484325408936e-02 6.265825033187866211e-02 6.275913119316101074e-02
1.471942231195768329e+02 4.605901604646157352e+02 2.065267894696846440e+02 2.268340000000000245e+01 7.145531475543975830e-02 -4.615084826946258545e-02 6.265825033187866211e-02 6.275913119316101074e-02
1.465526284008137736e+02 4.608669202542272956e+02 2.063655953143680790e+02 2.268540000000000134e+01 -7.460787147283554077e-02 1.972166646737605333e-04 6.265825033187866211e-02 6.275913119316101074e-02
1.460709951646786919e+02 4.610737330198249992e+02 2.062451435428037030e+02 2.268740000000000023e+01 4.179097339510917664e-02 7.058908231556415558e-03 6.265825033187866211e-02 6.275913119316101074e-02
1.452673446771344743e+02 4.614168040374956377e+02 2.060453385241518163e+02 2.268940000000000268e+01 -1.382913440465927124e-01 -1.588279567658901215e-02 6.265825033187866211e-02 6.275913119316101074e-02
1.446236618366997675e+02 4.616899253938431116e+02 2.058862774252382053e+02 2.269140000000000157e+01 1.016047671437263489e-01 -3.851512446999549866e-03 6.265825033187866211e-02 6.275913119316101074e-02
1.438181162609015757e+02 4.620296670479015120e+02 2.056884242480852834e+02 2.269340000000000046e+01 -4.161619767546653748e-02 -7.222445309162139893e-02 6.265825033187866211e-02 6.275913119316101074e-02
1.484753029229420349e+02 4.600330117100556890e+02 2.068513054446743240e+02 2.269540000000000290e+01 1.833601295948028564e-02 2.969059534370899200e-02 6.265825033187866211e-02 6.275913119316101074e-02
1.478351156478478572e+02 4.603121905071098467e+02 2.066886931043511311e+02 2.269740000000000180e+01 -1.113215535879135132e-01 -9.007067978382110596e-02 6.265825033187866211e-02 6.275913119316101074e-02
1.471942231195768329e+02 4.605901604646157352e+02 2.065267894696846440e+02 2.269940000000000069e+01 1.780889779329299927e-01 8.696250006323680282e-05 6.265825033187866211e-02 6.275913119316101074e-02
1.465526284008137736e+02 4.608669202542272956e+02 2.063655953143680790e+02 2.270140000000000313e+01 5.139756202697753906e-02 1.060348525643348694e-01 6.265825033187866211e-02 6.275913119316101074e-02
1.460709951646786919e+02 4.610737330198249992e+02 2.062451435428037030e+02 2.270340000000000202e+01 7.655893266201019287e-02 2.007943764328956604e-02 6.265825033187866211e-02 6.275913119316101074e-02
1.452673446771344743e+02 4.614168040374956377e+02 2.060453385241518163e+02 2.270540000000000092e+01 -3.376241400837898254e-02 -2.410008758306503296e-02 6.265825033187866211e-02 6.275913119316101074e-02
1.446236618366997675e+02 4.616899253938431116e+02 2.058862774252382053e+02 2.270739999999999981e+01 -4.540577530860900879e-02 1.406251452863216400e-02 6.265825033187866211e-02 6.275913119316101074e-02
1.438181162609015757e+02 4.620296670479015120e+02 2.056884242480852834e+02 2.270940000000000225e+01 3.397867456078529358e-02 -7.823091745376586914e-02 6.265825033187866211e-02 6.275913119316101074e-02
1.420420624402695751e+02 4.627702435266918997e+02 2.052571660362136186e+02 2.271140000000000114e+01 -5.766998603940010071e-02 -9.492485970258712769e-02 6.265825033187866211e-02 6.275913119316101074e-02
1.413949610282836034e+02 4.630372747731153709e+02 2.051016752046430724e+02 2.271340000000000003e+01 -8.095820248126983643e-02 7.048700004816055298e-03 6.265825033187866211e-02 6.275913119316101074e-02
1.407471851885606213e+02 4.633030841366600043e+02 2.049469006748048798e+02 2.271540000000000248e+01 -8.916874416172504425e-03 -6.069982424378395081e-03 6.265825033187866211e-02 6.275913119316101074e-02
1.400987380121688659e+02 4.635676703489490365e+02 2.047928431852431288e+02 2.271740000000000137e+01 -4.919528216123580933e-02 -8.211734890937805176e-02 6.265825033187866211e-02 6.275913119316101074e-02
1.394496226046664731e+02 4.638310321428228917e+02 2.046395034737700200e+02 2.271940000000000026e+01 1.907892711460590363e-02 -7.614922523498535156e-02 6.265825033187866211e-02 6.275913119316101074e-02
1.387998420725477331e+02 4.640931682578974460e+02 2.044868822742291457e+02 2.272140000000000271e+01 -3.306821733713150024e-02 8.735123090445995331e-03 6.265825033187866211e-02 6.275913119316101074e-02
1.381493995277640465e+02 4.643540774387618626e+02 2.043349803175455008e+02 2.272340000000000160e+01 2.211691625416278839e-02 6.272575259208679199e-02 6.265825033187866211e-02 6.275913119316101074e-02
1.375525899725557792e+02 4.645921809476296858e+02 2.041963601367001786e+02 2.272540000000000049e+01 2.040231134742498398e-03 2.500620856881141663e-02 6.265825033187866211e-02 6.275913119316101074e-02
1.420420624402695751e+02 4.627702435266918997e+02 2.052571660362136186e+02 2.272740000000000293e+01 2.404349669814109802e-02 -7.532478123903274536e-02 6.265825033187866211e-02 6.275913119316101074e-02
1.413949610282836034e+02 4.630372747731153709e+02 2.051016752046430724e+02 2.272940000000000182e+01 -8.608966320753097534e-02 -2.782720886170864105e-02 6.265825033187866211e-02 6.275913119316101074e-02
1.407471851885606213e+02 4.633030841366600043e+02 2.049469006748048798e+02 2.273140000000000072e+01 -8.562860637903213501e-02 4.959820955991744995e-02 6.265825033187866211e-02 6.275913119316101074e-02
1.400987380121688659e+02 4.635676703489490365e+02 2.047928431852431288e+02 2.273340000000000316e+01 -1.070444583892822266e-01 -1.191740483045578003e-01 6.265825033187866211e-02 6.275913119316101074e-02
1.394496226046664731e+02 4.638310321428228917e+02 2.046395034737700200e+02 2.273540000000000205e+01 -2.834236482158303261e-03 -1.374836545437574387e-02 6.265825033187866211e-02 6.275913119316101074e-02
1.387998420725477331e+02 4.640931682578974460e+02 2.044868822742291457e+02 2.273740000000000094e+01 -5.321487411856651306e-02 -2.463675290346145630e-02 6.265825033187866211e-02 6.275913119316101074e-02
1.381493995277640465e+02 4.643540774387618626e+02 2.043349803175455008e+02 2.273939999999999984e+01 5.244509130716323853e-02 3.590037673711776733e-02 6.265825033187866211e-02 6.275913119316101074e-02
1.375525899725557792e+02 4.645921809476296858e+02 2.041963601367001786e+02 2.274140000000000228e+01 7.158120721578598022e-02 2.115293405950069427e-02 6.265825033187866211e-02 6.275913119316101074e-02
1.355410714898458480e+02 4.653854199499131710e+02 2.037345793984863178e+02 2.274340000000000117e+01 4.250422865152359009e-02 5.507185310125350952e-02 6.265825033187866211e-02 6.275913119316101074e-02
1.348873656282508477e+02 4.656401758514002722e+02 2.035862844894025159e+02 2.274540000000000006e+01 -4.366917163133621216e-02 -1.258435193449258804e-02 6.265825033187866211e-02 6.275913119316101074e-02
1.342330164689842320e+02 4.658936974186808015e+02 2.034387131311074768e+02 2.274740000000000251e+01 -5.583745986223220825e-02 6.892513483762741089e-02 6.265825033187866211e-02 6.275913119316101074e-02
1.335780271549849374e+02 4.661459834340526527e+02 2.032918660324067446e+02 2.274940000000000140e+01 -9.018414467573165894e-02 -1.321943104267120361e-01 6.265825033187866211e-02 6.275913119316101074e-02
1.329224008071630578e+02 4.663970326953951258e+02 2.031457438930120816e+02 2.275140000000000029e+01 -3.359002619981765747e-02 2.325052954256534576e-02 6.265825033187866211e-02 6.275913119316101074e-02
1.322661405837322661e+02 4.666468439933953505e+02 2.030003474167968704e+02 2.275340000000000273e+01 -4.211083799600601196e-02 -2.960494533181190491e-02 6.265825033187866211e-02 6.275913119316101074e-02
1.316092496093939985e+02 4.668954161386369037e+02 2.028556772960296826e+02 2.275540000000000163e+01 -7.028762251138687134e-02 -1.678860560059547424e-02 6.265825033187866211e-02 6.275913119316101074e-02
1.310065561015437368e+02 4.671222001622963944e+02 2.027236924309971755e+02 2.275740000000000052e+01 -8.816727250814437866e-02 -3.292132169008255005e-02 6.265825033187866211e-02 6.275913119316101074e-02
1.355410714898458480e+02 4.653854199499131710e+02 2.037345793984863178e+02 2.275940000000000296e+01 4.694784432649612427e-02 -2.750501967966556549e-03 6.265825033187866211e-02 6.275913119316101074e-02
1.348873656282508477e+02 4.656401758514002722e+02 2.035862844894025159e+02 2.276140000000000185e+01 -6.404431164264678955e-02 2.401155233383178711e-02 6.265825033187866211e-02 6.275913119316101074e-02
1.342330164689842320e+02 4.658936974186808015e+02 2.034387131311074768e+02 2.276340000000000074e+01 5.449587106704711914e-02 -3.292412031441926956e-03 6.265825033187866211e-02 6.275913119316101074e-02
1.335780271549849374e+02 4.661459834340526527e+02 2.032918660324067446e+02 2.276540000000000319e+01 -9.824026376008987427e-02 -4.791110381484031677e-02 6.265825033187866211e-02 6.275913119316101074e-02
1.329224008071630578e+02 4.663970326953951258e+02 2.031457438930120816e+02 2.276740000000000208e+01 2.401911281049251556e-02 9.608253836631774902e-03 6.265825033187866211e-02 6.275913119316101074e-02
1.322661405837322661e+02 4.666468439933953505e+02 2.030003474167968704e+02 2.276940000000000097e+01 5.538869276642799377e-02 9.420853853225708008e-02 6.265825033187866211e-02 6.275913119316101074e-02
1.316092496093939985e+02 4.668954161386369037e+02 2.028556772960296826e+02 2.277139999999999986e+01 3.319059312343597412e-02 1.329801827669143677e-01 6.265825033187866211e-02 6.275913119316101074e-02
1.310065561015437368e+02 4.671222001622963944e+02 2.027236924309971755e+02 2.277340000000000231e+01 2.355015464127063751e-02 -7.728931307792663574e-02 6.265825033187866211e-02 6.275913119316101074e-02
1.289754411678159443e+02 4.678772894716953488e+02 2.022842741723650022e+02 2.277540000000000120e+01 1.940625533461570740e-02 -1.084909960627555847e-02 6.265825033187866211e-02 6.275913119316101074e-02
1.283154436749712488e+02 4.681196481200940411e+02 2.021432461490298920e+02 2.277740000000000009e+01 5.790789425373077393e-02 6.575622409582138062e-02 6.265825033187866211e-02 6.275913119316101074e-02
1.276548343496963014e+02 4.683607605630296575e+02 2.020029485854664415e+02 2.277940000000000254e+01 7.019063085317611694e-02 -1.245035305619239807e-01 6.265825033187866211e-02 6.275913119316101074e-02
1.269936163373876923e+02 4.686006256524794367e+02 2.018633821496797225e+02 2.278140000000000143e+01 6.856008619070053101e-02 -3.951983153820037842e-02 6.265825033187866211e-02 6.275913119316101074e-02
1.263317928208862355e+02 4.688392422338311007e+02 2.017245475134834578e+02 2.278340000000000032e+01 3.662427142262458801e-02 2.433602139353752136e-02 6.265825033187866211e-02 6.275913119316101074e-02
1.256693669490655623e+02 4.690766091717785002e+02 2.015864453374325080e+02 2.278540000000000276e+01 1.826665177941322327e-02 1.144251320511102676e-02 6.265825033187866211e-02 6.275913119316101074e-02
1.250063419105801756e+02 4.693127253237333889e+02 2.014490762862929216e+02 2.278740000000000165e+01 -6.703983247280120850e-02 -6.143705919384956360e-02 6.265825033187866211e-02 6.275913119316101074e-02
1.243980528482597521e+02 4.695280813426915074e+02 2.013237898935998089e+02 2.278940000000000055e+01 -1.020683534443378448e-02 -2.549823001027107239e-02 6.265825033187866211e-02 6.275913119316101074e-02
1.289754411678159443e+02 4.678772894716953488e+02 2.022842741723650022e+02 2.279140000000000299e+01 -4.756292328238487244e-02 -4.999590665102005005e-02 6.265825033187866211e-02 6.275913119316101074e-02
1.283154436749712488e+02 4.681196481200940411e+02 2.021432461490298920e+02 2.279340000000000188e+01 -3.750865533947944641e-02 2.201480418443679810e-02 6.265825033187866211e-02 6.275913119316101074e-02
1.276548343496963014e+02 4.683607605630296575e+02 2.020029485854664415e+02 2.279540000000000077e+01 7.438312470912933350e-02 -9.538319706916809082e-02 6.265825033187866211e-02 6.275913119316101074e-02
1.269936163373876923e+02 4.686006256524794367e+02 2.018633821496797225e+02 2.279739999999999966e+01 7.252620160579681396e-02 1.314513105899095535e-02 6.265825033187866211e-02 6.275913119316101074e-02
1.263317928208862355e+02 4.688392422338311007e+02 2.017245475134834578e+02 2.279940000000000211e+01 8.015491999685764313e-03 5.172357428818941116e-03 6.265825033187866211e-02 6.275913119316101074e-02
1.256693669490655623e+02 4.690766091717785002e+02 2.015864453374325080e+02 2.280140000000000100e+01 -2.287742123007774353e-02 -3.245776146650314331e-02 6.265825033187866211e-02 6.275913119316101074e-02
1.250063419105801756e+02 4.693127253237333889e+02 2.014490762862929216e+02 2.280339999999999989e+01 4.584701266139745712e-03 1.038908958435058594e-02 6.265825033187866211e-02 6.275913119316101074e-02
1.243980528482597521e+02 4.695280813426915074e+02 2.013237898935998089e+02 2.280540000000000234e+01 2.082787826657295227e-02 1.956447027623653412e-02 6.265825033187866211e-02 6.275913119316101074e-02
1.224592524088987773e+02 4.702062298549162733e+02 2.009292982875640803e+02 2.280740000000000123e+01 7.496614009141921997e-02 3.751498833298683167e-02 6.265825033187866211e-02 6.275913119316101074e-02
1.217933761292285482e+02 4.704362847379485402e+02 2.007954818671333896e+02 2.280940000000000012e+01 -7.959569245576858521e-02 5.523839220404624939e-02 6.265825033187866211e-02 6.275913119316101074e-02
1.211269192208162906e+02 4.706650823320395034e+02 2.006624023545604700e+02 2.281140000000000256e+01 9.413859993219375610e-02 3.004841133952140808e-02 6.265825033187866211e-02 6.275913119316101074e-02
1.204598848847631842e+02 4.708926215382556961e+02 2.005300603890348725e+02 2.281340000000000146e+01 -8.695296943187713623e-02 -2.281462587416172028e-02 6.265825033187866211e-02 6.275913119316101074e-02
1.197922762947408302e+02 4.711189012740080670e+02 2.003984566002134216e+02 2.281540000000000035e+01 6.596777588129043579e-02 4.594920668751001358e-03 6.265825033187866211e-02 6.275913119316101074e-02
1.191240966620196957e+02 4.713439204508528633e+02 2.002675916211301796e+02 2.281740000000000279e+01 -1.080887466669082642e-01 -6.205823644995689392e-02 6.265825033187866211e-02 6.275913119316101074e-02
1.184553491750337173e+02 4.715676779950657647e+02 2.001374660762321867e+02 2.281940000000000168e+01 8.222216740250587463e-03 -5.289333057589828968e-04 6.265825033187866211e-02 6.275913119316101074e-02
1.178418416928334551e+02 4.717716959395878007e+02 2.000188250031429789e+02 2.282140000000000057e+01 -3.561831265687942505e-02 -8.248676359653472900e-02 6.265825033187866211e-02 6.275913119316101074e-02
1.224592524088987773e+02 4.702062298549162733e+02 2.009292982875640803e+02 2.282340000000000302e+01 1.460541039705276489e-01 2.779744379222393036e-02 6.265825033187866211e-02 6.275913119316101074e-02
1.217933761292285482e+02 4.704362847379485402e+02 2.007954818671333896e+02 2.282540000000000191e+01 7.405463606119155884e-02 -5.409801378846168518e-02 6.265825033187866211e-02 6.275913119316101074e-02
1.211269192208162906e+02 4.706650823320395034e+02 2.006624023545604700e+02 2.282740000000000080e+01 6.637416779994964600e-02 1.250137388706207275e-01 6.265825033187866211e-02 6.275913119316101074e-02
1.204598848847631842e+02 4.708926215382556961e+02 2.005300603890348725e+02 2.282939999999999969e+01 -1.353797037154436111e-02 2.355686947703361511e-02 6.265825033187866211e-02 6.275913119316101074e-02
1.197922762947408302e+02 4.711189012740080670e+02 2.003984566002134216e+02 2.283140000000000214e+01 6.524630635976791382e-02 2.370686456561088562e-02 6.265825033187866211e-02 6.275913119316101074e-02
1.191240966620196957e+02 4.713439204508528633e+02 2.002675916211301796e+02 2.283340000000000103e+01 -3.007517941296100616e-02 -5.414099991321563721e-02 6.265825033187866211e-02 6.275913119316101074e-02
1.184553491750337173e+02 4.715676779950657647e+02 2.001374660762321867e+02 2.283539999999999992e+01 7.786696404218673706e-02 2.213381603360176086e-02 6.265825033187866211e-02 6.275913119316101074e-02
1.178418416928334551e+02 4.717716959395878007e+02 2.000188250031429789e+02 2.283740000000000236e+01 8.011414669454097748e-03 -7.756526023149490356e-02 6.265825033187866211e-02 6.275913119316101074e-02
1.157747447547977089e+02 4.724500705122711111e+02 1.996243706443749772e+02 2.283940000000000126e+01 3.725918382406234741e-02 6.276387721300125122e-03 6.265825033187866211e-02 6.275913119316101074e-02
1.151032060757017774e+02 4.726675039454009948e+02 1.994979515442927891e+02 2.284140000000000015e+01 7.595124095678329468e-02 -3.367504477500915527e-02 6.265825033187866211e-02 6.275913119316101074e-02
1.144311187759001740e+02 4.728836694145821298e+02 1.993722755599318077e+02 2.284340000000000259e+01 4.364337027072906494e-02 5.481065437197685242e-02 6.265825033187866211e-02 6.275913119316101074e-02
1.137584860928936763e+02 4.730985658785280634e+02 1.992473432966815210e+02 2.284540000000000148e+01 -5.465399846434593201e-02 8.202155679464340210e-02 6.265825033187866211e-02 6.275913119316101074e-02
1.130853112293265639e+02 4.733121923140411127e+02 1.991231553493864794e+02 2.284740000000000038e+01 -8.466739207506179810e-03 8.311452344059944153e-03 6.265825033187866211e-02 6.275913119316101074e-02
1.124115974115175476e+02 4.735245476972529559e+02 1.989997123132525019e+02 2.284940000000000282e+01 1.093164607882499695e-01 3.098719008266925812e-02 6.265825033187866211e-02 6.275913119316101074e-02
1.117373478730733183e+02 4.737356310089375029e+02 1.988770147807580031e+02 2.285140000000000171e+01 -1.788581609725952148e-01 -1.115369028411805630e-03 6.265825033187866211e-02 6.275913119316101074e-02
1.111188246709692180e+02 4.739280219244679415e+02 1.987651879414760288e+02 2.285340000000000060e+01 5.772085487842559814e-02 -1.026138588786125183e-01 6.265825033187866211e-02 6.275913119316101074e-02
1.157747447547977089e+02 4.724500705122711111e+02 1.996243706443749772e+02 2.285540000000000305e+01 1.660589873790740967e-02 -9.489114396274089813e-03 6.265825033187866211e-02 6.275913119316101074e-02
1.151032060757017774e+02 4.726675039454009948e+02 1.994979515442927891e+02 2.285740000000000194e+01 -4.764092341065406799e-02 7.402610778808593750e-02 6.265825033187866211e-02 6.275913119316101074e-02
1.144311187759001740e+02 4.728836694145821298e+02 1.993722755599318077e+02 2.285940000000000083e+01 3.024600259959697723e-02 4.425249248743057251e-02 6.265825033187866211e-02 6.275913119316101074e-02
1.137584860928936763e+02 4.730985658785280634e+02 1.992473432966815210e+02 2.286139999999999972e+01 -6.959280371665954590e-02 -1.069361567497253418e-01 6.265825033187866211e-02 6.275913119316101074e-02
1.130853112293265639e+02 4.733121923140411127e+02 1.991231553493864794e+02 2.286340000000000217e+01 -5.660485476255416870e-02 2.353199385106563568e-02 6.265825033187866211e-02 6.275913119316101074e-02
1.124115974115175476e+02 4.735245476972529559e+02 1.989997123132525019e+02 2.286540000000000106e+01 8.148006349802017212e-02 -6.773718446493148804e-02 6.265825033187866211e-02 6.275913119316101074e-02
1.117373478730733183e+02 4.737356310089375029e+02 1.988770147807580031e+02 2.286739999999999995e+01 -8.576907217502593994e-02 -1.635423861443996429e-02 6.265825033187866211e-02 6.275913119316101074e-02
1.111188246709692180e+02 4.739280219244679415e+02 1.987651879414760288e+02 2.286940000000000239e+01 -1.097342297434806824e-01 -6.933131255209445953e-03 6.265825033187866211e-02 6.275913119316101074e-02
1.090350570093206528e+02 4.745672234525775934e+02 1.983936913632562380e+02 2.287140000000000128e+01 1.453286875039339066e-02 3.853444010019302368e-02 6.265825033187866211e-02 6.275913119316101074e-02
1.083581772802785963e+02 4.747719313883270615e+02 1.982747300781151694e+02 2.287340000000000018e+01 -2.073368057608604431e-02 1.331538558006286621e-01 6.265825033187866211e-02 6.275913119316101074e-02
1.076807812292463922e+02 4.749753612830020870e+02 1.981565177661156838e+02 2.287540000000000262e+01 -1.496494747698307037e-02 1.682675443589687347e-02 6.265825033187866211e-02 6.275913119316101074e-02
1.070028720815517715e+02 4.751775121680095140e+02 1.980390549901020165e+02 2.287740000000000151e+01 -1.508419774472713470e-02 -1.006941199302673340e-01 6.265825033187866211e-02 6.275913119316101074e-02
1.063244531003768003e+02 4.753783830702726618e+02 1.979223423154927559e+02 2.287940000000000040e+01 -8.140237070620059967e-03 3.862741217017173767e-02 6.265825033187866211e-02 6.275913119316101074e-02
1.056455275135709115e+02 4.755779730340710216e+02 1.978063802975903798e+02 2.288140000000000285e+01 -4.011916462332010269e-03 4.786266479641199112e-03 6.265825033187866211e-02 6.275913119316101074e-02
1.049660985891972445e+02 4.757762810986718023e+02 1.976911694945814020e+02 2.288340000000000174e+01 7.432067766785621643e-03 -1.868754811584949493e-02 6.265825033187866211e-02 6.275913119316101074e-02
1.043428556625847250e+02 4.759569529162733375e+02 1.975862104038200471e+02 2.288540000000000063e+01 2.150662988424301147e-02 9.613999724388122559e-02 6.265825033187866211e-02 6.275913119316101074e-02
1.090350570093206528e+02 4.745672234525775934e+02 1.983936913632562380e+02 2.288740000000000308e+01 1.894068717956542969e-02 -1.457991451025009155e-02 6.265825033187866211e-02 6.275913119316101074e-02
1.083581772802785963e+02 4.747719313883270615e+02 1.982747300781151694e+02 2.288940000000000197e+01 5.332479625940322876e-02 4.945668205618858337e-02 6.265825033187866211e-02 6.275913119316101074e-02
1.076807812292463922e+02 4.749753612830020870e+02 1.981565177661156838e+02 2.289140000000000086e+01 -1.541693974286317825e-02 2.486299164593219757e-02 6.265825033187866211e-02 6.275913119316101074e-02
1.070028720815517715e+02 4.751775121680095140e+02 1.980390549901020165e+02 2.289339999999999975e+01 -3.964647650718688965e-02 2.542597986757755280e-02 6.265825033187866211e-02 6.275913119316101074e-02
1.063244531003768003e+02 4.753783830702726618e+02 1.979223423154927559e+02 2.289540000000000219e+01 -2.298044227063655853e-02 6.652729213237762451e-02 6.265825033187866211e-02 6.275913119316101074e-02
1.056455275135709115e+02 4.755779730340710216e+02 1.978063802975903798e+02 2.289740000000000109e+01 -5.485395900905132294e-03 4.500899929553270340e-03 6.265825033187866211e-02 6.275913119316101074e-02
1.049660985891972445e+02 4.757762810986718023e+02 1.976911694945814020e+02 2.289939999999999998e+01 3.364421799778938293e-02 -7.132069021463394165e-02 6.265825033187866211e-02 6.275913119316101074e-02
1.043428556625847250e+02 4.759569529162733375e+02 1.975862104038200471e+02 2.290140000000000242e+01 -9.015852212905883789e-02 4.629534855484962463e-02 6.265825033187866211e-02 6.275913119316101074e-02
1.022434144671932046e+02 4.765566755101409058e+02 1.972378493851163341e+02 2.290340000000000131e+01 3.779866918921470642e-02 4.107386246323585510e-02 6.265825033187866211e-02 6.275913119316101074e-02
1.015615176240740709e+02 4.767485599811046768e+02 1.971264028462184399e+02 2.290540000000000020e+01 7.722562551498413086e-02 -1.995912520214915276e-03 6.265825033187866211e-02 6.275913119316101074e-02
1.008791369836825851e+02 4.769391569522161944e+02 1.970157107755429706e+02 2.290740000000000265e+01 -2.815612778067588806e-02 -7.677804678678512573e-02 6.265825033187866211e-02 6.275913119316101074e-02
1.001962757998232831e+02 4.771284655146317277e+02 1.969057737009127607e+02 2.290940000000000154e+01 -1.273070871829986572e-01 -5.991168320178985596e-02 6.265825033187866211e-02 6.275913119316101074e-02
9.951293734523943613e+01 4.773164847610317452e+02 1.967965921492329926e+02 2.291140000000000043e+01 3.065267018973827362e-02 5.249099805951118469e-03 6.265825033187866211e-02 6.275913119316101074e-02
9.882912490211484169e+01 4.775032137883478072e+02 1.966881666449076533e+02 2.291340000000000288e+01 5.093034729361534119e-02 -1.765999570488929749e-02 6.265825033187866211e-02 6.275913119316101074e-02
9.814484172394747930e+01 4.776886517081609895e+02 1.965804977038019103e+02 2.291540000000000177e+01 -5.436091497540473938e-02 -1.164429541677236557e-02 6.265825033187866211e-02 6.275913119316101074e-02
9.751717743560611495e+01 4.778575179378906341e+02 1.964824566066541536e+02 2.291740000000000066e+01 5.703820288181304932e-02 3.617867082357406616e-02 6.265825033187866211e-02 6.275913119316101074e-02
1.022434144671932046e+02 4.765566755101409058e+02 1.972378493851163341e+02 2.291940000000000310e+01 -5.017370916903018951e-03 -7.497928291559219360e-02 6.265825033187866211e-02 6.275913119316101074e-02
1.015615176240740709e+02 4.767485599811046768e+02 1.971264028462184399e+02 2.292140000000000200e+01 2.146462909877300262e-02 3.019779920578002930e-02 6.265825033187866211e-02 6.275913119316101074e-02
1.008791369836825851e+02 4.769391569522161944e+02 1.970157107755429706e+02 2.292340000000000089e+01 -5.195646081119775772e-04 -9.187763184309005737e-02 6.265825033187866211e-02 6.275913119316101074e-02
1.001962757998232831e+02 4.771284655146317277e+02 1.969057737009127607e+02 2.292539999999999978e+01 -1.255650725215673447e-02 5.169050022959709167e-02 6.265825033187866211e-02 6.275913119316101074e-02
9.951293734523943613e+01 4.773164847610317452e+02 1.967965921492329926e+02 2.292740000000000222e+01 -4.097603261470794678e-03 4.968626890331506729e-03 6.265825033187866211e-02 6.275913119316101074e-02
9.882912490211484169e+01 4.775032137883478072e+02 1.966881666449076533e+02 2.292940000000000111e+01 -1.236398704349994659e-02 -1.120188739150762558e-02 6.265825033187866211e-02 6.275913119316101074e-02
9.814484172394747930e+01 4.776886517081609895e+02 1.965804977038019103e+02 2.293140000000000001e+01 7.859952002763748169e-02 -6.372021883726119995e-02 6.265825033187866211e-02 6.275913119316101074e-02
9.751717743560611495e+01 4.778575179378906341e+02 1.964824566066541536e+02 2.293340000000000245e+01 8.019971102476119995e-02 -1.997479237616062164e-02 6.265825033187866211e-02 6.275913119316101074e-02
