# Baseline: 3-19
# Entries: 128
# u [m], v [m], w [m], frequency [GHz], real, imag, std(real), std(imag)
-1.622238355882954920e+03 -2.066944701461404293e+03 -1.890777551925911666e+03 2.267940000000000111e+01 -9.599842131137847900e-02 8.715002983808517456e-02 5.861811712384223938e-02 5.897460132837295532e-02
-1.620422339904318278e+03 -2.070000813605337044e+03 -1.888990604814235894e+03 2.268140000000000001e+01 7.825955003499984741e-02 -7.138275355100631714e-02 5.861811712384223938e-02 5.897460132837295532e-02
-1.618598583633315002e+03 -2.073053494521382618e+03 -1.887205676914185915e+03 2.268340000000000245e+01 -7.257171720266342163e-02 1.063579842448234558e-01 5.861811712384223938e-02 5.897460132837295532e-02
-1.616767095785325637e+03 -2.076102729621496110e+03 -1.885422776755503264e+03 2.268540000000000134e+01 1.012854650616645813e-01 -1.784237474203109741e-01 5.861811712384223938e-02 5.897460132837295532e-02
-1.615388652434904316e+03 -2.078387494363343649e+03 -1.884086873622238727e+03 2.268740000000000023e+01 -1.461384892463684082e-01 -2.396052516996860504e-02 5.861811712384223938e-02 5.897460132837295532e-02
-1.613080960455011109e+03 -2.082190804018919607e+03 -1.881863093782563510e+03 2.268940000000000268e+01 7.627356797456741333e-02 -1.450348645448684692e-01 5.861811712384223938e-02 5.897460132837295532e-02
-1.611226330652320939e+03 -2.085229614116786706e+03 -1.880086328041136539e+03 2.269140000000000157e+01 -3.464100882411003113e-02 -9.485722333192825317e-02 5.861811712384223938e-02 5.897460132837295532e-02
-1.608897532784603754e+03 -2.089023340198521055e+03 -1.877868187271877559e+03 2.269340000000000046e+01 5.165979266166687012e-02 -7.942667603492736816e-02 5.861811712384223938e-02 5.897460132837295532e-02
-1.622238355882954920e+03 -2.066944701461404293e+03 -1.890777551925911666e+03 2.269540000000000290e+01 6.030055694282054901e-03 1.437299400568008423e-01 5.861811712384223938e-02 5.897460132837295532e-02
-1.620422339904318278e+03 -2.070000813605337044e+03 -1.888990604814235894e+03 2.269740000000000180e+01 4.667282477021217346e-02 9.908795356750488281e-02 5.861811712384223938e-02 5.897460132837295532e-02
-1.618598583633315002e+03 -2.073053494521382618e+03 -1.887205676914185915e+03 2.269940000000000069e+01 -5.471289530396461487e-02 -5.287437513470649719e-02 5.861811712384223938e-02 5.897460132837295532e-02
-1.616767095785325637e+03 -2.076102729621496110e+03 -1.885422776755503264e+03 2.270140000000000313e+01 -9.140213578939437866e-02 3.833185136318206787e-02 5.861811712384223938e-02 5.897460132837295532e-02
-1.615388652434904316e+03 -2.078387494363343649e+03 -1.884086873622238727e+03 2.270340000000000202e+01 -3.937440738081932068e-02 -1.350777875632047653e-02 5.861811712384223938e-02 5.897460132837295532e-02
-1.613080960455011109e+03 -2.082190804018919607e+03 -1.881863093782563510e+03 2.270540000000000092e+01 -3.141200169920921326e-02 9.325447492301464081e-03 5.861811712384223938e-02 5.897460132837295532e-02
-1.611226330652320939e+03 -2.085229614116786706e+03 -1.880086328041136539e+03 2.270739999999999981e+01 5.987824127078056335e-02 -1.395642943680286407e-02 5.861811712384223938e-02 5.897460132837295532e-02
-1.608897532784603754e+03 -2.089023340198521055e+03 -1.877868187271877559e+03 2.270940000000000225e+01 7.900412194430828094e-03 -8.600986748933792114e-02 5.861811712384223938e-02 5.897460132837295532e-02
-1.603730937785435572e+03 -2.097349668475148519e+03 -1.872999968072987940e+03 2.271140000000000114e+01 -8.392563462257385254e-02 -1.128643006086349487e-01 5.861811712384223938e-02 5.897460132837295532e-02
-1.601837915999613415e+03 -2.100370813041434303e+03 -1.871233596228429178e+03 2.271340000000000003e+01 4.129521921277046204e-02 -5.277715250849723816e-02 5.861811712384223938e-02 5.897460132837295532e-02
-1.599937242875291759e+03 -2.103388381016102358e+03 -1.869469328588012331e+03 2.271540000000000248e+01 -1.031312495470046997e-01 4.481929913163185120e-02 5.861811712384223938e-02 5.897460132837295532e-02
-1.598028927482204381e+03 -2.106402357999942978e+03 -1.867707173570449868e+03 2.271740000000000137e+01 4.485215991735458374e-02 -1.049998775124549866e-02 5.861811712384223938e-02 5.897460132837295532e-02
-1.596112978959717339e+03 -2.109412729558359388e+03 -1.865947139615080914e+03 2.271940000000000026e+01 2.443298324942588806e-02 -4.215270653367042542e-02 5.861811712384223938e-02 5.897460132837295532e-02
-1.594189406477041302e+03 -2.112419481284488938e+03 -1.864189235144965778e+03 2.272140000000000271e+01 5.776309967041015625e-02 -1.232184097170829773e-01 5.861811712384223938e-02 5.897460132837295532e-02
-1.592258219246699127e+03 -2.115422598778382053e+03 -1.862433468579062492e+03 2.272340000000000160e+01 6.088542938232421875e-02 7.031241804361343384e-02 5.861811712384223938e-02 5.897460132837295532e-02
-1.590481379534217012e+03 -2.118172298285977377e+03 -1.860825873717191826e+03 2.272540000000000049e+01 -3.128664568066596985e-02 -6.744813919067382812e-02 5.861811712384223938e-02 5.897460132837295532e-02
-1.603730937785435572e+03 -2.097349668475148519e+03 -1.872999968072987940e+03 2.272740000000000293e+01 3.149392455816268921e-02 3.228503838181495667e-02 5.861811712384223938e-02 5.897460132837295532e-02
-1.601837915999613415e+03 -2.100370813041434303e+03 -1.871233596228429178e+03 2.272940000000000182e+01 -1.996731311082839966e-01 -1.531254127621650696e-02 5.861811712384223938e-02 5.897460132837295532e-02
-1.599937242875291759e+03 -2.103388381016102358e+03 -1.869469328588012331e+03 2.273140000000000072e+01 -1.476179659366607666e-01 2.813714183866977692e-02 5.861811712384223938e-02 5.897460132837295532e-02
-1.598028927482204381e+03 -2.106402357999942978e+03 -1.867707173570449868e+03 2.273340000000000316e+01 9.492750465869903564e-02 -6.522580236196517944e-02 5.861811712384223938e-02 5.897460132837295532e-02
-1.596112978959717339e+03 -2.109412729558359388e+03 -1.865947139615080914e+03 2.273540000000000205e+01 1.091220751404762268e-01 7.648070901632308960e-02 5.861811712384223938e-02 5.897460132837295532e-02
-1.594189406477041302e+03 -2.112419481284488938e+03 -1.864189235144965778e+03 2.273740000000000094e+01 -6.998024880886077881e-03 8.291351795196533203e-02 5.861811712384223938e-02 5.897460132837295532e-02
-1.592258219246699127e+03 -2.115422598778382053e+03 -1.862433468579062492e+03 2.273939999999999984e+01 1.694296300411224365e-02 4.324223846197128296e-02 5.861811712384223938e-02 5.897460132837295532e-02
-1.590481379534217012e+03 -2.118172298285977377e+03 -1.860825873717191826e+03 2.274140000000000228e+01 7.086679339408874512e-02 -8.643225580453872681e-02 5.861811712384223938e-02 5.897460132837295532e-02
-1.584457508129438793e+03 -2.127398439418307589e+03 -1.855431949158197540e+03 2.274340000000000117e+01 7.444023340940475464e-02 5.009884759783744812e-02 5.861811712384223938e-02 5.897460132837295532e-02
-1.582488386493811277e+03 -2.130383170561198312e+03 -1.853686997922268120e+03 2.274540000000000006e+01 -5.280945077538490295e-02 -9.171718731522560120e-03 5.861811712384223938e-02 5.897460132837295532e-02
-1.580511706081299280e+03 -2.133364181543995983e+03 -1.851944234827107493e+03 2.274740000000000251e+01 -3.062737360596656799e-02 -1.211728826165199280e-01 5.861811712384223938e-02 5.897460132837295532e-02
-1.578527476386207354e+03 -2.136341458048450477e+03 -1.850203668243463653e+03 2.274940000000000140e+01 4.016518592834472656e-02 -8.003551512956619263e-02 5.861811712384223938e-02 5.897460132837295532e-02
-1.576535706862968937e+03 -2.139314985888257979e+03 -1.848465306464884861e+03 2.275140000000000029e+01 5.174097791314125061e-02 1.227224469184875488e-01 5.861811712384223938e-02 5.897460132837295532e-02
-1.574536407106188108e+03 -2.142284750739721403e+03 -1.846729157865176830e+03 2.275340000000000273e+01 -7.457101345062255859e-02 3.119360841810703278e-02 5.861811712384223938e-02 5.897460132837295532e-02
-1.572529586635396754e+03 -2.145250738462799745e+03 -1.844995230710713713e+03 2.275540000000000163e+01 -5.515275150537490845e-02 7.958777248859405518e-02 5.861811712384223938e-02 5.897460132837295532e-02
-1.570683498214911197e+03 -2.147966278703561329e+03 -1.843407727594257494e+03 2.275740000000000052e+01 5.097484216094017029e-02 -7.800958305597305298e-02 5.861811712384223938e-02 5.897460132837295532e-02
-1.584457508129438793e+03 -2.127398439418307589e+03 -1.855431949158197540e+03 2.275940000000000296e+01 -1.565294712781906128e-01 -1.963623240590095520e-02 5.861811712384223938e-02 5.897460132837295532e-02
-1.582488386493811277e+03 -2.130383170561198312e+03 -1.853686997922268120e+03 2.276140000000000185e+01 -8.469687600154429674e-05 -5.757738649845123291e-02 5.861811712384223938e-02 5.897460132837295532e-02
-1.580511706081299280e+03 -2.133364181543995983e+03 -1.851944234827107493e+03 2.276340000000000074e+01 -2.571417950093746185e-02 -3.698810935020446777e-03 5.861811712384223938e-02 5.897460132837295532e-02
-1.578527476386207354e+03 -2.136341458048450477e+03 -1.850203668243463653e+03 2.276540000000000319e+01 5.009981989860534668e-02 8.085303008556365967e-02 5.861811712384223938e-02 5.897460132837295532e-02
-1.576535706862968937e+03 -2.139314985888257979e+03 -1.848465306464884861e+03 2.276740000000000208e+01 -1.219426766037940979e-01 -2.044309116899967194e-02 5.861811712384223938e-02 5.897460132837295532e-02
-1.574536407106188108e+03 -2.142284750739721403e+03 -1.846729157865176830e+03 2.276940000000000097e+01 3.310413565486669540e-03 6.957342475652694702e-02 5.861811712384223938e-02 5.897460132837295532e-02
-1.572529586635396754e+03 -2.145250738462799745e+03 -1.844995230710713713e+03 2.277139999999999986e+01 1.760302111506462097e-02 -1.259073335677385330e-02 5.861811712384223938e-02 5.897460132837295532e-02
-1.570683498214911197e+03 -2.147966278703561329e+03 -1.843407727594257494e+03 2.277340000000000231e+01 -8.322995901107788086e-02 -5.639525502920150757e-02 5.861811712384223938e-02 5.897460132837295532e-02
-1.564427290372927246e+03 -2.157076634248244318e+03 -1.838081902468161616e+03 2.277540000000000120e+01 -4.134876281023025513e-02 7.842912524938583374e-02 5.861811712384223938e-02 5.897460132837295532e-02
-1.562383011174774538e+03 -2.160023523683579697e+03 -1.836359206852045418e+03 2.277740000000000009e+01 -1.802374958060681820e-03 -2.047751471400260925e-02 5.861811712384223938e-02 5.897460132837295532e-02
-1.560331269461028569e+03 -2.162966551045994947e+03 -1.834638782339051886e+03 2.277940000000000254e+01 -5.400742590427398682e-02 -4.837360233068466187e-02 5.861811712384223938e-02 5.897460132837295532e-02
-1.558272075000768609e+03 -2.165905702322684192e+03 -1.832920637120731271e+03 2.278140000000000143e+01 -5.095745995640754700e-02 -5.805594474077224731e-02 5.861811712384223938e-02 5.897460132837295532e-02
-1.556205437706155635e+03 -2.168840963365750667e+03 -1.831204779467536127e+03 2.278340000000000032e+01 1.086795818991959095e-03 9.579994529485702515e-02 5.861811712384223938e-02 5.897460132837295532e-02
-1.554131367410003577e+03 -2.171772320209595364e+03 -1.829491217543292123e+03 2.278540000000000276e+01 1.207752525806427002e-02 7.206708937883377075e-02 5.861811712384223938e-02 5.897460132837295532e-02
-1.552049874096074063e+03 -2.174699758743839084e+03 -1.827779959596393610e+03 2.278740000000000165e+01 2.643764391541481018e-02 -7.573346793651580811e-02 5.861811712384223938e-02 5.897460132837295532e-02
-1.550135420350644836e+03 -2.177379840290293032e+03 -1.826213307869114942e+03 2.278940000000000055e+01 7.117921859025955200e-02 7.558470964431762695e-02 5.861811712384223938e-02 5.897460132837295532e-02
-1.564427290372927246e+03 -2.157076634248244318e+03 -1.838081902468161616e+03 2.279140000000000299e+01 1.071334108710289001e-01 2.985689043998718262e-02 5.861811712384223938e-02 5.897460132837295532e-02
-1.562383011174774538e+03 -2.160023523683579697e+03 -1.836359206852045418e+03 2.279340000000000188e+01 8.594785630702972412e-02 -3.902649041265249252e-03 5.861811712384223938e-02 5.897460132837295532e-02
-1.560331269461028569e+03 -2.162966551045994947e+03 -1.834638782339051886e+03 2.279540000000000077e+01 7.221217453479766846e-02 -1.426336471922695637e-03 5.861811712384223938e-02 5.897460132837295532e-02
-1.558272075000768609e+03 -2.165905702322684192e+03 -1.832920637120731271e+03 2.279739999999999966e+01 -6.060324981808662415e-02 1.975535787642002106e-02 5.861811712384223938e-02 5.897460132837295532e-02
-1.556205437706155635e+03 -2.168840963365750667e+03 -1.831204779467536127e+03 2.279940000000000211e+01 -2.329561859369277954e-02 -2.611153945326805115e-02 5.861811712384223938e-02 5.897460132837295532e-02
-1.554131367410003577e+03 -2.171772320209595364e+03 -1.829491217543292123e+03 2.280140000000000100e+01 1.588893239386379719e-03 2.687746286392211914e-02 5.861811712384223938e-02 5.897460132837295532e-02
-1.552049874096074063e+03 -2.174699758743839084e+03 -1.827779959596393610e+03 2.280339999999999989e+01 2.637204155325889587e-02 -1.039591524749994278e-02 5.861811712384223938e-02 5.897460132837295532e-02
-1.550135420350644836e+03 -2.177379840290293032e+03 -1.826213307869114942e+03 2.280540000000000234e+01 6.740577518939971924e-02 -8.108355104923248291e-03 5.861811712384223938e-02 5.897460132837295532e-02
-1.544002229955832490e+03 -2.185885055995750918e+03 -1.821241628376135395e+03 2.280740000000000123e+01 -5.662853270769119263e-02 4.520210251212120056e-02 5.861811712384223938e-02 5.897460132837295532e-02
-1.541884999628866353e+03 -2.188793359099916415e+03 -1.819541621437635285e+03 2.280940000000000012e+01 4.430294409394264221e-02 2.368740364909172058e-02 5.861811712384223938e-02 5.897460132837295532e-02
-1.539760404855744582e+03 -2.191697662487192247e+03 -1.817843966062814616e+03 2.281140000000000256e+01 5.772977322340011597e-02 7.810229063034057617e-02 5.861811712384223938e-02 5.897460132837295532e-02
-1.537628455841320374e+03 -2.194597952207816888e+03 -1.816148670405731764e+03 2.281340000000000146e+01 7.486995775252580643e-03 -4.833162575960159302e-02 5.861811712384223938e-02 5.897460132837295532e-02
-1.535489162729222016e+03 -2.197494214462620221e+03 -1.814455742532359409e+03 2.281540000000000035e+01 4.768702387809753418e-02 7.672499865293502808e-02 5.861811712384223938e-02 5.897460132837295532e-02
-1.533342535809641277e+03 -2.200386435320198416e+03 -1.812765190585891105e+03 2.281740000000000279e+01 -4.262095317244529724e-02 -7.854326814413070679e-02 5.861811712384223938e-02 5.897460132837295532e-02
-1.531188585326004613e+03 -2.203274600979510069e+03 -1.811077022633265187e+03 2.281940000000000168e+01 -8.551403880119323730e-02 6.340232491493225098e-02 5.861811712384223938e-02 5.897460132837295532e-02
-1.529207798981858105e+03 -2.205918563919004100e+03 -1.809531605984582484e+03 2.282140000000000057e+01 1.019949838519096375e-01 7.190528325736522675e-03 5.861811712384223938e-02 5.897460132837295532e-02
-1.544002229955832490e+03 -2.185885055995750918e+03 -1.821241628376135395e+03 2.282340000000000302e+01 1.403190288692712784e-02 3.289747983217239380e-02 5.861811712384223938e-02 5.897460132837295532e-02
-1.541884999628866353e+03 -2.188793359099916415e+03 -1.819541621437635285e+03 2.282540000000000191e+01 -6.776025891304016113e-02 4.268243163824081421e-02 5.861811712384223938e-02 5.897460132837295532e-02
-1.539760404855744582e+03 -2.191697662487192247e+03 -1.817843966062814616e+03 2.282740000000000080e+01 -5.676453933119773865e-02 6.271137297153472900e-02 5.861811712384223938e-02 5.897460132837295532e-02
-1.537628455841320374e+03 -2.194597952207816888e+03 -1.816148670405731764e+03 2.282939999999999969e+01 2.357416041195392609e-02 1.169212982058525085e-01 5.861811712384223938e-02 5.897460132837295532e-02
-1.535489162729222016e+03 -2.197494214462620221e+03 -1.814455742532359409e+03 2.283140000000000214e+01 -3.505946695804595947e-02 -8.545220643281936646e-02 5.861811712384223938e-02 5.897460132837295532e-02
-1.533342535809641277e+03 -2.200386435320198416e+03 -1.812765190585891105e+03 2.283340000000000103e+01 -6.716594798490405083e-04 -1.037005558609962463e-01 5.861811712384223938e-02 5.897460132837295532e-02
-1.531188585326004613e+03 -2.203274600979510069e+03 -1.811077022633265187e+03 2.283539999999999992e+01 -3.678948432207107544e-02 4.072591662406921387e-02 5.861811712384223938e-02 5.897460132837295532e-02
-1.529207798981858105e+03 -2.205918563919004100e+03 -1.809531605984582484e+03 2.283740000000000236e+01 9.960699826478958130e-03 -4.528744518756866455e-02 5.861811712384223938e-02 5.897460132837295532e-02
-1.522499754507510715e+03 -2.214786435395676563e+03 -1.804348352224730434e+03 2.283940000000000126e+01 5.256976932287216187e-02 2.324429526925086975e-02 5.861811712384223938e-02 5.897460132837295532e-02
-1.520309341586824985e+03 -2.217654118043731614e+03 -1.802672225245536993e+03 2.284140000000000015e+01 -6.141381338238716125e-02 2.611824311316013336e-02 5.861811712384223938e-02 5.897460132837295532e-02
-1.518111667444907198e+03 -2.220517662894791556e+03 -1.800998530539115109e+03 2.284340000000000259e+01 2.402488328516483307e-02 4.529182985424995422e-02 5.861811712384223938e-02 5.897460132837295532e-02
-1.515906742668147444e+03 -2.223377056154922684e+03 -1.799327276167783566e+03 2.284540000000000148e+01 6.329899281263351440e-02 1.353731006383895874e-02 5.861811712384223938e-02 5.897460132837295532e-02
-1.513694577754989041e+03 -2.226232284209534100e+03 -1.797658470088971853e+03 2.284740000000000038e+01 -4.497463256120681763e-02 1.290259212255477905e-01 5.861811712384223938e-02 5.897460132837295532e-02
-1.511475183307572706e+03 -2.229083333374298036e+03 -1.795992120300804345e+03 2.284940000000000282e+01 -3.833829239010810852e-02 -9.402849525213241577e-02 5.861811712384223938e-02 5.897460132837295532e-02
-1.509248569978313299e+03 -2.231930189965150930e+03 -1.794328234801181907e+03 2.285140000000000171e+01 -6.979626417160034180e-02 7.692571729421615601e-02 5.861811712384223938e-02 5.897460132837295532e-02
-1.507201266896355946e+03 -2.234536167550651044e+03 -1.792805146450803932e+03 2.285340000000000060e+01 1.292310953140258789e-01 2.664849720895290375e-02 5.861811712384223938e-02 5.897460132837295532e-02
-1.522499754507510715e+03 -2.214786435395676563e+03 -1.804348352224730434e+03 2.285540000000000305e+01 8.766271173954010010e-02 1.502292696386575699e-02 5.861811712384223938e-02 5.897460132837295532e-02
-1.520309341586824985e+03 -2.217654118043731614e+03 -1.802672225245536993e+03 2.285740000000000194e+01 3.789924085140228271e-02 -3.776481002569198608e-02 5.861811712384223938e-02 5.897460132837295532e-02
-1.518111667444907198e+03 -2.220517662894791556e+03 -1.800998530539115109e+03 2.285940000000000083e+01 -2.190274931490421295e-02 1.079631224274635315e-02 5.861811712384223938e-02 5.897460132837295532e-02
-1.515906742668147444e+03 -2.223377056154922684e+03 -1.799327276167783566e+03 2.286139999999999972e+01 -2.284339442849159241e-02 4.227324202656745911e-02 5.861811712384223938e-02 5.897460132837295532e-02
-1.513694577754989041e+03 -2.226232284209534100e+03 -1.797658470088971853e+03 2.286340000000000217e+01 -9.294105321168899536e-02 6.566883530467748642e-03 5.861811712384223938e-02 5.897460132837295532e-02
-1.511475183307572706e+03 -2.229083333374298036e+03 -1.795992120300804345e+03 2.286540000000000106e+01 -4.010234028100967407e-02 -8.559318631887435913e-02 5.861811712384223938e-02 5.897460132837295532e-02
-1.509248569978313299e+03 -2.231930189965150930e+03 -1.794328234801181907e+03 2.286739999999999995e+01 -1.375058144330978394e-01 1.345658581703901291e-02 5.861811712384223938e-02 5.897460132837295532e-02
-1.507201266896355946e+03 -2.234536167550651044e+03 -1.792805146450803932e+03 2.286940000000000239e+01 -4.865733906626701355e-02 2.092785900458693504e-03 5.861811712384223938e-02 5.897460132837295532e-02
-1.500270141225498037e+03 -2.243275418733731385e+03 -1.787697494576896361e+03 2.287140000000000128e+01 -1.273969113826751709e-01 -3.692431142553687096e-03 5.861811712384223938e-02 5.897460132837295532e-02
-1.498007593884893140e+03 -2.246101108662906881e+03 -1.786046049627730099e+03 2.287340000000000018e+01 -4.167333990335464478e-02 -3.143628686666488647e-02 5.861811712384223938e-02 5.897460132837295532e-02
-1.495737892115400427e+03 -2.248922524575903026e+03 -1.784397116566143950e+03 2.287540000000000262e+01 4.530305415391921997e-02 3.014297969639301300e-02 5.861811712384223938e-02 5.897460132837295532e-02
-1.493461046723936988e+03 -2.251739653038980578e+03 -1.782750703243273392e+03 2.287740000000000151e+01 -3.863192349672317505e-02 2.120918780565261841e-02 5.861811712384223938e-02 5.897460132837295532e-02
-1.491177068670312337e+03 -2.254552480491597635e+03 -1.781106817584292003e+03 2.287940000000000040e+01 -1.545158326625823975e-01 -3.157132863998413086e-02 5.861811712384223938e-02 5.897460132837295532e-02
-1.488885968821500683e+03 -2.257360993550622425e+03 -1.779465467410600468e+03 2.288140000000000285e+01 2.756905741989612579e-02 -2.960937097668647766e-02 5.861811712384223938e-02 5.897460132837295532e-02
-1.486587758205918817e+03 -2.260165178697082411e+03 -1.777826660622966529e+03 2.288340000000000174e+01 7.058127969503402710e-02 3.251670300960540771e-02 5.861811712384223938e-02 5.897460132837295532e-02
-1.484474918127574483e+03 -2.262731923833452583e+03 -1.776326629446732795e+03 2.288540000000000063e+01 7.204141467809677124e-03 1.862453371286392212e-01 5.861811712384223938e-02 5.897460132837295532e-02
-1.500270141225498037e+03 -2.243275418733731385e+03 -1.787697494576896361e+03 2.288740000000000308e+01 -4.107252880930900574e-02 4.456754308193922043e-03 5.861811712384223938e-02 5.897460132837295532e-02
-1.498007593884893140e+03 -2.246101108662906881e+03 -1.786046049627730099e+03 2.288940000000000197e+01 -1.638167202472686768e-01 -5.569623783230781555e-02 5.861811712384223938e-02 5.897460132837295532e-02
-1.495737892115400427e+03 -2.248922524575903026e+03 -1.784397116566143950e+03 2.289140000000000086e+01 -6.155824288725852966e-02 -5.601854994893074036e-02 5.861811712384223938e-02 5.897460132837295532e-02
-1.493461046723936988e+03 -2.251739653038980578e+03 -1.782750703243273392e+03 2.289339999999999975e+01 -3.723257035017013550e-02 9.930718690156936646e-02 5.861811712384223938e-02 5.897460132837295532e-02
-1.491177068670312337e+03 -2.254552480491597635e+03 -1.781106817584292003e+03 2.289540000000000219e+01 -2.837118133902549744e-02 9.152548015117645264e-02 5.861811712384223938e-02 5.897460132837295532e-02
-1.488885968821500683e+03 -2.257360993550622425e+03 -1.779465467410600468e+03 2.289740000000000109e+01 9.690577862784266472e-04 -7.096967846155166626e-02 5.861811712384223938e-02 5.897460132837295532e-02
-1.486587758205918817e+03 -2.260165178697082411e+03 -1.777826660622966529e+03 2.289939999999999998e+01 2.259110845625400543e-02 1.382874138653278351e-02 5.861811712384223938e-02 5.897460132837295532e-02
-1.484474918127574483e+03 -2.262731923833452583e+03 -1.776326629446732795e+03 2.290140000000000242e+01 9.871903061866760254e-02 -6.791108846664428711e-02 5.861811712384223938e-02 5.897460132837295532e-02
-1.477324028165816344e+03 -2.271338372546468690e+03 -1.771297023727580836e+03 2.290340000000000131e+01 -5.794122442603111267e-02 -4.512799531221389771e-02 5.861811712384223938e-02 5.897460132837295532e-02
-1.474990429198800939e+03 -2.274120717460280503e+03 -1.769671051143154500e+03 2.290540000000000020e+01 2.320713736116886139e-02 6.207031756639480591e-02 5.861811712384223938e-02 5.897460132837295532e-02
-1.472649785949901343e+03 -2.276898654273707962e+03 -1.768047668806654201e+03 2.290740000000000265e+01 4.909970983862876892e-02 -6.427806615829467773e-02 5.861811712384223938e-02 5.897460132837295532e-02
-1.470302109579976104e+03 -2.279672169740600111e+03 -1.766426884458915310e+03 2.290940000000000154e+01 2.020593360066413879e-02 8.691653609275817871e-02 5.861811712384223938e-02 5.897460132837295532e-02
-1.467947411340638837e+03 -2.282441250568251689e+03 -1.764808705867907292e+03 2.291140000000000043e+01 2.027094550430774689e-02 -4.785846546292304993e-02 5.861811712384223938e-02 5.897460132837295532e-02
-1.465585702541955243e+03 -2.285205883456400898e+03 -1.763193140805945859e+03 2.291340000000000288e+01 -1.128243748098611832e-02 9.406941942870616913e-03 5.861811712384223938e-02 5.897460132837295532e-02
-1.463216994420716901e+03 -2.287966055251322814e+03 -1.761580196959650721e+03 2.291540000000000177e+01 -7.335831969976425171e-02 -1.000828072428703308e-01 5.861811712384223938e-02 5.897460132837295532e-02
-1.461039628827738625e+03 -2.290492339180726503e+03 -1.760103941054959705e+03 2.291740000000000066e+01 8.606952428817749023e-02 4.562502354383468628e-02 5.861811712384223938e-02 5.897460132837295532e-02
-1.477324028165816344e+03 -2.271338372546468690e+03 -1.771297023727580836e+03 2.291940000000000310e+01 -5.382603034377098083e-02 5.400801077485084534e-02 5.861811712384223938e-02 5.897460132837295532e-02
-1.474990429198800939e+03 -2.274120717460280503e+03 -1.769671051143154500e+03 2.292140000000000200e+01 -5.911729857325553894e-02 1.003827806562185287e-02 5.861811712384223938e-02 5.897460132837295532e-02
-1.472649785949901343e+03 -2.276898654273707962e+03 -1.768047668806654201e+03 2.292340000000000089e+01 -9.788484126329421997e-02 4.026638716459274292e-02 5.861811712384223938e-02 5.897460132837295532e-02
-1.470302109579976104e+03 -2.279672169740600111e+03 -1.766426884458915310e+03 2.292539999999999978e+01 -5.593691766262054443e-02 -7.075233384966850281e-03 5.861811712384223938e-02 5.897460132837295532e-02
-1.467947411340638837e+03 -2.282441250568251689e+03 -1.764808705867907292e+03 2.292740000000000222e+01 2.611301839351654053e-02 -1.889279112219810486e-03 5.861811712384223938e-02 5.897460132837295532e-02
-1.465585702541955243e+03 -2.285205883456400898e+03 -1.763193140805945859e+03 2.292940000000000111e+01 5.698990449309349060e-02 -3.942239657044410706e-02 5.861811712384223938e-02 5.897460132837295532e-02
-1.463216994420716901e+03 -2.287966055251322814e+03 -1.761580196959650721e+03 2.293140000000000001e+01 3.831497207283973694e-02 3.063658811151981354e-02 5.861811712384223938e-02 5.897460132837295532e-02
-1.461039628827738625e+03 -2.290492339180726503e+03 -1.760103941054959705e+03 2.293340000000000245e+01 4.568841774016618729e-03 2.227968908846378326e-02 5.861811712384223938e-02 5.897460132837295532e-02
