# Baseline: 8-21
# Entries: 128
# u [m], v [m], w [m], frequency [GHz], real, imag, std(real), std(imag)
2.544512672415768066e+03 9.948056158159326969e+02 2.673108186176714753e+03 2.267940000000000111e+01 -2.825191915035247803e-01 9.048950672149658203e-01 2.063341587781906128e-01 1.936358064413070679e-01
2.545583219995568015e+03 9.996036171735594280e+02 2.670297550266437611e+03 2.268140000000000001e+01 3.044230043888092041e-01 -3.514797091484069824e-01 2.063341587781906128e-01 1.936358064413070679e-01
2.546641600425004071e+03 1.004403635075480565e+03 2.667485749761446641e+03 2.268340000000000245e+01 -5.517758727073669434e-01 4.546289443969726562e-01 2.063341587781906128e-01 1.936358064413070679e-01
2.547687808646423036e+03 1.009205646583481212e+03 2.664672798098703879e+03 2.268540000000000134e+01 -6.565570831298828125e-01 3.556269109249114990e-01 2.063341587781906128e-01 1.936358064413070679e-01
2.548464854452183317e+03 1.012808388703294099e+03 2.662562372209161822e+03 2.268740000000000023e+01 1.726987361907958984e-01 -3.121241629123687744e-01 2.063341587781906128e-01 1.936358064413070679e-01
2.549743688495325387e+03 1.018815558483709196e+03 2.659043495153548974e+03 2.268940000000000268e+01 6.583486795425415039e-01 -1.245347976684570312e+00 2.063341587781906128e-01 1.936358064413070679e-01
2.550753350262812546e+03 1.023623412784936022e+03 2.656227170870360624e+03 2.269140000000000157e+01 7.149159312248229980e-01 9.997895359992980957e-02 2.063341587781906128e-01 1.936358064413070679e-01
2.551998776231374904e+03 1.029635826418278157e+03 2.652705267722941244e+03 2.269340000000000046e+01 4.720067381858825684e-01 -1.687197834253311157e-01 2.063341587781906128e-01 1.936358064413070679e-01
2.544512672415768066e+03 9.948056158159326969e+02 2.673108186176714753e+03 2.269540000000000290e+01 -3.386621773242950439e-01 5.131403803825378418e-01 2.063341587781906128e-01 1.936358064413070679e-01
2.545583219995568015e+03 9.996036171735594280e+02 2.670297550266437611e+03 2.269740000000000180e+01 2.308440655469894409e-01 -2.230723202228546143e-01 2.063341587781906128e-01 1.936358064413070679e-01
2.546641600425004071e+03 1.004403635075480565e+03 2.667485749761446641e+03 2.269940000000000069e+01 -3.129744902253150940e-02 4.418105259537696838e-02 2.063341587781906128e-01 1.936358064413070679e-01
2.547687808646423036e+03 1.009205646583481212e+03 2.664672798098703879e+03 2.270140000000000313e+01 1.894319802522659302e-01 1.356552988290786743e-01 2.063341587781906128e-01 1.936358064413070679e-01
2.548464854452183317e+03 1.012808388703294099e+03 2.662562372209161822e+03 2.270340000000000202e+01 -1.169726103544235229e-01 5.886415764689445496e-02 2.063341587781906128e-01 1.936358064413070679e-01
2.549743688495325387e+03 1.018815558483709196e+03 2.659043495153548974e+03 2.270540000000000092e+01 -4.508504271507263184e-02 -2.321124970912933350e-01 2.063341587781906128e-01 1.936358064413070679e-01
2.550753350262812546e+03 1.023623412784936022e+03 2.656227170870360624e+03 2.270739999999999981e+01 2.563428282737731934e-01 -2.449508309364318848e-01 2.063341587781906128e-01 1.936358064413070679e-01
2.551998776231374904e+03 1.029635826418278157e+03 2.652705267722941244e+03 2.270940000000000225e+01 2.498929947614669800e-01 4.875726252794265747e-02 2.063341587781906128e-01 1.936358064413070679e-01
2.554670031037815534e+03 1.042873616048587792e+03 2.644951035806861455e+03 2.271140000000000114e+01 4.001431539654731750e-02 4.781074821949005127e-03 2.063341587781906128e-01 1.936358064413070679e-01
2.555618686223611803e+03 1.047690748204400961e+03 2.642129360023887330e+03 2.271340000000000003e+01 1.127700731158256531e-01 -1.376253515481948853e-01 2.063341587781906128e-01 1.936358064413070679e-01
2.556555126226152879e+03 1.052509666738381611e+03 2.639306654471505681e+03 2.271540000000000248e+01 3.364481925964355469e-01 -7.141457498073577881e-02 2.063341587781906128e-01 1.936358064413070679e-01
2.557479346577074466e+03 1.057330348655559646e+03 2.636482932619132498e+03 2.271740000000000137e+01 1.594868451356887817e-01 8.644252084195613861e-03 2.063341587781906128e-01 1.936358064413070679e-01
2.558391342850122328e+03 1.062152770868615107e+03 2.633658207990197752e+03 2.271940000000000026e+01 8.175890892744064331e-02 7.665816694498062134e-03 2.063341587781906128e-01 1.936358064413070679e-01
2.559291110680698239e+03 1.066976910298701114e+03 2.630832494103089630e+03 2.272140000000000271e+01 -1.209755763411521912e-01 9.693966247141361237e-03 2.063341587781906128e-01 1.936358064413070679e-01
2.560178645759797291e+03 1.071802743841919664e+03 2.628005804490791434e+03 2.272340000000000160e+01 3.820562735199928284e-02 2.727858126163482666e-01 2.063341587781906128e-01 1.936358064413070679e-01
2.560981625674722636e+03 1.076227872143630975e+03 2.625413838814064547e+03 2.272540000000000049e+01 1.647795140743255615e-01 3.440670669078826904e-02 2.063341587781906128e-01 1.936358064413070679e-01
2.554670031037815534e+03 1.042873616048587792e+03 2.644951035806861455e+03 2.272740000000000293e+01 1.530763953924179077e-01 8.304397016763687134e-02 2.063341587781906128e-01 1.936358064413070679e-01
2.555618686223611803e+03 1.047690748204400961e+03 2.642129360023887330e+03 2.272940000000000182e+01 7.633301615715026855e-02 1.298004239797592163e-01 2.063341587781906128e-01 1.936358064413070679e-01
2.556555126226152879e+03 1.052509666738381611e+03 2.639306654471505681e+03 2.273140000000000072e+01 -1.893120110034942627e-01 1.303047873079776764e-02 2.063341587781906128e-01 1.936358064413070679e-01
2.557479346577074466e+03 1.057330348655559646e+03 2.636482932619132498e+03 2.273340000000000316e+01 -1.730645447969436646e-02 4.446391761302947998e-02 2.063341587781906128e-01 1.936358064413070679e-01
2.558391342850122328e+03 1.062152770868615107e+03 2.633658207990197752e+03 2.273540000000000205e+01 -2.340524643659591675e-01 3.562597036361694336e-01 2.063341587781906128e-01 1.936358064413070679e-01
2.559291110680698239e+03 1.066976910298701114e+03 2.630832494103089630e+03 2.273740000000000094e+01 -2.034235000610351562e-01 2.288171797990798950e-01 2.063341587781906128e-01 1.936358064413070679e-01
2.560178645759797291e+03 1.071802743841919664e+03 2.628005804490791434e+03 2.273939999999999984e+01 5.454610567539930344e-03 2.438729405403137207e-01 2.063341587781906128e-01 1.936358064413070679e-01
2.560981625674722636e+03 1.076227872143630975e+03 2.625413838814064547e+03 2.274140000000000228e+01 -1.390189528465270996e-01 2.315092235803604126e-01 2.063341587781906128e-01 1.936358064413070679e-01
2.563606374538622731e+03 1.091122557392289991e+03 2.616689559256712528e+03 2.274340000000000117e+01 5.098672509193420410e-01 1.483470946550369263e-01 2.063341587781906128e-01 1.936358064413070679e-01
2.564432683332182478e+03 1.095956514982383396e+03 2.613858193987177856e+03 2.274540000000000006e+01 3.367614746093750000e-01 1.806780844926834106e-01 2.063341587781906128e-01 1.936358064413070679e-01
2.565246734779910184e+03 1.100792028064098986e+03 2.611025934187581242e+03 2.274740000000000251e+01 -1.453277021646499634e-01 -1.509030312299728394e-01 2.063341587781906128e-01 1.936358064413070679e-01
2.566048524971805364e+03 1.105629073411726267e+03 2.608192793461697420e+03 2.274940000000000140e+01 1.226346492767333984e-01 -7.649946957826614380e-02 2.063341587781906128e-01 1.936358064413070679e-01
2.566838050087302690e+03 1.110467627977533311e+03 2.605358785308977986e+03 2.275140000000000029e+01 -8.072660863399505615e-02 -8.815402537584304810e-02 2.063341587781906128e-01 1.936358064413070679e-01
2.567615306323330969e+03 1.115307668453777296e+03 2.602523923381088025e+03 2.275340000000000273e+01 -2.417413890361785889e-02 -1.353844106197357178e-01 2.063341587781906128e-01 1.936358064413070679e-01
2.568380289979349527e+03 1.120149171795261964e+03 2.599688221175834315e+03 2.275540000000000163e+01 -1.763304509222507477e-02 2.530460357666015625e-01 2.063341587781906128e-01 1.936358064413070679e-01
2.569070897073678680e+03 1.124588463685794750e+03 2.597088111330182983e+03 2.275740000000000052e+01 -1.017929613590240479e-01 -5.219816416501998901e-02 2.063341587781906128e-01 1.936358064413070679e-01
2.563606374538622731e+03 1.091122557392289991e+03 2.616689559256712528e+03 2.275940000000000296e+01 -9.645766764879226685e-02 -2.539490759372711182e-01 2.063341587781906128e-01 1.936358064413070679e-01
2.564432683332182478e+03 1.095956514982383396e+03 2.613858193987177856e+03 2.276140000000000185e+01 -3.568306863307952881e-01 -1.073274202644824982e-02 2.063341587781906128e-01 1.936358064413070679e-01
2.565246734779910184e+03 1.100792028064098986e+03 2.611025934187581242e+03 2.276340000000000074e+01 -1.426463723182678223e-01 5.230118706822395325e-02 2.063341587781906128e-01 1.936358064413070679e-01
2.566048524971805364e+03 1.105629073411726267e+03 2.608192793461697420e+03 2.276540000000000319e+01 -1.426077540963888168e-02 -1.032980829477310181e-01 2.063341587781906128e-01 1.936358064413070679e-01
2.566838050087302690e+03 1.110467627977533311e+03 2.605358785308977986e+03 2.276740000000000208e+01 -9.327296167612075806e-02 -1.117408424615859985e-01 2.063341587781906128e-01 1.936358064413070679e-01
2.567615306323330969e+03 1.115307668453777296e+03 2.602523923381088025e+03 2.276940000000000097e+01 2.288750261068344116e-01 1.376360058784484863e-01 2.063341587781906128e-01 1.936358064413070679e-01
2.568380289979349527e+03 1.120149171795261964e+03 2.599688221175834315e+03 2.277139999999999986e+01 4.830209910869598389e-02 -1.890687346458435059e-01 2.063341587781906128e-01 1.936358064413070679e-01
2.569070897073678680e+03 1.124588463685794750e+03 2.597088111330182983e+03 2.277340000000000231e+01 -2.818404138088226318e-01 5.697001144289970398e-02 2.063341587781906128e-01 1.936358064413070679e-01
2.571317426410876578e+03 1.139529349970345493e+03 2.588337281256168808e+03 2.277540000000000120e+01 2.410852536559104919e-02 7.263746857643127441e-02 2.063341587781906128e-01 1.936358064413070679e-01
2.572020993402723434e+03 1.144377819797645543e+03 2.585497581395010911e+03 2.277740000000000009e+01 -2.388157695531845093e-02 7.442168146371841431e-02 2.063341587781906128e-01 1.936358064413070679e-01
2.572712266717631337e+03 1.149227613283639812e+03 2.582657122789529240e+03 2.277940000000000254e+01 -3.369088470935821533e-02 8.920503407716751099e-02 2.063341587781906128e-01 1.936358064413070679e-01
2.573391243064209903e+03 1.154078707336725529e+03 2.579815918964159664e+03 2.278140000000000143e+01 -3.513763472437858582e-02 8.761201985180377960e-03 2.063341587781906128e-01 1.936358064413070679e-01
2.574057919174177641e+03 1.158931078605664652e+03 2.576973983595327354e+03 2.278340000000000032e+01 -1.629488319158554077e-01 3.826539814472198486e-01 2.063341587781906128e-01 1.936358064413070679e-01
2.574712291875601295e+03 1.163784704003478737e+03 2.574131330204601454e+03 2.278540000000000276e+01 -2.897761464118957520e-01 1.118570268154144287e-01 2.063341587781906128e-01 1.936358064413070679e-01
2.575354358018619678e+03 1.168639560166746151e+03 2.571287972475383413e+03 2.278740000000000165e+01 8.461717516183853149e-02 -2.369374185800552368e-01 2.063341587781906128e-01 1.936358064413070679e-01
2.575932261828907031e+03 1.173090891376106129e+03 2.568680962653441384e+03 2.278940000000000055e+01 3.218184038996696472e-02 -2.113345116376876831e-01 2.063341587781906128e-01 1.936358064413070679e-01
2.571317426410876578e+03 1.139529349970345493e+03 2.588337281256168808e+03 2.279140000000000299e+01 -1.090565025806427002e-01 -6.278933584690093994e-02 2.063341587781906128e-01 1.936358064413070679e-01
2.572020993402723434e+03 1.144377819797645543e+03 2.585497581395010911e+03 2.279340000000000188e+01 -1.156558468937873840e-01 -3.937041759490966797e-01 2.063341587781906128e-01 1.936358064413070679e-01
2.572712266717631337e+03 1.149227613283639812e+03 2.582657122789529240e+03 2.279540000000000077e+01 1.789218373596668243e-02 -1.359644383192062378e-01 2.063341587781906128e-01 1.936358064413070679e-01
2.573391243064209903e+03 1.154078707336725529e+03 2.579815918964159664e+03 2.279739999999999966e+01 3.964967131614685059e-01 -7.599394023418426514e-02 2.063341587781906128e-01 1.936358064413070679e-01
2.574057919174177641e+03 1.158931078605664652e+03 2.576973983595327354e+03 2.279940000000000211e+01 2.942468225955963135e-01 2.409103810787200928e-01 2.063341587781906128e-01 1.936358064413070679e-01
2.574712291875601295e+03 1.163784704003478737e+03 2.574131330204601454e+03 2.280140000000000100e+01 -2.942908108234405518e-01 -3.626432642340660095e-02 2.063341587781906128e-01 1.936358064413070679e-01
2.575354358018619678e+03 1.168639560166746151e+03 2.571287972475383413e+03 2.280339999999999989e+01 -1.569768637418746948e-01 4.438597336411476135e-02 2.063341587781906128e-01 1.936358064413070679e-01
2.575932261828907031e+03 1.173090891376106129e+03 2.568680962653441384e+03 2.280540000000000234e+01 -5.293868854641914368e-02 2.794691594317555428e-03 2.063341587781906128e-01 1.936358064413070679e-01
2.577701550478188892e+03 1.187260825945387751e+03 2.560382154325111514e+03 2.280740000000000123e+01 -4.186686500906944275e-02 -9.918978810310363770e-02 2.063341587781906128e-01 1.936358064413070679e-01
2.578284092717024123e+03 1.192121303547356774e+03 2.557535583959610904e+03 2.280940000000000012e+01 4.249234795570373535e-01 -7.745609432458877563e-02 2.063341587781906128e-01 1.936358064413070679e-01
2.578854311314907591e+03 1.196982876387778788e+03 2.554688388628979737e+03 2.281140000000000256e+01 1.721031814813613892e-01 6.494625806808471680e-01 2.063341587781906128e-01 1.936358064413070679e-01
2.579412203533167030e+03 1.201845521115763177e+03 2.551840582008738693e+03 2.281340000000000146e+01 3.112508356571197510e-01 -7.759606838226318359e-02 2.063341587781906128e-01 1.936358064413070679e-01
2.579957766717567210e+03 1.206709214595440699e+03 2.548992177648399320e+03 2.281540000000000035e+01 -5.737848281860351562e-01 1.261900514364242554e-01 2.063341587781906128e-01 1.936358064413070679e-01
2.580490998243787089e+03 1.211573933431878231e+03 2.546143189249115039e+03 2.281740000000000279e+01 3.850378692150115967e-01 8.156300783157348633e-01 2.063341587781906128e-01 1.936358064413070679e-01
2.581011895567589363e+03 1.216439654411560468e+03 2.543293630405716158e+03 2.281940000000000168e+01 -2.762709930539131165e-02 -3.782302141189575195e-01 2.063341587781906128e-01 1.936358064413070679e-01
2.581478704484378795e+03 1.220900746869606110e+03 2.540681052286138765e+03 2.282140000000000057e+01 4.602379798889160156e-01 -1.156002953648567200e-01 2.063341587781906128e-01 1.936358064413070679e-01
2.577701550478188892e+03 1.187260825945387751e+03 2.560382154325111514e+03 2.282340000000000302e+01 3.592465519905090332e-01 2.316733598709106445e-01 2.063341587781906128e-01 1.936358064413070679e-01
2.578284092717024123e+03 1.192121303547356774e+03 2.557535583959610904e+03 2.282540000000000191e+01 2.321803867816925049e-01 -1.914529800415039062e-01 2.063341587781906128e-01 1.936358064413070679e-01
2.578854311314907591e+03 1.196982876387778788e+03 2.554688388628979737e+03 2.282740000000000080e+01 5.129291117191314697e-02 -4.146173223853111267e-02 2.063341587781906128e-01 1.936358064413070679e-01
2.579412203533167030e+03 1.201845521115763177e+03 2.551840582008738693e+03 2.282939999999999969e+01 4.627646133303642273e-02 -3.696881532669067383e-01 2.063341587781906128e-01 1.936358064413070679e-01
2.579957766717567210e+03 1.206709214595440699e+03 2.548992177648399320e+03 2.283140000000000214e+01 -2.436402291059494019e-01 1.281519234180450439e-01 2.063341587781906128e-01 1.936358064413070679e-01
2.580490998243787089e+03 1.211573933431878231e+03 2.546143189249115039e+03 2.283340000000000103e+01 2.675393521785736084e-01 1.984201073646545410e-01 2.063341587781906128e-01 1.936358064413070679e-01
2.581011895567589363e+03 1.216439654411560468e+03 2.543293630405716158e+03 2.283539999999999992e+01 4.377188384532928467e-01 6.396979838609695435e-02 2.063341587781906128e-01 1.936358064413070679e-01
2.581478704484378795e+03 1.220900746869606110e+03 2.540681052286138765e+03 2.283740000000000236e+01 2.438305467367172241e-01 1.038653030991554260e-01 2.063341587781906128e-01 1.936358064413070679e-01
2.582972093849793509e+03 1.235912093819334359e+03 2.531889963464623634e+03 2.283940000000000126e+01 4.300896823406219482e-02 -4.381708204746246338e-01 2.063341587781906128e-01 1.936358064413070679e-01
2.583431283935473857e+03 1.240782475996602670e+03 2.529037757090974537e+03 2.284140000000000015e+01 2.388807572424411774e-02 1.323267966508865356e-01 2.063341587781906128e-01 1.936358064413070679e-01
2.583878125753551558e+03 1.245653720600545967e+03 2.526185062095566082e+03 2.284340000000000259e+01 -1.593749970197677612e-03 -4.173324108123779297e-01 2.063341587781906128e-01 1.936358064413070679e-01
2.584312617151572795e+03 1.250525804165967884e+03 2.523331892220067857e+03 2.284540000000000148e+01 -1.552619189023971558e-01 3.641321510076522827e-02 2.063341587781906128e-01 1.936358064413070679e-01
2.584734756060792279e+03 1.255398703495132622e+03 2.520478261049437151e+03 2.284740000000000038e+01 5.055340752005577087e-02 3.649931550025939941e-01 2.063341587781906128e-01 1.936358064413070679e-01
2.585144540457839412e+03 1.260272395233692123e+03 2.517624182260276029e+03 2.284940000000000282e+01 -2.728650346398353577e-02 2.687487602233886719e-01 2.063341587781906128e-01 1.936358064413070679e-01
2.585541968375988745e+03 1.265146855989527694e+03 2.514769669551216793e+03 2.285140000000000171e+01 1.451664268970489502e-01 1.481595784425735474e-01 2.063341587781906128e-01 1.936358064413070679e-01
2.585895578218595801e+03 1.269615758149083831e+03 2.512152668542992615e+03 2.285340000000000060e+01 3.691670000553131104e-01 -1.582188010215759277e-01 2.063341587781906128e-01 1.936358064413070679e-01
2.582972093849793509e+03 1.235912093819334359e+03 2.531889963464623634e+03 2.285540000000000305e+01 3.545484542846679688e-01 4.236520826816558838e-02 2.063341587781906128e-01 1.936358064413070679e-01
2.583431283935473857e+03 1.240782475996602670e+03 2.529037757090974537e+03 2.285740000000000194e+01 2.161485105752944946e-01 -2.076254040002822876e-01 2.063341587781906128e-01 1.936358064413070679e-01
2.583878125753551558e+03 1.245653720600545967e+03 2.526185062095566082e+03 2.285940000000000083e+01 2.201300859451293945e-01 9.353450685739517212e-02 2.063341587781906128e-01 1.936358064413070679e-01
2.584312617151572795e+03 1.250525804165967884e+03 2.523331892220067857e+03 2.286139999999999972e+01 -1.505425274372100830e-01 3.607211112976074219e-01 2.063341587781906128e-01 1.936358064413070679e-01
2.584734756060792279e+03 1.255398703495132622e+03 2.520478261049437151e+03 2.286340000000000217e+01 2.542550265789031982e-01 -1.475561708211898804e-01 2.063341587781906128e-01 1.936358064413070679e-01
2.585144540457839412e+03 1.260272395233692123e+03 2.517624182260276029e+03 2.286540000000000106e+01 2.220861017704010010e-01 1.183076947927474976e-01 2.063341587781906128e-01 1.936358064413070679e-01
2.585541968375988745e+03 1.265146855989527694e+03 2.514769669551216793e+03 2.286739999999999995e+01 -3.134737312793731689e-01 1.704165898263454437e-02 2.063341587781906128e-01 1.936358064413070679e-01
2.585895578218595801e+03 1.269615758149083831e+03 2.512152668542992615e+03 2.286940000000000239e+01 3.385019302368164062e-01 1.267948150634765625e-01 2.063341587781906128e-01 1.936358064413070679e-01
2.587008078155779913e+03 1.284651923134999151e+03 2.503347552436739988e+03 2.287140000000000128e+01 -1.366981863975524902e-01 -4.766369983553886414e-02 2.063341587781906128e-01 1.936358064413070679e-01
2.587343696357536828e+03 1.289529879277669124e+03 2.500491074912670683e+03 2.287340000000000018e+01 6.842044740915298462e-02 5.595167353749275208e-02 2.063341587781906128e-01 1.936358064413070679e-01
2.587666947556895593e+03 1.294408464418903122e+03 2.497634245463279058e+03 2.287540000000000262e+01 -1.553614735603332520e-01 1.763096898794174194e-01 2.063341587781906128e-01 1.936358064413070679e-01
2.587977830214840196e+03 1.299287655330007510e+03 2.494777077690952865e+03 2.287740000000000151e+01 -1.307718008756637573e-01 -1.284108459949493408e-01 2.063341587781906128e-01 1.936358064413070679e-01
2.588276342834889419e+03 1.304167428524505567e+03 2.491919585348950477e+03 2.287940000000000040e+01 -2.562916874885559082e-01 1.813281029462814331e-01 2.063341587781906128e-01 1.936358064413070679e-01
2.588562483996831816e+03 1.309047760784943875e+03 2.489061782032876636e+03 2.288140000000000285e+01 3.155554179102182388e-03 -3.170244023203849792e-02 2.063341587781906128e-01 1.936358064413070679e-01
2.588836252323360441e+03 1.313928628619446954e+03 2.486203681499039249e+03 2.288340000000000174e+01 -1.693540960550308228e-01 -1.318540871143341064e-01 2.063341587781906128e-01 1.936358064413070679e-01
2.589076493873103118e+03 1.318403201878964637e+03 2.483583509972607771e+03 2.288540000000000063e+01 6.385748833417892456e-02 2.018752098083496094e-01 2.063341587781906128e-01 1.936358064413070679e-01
2.587008078155779913e+03 1.284651923134999151e+03 2.503347552436739988e+03 2.288740000000000308e+01 -4.265059158205986023e-02 4.718607366085052490e-01 2.063341587781906128e-01 1.936358064413070679e-01
2.587343696357536828e+03 1.289529879277669124e+03 2.500491074912670683e+03 2.288940000000000197e+01 1.739542782306671143e-01 6.155062839388847351e-02 2.063341587781906128e-01 1.936358064413070679e-01
2.587666947556895593e+03 1.294408464418903122e+03 2.497634245463279058e+03 2.289140000000000086e+01 -8.871959894895553589e-02 8.081994950771331787e-02 2.063341587781906128e-01 1.936358064413070679e-01
2.587977830214840196e+03 1.299287655330007510e+03 2.494777077690952865e+03 2.289339999999999975e+01 -9.084604680538177490e-02 -4.958510771393775940e-02 2.063341587781906128e-01 1.936358064413070679e-01
2.588276342834889419e+03 1.304167428524505567e+03 2.491919585348950477e+03 2.289540000000000219e+01 -2.507301867008209229e-01 -7.324841804802417755e-03 2.063341587781906128e-01 1.936358064413070679e-01
2.588562483996831816e+03 1.309047760784943875e+03 2.489061782032876636e+03 2.289740000000000109e+01 -6.197009608149528503e-02 7.663992792367935181e-02 2.063341587781906128e-01 1.936358064413070679e-01
2.588836252323360441e+03 1.313928628619446954e+03 2.486203681499039249e+03 2.289939999999999998e+01 6.005917489528656006e-02 1.557495445013046265e-01 2.063341587781906128e-01 1.936358064413070679e-01
2.589076493873103118e+03 1.318403201878964637e+03 2.483583509972607771e+03 2.290140000000000242e+01 2.598972618579864502e-01 -1.024060323834419250e-01 2.063341587781906128e-01 1.936358064413070679e-01
2.589807572007461204e+03 1.333456989324301276e+03 2.474768580280541755e+03 2.290340000000000131e+01 1.732262372970581055e-01 2.420244067907333374e-01 2.063341587781906128e-01 1.936358064413070679e-01
2.590019457710267943e+03 1.338340184977540275e+03 2.471909198636784367e+03 2.290540000000000020e+01 -2.871662974357604980e-01 -8.826175332069396973e-02 2.063341587781906128e-01 1.936358064413070679e-01
2.590218963607769638e+03 1.343223776052950370e+03 2.469049601843114488e+03 2.290740000000000265e+01 -1.089888662099838257e-01 -2.307606637477874756e-01 2.063341587781906128e-01 1.936358064413070679e-01
2.590406088748521142e+03 1.348107739263996791e+03 2.466189803535008195e+03 2.290940000000000154e+01 4.137810692191123962e-02 -1.613578200340270996e-01 2.063341587781906128e-01 1.936358064413070679e-01
2.590580832235510115e+03 1.352992051203296114e+03 2.463329817418624316e+03 2.291140000000000043e+01 1.450442522764205933e-02 2.215310744941234589e-02 2.063341587781906128e-01 1.936358064413070679e-01
2.590743193229587177e+03 1.357876688410749921e+03 2.460469657230908069e+03 2.291340000000000288e+01 -4.179805219173431396e-01 1.492883265018463135e-01 2.063341587781906128e-01 1.936358064413070679e-01
2.590893170958404426e+03 1.362761627645864564e+03 2.457609336580142099e+03 2.291540000000000177e+01 2.896547317504882812e-01 1.013744175434112549e-01 2.063341587781906128e-01 1.936358064413070679e-01
2.591019929227757984e+03 1.367239729914106647e+03 2.454987248877402180e+03 2.291740000000000066e+01 1.609440296888351440e-01 -1.168040856719017029e-01 2.063341587781906128e-01 1.936358064413070679e-01
2.589807572007461204e+03 1.333456989324301276e+03 2.474768580280541755e+03 2.291940000000000310e+01 9.961302578449249268e-02 -2.792186290025711060e-02 2.063341587781906128e-01 1.936358064413070679e-01
2.590019457710267943e+03 1.338340184977540275e+03 2.471909198636784367e+03 2.292140000000000200e+01 4.629329964518547058e-02 -1.501854974776506424e-02 2.063341587781906128e-01 1.936358064413070679e-01
2.590218963607769638e+03 1.343223776052950370e+03 2.469049601843114488e+03 2.292340000000000089e+01 5.972533486783504486e-03 -2.247656732797622681e-01 2.063341587781906128e-01 1.936358064413070679e-01
2.590406088748521142e+03 1.348107739263996791e+03 2.466189803535008195e+03 2.292539999999999978e+01 -1.628796607255935669e-01 -1.066795662045478821e-01 2.063341587781906128e-01 1.936358064413070679e-01
2.590580832235510115e+03 1.352992051203296114e+03 2.463329817418624316e+03 2.292740000000000222e+01 -1.814190149307250977e-01 -5.562656372785568237e-02 2.063341587781906128e-01 1.936358064413070679e-01
2.590743193229587177e+03 1.357876688410749921e+03 2.460469657230908069e+03 2.292940000000000111e+01 2.644520103931427002e-01 2.364847064018249512e-01 2.063341587781906128e-01 1.936358064413070679e-01
2.590893170958404426e+03 1.362761627645864564e+03 2.457609336580142099e+03 2.293140000000000001e+01 1.309246271848678589e-01 -2.430891245603561401e-02 2.063341587781906128e-01 1.936358064413070679e-01
2.591019929227757984e+03 1.367239729914106647e+03 2.454987248877402180e+03 2.293340000000000245e+01 7.436234503984451294e-02 5.892362445592880249e-02 2.063341587781906128e-01 1.936358064413070679e-01
