# Baseline: 19-23
# Entries: 128
# u [m], v [m], w [m], frequency [GHz], real, imag
4.948587635255681562e+03 9.564663572786149643e+02 5.078156316629473622e+03 2.267940000000000000e+19 -3.468588367104530334e-02 -1.269881129264831543e-01
4.952383189588632376e+03 9.657994651373900297e+02 5.072686782086565472e+03 2.268140000000000000e+19 1.136015504598617554e-01 8.967049419879913330e-02
4.956155069680479755e+03 9.751397297034288840e+02 5.067213088608970793e+03 2.268340000000000000e+19 -5.706038326025009155e-02 -8.359480649232864380e-02
4.959903257506477530e+03 9.844871063416659354e+02 5.061735262354268343e+03 2.268540000000000000e+19 8.965487591922283173e-03 7.592056691646575928e-02
4.962699580933957805e+03 9.915020595053080115e+02 5.057624323953299609e+03 2.268740000000000000e+19 -3.001767583191394806e-02 -1.508383899927139282e-01
4.967328484721761015e+03 1.003203016864897677e+03 5.050767316394741101e+03 2.268940000000000000e+19 -7.824279367923736572e-03 3.671252354979515076e-02
4.971005488499030434e+03 1.012571460984657392e+03 5.045277249294372268e+03 2.269140000000000000e+19 -4.725129902362823486e-02 -1.919306069612503052e-01
4.975569287620610339e+03 1.024291482053814661e+03 5.038409166056198046e+03 2.269340000000000000e+19 1.103882417082786560e-01 5.115649104118347168e-02
4.948587635255681562e+03 9.564663572786149643e+02 5.078156316629473622e+03 2.269540000000000000e+19 -7.134220004081726074e-02 -1.510051935911178589e-01
4.952383189588632376e+03 9.657994651373900297e+02 5.072686782086565472e+03 2.269740000000000000e+19 -1.119039207696914673e-02 -2.337871305644512177e-02
4.956155069680479755e+03 9.751397297034288840e+02 5.067213088608970793e+03 2.269940000000000000e+19 2.271620370447635651e-02 -4.358785971999168396e-02
4.959903257506477530e+03 9.844871063416659354e+02 5.061735262354268343e+03 2.270140000000000000e+19 -7.315037399530410767e-02 1.834435015916824341e-02
4.962699580933957805e+03 9.915020595053080115e+02 5.057624323953299609e+03 2.270340000000000000e+19 6.397603452205657959e-02 -9.698721021413803101e-02
4.967328484721761015e+03 1.003203016864897677e+03 5.050767316394741101e+03 2.270540000000000000e+19 4.386112093925476074e-03 -2.627627365291118622e-02
4.971005488499030434e+03 1.012571460984657392e+03 5.045277249294372268e+03 2.270740000000000000e+19 1.523808110505342484e-02 -1.309437453746795654e-01
4.975569287620610339e+03 1.024291482053814661e+03 5.038409166056198046e+03 2.270940000000000000e+19 -5.460889264941215515e-02 -2.667772769927978516e-02
4.985475696008150408e+03 1.050114118020509295e+03 5.023276965904145982e+03 2.271140000000000000e+19 3.733617439866065979e-02 2.211327292025089264e-02
4.989033709408487994e+03 1.059516777799513420e+03 5.017767022937948241e+03 2.271340000000000000e+19 -1.738851889967918396e-02 -7.359404861927032471e-02
4.992567873144786972e+03 1.068926145713274764e+03 5.012253183907326274e+03 2.271540000000000000e+19 -5.193165689706802368e-02 2.111183479428291321e-02
4.996078170352988309e+03 1.078342176862027372e+03 5.006735475123298784e+03 2.271740000000000000e+19 8.335961401462554932e-02 2.572546340525150299e-02
4.999564584221589030e+03 1.087764826150295221e+03 5.001213923011408042e+03 2.271940000000000000e+19 6.782484799623489380e-02 2.276049740612506866e-02
5.003027098065485006e+03 1.097194048483757342e+03 4.995688553996348674e+03 2.272140000000000000e+19 -3.832569345831871033e-02 6.480096280574798584e-02
5.006465695302281347e+03 1.106629798703685992e+03 4.990159394540391077e+03 2.272340000000000000e+19 -9.244412183761596680e-03 1.036018133163452148e-02
5.009597023568570876e+03 1.115284850500008588e+03 4.985087738727023861e+03 2.272540000000000000e+19 -3.727591782808303833e-02 -1.089288368821144104e-01
4.985475696008150408e+03 1.050114118020509295e+03 5.023276965904145982e+03 2.272740000000000000e+19 1.155626680701971054e-02 1.423652097582817078e-02
4.989033709408487994e+03 1.059516777799513420e+03 5.017767022937948241e+03 2.272940000000000000e+19 -6.475282460451126099e-02 -6.617776304483413696e-02
4.992567873144786972e+03 1.068926145713274764e+03 5.012253183907326274e+03 2.273140000000000000e+19 -2.066819183528423309e-02 -2.934226579964160919e-02
4.996078170352988309e+03 1.078342176862027372e+03 5.006735475123298784e+03 2.273340000000000000e+19 -2.264398848637938499e-03 -2.349407039582729340e-02
4.999564584221589030e+03 1.087764826150295221e+03 5.001213923011408042e+03 2.273540000000000000e+19 -8.519223332405090332e-02 -8.349785953760147095e-02
5.003027098065485006e+03 1.097194048483757342e+03 4.995688553996348674e+03 2.273740000000000000e+19 -4.698103293776512146e-02 5.717200785875320435e-02
5.006465695302281347e+03 1.106629798703685992e+03 4.990159394540391077e+03 2.273940000000000000e+19 -5.575817450881004333e-02 1.136851981282234192e-01
5.009597023568570876e+03 1.115284850500008588e+03 4.985087738727023861e+03 2.274140000000000000e+19 -4.434954002499580383e-02 2.316258382052183151e-03
5.019980590963004943e+03 1.144437175369532270e+03 4.968005381490903346e+03 2.274340000000000000e+19 3.282747790217399597e-02 2.435566112399101257e-02
5.023299360661932042e+03 1.153904887180244714e+03 4.962457667028611468e+03 2.274540000000000000e+19 2.988095954060554504e-02 -2.263300493359565735e-02
5.026594116782961464e+03 1.163378855605916442e+03 4.956906321082562499e+03 2.274740000000000000e+19 -2.326456084847450256e-02 -1.071910653263330460e-02
5.029864843500912684e+03 1.172859035141622144e+03 4.951351370316719112e+03 2.274940000000000000e+19 1.434441804885864258e-01 4.375406727194786072e-02
5.033111525230973712e+03 1.182345380615900694e+03 4.945792841199493523e+03 2.275140000000000000e+19 4.434005171060562134e-02 -7.857920229434967041e-02
5.036334146333877470e+03 1.191837846332157369e+03 4.940230760506823572e+03 2.275340000000000000e+19 1.405007392168045044e-01 -3.407482430338859558e-02
5.039532691466073629e+03 1.201336387093242138e+03 4.934665154721840736e+03 2.275540000000000000e+19 -1.656058360822498798e-03 -1.504726707935333252e-02
5.042443834867539408e+03 1.210048604338091764e+03 4.929560319790602080e+03 2.275740000000000000e+19 -6.737147271633148193e-02 -9.681249968707561493e-03
5.019980590963004943e+03 1.144437175369532270e+03 4.968005381490903346e+03 2.275940000000000000e+19 -1.130784302949905396e-02 1.058304402977228165e-02
5.023299360661932042e+03 1.153904887180244714e+03 4.962457667028611468e+03 2.276140000000000000e+19 5.939254909753799438e-02 -2.105891704559326172e-03
5.026594116782961464e+03 1.163378855605916442e+03 4.956906321082562499e+03 2.276340000000000000e+19 3.001075610518455505e-02 2.632358670234680176e-02
5.029864843500912684e+03 1.172859035141622144e+03 4.951351370316719112e+03 2.276540000000000000e+19 4.073084332048892975e-03 -1.097573190927505493e-01
5.033111525230973712e+03 1.182345380615900694e+03 4.945792841199493523e+03 2.276740000000000000e+19 9.698850661516189575e-02 -5.186529085040092468e-02
5.036334146333877470e+03 1.191837846332157369e+03 4.940230760506823572e+03 2.276940000000000000e+19 -8.193860203027725220e-02 -7.564691454172134399e-02
5.039532691466073629e+03 1.201336387093242138e+03 4.934665154721840736e+03 2.277140000000000000e+19 -1.125500798225402832e-01 -2.228962630033493042e-02
5.042443834867539408e+03 1.210048604338091764e+03 4.929560319790602080e+03 2.277340000000000000e+19 -9.222056716680526733e-02 2.404839172959327698e-02
5.052085807646311878e+03 1.239390390342259934e+03 4.912368014007356578e+03 2.277540000000000000e+19 -2.494875900447368622e-02 1.372380647808313370e-02
5.055163745520254452e+03 1.248918623593095163e+03 4.906785182801086194e+03 2.277740000000000000e+19 6.742849200963973999e-02 -2.853392623364925385e-02
5.058217517255954590e+03 1.258452658549286980e+03 4.901198986661431263e+03 2.277940000000000000e+19 -3.349191695451736450e-02 4.659647494554519653e-02
5.061247108313336867e+03 1.267992449815882537e+03 4.895609452186271483e+03 2.278140000000000000e+19 -3.462811186909675598e-02 -4.423648491501808167e-02
5.064252504109239453e+03 1.277537951472109398e+03 4.890016606281405075e+03 2.278340000000000000e+19 5.317720025777816772e-02 -2.346412464976310730e-02
5.067233690344422030e+03 1.287089118101657050e+03 4.884420475556896236e+03 2.278540000000000000e+19 -4.021293297410011292e-02 3.623352572321891785e-02
5.070190652668699840e+03 1.296645903729005340e+03 4.878821086950294557e+03 2.278740000000000000e+19 4.274318367242813110e-02 -4.638488590717315674e-02
5.072880218183879151e+03 1.305411117490926244e+03 4.873685515644020597e+03 2.278940000000000000e+19 -2.766025438904762268e-02 -7.705397158861160278e-02
5.052085807646311878e+03 1.239390390342259934e+03 4.912368014007356578e+03 2.279140000000000000e+19 -1.116588488221168518e-01 9.730530902743339539e-03
5.055163745520254452e+03 1.248918623593095163e+03 4.906785182801086194e+03 2.279340000000000000e+19 2.462137304246425629e-02 -3.537070751190185547e-02
5.058217517255954590e+03 1.258452658549286980e+03 4.901198986661431263e+03 2.279540000000000000e+19 3.830913454294204712e-02 4.845517687499523163e-03
5.061247108313336867e+03 1.267992449815882537e+03 4.895609452186271483e+03 2.279740000000000000e+19 4.145259410142898560e-02 5.757093895226716995e-03
5.064252504109239453e+03 1.277537951472109398e+03 4.890016606281405075e+03 2.279940000000000000e+19 -3.887938335537910461e-02 -1.340931281447410583e-02
5.067233690344422030e+03 1.287089118101657050e+03 4.884420475556896236e+03 2.280140000000000000e+19 -1.262805610895156860e-02 -1.571761630475521088e-02
5.070190652668699840e+03 1.296645903729005340e+03 4.878821086950294557e+03 2.280340000000000000e+19 2.989973174408078194e-03 1.254240721464157104e-01
5.072880218183879151e+03 1.305411117490926244e+03 4.873685515644020597e+03 2.280540000000000000e+19 -3.712052479386329651e-02 -1.852498762309551239e-02
5.081301014317281442e+03 1.333331479661927233e+03 4.857327065349562872e+03 2.280740000000000000e+19 1.076452732086181641e-01 7.859018445014953613e-02
5.084140697234330219e+03 1.342914779289578291e+03 4.851712307920587591e+03 2.280940000000000000e+19 -9.346429258584976196e-02 -6.768669933080673218e-02
5.086956075379433059e+03 1.352503430914484397e+03 4.846094449044709108e+03 2.281140000000000000e+19 6.387800723314285278e-02 1.681504547595977783e-01
5.089747135230240929e+03 1.362097388480814288e+03 4.840473515705403770e+03 2.281340000000000000e+19 -1.439239978790283203e-01 -1.251231580972671509e-01
5.092513863507538190e+03 1.371696606341659844e+03 4.834849534646405118e+03 2.281540000000000000e+19 1.410138010978698730e-01 1.163537129759788513e-01
5.095256246902839848e+03 1.381301038323689681e+03 4.829222532919694459e+03 2.281740000000000000e+19 -1.944200843572616577e-01 -1.619822159409523010e-02
5.097974272330501663e+03 1.390910638596315948e+03 4.823592537376293876e+03 2.281940000000000000e+19 2.195121943950653076e-01 2.198329567909240723e-01
5.100444697131150861e+03 1.399723874992258288e+03 4.818429138670866450e+03 2.282140000000000000e+19 -1.171649172902107239e-01 -2.424804307520389557e-02
5.081301014317281442e+03 1.333331479661927233e+03 4.857327065349562872e+03 2.282340000000000000e+19 1.753454655408859253e-01 1.639865338802337646e-01
5.084140697234330219e+03 1.342914779289578291e+03 4.851712307920587591e+03 2.282540000000000000e+19 1.610359922051429749e-02 -6.063357740640640259e-02
5.086956075379433059e+03 1.352503430914484397e+03 4.846094449044709108e+03 2.282740000000000000e+19 -1.555378455668687820e-02 2.096576616168022156e-02
5.089747135230240929e+03 1.362097388480814288e+03 4.840473515705403770e+03 2.282940000000000000e+19 2.196708228439092636e-03 -1.717200279235839844e-01
5.092513863507538190e+03 1.371696606341659844e+03 4.834849534646405118e+03 2.283140000000000000e+19 2.103882376104593277e-03 1.216616667807102203e-02
5.095256246902839848e+03 1.381301038323689681e+03 4.829222532919694459e+03 2.283340000000000000e+19 -1.006268262863159180e-01 -6.938035786151885986e-02
5.097974272330501663e+03 1.390910638596315948e+03 4.823592537376293876e+03 2.283540000000000000e+19 7.729738205671310425e-02 -2.780359238386154175e-02
5.100444697131150861e+03 1.399723874992258288e+03 4.818429138670866450e+03 2.283740000000000000e+19 3.198671713471412659e-02 -5.030446336604654789e-04
5.108602535873125817e+03 1.429399802144890828e+03 4.801043156297915630e+03 2.283940000000000000e+19 -5.869295913726091385e-03 3.117216937243938446e-02
5.111198578605459261e+03 1.439034553280095906e+03 4.795398596265324159e+03 2.284140000000000000e+19 -3.431355953216552734e-02 8.461528271436691284e-02
5.113770187110228107e+03 1.448674196542725667e+03 4.789751204209844218e+03 2.284340000000000000e+19 5.223306640982627869e-02 1.182022914290428162e-01
5.116317348999824389e+03 1.458318685497799606e+03 4.784101007335440954e+03 2.284540000000000000e+19 4.960198886692523956e-03 -4.847612977027893066e-02
5.118840052146346352e+03 1.467967974224450927e+03 4.778448032544723901e+03 2.284740000000000000e+19 -4.508500918745994568e-02 -5.237049236893653870e-02
5.121338284458865019e+03 1.477622016476572981e+03 4.772792306930678933e+03 2.284940000000000000e+19 4.292110726237297058e-02 3.490836173295974731e-02
5.123812033946902375e+03 1.487280765917914323e+03 4.767133857638940754e+03 2.285140000000000000e+19 1.130830049514770508e-01 -8.489521592855453491e-02
5.126058432066902242e+03 1.496138656529630225e+03 4.761944610196712347e+03 2.285340000000000000e+19 7.450711447745561600e-03 2.656191214919090271e-02
5.108602535873125817e+03 1.429399802144890828e+03 4.801043156297915630e+03 2.285540000000000000e+19 -9.418994933366775513e-02 -5.579473450779914856e-02
5.111198578605459261e+03 1.439034553280095906e+03 4.795398596265324159e+03 2.285740000000000000e+19 -6.569522619247436523e-02 -4.330148920416831970e-03
5.113770187110228107e+03 1.448674196542725667e+03 4.789751204209844218e+03 2.285940000000000000e+19 9.621198475360870361e-02 -4.712427407503128052e-02
5.116317348999824389e+03 1.458318685497799606e+03 4.784101007335440954e+03 2.286140000000000000e+19 3.781035169959068298e-02 -2.936569973826408386e-02
5.118840052146346352e+03 1.467967974224450927e+03 4.778448032544723901e+03 2.286340000000000000e+19 4.333569109439849854e-02 5.094243586063385010e-02
5.121338284458865019e+03 1.477622016476572981e+03 4.772792306930678933e+03 2.286540000000000000e+19 -1.179791912436485291e-01 2.652614191174507141e-02
5.123812033946902375e+03 1.487280765917914323e+03 4.767133857638940754e+03 2.286740000000000000e+19 -9.730884432792663574e-02 1.011417135596275330e-01
5.126058432066902242e+03 1.496138656529630225e+03 4.761944610196712347e+03 2.286940000000000000e+19 2.410877123475074768e-02 -3.863474586978554726e-03
5.133461968928917486e+03 1.525961911866381797e+03 4.744473364835179382e+03 2.287140000000000000e+19 -1.313203293830156326e-02 2.643197029829025269e-02
5.135813129208303508e+03 1.535643504018778231e+03 4.738801703274164538e+03 2.287340000000000000e+19 -2.519734203815460205e-02 3.764437511563301086e-02
5.138139737392556526e+03 1.545329525684376222e+03 4.733127480705778908e+03 2.287540000000000000e+19 5.850751325488090515e-02 -3.369881305843591690e-03
5.140441782404069272e+03 1.555019930744530484e+03 4.727450724147047367e+03 2.287740000000000000e+19 9.837991744279861450e-02 8.154983073472976685e-02
5.142719253161681081e+03 1.564714672553510127e+03 4.721771460923596351e+03 2.287940000000000000e+19 4.448779299855232239e-02 -5.668725818395614624e-02
5.144972138829588403e+03 1.574413704984733613e+03 4.716089718056679885e+03 2.288140000000000000e+19 2.354872971773147583e-02 -4.793959110975265503e-02
5.147200428563459354e+03 1.584116981351098048e+03 4.710405522895934155e+03 2.288340000000000000e+19 -2.933079749345779419e-02 5.681351572275161743e-02
5.149221724988990900e+03 1.593015287218109052e+03 4.705192910040933384e+03 2.288540000000000000e+19 -2.128141699358820915e-03 -7.512569427490234375e-02
5.133461968928917486e+03 1.525961911866381797e+03 4.744473364835179382e+03 2.288740000000000000e+19 -4.467753693461418152e-02 1.154945418238639832e-02
5.135813129208303508e+03 1.535643504018778231e+03 4.738801703274164538e+03 2.288940000000000000e+19 2.968409098684787750e-02 -1.342953741550445557e-01
5.138139737392556526e+03 1.545329525684376222e+03 4.733127480705778908e+03 2.289140000000000000e+19 6.438155472278594971e-02 -1.298581212759017944e-01
5.140441782404069272e+03 1.555019930744530484e+03 4.727450724147047367e+03 2.289340000000000000e+19 5.222962424159049988e-02 5.482102185487747192e-02
5.142719253161681081e+03 1.564714672553510127e+03 4.721771460923596351e+03 2.289540000000000000e+19 1.530529186129570007e-02 -3.058803826570510864e-02
5.144972138829588403e+03 1.574413704984733613e+03 4.716089718056679885e+03 2.289740000000000000e+19 2.153748087584972382e-02 -7.318308204412460327e-02
5.147200428563459354e+03 1.584116981351098048e+03 4.710405522895934155e+03 2.289940000000000000e+19 -7.560028880834579468e-02 1.155987977981567383e-01
5.149221724988990900e+03 1.593015287218109052e+03 4.705192910040933384e+03 2.290140000000000000e+19 8.062265813350677490e-02 2.346195876598358154e-01
5.155867417027086049e+03 1.622971598777822464e+03 4.687644762579195231e+03 2.290340000000000000e+19 -9.700903296470642090e-02 -4.393626004457473755e-02
5.157972569658703833e+03 1.632695398604939783e+03 4.681948713789940484e+03 2.290540000000000000e+19 -9.112207591533660889e-02 5.858915392309427261e-03
5.160053064156959408e+03 1.642423163513610007e+03 4.676250376057293579e+03 2.290740000000000000e+19 -5.707145109772682190e-02 3.058484569191932678e-02
5.162108890601110033e+03 1.652154847118756607e+03 4.670549776552733420e+03 2.290940000000000000e+19 -3.827179968357086182e-02 -1.660246960818767548e-02
5.164140039137842905e+03 1.661890402779362375e+03 4.664846942597506313e+03 2.291140000000000000e+19 5.600618664175271988e-03 3.138930350542068481e-02
5.166146500011585886e+03 1.671629783734020066e+03 4.659141901583220715e+03 2.291340000000000000e+19 3.023091331124305725e-02 1.305441707372665405e-01
5.168128263676137976e+03 1.681372943643938243e+03 4.653434680653761461e+03 2.291540000000000000e+19 -2.034233417361974716e-03 -5.283825471997261047e-02
5.169923490806247173e+03 1.690307404917058420e+03 4.648201197798204703e+03 2.291740000000000000e+19 6.677170842885971069e-02 -5.318104475736618042e-02
5.155867417027086049e+03 1.622971598777822464e+03 4.687644762579195231e+03 2.291940000000000000e+19 1.166613958775997162e-02 8.101557195186614990e-02
5.157972569658703833e+03 1.632695398604939783e+03 4.681948713789940484e+03 2.292140000000000000e+19 9.012493304908275604e-03 7.312186807394027710e-02
5.160053064156959408e+03 1.642423163513610007e+03 4.676250376057293579e+03 2.292340000000000000e+19 8.747480809688568115e-02 7.378689944744110107e-02
5.162108890601110033e+03 1.652154847118756607e+03 4.670549776552733420e+03 2.292540000000000000e+19 2.892705425620079041e-02 -5.418990179896354675e-02
5.164140039137842905e+03 1.661890402779362375e+03 4.664846942597506313e+03 2.292740000000000000e+19 3.657138720154762268e-02 -4.503391683101654053e-02
5.166146500011585886e+03 1.671629783734020066e+03 4.659141901583220715e+03 2.292940000000000000e+19 -1.134532839059829712e-01 1.325910538434982300e-02
5.168128263676137976e+03 1.681372943643938243e+03 4.653434680653761461e+03 2.293140000000000000e+19 4.535965994000434875e-02 6.412784755229949951e-02
5.169923490806247173e+03 1.690307404917058420e+03 4.648201197798204703e+03 2.293340000000000000e+19 -7.736453320831060410e-03 -1.000372041016817093e-02
