# Baseline: 0-6
# Entries: 128
# u [m], v [m], w [m], frequency [GHz], real, imag, std(real), std(imag)
-1.897243379979093731e+02 -3.216489540501325450e+02 -2.303287145084747749e+02 2.267940000000000111e+01 2.744306996464729309e-02 4.618655890226364136e-03 6.392420083284378052e-02 6.408149749040603638e-02
-1.893712502500900143e+02 -3.220062173092779290e+02 -2.301200043244923847e+02 2.268140000000000001e+01 -2.543875388801097870e-02 -1.415497902780771255e-02 6.392420083284378052e-02 6.408149749040603638e-02
-1.890172581958339890e+02 -3.223628136569714115e+02 -2.299116858115460786e+02 2.268340000000000245e+01 2.909309044480323792e-02 6.535710766911506653e-03 6.392420083284378052e-02 6.408149749040603638e-02
-1.886623635267961845e+02 -3.227187413891250571e+02 -2.297037599651384312e+02 2.268540000000000134e+01 -9.993544779717922211e-03 -3.523922991007566452e-03 6.392420083284378052e-02 6.408149749040603638e-02
-1.883956293154843991e+02 -3.229852683756719784e+02 -2.295480615389542152e+02 2.268740000000000023e+01 1.143952980637550354e-01 7.525064051151275635e-02 6.392420083284378052e-02 6.408149749040603638e-02
-1.879498731423686024e+02 -3.234285841964734800e+02 -2.292890902503882273e+02 2.268940000000000268e+01 8.823713660240173340e-02 -3.345343098044395447e-02 6.392420083284378052e-02 6.408149749040603638e-02
-1.875922808442436178e+02 -3.237824958671491800e+02 -2.290823483708649349e+02 2.269140000000000157e+01 9.748167544603347778e-02 3.586742654442787170e-02 6.392420083284378052e-02 6.408149749040603638e-02
-1.871440671496061441e+02 -3.242239629201205844e+02 -2.288244627816043248e+02 2.269340000000000046e+01 8.172173053026199341e-02 8.997377008199691772e-02 6.392420083284378052e-02 6.408149749040603638e-02
-1.897243379979093731e+02 -3.216489540501325450e+02 -2.303287145084747749e+02 2.269540000000000290e+01 -1.058720424771308899e-02 -4.044222831726074219e-02 6.392420083284378052e-02 6.408149749040603638e-02
-1.893712502500900143e+02 -3.220062173092779290e+02 -2.301200043244923847e+02 2.269740000000000180e+01 -2.882414311170578003e-02 -6.995408236980438232e-02 6.392420083284378052e-02 6.408149749040603638e-02
-1.890172581958339890e+02 -3.223628136569714115e+02 -2.299116858115460786e+02 2.269940000000000069e+01 2.120992355048656464e-02 -1.010764017701148987e-01 6.392420083284378052e-02 6.408149749040603638e-02
-1.886623635267961845e+02 -3.227187413891250571e+02 -2.297037599651384312e+02 2.270140000000000313e+01 -5.641759186983108521e-02 2.937620505690574646e-02 6.392420083284378052e-02 6.408149749040603638e-02
-1.883956293154843991e+02 -3.229852683756719784e+02 -2.295480615389542152e+02 2.270340000000000202e+01 -4.867165163159370422e-02 3.094157949090003967e-02 6.392420083284378052e-02 6.408149749040603638e-02
-1.879498731423686024e+02 -3.234285841964734800e+02 -2.292890902503882273e+02 2.270540000000000092e+01 -8.876171708106994629e-02 6.927036494016647339e-02 6.392420083284378052e-02 6.408149749040603638e-02
-1.875922808442436178e+02 -3.237824958671491800e+02 -2.290823483708649349e+02 2.270739999999999981e+01 5.845880135893821716e-02 3.228381741791963577e-03 6.392420083284378052e-02 6.408149749040603638e-02
-1.871440671496061441e+02 -3.242239629201205844e+02 -2.288244627816043248e+02 2.270940000000000225e+01 -4.027952626347541809e-02 -6.693858653306961060e-02 6.392420083284378052e-02 6.408149749040603638e-02
-1.861529708747950735e+02 -3.251913715658590718e+02 -2.282593570722194443e+02 2.271140000000000114e+01 -3.299778699874877930e-02 4.127242416143417358e-02 6.392420083284378052e-02 6.408149749040603638e-02
-1.857909167996122619e+02 -3.255418893151357906e+02 -2.280546082264287691e+02 2.271340000000000003e+01 -3.890240564942359924e-02 -7.110603153705596924e-02 6.392420083284378052e-02 6.408149749040603638e-02
-1.854279755551090147e+02 -3.258917232297552573e+02 -2.278502609375111945e+02 2.271540000000000248e+01 -9.116760641336441040e-02 -4.404422268271446228e-02 6.392420083284378052e-02 6.408149749040603638e-02
-1.850641488731808977e+02 -3.262408716403853077e+02 -2.276463161805668562e+02 2.271740000000000137e+01 8.985500782728195190e-02 1.538531295955181122e-02 6.392420083284378052e-02 6.408149749040603638e-02
-1.846994384962766560e+02 -3.265893328748785507e+02 -2.274427749323303090e+02 2.271940000000000026e+01 2.434789761900901794e-02 1.213125791400671005e-02 6.392420083284378052e-02 6.408149749040603638e-02
-1.843338461698023991e+02 -3.269371052655885137e+02 -2.272396381668964978e+02 2.272140000000000271e+01 -4.833280667662620544e-02 7.564345747232437134e-02 6.392420083284378052e-02 6.408149749040603638e-02
-1.839673736446731880e+02 -3.272841871469657917e+02 -2.270369068571257287e+02 2.272340000000000160e+01 -9.181013703346252441e-02 4.220618866384029388e-03 6.392420083284378052e-02 6.408149749040603638e-02
-1.836306799238228677e+02 -3.276017463616955752e+02 -2.268514216454863117e+02 2.272540000000000049e+01 2.908693253993988037e-02 -9.041795134544372559e-02 6.392420083284378052e-02 6.408149749040603638e-02
-1.861529708747950735e+02 -3.251913715658590718e+02 -2.282593570722194443e+02 2.272740000000000293e+01 -2.902854606509208679e-02 6.310054101049900055e-03 6.392420083284378052e-02 6.408149749040603638e-02
-1.857909167996122619e+02 -3.255418893151357906e+02 -2.280546082264287691e+02 2.272940000000000182e+01 -4.243965260684490204e-03 -3.734547877684235573e-03 6.392420083284378052e-02 6.408149749040603638e-02
-1.854279755551090147e+02 -3.258917232297552573e+02 -2.278502609375111945e+02 2.273140000000000072e+01 6.849198043346405029e-02 2.013188786804676056e-02 6.392420083284378052e-02 6.408149749040603638e-02
-1.850641488731808977e+02 -3.262408716403853077e+02 -2.276463161805668562e+02 2.273340000000000316e+01 8.611828088760375977e-02 4.162787646055221558e-02 6.392420083284378052e-02 6.408149749040603638e-02
-1.846994384962766560e+02 -3.265893328748785507e+02 -2.274427749323303090e+02 2.273540000000000205e+01 -1.565292663872241974e-02 2.074812352657318115e-01 6.392420083284378052e-02 6.408149749040603638e-02
-1.843338461698023991e+02 -3.269371052655885137e+02 -2.272396381668964978e+02 2.273740000000000094e+01 6.959642749279737473e-03 -1.689091324806213379e-02 6.392420083284378052e-02 6.408149749040603638e-02
-1.839673736446731880e+02 -3.272841871469657917e+02 -2.270369068571257287e+02 2.273939999999999984e+01 -4.061504080891609192e-02 1.307579688727855682e-02 6.392420083284378052e-02 6.408149749040603638e-02
-1.836306799238228677e+02 -3.276017463616955752e+02 -2.268514216454863117e+02 2.274140000000000228e+01 -4.393242672085762024e-02 -1.324788033962249756e-01 6.392420083284378052e-02 6.408149749040603638e-02
-1.824927166769690530e+02 -3.286655764273130558e+02 -2.262300555385554048e+02 2.274340000000000117e+01 4.908558726310729980e-02 3.596801683306694031e-02 6.392420083284378052e-02 6.408149749040603638e-02
-1.821218695450690461e+02 -3.290091809176070683e+02 -2.260293660185583633e+02 2.274540000000000006e+01 5.865040794014930725e-02 -1.863024011254310608e-02 6.392420083284378052e-02 6.408149749040603638e-02
-1.817501527953098730e+02 -3.293520849869586868e+02 -2.258290877434576771e+02 2.274740000000000251e+01 2.337517961859703064e-02 7.437733467668294907e-03 6.392420083284378052e-02 6.408149749040603638e-02
-1.813775682131044391e+02 -3.296942869883477556e+02 -2.256292216752190143e+02 2.274940000000000140e+01 -2.827862836420536041e-02 -5.760946497321128845e-02 6.392420083284378052e-02 6.408149749040603638e-02
-1.810041175737466688e+02 -3.300357852912255794e+02 -2.254297687661771761e+02 2.275140000000000029e+01 -3.559758514165878296e-02 2.553295344114303589e-02 6.392420083284378052e-02 6.408149749040603638e-02
-1.806298026761889162e+02 -3.303765782505733455e+02 -2.252307299771081830e+02 2.275340000000000273e+01 5.000637099146842957e-02 8.669253438711166382e-02 6.392420083284378052e-02 6.408149749040603638e-02
-1.802546253026954730e+02 -3.307166642437676387e+02 -2.250321062556978120e+02 2.275540000000000163e+01 -1.788959838449954987e-02 1.974519342184066772e-02 6.392420083284378052e-02 6.408149749040603638e-02
-1.799099675253683586e+02 -3.310277963322396317e+02 -2.248503946439451511e+02 2.275740000000000052e+01 2.007455751299858093e-02 -1.080022938549518585e-02 6.392420083284378052e-02 6.408149749040603638e-02
-1.824927166769690530e+02 -3.286655764273130558e+02 -2.262300555385554048e+02 2.275940000000000296e+01 9.925224632024765015e-02 -2.160423807799816132e-02 6.392420083284378052e-02 6.408149749040603638e-02
-1.821218695450690461e+02 -3.290091809176070683e+02 -2.260293660185583633e+02 2.276140000000000185e+01 -6.751840561628341675e-02 2.923387661576271057e-02 6.392420083284378052e-02 6.408149749040603638e-02
-1.817501527953098730e+02 -3.293520849869586868e+02 -2.258290877434576771e+02 2.276340000000000074e+01 -9.198474884033203125e-02 -9.364244341850280762e-02 6.392420083284378052e-02 6.408149749040603638e-02
-1.813775682131044391e+02 -3.296942869883477556e+02 -2.256292216752190143e+02 2.276540000000000319e+01 6.936234422028064728e-03 -1.388870775699615479e-01 6.392420083284378052e-02 6.408149749040603638e-02
-1.810041175737466688e+02 -3.300357852912255794e+02 -2.254297687661771761e+02 2.276740000000000208e+01 6.347136572003364563e-03 8.309170603752136230e-02 6.392420083284378052e-02 6.408149749040603638e-02
-1.806298026761889162e+02 -3.303765782505733455e+02 -2.252307299771081830e+02 2.276940000000000097e+01 4.187193512916564941e-02 9.368144720792770386e-02 6.392420083284378052e-02 6.408149749040603638e-02
-1.802546253026954730e+02 -3.307166642437676387e+02 -2.250321062556978120e+02 2.277139999999999986e+01 -3.476509824395179749e-02 4.929149895906448364e-02 6.392420083284378052e-02 6.408149749040603638e-02
-1.799099675253683586e+02 -3.310277963322396317e+02 -2.248503946439451511e+02 2.277340000000000231e+01 2.506758831441402435e-02 1.807207055389881134e-02 6.392420083284378052e-02 6.408149749040603638e-02
-1.787453270472120153e+02 -3.320699060309507900e+02 -2.242417810418006638e+02 2.277540000000000120e+01 7.409345824271440506e-03 -1.059644389897584915e-02 6.392420083284378052e-02 6.408149749040603638e-02
-1.783658643205339160e+02 -3.324064328371930515e+02 -2.240452468834341744e+02 2.277740000000000009e+01 8.503779768943786621e-03 3.286920487880706787e-02 6.392420083284378052e-02 6.408149749040603638e-02
-1.779855499591255921e+02 -3.327422429570519284e+02 -2.238491334695627870e+02 2.277940000000000254e+01 5.853368714451789856e-02 5.454903468489646912e-02 6.392420083284378052e-02 6.408149749040603638e-02
-1.776043857737996348e+02 -3.330773347916149874e+02 -2.236534417339513539e+02 2.278140000000000143e+01 -6.696032732725143433e-02 -1.421651691198348999e-01 6.392420083284378052e-02 6.408149749040603638e-02
-1.772223735993306661e+02 -3.334117067278851323e+02 -2.234581726185798232e+02 2.278340000000000032e+01 1.216619461774826050e-02 -1.163593754172325134e-01 6.392420083284378052e-02 6.408149749040603638e-02
-1.768395152532859811e+02 -3.337453571749636581e+02 -2.232633270525122384e+02 2.278540000000000276e+01 -5.205482244491577148e-03 4.289654642343521118e-02 6.392420083284378052e-02 6.408149749040603638e-02
-1.764558125785942480e+02 -3.340782845267908669e+02 -2.230689059736558590e+02 2.278740000000000165e+01 -2.873494103550910950e-02 -1.124730259180068970e-01 6.392420083284378052e-02 6.408149749040603638e-02
-1.761033556689770592e+02 -3.343828406075871271e+02 -2.228910549134330381e+02 2.278940000000000055e+01 -2.503716200590133667e-02 4.308465868234634399e-02 6.392420083284378052e-02 6.408149749040603638e-02
-1.787453270472120153e+02 -3.320699060309507900e+02 -2.242417810418006638e+02 2.279140000000000299e+01 -5.084472894668579102e-02 8.024571835994720459e-02 6.392420083284378052e-02 6.408149749040603638e-02
-1.783658643205339160e+02 -3.324064328371930515e+02 -2.240452468834341744e+02 2.279340000000000188e+01 4.533379152417182922e-02 1.830620877444744110e-02 6.392420083284378052e-02 6.408149749040603638e-02
-1.779855499591255921e+02 -3.327422429570519284e+02 -2.238491334695627870e+02 2.279540000000000077e+01 1.388702392578125000e-01 -2.516102977097034454e-02 6.392420083284378052e-02 6.408149749040603638e-02
-1.776043857737996348e+02 -3.330773347916149874e+02 -2.236534417339513539e+02 2.279739999999999966e+01 1.031918078660964966e-01 -9.300853312015533447e-02 6.392420083284378052e-02 6.408149749040603638e-02
-1.772223735993306661e+02 -3.334117067278851323e+02 -2.234581726185798232e+02 2.279940000000000211e+01 -1.793025061488151550e-02 9.648109227418899536e-02 6.392420083284378052e-02 6.408149749040603638e-02
-1.768395152532859811e+02 -3.337453571749636581e+02 -2.232633270525122384e+02 2.280140000000000100e+01 -3.454805910587310791e-02 5.963401496410369873e-02 6.392420083284378052e-02 6.408149749040603638e-02
-1.764558125785942480e+02 -3.340782845267908669e+02 -2.230689059736558590e+02 2.280339999999999989e+01 9.218926727771759033e-02 -3.792742267251014709e-02 6.392420083284378052e-02 6.408149749040603638e-02
-1.761033556689770592e+02 -3.343828406075871271e+02 -2.228910549134330381e+02 2.280540000000000234e+01 -1.266809832304716110e-02 3.008572757244110107e-02 6.392420083284378052e-02 6.408149749040603638e-02
-1.749771636296453892e+02 -3.353477787625983524e+02 -2.223275742784363729e+02 2.280740000000000123e+01 2.177530899643898010e-02 -2.519183978438377380e-02 6.392420083284378052e-02 6.408149749040603638e-02
-1.745894059626153876e+02 -3.356771887814035153e+02 -2.221352179526098212e+02 2.280940000000000012e+01 -8.304010145366191864e-03 -5.557998083531856537e-03 6.392420083284378052e-02 6.408149749040603638e-02
-1.742008147286843496e+02 -3.360058664655091434e+02 -2.219432915094393195e+02 2.281140000000000256e+01 -6.592529360204935074e-03 2.175705507397651672e-02 6.392420083284378052e-02 6.408149749040603638e-02
-1.738113917943262550e+02 -3.363338102362358200e+02 -2.217517958707698824e+02 2.281340000000000146e+01 -1.785004511475563049e-02 7.059778273105621338e-02 6.392420083284378052e-02 6.408149749040603638e-02
-1.734211390123759600e+02 -3.366610185332761489e+02 -2.215607319477081205e+02 2.281540000000000035e+01 2.903252281248569489e-02 -1.865513809025287628e-02 6.392420083284378052e-02 6.408149749040603638e-02
-1.730300582599879533e+02 -3.369874897827128848e+02 -2.213701006592964688e+02 2.281740000000000279e+01 -1.068581119179725647e-01 -1.621996425092220306e-02 6.392420083284378052e-02 6.408149749040603638e-02
-1.726381514033395774e+02 -3.373132224267019978e+02 -2.211799029151813443e+02 2.281940000000000168e+01 5.515985563397407532e-02 -8.680700510740280151e-02 6.392420083284378052e-02 6.408149749040603638e-02
-1.722781898193143491e+02 -3.376111699460797695e+02 -2.210059310772378467e+02 2.282140000000000057e+01 8.529905229806900024e-02 1.887226402759552002e-01 6.392420083284378052e-02 6.408149749040603638e-02
-1.749771636296453892e+02 -3.353477787625983524e+02 -2.223275742784363729e+02 2.282340000000000302e+01 6.144824251532554626e-02 1.197746861726045609e-02 6.392420083284378052e-02 6.408149749040603638e-02
-1.745894059626153876e+02 -3.356771887814035153e+02 -2.221352179526098212e+02 2.282540000000000191e+01 9.159035980701446533e-02 1.180056855082511902e-01 6.392420083284378052e-02 6.408149749040603638e-02
-1.742008147286843496e+02 -3.360058664655091434e+02 -2.219432915094393195e+02 2.282740000000000080e+01 3.243041690438985825e-03 1.391911804676055908e-01 6.392420083284378052e-02 6.408149749040603638e-02
-1.738113917943262550e+02 -3.363338102362358200e+02 -2.217517958707698824e+02 2.282939999999999969e+01 -4.816675186157226562e-02 -8.591421693563461304e-02 6.392420083284378052e-02 6.408149749040603638e-02
-1.734211390123759600e+02 -3.366610185332761489e+02 -2.215607319477081205e+02 2.283140000000000214e+01 -7.450801134109497070e-02 -1.616798490285873413e-01 6.392420083284378052e-02 6.408149749040603638e-02
-1.730300582599879533e+02 -3.369874897827128848e+02 -2.213701006592964688e+02 2.283340000000000103e+01 -6.626996397972106934e-02 -3.205218818038702011e-03 6.392420083284378052e-02 6.408149749040603638e-02
-1.726381514033395774e+02 -3.373132224267019978e+02 -2.211799029151813443e+02 2.283539999999999992e+01 4.671685397624969482e-02 7.573202997446060181e-02 6.392420083284378052e-02 6.408149749040603638e-02
-1.722781898193143491e+02 -3.376111699460797695e+02 -2.210059310772378467e+02 2.283740000000000236e+01 2.646123059093952179e-02 -5.162171646952629089e-02 6.392420083284378052e-02 6.408149749040603638e-02
-1.710623005167542487e+02 -3.386087358136765033e+02 -2.204234655611697065e+02 2.283940000000000126e+01 3.786534070968627930e-02 -1.450052578002214432e-02 6.392420083284378052e-02 6.408149749040603638e-02
-1.706662913619652215e+02 -3.389307521092709408e+02 -2.202354491556996550e+02 2.284140000000000015e+01 -1.439889334142208099e-02 -1.722905784845352173e-02 6.392420083284378052e-02 6.408149749040603638e-02
-1.702694674097533607e+02 -3.392520205039463690e+02 -2.200478717220514966e+02 2.284340000000000259e+01 -8.658497035503387451e-02 1.188265830278396606e-01 6.392420083284378052e-02 6.408149749040603638e-02
-1.698718305716538737e+02 -3.395725394501264987e+02 -2.198607341637999468e+02 2.284540000000000148e+01 -6.647179275751113892e-02 1.461247168481349945e-02 6.392420083284378052e-02 6.408149749040603638e-02
-1.694733827409583853e+02 -3.398923074217065619e+02 -2.196740373719720765e+02 2.284740000000000038e+01 5.165166780352592468e-02 -3.185523673892021179e-02 6.392420083284378052e-02 6.408149749040603638e-02
-1.690741258272967400e+02 -3.402113228861215362e+02 -2.194877822413560580e+02 2.284940000000000282e+01 3.767356649041175842e-02 3.903995826840400696e-02 6.392420083284378052e-02 6.408149749040603638e-02
-1.686740617469761219e+02 -3.405295843122084420e+02 -2.193019696659103488e+02 2.285140000000000171e+01 1.056606099009513855e-01 -2.411256916821002960e-02 6.392420083284378052e-02 6.408149749040603638e-02
-1.683066391271276530e+02 -3.408206698906823817e+02 -2.191320253456620151e+02 2.285340000000000060e+01 4.485056269913911819e-03 -1.282358728349208832e-02 6.392420083284378052e-02 6.408149749040603638e-02
-1.710623005167542487e+02 -3.386087358136765033e+02 -2.204234655611697065e+02 2.285540000000000305e+01 8.445616066455841064e-02 -1.144734956324100494e-02 6.392420083284378052e-02 6.408149749040603638e-02
-1.706662913619652215e+02 -3.389307521092709408e+02 -2.202354491556996550e+02 2.285740000000000194e+01 -3.714535757899284363e-02 1.034651231020689011e-02 6.392420083284378052e-02 6.408149749040603638e-02
-1.702694674097533607e+02 -3.392520205039463690e+02 -2.200478717220514966e+02 2.285940000000000083e+01 4.619765654206275940e-02 -6.733238697052001953e-02 6.392420083284378052e-02 6.408149749040603638e-02
-1.698718305716538737e+02 -3.395725394501264987e+02 -2.198607341637999468e+02 2.286139999999999972e+01 1.957746408879756927e-02 -3.611500142142176628e-04 6.392420083284378052e-02 6.408149749040603638e-02
-1.694733827409583853e+02 -3.398923074217065619e+02 -2.196740373719720765e+02 2.286340000000000217e+01 -1.008584424853324890e-01 1.304082944989204407e-02 6.392420083284378052e-02 6.408149749040603638e-02
-1.690741258272967400e+02 -3.402113228861215362e+02 -2.194877822413560580e+02 2.286540000000000106e+01 7.279131561517715454e-02 2.224103175103664398e-02 6.392420083284378052e-02 6.408149749040603638e-02
-1.686740617469761219e+02 -3.405295843122084420e+02 -2.193019696659103488e+02 2.286739999999999995e+01 -2.878503408282995224e-03 -6.626254320144653320e-02 6.392420083284378052e-02 6.408149749040603638e-02
-1.683066391271276530e+02 -3.408206698906823817e+02 -2.191320253456620151e+02 2.286940000000000239e+01 -8.069001138210296631e-02 3.772155568003654480e-02 6.392420083284378052e-02 6.408149749040603638e-02
-1.670657720630910319e+02 -3.417950592619865233e+02 -2.185631626474972791e+02 2.287140000000000128e+01 -4.387077316641807556e-02 8.143381215631961823e-03 6.392420083284378052e-02 6.408149749040603638e-02
-1.666617009218289809e+02 -3.421095277410371978e+02 -2.183795761330870278e+02 2.287340000000000018e+01 4.048613458871841431e-02 -3.976145014166831970e-02 6.392420083284378052e-02 6.408149749040603638e-02
-1.662568341592068464e+02 -3.424232330975103764e+02 -2.181964374773868371e+02 2.287540000000000262e+01 -3.146735578775405884e-02 -1.185633335262537003e-02 6.392420083284378052e-02 6.408149749040603638e-02
-1.658511737029457720e+02 -3.427361738377484244e+02 -2.180137475523810053e+02 2.287740000000000151e+01 7.132963091135025024e-02 1.698135398328304291e-02 6.392420083284378052e-02 6.408149749040603638e-02
-1.654447215057313088e+02 -3.430483484553776634e+02 -2.178315072374654733e+02 2.287940000000000040e+01 -5.740473419427871704e-02 9.676742553710937500e-02 6.392420083284378052e-02 6.408149749040603638e-02
-1.650374795014254801e+02 -3.433597554651051951e+02 -2.176497173997163088e+02 2.288140000000000285e+01 -3.444356145337224007e-03 -2.306116744875907898e-02 6.392420083284378052e-02 6.408149749040603638e-02
-1.646294496503225844e+02 -3.436703933679539773e+02 -2.174683789141913053e+02 2.288340000000000174e+01 -2.223881194368004799e-03 1.154863238334655762e-01 6.392420083284378052e-02 6.408149749040603638e-02
-1.642547418254844729e+02 -3.439544777060324918e+02 -2.173025434386578354e+02 2.288540000000000063e+01 -1.058900281786918640e-01 -4.297855123877525330e-02 6.392420083284378052e-02 6.408149749040603638e-02
-1.670657720630910319e+02 -3.417950592619865233e+02 -2.185631626474972791e+02 2.288740000000000308e+01 3.695235773921012878e-02 7.443790137767791748e-02 6.392420083284378052e-02 6.408149749040603638e-02
-1.666617009218289809e+02 -3.421095277410371978e+02 -2.183795761330870278e+02 2.288940000000000197e+01 2.042657509446144104e-02 8.656091988086700439e-02 6.392420083284378052e-02 6.408149749040603638e-02
-1.662568341592068464e+02 -3.424232330975103764e+02 -2.181964374773868371e+02 2.289140000000000086e+01 7.127460092306137085e-02 1.171826049685478210e-01 6.392420083284378052e-02 6.408149749040603638e-02
-1.658511737029457720e+02 -3.427361738377484244e+02 -2.180137475523810053e+02 2.289339999999999975e+01 1.538871414959430695e-02 -3.696041926741600037e-02 6.392420083284378052e-02 6.408149749040603638e-02
-1.654447215057313088e+02 -3.430483484553776634e+02 -2.178315072374654733e+02 2.289540000000000219e+01 -2.682923711836338043e-02 3.840433433651924133e-03 6.392420083284378052e-02 6.408149749040603638e-02
-1.650374795014254801e+02 -3.433597554651051951e+02 -2.176497173997163088e+02 2.289740000000000109e+01 9.202354401350021362e-02 2.229217626154422760e-02 6.392420083284378052e-02 6.408149749040603638e-02
-1.646294496503225844e+02 -3.436703933679539773e+02 -2.174683789141913053e+02 2.289939999999999998e+01 -4.430733993649482727e-02 6.111193820834159851e-02 6.392420083284378052e-02 6.408149749040603638e-02
-1.642547418254844729e+02 -3.439544777060324918e+02 -2.173025434386578354e+02 2.290140000000000242e+01 -2.787845022976398468e-02 -8.730879426002502441e-02 6.392420083284378052e-02 6.408149749040603638e-02
-1.629894908191369893e+02 -3.449052242863752440e+02 -2.167475557876067569e+02 2.290340000000000131e+01 7.739477604627609253e-02 4.502814635634422302e-02 6.392420083284378052e-02 6.408149749040603638e-02
-1.625775510687437020e+02 -3.452119944530610951e+02 -2.165684870234972834e+02 2.290540000000000020e+01 -5.924344062805175781e-02 5.681322515010833740e-02 6.392420083284378052e-02 6.408149749040603638e-02
-1.621648352413352825e+02 -3.455179866507536417e+02 -2.163898747847951824e+02 2.290740000000000265e+01 1.916355453431606293e-02 -3.808774426579475403e-02 6.392420083284378052e-02 6.408149749040603638e-02
-1.617513453048646852e+02 -3.458231994203740669e+02 -2.162117199231858535e+02 2.290940000000000154e+01 5.049986764788627625e-02 1.527042686939239502e-02 6.392420083284378052e-02 6.408149749040603638e-02
-1.613370832410549554e+02 -3.461276312991158193e+02 -2.160340232925182136e+02 2.291140000000000043e+01 -1.849828660488128662e-02 -3.674213588237762451e-02 6.392420083284378052e-02 6.408149749040603638e-02
-1.609220510396795873e+02 -3.464312808247564703e+02 -2.158567857462889776e+02 2.291340000000000288e+01 1.060234010219573975e-01 -9.550233185291290283e-02 6.392420083284378052e-02 6.408149749040603638e-02
-1.605062506754178173e+02 -3.467341465525782382e+02 -2.156800081277659160e+02 2.291540000000000177e+01 -1.813158839941024780e-01 5.734503269195556641e-02 6.392420083284378052e-02 6.408149749040603638e-02
-1.601244370289459766e+02 -3.470110936532808523e+02 -2.155183608856540616e+02 2.291740000000000066e+01 7.044256478548049927e-02 8.701599389314651489e-02 6.392420083284378052e-02 6.408149749040603638e-02
-1.629894908191369893e+02 -3.449052242863752440e+02 -2.167475557876067569e+02 2.291940000000000310e+01 7.844460010528564453e-02 1.052387133240699768e-01 6.392420083284378052e-02 6.408149749040603638e-02
-1.625775510687437020e+02 -3.452119944530610951e+02 -2.165684870234972834e+02 2.292140000000000200e+01 6.028845906257629395e-02 -1.057591885328292847e-01 6.392420083284378052e-02 6.408149749040603638e-02
-1.621648352413352825e+02 -3.455179866507536417e+02 -2.163898747847951824e+02 2.292340000000000089e+01 -3.275705128908157349e-02 4.139949753880500793e-02 6.392420083284378052e-02 6.408149749040603638e-02
-1.617513453048646852e+02 -3.458231994203740669e+02 -2.162117199231858535e+02 2.292539999999999978e+01 1.757227256894111633e-02 6.578509509563446045e-02 6.392420083284378052e-02 6.408149749040603638e-02
-1.613370832410549554e+02 -3.461276312991158193e+02 -2.160340232925182136e+02 2.292740000000000222e+01 1.421002484858036041e-02 -5.857124924659729004e-04 6.392420083284378052e-02 6.408149749040603638e-02
-1.609220510396795873e+02 -3.464312808247564703e+02 -2.158567857462889776e+02 2.292940000000000111e+01 7.429461926221847534e-02 -9.988309815526008606e-03 6.392420083284378052e-02 6.408149749040603638e-02
-1.605062506754178173e+02 -3.467341465525782382e+02 -2.156800081277659160e+02 2.293140000000000001e+01 3.195287659764289856e-02 -8.967399597167968750e-03 6.392420083284378052e-02 6.408149749040603638e-02
-1.601244370289459766e+02 -3.470110936532808523e+02 -2.155183608856540616e+02 2.293340000000000245e+01 -4.626497626304626465e-02 -4.385836794972419739e-02 6.392420083284378052e-02 6.408149749040603638e-02
