# Baseline: 10-16
# Entries: 128
# u [m], v [m], w [m], frequency [GHz], real, imag, std(real), std(imag)
-1.591065792964904404e+03 5.617832788377741963e+03 -9.069277284455788504e+02 2.267940000000000111e+01 4.019739106297492981e-03 -2.072406467050313950e-03 1.464935764670372009e-02 1.476366911083459854e-02
-1.602670049520851535e+03 5.614820402246426966e+03 -9.051486415087092610e+02 2.268140000000000001e+01 -2.905392786487936974e-03 -3.316444577649235725e-03 1.464935764670372009e-02 1.476366911083459854e-02
-1.614266624849896061e+03 5.611786111825197622e+03 -9.033567398103162986e+02 2.268340000000000245e+01 9.634145535528659821e-03 -2.819376997649669647e-03 1.464935764670372009e-02 1.476366911083459854e-02
-1.625855463534722048e+03 5.608729931614408997e+03 -9.015520319136199987e+02 2.268540000000000134e+01 -6.910997442901134491e-03 1.052724430337548256e-03 1.464935764670372009e-02 1.476366911083459854e-02
-1.637436510114045632e+03 5.605651876239701778e+03 -8.997345264552512845e+02 2.268740000000000023e+01 5.275151692330837250e-03 -5.193441174924373627e-03 1.464935764670372009e-02 1.476366911083459854e-02
-1.649009709164055266e+03 5.602551960431922453e+03 -8.979042321333866994e+02 2.268940000000000268e+01 -3.080326132476329803e-03 -3.401543013751506805e-03 1.464935764670372009e-02 1.476366911083459854e-02
-1.660575005056748296e+03 5.599430199091594659e+03 -8.960611577458216743e+02 2.269140000000000157e+01 3.537745680660009384e-03 -3.197750542312860489e-03 1.464935764670372009e-02 1.476366911083459854e-02
-1.671169638654993150e+03 5.596549684254567183e+03 -8.943606159244642413e+02 2.269340000000000046e+01 -2.831031568348407745e-03 2.434827620163559914e-03 1.464935764670372009e-02 1.476366911083459854e-02
-1.591065792964904404e+03 5.617832788377741963e+03 -9.069277284455788504e+02 2.269540000000000290e+01 8.779308758676052094e-03 7.176160579547286034e-04 1.464935764670372009e-02 1.476366911083459854e-02
-1.602670049520851535e+03 5.614820402246426966e+03 -9.051486415087092610e+02 2.269740000000000180e+01 2.298893639817833900e-03 -2.063159132376313210e-03 1.464935764670372009e-02 1.476366911083459854e-02
-1.614266624849896061e+03 5.611786111825197622e+03 -9.033567398103162986e+02 2.269940000000000069e+01 3.772547468543052673e-03 -9.261007420718669891e-03 1.464935764670372009e-02 1.476366911083459854e-02
-1.625855463534722048e+03 5.608729931614408997e+03 -9.015520319136199987e+02 2.270140000000000313e+01 2.579395426437258720e-03 2.535114064812660217e-03 1.464935764670372009e-02 1.476366911083459854e-02
-1.637436510114045632e+03 5.605651876239701778e+03 -8.997345264552512845e+02 2.270340000000000202e+01 7.715436629951000214e-03 -1.260563917458057404e-02 1.464935764670372009e-02 1.476366911083459854e-02
-1.649009709164055266e+03 5.602551960431922453e+03 -8.979042321333866994e+02 2.270540000000000092e+01 -9.937194176018238068e-03 -1.141837518662214279e-02 1.464935764670372009e-02 1.476366911083459854e-02
-1.660575005056748296e+03 5.599430199091594659e+03 -8.960611577458216743e+02 2.270739999999999981e+01 6.855414714664220810e-03 1.291428040713071823e-02 1.464935764670372009e-02 1.476366911083459854e-02
-1.671169638654993150e+03 5.596549684254567183e+03 -8.943606159244642413e+02 2.270940000000000225e+01 5.064037162810564041e-03 6.755079142749309540e-03 1.464935764670372009e-02 1.476366911083459854e-02
-1.706756053156962253e+03 5.586724998100114135e+03 -8.885612364694353573e+02 2.271140000000000114e+01 -1.559028169140219688e-03 1.628123782575130463e-02 1.464935764670372009e-02 1.476366911083459854e-02
-1.718281005010740728e+03 5.583494234959467576e+03 -8.866543950907067710e+02 2.271340000000000003e+01 -8.752766065299510956e-03 1.218624040484428406e-02 1.464935764670372009e-02 1.476366911083459854e-02
-1.729797722274247235e+03 5.580241717471560150e+03 -8.847348274733932385e+02 2.271540000000000248e+01 -7.400527130812406540e-03 4.312462173402309418e-03 1.464935764670372009e-02 1.476366911083459854e-02
-1.741306149992045675e+03 5.576967461157027174e+03 -8.828025427774737182e+02 2.271740000000000137e+01 1.243656966835260391e-02 -9.698431007564067841e-03 1.464935764670372009e-02 1.476366911083459854e-02
-1.752806233047776004e+03 5.573671481697057061e+03 -8.808575502571416109e+02 2.271940000000000026e+01 -5.037355702370405197e-03 -1.563620008528232574e-02 1.464935764670372009e-02 1.476366911083459854e-02
-1.764297916405050046e+03 5.570353794865287455e+03 -8.788998592206149851e+02 2.272140000000000271e+01 1.304829143919050694e-03 3.753833938390016556e-03 1.464935764670372009e-02 1.476366911083459854e-02
-1.775781145027796128e+03 5.567014416551156501e+03 -8.769294790439124654e+02 2.272340000000000160e+01 4.308634437620639801e-03 -3.090915968641638756e-03 1.464935764670372009e-02 1.476366911083459854e-02
-1.786300072851531240e+03 5.563934553783183219e+03 -8.751123195100644807e+02 2.272540000000000049e+01 -4.145114216953516006e-03 1.492523960769176483e-02 1.464935764670372009e-02 1.476366911083459854e-02
-1.706756053156962253e+03 5.586724998100114135e+03 -8.885612364694353573e+02 2.272740000000000293e+01 -1.187765272334218025e-03 6.395655684173107147e-03 1.464935764670372009e-02 1.476366911083459854e-02
-1.718281005010740728e+03 5.583494234959467576e+03 -8.866543950907067710e+02 2.272940000000000182e+01 1.005553407594561577e-03 6.023210473358631134e-03 1.464935764670372009e-02 1.476366911083459854e-02
-1.729797722274247235e+03 5.580241717471560150e+03 -8.847348274733932385e+02 2.273140000000000072e+01 -1.319128926843404770e-02 7.727486081421375275e-03 1.464935764670372009e-02 1.476366911083459854e-02
-1.741306149992045675e+03 5.576967461157027174e+03 -8.828025427774737182e+02 2.273340000000000316e+01 -2.162018604576587677e-02 -3.686642274260520935e-03 1.464935764670372009e-02 1.476366911083459854e-02
-1.752806233047776004e+03 5.573671481697057061e+03 -8.808575502571416109e+02 2.273540000000000205e+01 1.502227876335382462e-02 8.547180332243442535e-03 1.464935764670372009e-02 1.476366911083459854e-02
-1.764297916405050046e+03 5.570353794865287455e+03 -8.788998592206149851e+02 2.273740000000000094e+01 1.998967491090297699e-02 4.735356196761131287e-03 1.464935764670372009e-02 1.476366911083459854e-02
-1.775781145027796128e+03 5.567014416551156501e+03 -8.769294790439124654e+02 2.273939999999999984e+01 -2.552091842517256737e-03 7.904500234872102737e-04 1.464935764670372009e-02 1.476366911083459854e-02
-1.786300072851531240e+03 5.563934553783183219e+03 -8.751123195100644807e+02 2.274140000000000228e+01 -2.947031171061098576e-04 5.445270333439111710e-03 1.464935764670372009e-02 1.476366911083459854e-02
-1.821628414311240931e+03 5.553440309466869621e+03 -8.689212563296608778e+02 2.274340000000000117e+01 1.488042902201414108e-02 1.948493346571922302e-02 1.464935764670372009e-02 1.476366911083459854e-02
-1.833068545904521443e+03 5.549992715489551301e+03 -8.668875730842773919e+02 2.274540000000000006e+01 1.366308517754077911e-02 5.694478284567594528e-03 1.464935764670372009e-02 1.476366911083459854e-02
-1.844499893804770409e+03 5.546523527425153588e+03 -8.648412581584979080e+02 2.274740000000000251e+01 6.197961512953042984e-03 -3.005804726853966713e-03 1.464935764670372009e-02 1.476366911083459854e-02
-1.855922403105502099e+03 5.543032761936729912e+03 -8.627823213811212781e+02 2.274940000000000140e+01 -4.410919267684221268e-03 -9.027364663779735565e-03 1.464935764670372009e-02 1.476366911083459854e-02
-1.867336019380181597e+03 5.539520435656914742e+03 -8.607107725624979366e+02 2.275140000000000029e+01 -3.826167667284607887e-03 -2.298679901286959648e-03 1.464935764670372009e-02 1.476366911083459854e-02
-1.878740687648565881e+03 5.535986565505102590e+03 -8.586266216816106862e+02 2.275340000000000273e+01 2.027619164437055588e-03 -7.872755639255046844e-03 1.464935764670372009e-02 1.476366911083459854e-02
-1.890136353609156913e+03 5.532431168307742155e+03 -8.565298786621209501e+02 2.275540000000000163e+01 1.084924861788749695e-02 2.439467498334124684e-04 1.464935764670372009e-02 1.476366911083459854e-02
-1.900574541643511793e+03 5.529153431541347345e+03 -8.545969710576840725e+02 2.275740000000000052e+01 2.231156826019287109e-02 -1.678331755101680756e-02 1.464935764670372009e-02 1.476366911083459854e-02
-1.821628414311240931e+03 5.553440309466869621e+03 -8.689212563296608778e+02 2.275940000000000296e+01 -2.287395857274532318e-02 2.641983330249786377e-03 1.464935764670372009e-02 1.476366911083459854e-02
-1.833068545904521443e+03 5.549992715489551301e+03 -8.668875730842773919e+02 2.276140000000000185e+01 -1.801571622490882874e-02 3.542378311976790428e-03 1.464935764670372009e-02 1.476366911083459854e-02
-1.844499893804770409e+03 5.546523527425153588e+03 -8.648412581584979080e+02 2.276340000000000074e+01 1.250515133142471313e-02 -1.347849983721971512e-02 1.464935764670372009e-02 1.476366911083459854e-02
-1.855922403105502099e+03 5.543032761936729912e+03 -8.627823213811212781e+02 2.276540000000000319e+01 1.091605518013238907e-02 -9.255804470740258694e-04 1.464935764670372009e-02 1.476366911083459854e-02
-1.867336019380181597e+03 5.539520435656914742e+03 -8.607107725624979366e+02 2.276740000000000208e+01 1.071436237543821335e-02 -1.075616106390953064e-02 1.464935764670372009e-02 1.476366911083459854e-02
-1.878740687648565881e+03 5.535986565505102590e+03 -8.586266216816106862e+02 2.276940000000000097e+01 -6.208299659192562103e-03 -8.804981596767902374e-03 1.464935764670372009e-02 1.476366911083459854e-02
-1.890136353609156913e+03 5.532431168307742155e+03 -8.565298786621209501e+02 2.277139999999999986e+01 -1.255735661834478378e-02 2.306627668440341949e-02 1.464935764670372009e-02 1.476366911083459854e-02
-1.900574541643511793e+03 5.529153431541347345e+03 -8.545969710576840725e+02 2.277340000000000231e+01 1.148775569163262844e-03 1.901120878756046295e-02 1.464935764670372009e-02 1.476366911083459854e-02
-1.935627903498149635e+03 5.517994651157241606e+03 -8.480171869364062331e+02 2.277540000000000120e+01 2.216054499149322510e-02 2.114850841462612152e-02 1.464935764670372009e-02 1.476366911083459854e-02
-1.946977740383321361e+03 5.514331876128489967e+03 -8.458576350101243406e+02 2.277740000000000009e+01 1.730531454086303711e-02 7.420885842293500900e-03 1.464935764670372009e-02 1.476366911083459854e-02
-1.958318248198324000e+03 5.510647677751166157e+03 -8.436855520917483773e+02 2.277940000000000254e+01 9.728336706757545471e-03 -7.007392123341560364e-04 1.464935764670372009e-02 1.476366911083459854e-02
-1.969649372946970061e+03 5.506942073567056468e+03 -8.415009485233654232e+02 2.278140000000000143e+01 3.059076890349388123e-02 -2.114697732031345367e-02 1.464935764670372009e-02 1.476366911083459854e-02
-1.980971060085791578e+03 5.503215081413519329e+03 -8.393038348208425532e+02 2.278340000000000032e+01 -3.142745047807693481e-02 8.372382581001147628e-05 1.464935764670372009e-02 1.476366911083459854e-02
-1.992283255747654039e+03 5.499466719023143924e+03 -8.370942214378143262e+02 2.278540000000000276e+01 -1.940906234085559845e-02 -8.398781530559062958e-03 1.464935764670372009e-02 1.476366911083459854e-02
-2.003585905480195834e+03 5.495697004439079137e+03 -8.348721190105210326e+02 2.278740000000000165e+01 1.694159395992755890e-02 -2.515722438693046570e-02 1.464935764670372009e-02 1.476366911083459854e-02
-2.013938358894834209e+03 5.492222962124907099e+03 -8.328243882657097856e+02 2.278940000000000055e+01 5.487123504281044006e-03 5.915063433349132538e-03 1.464935764670372009e-02 1.476366911083459854e-02
-1.935627903498149635e+03 5.517994651157241606e+03 -8.480171869364062331e+02 2.279140000000000299e+01 2.738514682278037071e-03 1.997158303856849670e-02 1.464935764670372009e-02 1.476366911083459854e-02
-1.946977740383321361e+03 5.514331876128489967e+03 -8.458576350101243406e+02 2.279340000000000188e+01 -1.599547639489173889e-02 -5.344912409782409668e-03 1.464935764670372009e-02 1.476366911083459854e-02
-1.958318248198324000e+03 5.510647677751166157e+03 -8.436855520917483773e+02 2.279540000000000077e+01 8.611779659986495972e-03 -2.714910311624407768e-03 1.464935764670372009e-02 1.476366911083459854e-02
-1.969649372946970061e+03 5.506942073567056468e+03 -8.415009485233654232e+02 2.279739999999999966e+01 2.141124196350574493e-02 3.449849551543593407e-03 1.464935764670372009e-02 1.476366911083459854e-02
-1.980971060085791578e+03 5.503215081413519329e+03 -8.393038348208425532e+02 2.279940000000000211e+01 9.378467686474323273e-03 1.913741417229175568e-02 1.464935764670372009e-02 1.476366911083459854e-02
-1.992283255747654039e+03 5.499466719023143924e+03 -8.370942214378143262e+02 2.280140000000000100e+01 6.245578173547983170e-03 -3.133231401443481445e-02 1.464935764670372009e-02 1.476366911083459854e-02
-2.003585905480195834e+03 5.495697004439079137e+03 -8.348721190105210326e+02 2.280339999999999989e+01 -9.182003326714038849e-03 -2.746796235442161560e-02 1.464935764670372009e-02 1.476366911083459854e-02
-2.013938358894834209e+03 5.492222962124907099e+03 -8.328243882657097856e+02 2.280540000000000234e+01 5.668234080076217651e-03 -1.942078769207000732e-02 1.464935764670372009e-02 1.476366911083459854e-02
-2.046823324973275930e+03 5.481048953222606542e+03 -8.262385545729893011e+02 2.280740000000000123e+01 9.161674533970654011e-04 -6.224799901247024536e-03 1.464935764670372009e-02 1.476366911083459854e-02
-2.058079075218223807e+03 5.477176292241226292e+03 -8.239562392505578146e+02 2.280940000000000012e+01 -4.618595354259014130e-03 -5.175001570023596287e-04 1.464935764670372009e-02 1.476366911083459854e-02
-2.069324964849207845e+03 5.473282385676507147e+03 -8.216614977201661532e+02 2.281140000000000256e+01 4.184268414974212646e-03 3.904326120391488075e-03 1.464935764670372009e-02 1.476366911083459854e-02
-2.080560939850663090e+03 5.469367252231760176e+03 -8.193543410039960690e+02 2.281340000000000146e+01 -1.781190745532512665e-03 4.197249654680490494e-03 1.464935764670372009e-02 1.476366911083459854e-02
-2.091786946763362266e+03 5.465430910534935720e+03 -8.170347800793744000e+02 2.281540000000000035e+01 4.547249060124158859e-03 -3.488586051389575005e-03 1.464935764670372009e-02 1.476366911083459854e-02
-2.103002931588826414e+03 5.461473379520110939e+03 -8.147028261035774221e+02 2.281740000000000279e+01 5.015117581933736801e-03 8.741974015720188618e-04 1.464935764670372009e-02 1.476366911083459854e-02
-2.114208840806757962e+03 5.457494678072259376e+03 -8.123584902044949558e+02 2.281940000000000168e+01 2.679277444258332253e-03 -8.749687112867832184e-03 1.464935764670372009e-02 1.476366911083459854e-02
-2.124472156782350794e+03 5.453829222807951737e+03 -8.101988054257979002e+02 2.282140000000000057e+01 -4.371979273855686188e-03 6.072563584893941879e-03 1.464935764670372009e-02 1.476366911083459854e-02
-2.046823324973275930e+03 5.481048953222606542e+03 -8.262385545729893011e+02 2.282340000000000302e+01 7.145105395466089249e-03 -4.774363711476325989e-03 1.464935764670372009e-02 1.476366911083459854e-02
-2.058079075218223807e+03 5.477176292241226292e+03 -8.239562392505578146e+02 2.282540000000000191e+01 -8.438636548817157745e-03 -5.686467513442039490e-03 1.464935764670372009e-02 1.476366911083459854e-02
-2.069324964849207845e+03 5.473282385676507147e+03 -8.216614977201661532e+02 2.282740000000000080e+01 -6.926532369107007980e-03 2.764627803117036819e-03 1.464935764670372009e-02 1.476366911083459854e-02
-2.080560939850663090e+03 5.469367252231760176e+03 -8.193543410039960690e+02 2.282939999999999969e+01 -1.235176809132099152e-02 -5.712618585675954819e-03 1.464935764670372009e-02 1.476366911083459854e-02
-2.091786946763362266e+03 5.465430910534935720e+03 -8.170347800793744000e+02 2.283140000000000214e+01 -1.290240907110273838e-03 1.049943082034587860e-02 1.464935764670372009e-02 1.476366911083459854e-02
-2.103002931588826414e+03 5.461473379520110939e+03 -8.147028261035774221e+02 2.283340000000000103e+01 -1.592888002051040530e-04 8.049608208239078522e-03 1.464935764670372009e-02 1.476366911083459854e-02
-2.114208840806757962e+03 5.457494678072259376e+03 -8.123584902044949558e+02 2.283539999999999992e+01 -5.170987453311681747e-03 5.046603269875049591e-03 1.464935764670372009e-02 1.476366911083459854e-02
-2.124472156782350794e+03 5.453829222807951737e+03 -8.101988054257979002e+02 2.283740000000000236e+01 -1.096110418438911438e-02 -6.690512411296367645e-03 1.464935764670372009e-02 1.476366911083459854e-02
-2.158930649409564921e+03 5.441368550412124023e+03 -8.028575527237129563e+02 2.283940000000000126e+01 3.882287070155143738e-03 1.644285582005977631e-02 1.464935764670372009e-02 1.476366911083459854e-02
-2.170085376823639308e+03 5.437284284549317817e+03 -8.004514767483061632e+02 2.284140000000000015e+01 1.348984334617853165e-02 -3.084158757701516151e-03 1.464935764670372009e-02 1.476366911083459854e-02
-2.181229707746574149e+03 5.433178963958890563e+03 -7.980330870192525481e+02 2.284340000000000259e+01 -1.350058708339929581e-02 1.401158794760704041e-02 1.464935764670372009e-02 1.476366911083459854e-02
-2.192363588495226850e+03 5.429052608416536714e+03 -7.956023951861749310e+02 2.284540000000000148e+01 -7.536941673606634140e-03 -9.191067510982975364e-05 1.464935764670372009e-02 1.476366911083459854e-02
-2.203486966057249447e+03 5.424905237569328165e+03 -7.931594128225002578e+02 2.284740000000000038e+01 -7.820342667400836945e-03 -3.609727602452039719e-03 1.464935764670372009e-02 1.476366911083459854e-02
-2.214599787121450845e+03 5.420736871294056982e+03 -7.907041516365512734e+02 2.284940000000000282e+01 1.022077817469835281e-02 1.426883391104638577e-03 1.464935764670372009e-02 1.476366911083459854e-02
-2.225701998350071335e+03 5.416547529597658468e+03 -7.882366234128876386e+02 2.285140000000000171e+01 7.076915819197893143e-03 3.121297340840101242e-03 1.464935764670372009e-02 1.476366911083459854e-02
-2.235869795976602745e+03 5.412689157020249695e+03 -7.859641122370134099e+02 2.285340000000000060e+01 1.040032692253589630e-02 -4.732836503535509109e-03 1.464935764670372009e-02 1.476366911083459854e-02
-2.158930649409564921e+03 5.441368550412124023e+03 -8.028575527237129563e+02 2.285540000000000305e+01 3.015395253896713257e-03 -6.124014034867286682e-03 1.464935764670372009e-02 1.476366911083459854e-02
-2.170085376823639308e+03 5.437284284549317817e+03 -8.004514767483061632e+02 2.285740000000000194e+01 5.315709393471479416e-03 -1.926725031808018684e-03 1.464935764670372009e-02 1.476366911083459854e-02
-2.181229707746574149e+03 5.433178963958890563e+03 -7.980330870192525481e+02 2.285940000000000083e+01 -7.665619719773530960e-03 -1.495961938053369522e-02 1.464935764670372009e-02 1.476366911083459854e-02
-2.192363588495226850e+03 5.429052608416536714e+03 -7.956023951861749310e+02 2.286139999999999972e+01 -6.073354743421077728e-03 9.107976220548152924e-03 1.464935764670372009e-02 1.476366911083459854e-02
-2.203486966057249447e+03 5.424905237569328165e+03 -7.931594128225002578e+02 2.286340000000000217e+01 -2.413458278169855475e-04 -7.385919801890850067e-03 1.464935764670372009e-02 1.476366911083459854e-02
-2.214599787121450845e+03 5.420736871294056982e+03 -7.907041516365512734e+02 2.286540000000000106e+01 -1.647576573304831982e-03 -2.499781781807541847e-03 1.464935764670372009e-02 1.476366911083459854e-02
-2.225701998350071335e+03 5.416547529597658468e+03 -7.882366234128876386e+02 2.286739999999999995e+01 -1.207975484430789948e-02 1.383875217288732529e-02 1.464935764670372009e-02 1.476366911083459854e-02
-2.235869795976602745e+03 5.412689157020249695e+03 -7.859641122370134099e+02 2.286940000000000239e+01 4.212263971567153931e-03 -9.062163531780242920e-03 1.464935764670372009e-02 1.476366911083459854e-02
-2.270003684309248001e+03 5.399580810609591026e+03 -7.782440769189992125e+02 2.287140000000000128e+01 -5.130345467478036880e-03 1.240678783506155014e-02 1.464935764670372009e-02 1.476366911083459854e-02
-2.281052051059067253e+03 5.395286894302184919e+03 -7.757153916684960677e+02 2.287340000000000018e+01 -1.594330370426177979e-02 4.719042684882879257e-03 1.464935764670372009e-02 1.476366911083459854e-02
-2.292089489951246833e+03 5.390972124372293365e+03 -7.731745111137050799e+02 2.287540000000000262e+01 1.490141614340245724e-03 1.058517582714557648e-02 1.464935764670372009e-02 1.476366911083459854e-02
-2.303115948432701316e+03 5.386636521364232067e+03 -7.706214473527792279e+02 2.287740000000000151e+01 -9.626110550016164780e-04 1.581562496721744537e-02 1.464935764670372009e-02 1.476366911083459854e-02
-2.314131373426465416e+03 5.382280106147812148e+03 -7.680562126751434562e+02 2.287940000000000040e+01 1.544342958368360996e-03 -9.419206529855728149e-03 1.464935764670372009e-02 1.476366911083459854e-02
-2.325135712522378526e+03 5.377902899450446057e+03 -7.654788192859081164e+02 2.288140000000000285e+01 -3.602469339966773987e-03 -5.892192479223012924e-03 1.464935764670372009e-02 1.476366911083459854e-02
-2.336128912750250947e+03 5.373504922342318423e+03 -7.628892795917314515e+02 2.288340000000000174e+01 -7.789055816829204559e-03 3.027218859642744064e-03 1.464935764670372009e-02 1.476366911083459854e-02
-2.346196326212786971e+03 5.369455478884796321e+03 -7.605050295362910902e+02 2.288540000000000063e+01 -2.677212469279766083e-03 -2.164082042872905731e-02 1.464935764670372009e-02 1.476366911083459854e-02
-2.270003684309248001e+03 5.399580810609591026e+03 -7.782440769189992125e+02 2.288740000000000308e+01 6.460945121943950653e-03 -1.454436872154474258e-02 1.464935764670372009e-02 1.476366911083459854e-02
-2.281052051059067253e+03 5.395286894302184919e+03 -7.757153916684960677e+02 2.288940000000000197e+01 8.249445818364620209e-03 1.046905945986509323e-02 1.464935764670372009e-02 1.476366911083459854e-02
-2.292089489951246833e+03 5.390972124372293365e+03 -7.731745111137050799e+02 2.289140000000000086e+01 -2.798378467559814453e-02 3.059642156586050987e-03 1.464935764670372009e-02 1.476366911083459854e-02
-2.303115948432701316e+03 5.386636521364232067e+03 -7.706214473527792279e+02 2.289339999999999975e+01 -1.102865301072597504e-02 1.281579490751028061e-02 1.464935764670372009e-02 1.476366911083459854e-02
-2.314131373426465416e+03 5.382280106147812148e+03 -7.680562126751434562e+02 2.289540000000000219e+01 -9.449022822082042694e-03 -6.822087336331605911e-03 1.464935764670372009e-02 1.476366911083459854e-02
-2.325135712522378526e+03 5.377902899450446057e+03 -7.654788192859081164e+02 2.289740000000000109e+01 -8.447819389402866364e-03 9.861039929091930389e-03 1.464935764670372009e-02 1.476366911083459854e-02
-2.336128912750250947e+03 5.373504922342318423e+03 -7.628892795917314515e+02 2.289939999999999998e+01 -1.286477316170930862e-02 -9.367616148665547371e-04 1.464935764670372009e-02 1.476366911083459854e-02
-2.346196326212786971e+03 5.369455478884796321e+03 -7.605050295362910902e+02 2.290140000000000242e+01 1.632266677916049957e-02 -1.860293210484087467e-03 1.464935764670372009e-02 1.476366911083459854e-02
-2.379989275452940092e+03 5.355705731492657833e+03 -7.524099060527331631e+02 2.290340000000000131e+01 3.455650527030229568e-03 4.777910187840461731e-03 1.464935764670372009e-02 1.476366911083459854e-02
-2.390925994100427488e+03 5.351204219692496736e+03 -7.497598216896695931e+02 2.290540000000000020e+01 -9.172916761599481106e-04 -2.662528306245803833e-02 1.464935764670372009e-02 1.476366911083459854e-02
-2.401851259102357290e+03 5.346682065225209953e+03 -7.470976662315821386e+02 2.290740000000000265e+01 1.434911158867180347e-03 -2.693872898817062378e-03 1.464935764670372009e-02 1.476366911083459854e-02
-2.412765018363430954e+03 5.342139289653639025e+03 -7.444234523723639541e+02 2.290940000000000154e+01 2.919475547969341278e-02 3.686967492103576660e-02 1.464935764670372009e-02 1.476366911083459854e-02
-2.423667219577090691e+03 5.337575914749645563e+03 -7.417371929285686747e+02 2.291140000000000043e+01 4.545881226658821106e-02 7.865909487009048462e-03 1.464935764670372009e-02 1.476366911083459854e-02
-2.434557810378584236e+03 5.332991962432085529e+03 -7.390389008028918170e+02 2.291340000000000288e+01 1.565019041299819946e-02 1.355872303247451782e-02 1.464935764670372009e-02 1.476366911083459854e-02
-2.445436738952003907e+03 5.328387454511049327e+03 -7.363285888336181415e+02 2.291540000000000177e+01 6.411158479750156403e-03 8.106672205030918121e-03 1.464935764670372009e-02 1.476366911083459854e-02
-2.455398948749335432e+03 5.324148878778826656e+03 -7.338337413216913774e+02 2.291740000000000066e+01 -1.468056230805814266e-03 1.652292534708976746e-02 1.464935764670372009e-02 1.476366911083459854e-02
-2.379989275452940092e+03 5.355705731492657833e+03 -7.524099060527331631e+02 2.291940000000000310e+01 2.244766103103756905e-03 8.042021654546260834e-03 1.464935764670372009e-02 1.476366911083459854e-02
-2.390925994100427488e+03 5.351204219692496736e+03 -7.497598216896695931e+02 2.292140000000000200e+01 1.083733281120657921e-03 -1.103092683479189873e-03 1.464935764670372009e-02 1.476366911083459854e-02
-2.401851259102357290e+03 5.346682065225209953e+03 -7.470976662315821386e+02 2.292340000000000089e+01 -3.451170865446329117e-03 1.159337256103754044e-02 1.464935764670372009e-02 1.476366911083459854e-02
-2.412765018363430954e+03 5.342139289653639025e+03 -7.444234523723639541e+02 2.292539999999999978e+01 2.179901301860809326e-02 1.083131693303585052e-02 1.464935764670372009e-02 1.476366911083459854e-02
-2.423667219577090691e+03 5.337575914749645563e+03 -7.417371929285686747e+02 2.292740000000000222e+01 -2.767027914524078369e-02 6.451449822634458542e-03 1.464935764670372009e-02 1.476366911083459854e-02
-2.434557810378584236e+03 5.332991962432085529e+03 -7.390389008028918170e+02 2.292940000000000111e+01 1.674286439083516598e-03 -7.720928173512220383e-03 1.464935764670372009e-02 1.476366911083459854e-02
-2.445436738952003907e+03 5.328387454511049327e+03 -7.363285888336181415e+02 2.293140000000000001e+01 -1.077031902968883514e-02 -1.364276651293039322e-02 1.464935764670372009e-02 1.476366911083459854e-02
-2.455398948749335432e+03 5.324148878778826656e+03 -7.338337413216913774e+02 2.293340000000000245e+01 -4.651570692658424377e-03 3.437917912378907204e-03 1.464935764670372009e-02 1.476366911083459854e-02
