# Baseline: 18-22
# Entries: 128
# u [m], v [m], w [m], frequency [GHz], real, imag
1.221989691072905089e+03 -3.983336886864285134e+03 7.362783670181970592e+02 2.267940000000000000e+19 3.170326584950089455e-03 -1.572938519529998302e-03
1.230320528917271076e+03 -3.981023925592828164e+03 7.349131193981444312e+02 2.268140000000000000e+19 -1.227696659043431282e-03 -3.660414600744843483e-03
1.238645471219497040e+03 -3.978695239104170014e+03 7.335386724901860589e+02 2.268340000000000000e+19 3.360141767188906670e-03 -6.729495944455265999e-04
1.246964478196638311e+03 -3.976350838526697771e+03 7.321550328625838802e+02 2.268540000000000000e+19 -1.843885402195155621e-03 -2.077654469758272171e-03
1.255277510036000422e+03 -3.973990735079785281e+03 7.307622071369088417e+02 2.268740000000000000e+19 6.305091548711061478e-03 5.806208122521638870e-03
1.263584526953624163e+03 -3.971614940058324919e+03 7.293602019789130964e+02 2.268940000000000000e+19 3.874942776747047901e-04 1.186204142868518829e-03
1.271885489020819705e+03 -3.969223464882155895e+03 7.279490241276949973e+02 2.269140000000000000e+19 -8.680723840370774269e-04 7.297481875866651535e-03
1.279489429623895830e+03 -3.967017713772225306e+03 7.266475088133769304e+02 2.269340000000000000e+19 -1.685218070633709431e-03 -7.555537391453981400e-03
1.221989691072905089e+03 -3.983336886864285134e+03 7.362783670181970592e+02 2.269540000000000000e+19 4.133564361836761236e-04 4.430374596267938614e-03
1.230320528917271076e+03 -3.981023925592828164e+03 7.349131193981444312e+02 2.269740000000000000e+19 -4.244082607328891754e-03 6.561095826327800751e-03
1.238645471219497040e+03 -3.978695239104170014e+03 7.335386724901860589e+02 2.269940000000000000e+19 7.735839113593101501e-03 9.955394780263304710e-04
1.246964478196638311e+03 -3.976350838526697771e+03 7.321550328625838802e+02 2.270140000000000000e+19 -9.500337764620780945e-03 3.036378184333443642e-03
1.255277510036000422e+03 -3.973990735079785281e+03 7.307622071369088417e+02 2.270340000000000000e+19 1.737626828253269196e-02 -3.483526641502976418e-03
1.263584526953624163e+03 -3.971614940058324919e+03 7.293602019789130964e+02 2.270540000000000000e+19 -2.240124391391873360e-03 -4.925255198031663895e-03
1.271885489020819705e+03 -3.969223464882155895e+03 7.279490241276949973e+02 2.270740000000000000e+19 -8.266996592283248901e-03 -1.683126576244831085e-02
1.279489429623895830e+03 -3.967017713772225306e+03 7.266475088133769304e+02 2.270940000000000000e+19 -3.770874114707112312e-03 4.004614427685737610e-03
1.305027996493251749e+03 -3.959500992140855942e+03 7.222127212162885144e+02 2.271140000000000000e+19 -6.808019243180751801e-03 7.838817313313484192e-03
1.313298089868893840e+03 -3.957031289115633172e+03 7.207557819320276167e+02 2.271340000000000000e+19 -5.091836676001548767e-03 2.507502771914005280e-02
1.321561890536416058e+03 -3.954545975713832831e+03 7.192897111240610002e+02 2.271540000000000000e+19 6.671562325209379196e-03 1.203035563230514526e-02
1.329819359062647209e+03 -3.952045063795072565e+03 7.178145157883200227e+02 2.271740000000000000e+19 9.685620665550231934e-03 9.434570092707872391e-04
1.338070455900775187e+03 -3.949528565336807787e+03 7.163302029898796945e+02 2.271940000000000000e+19 3.854921786114573479e-03 -4.917902406305074692e-03
1.346315141563211000e+03 -3.946996492382299039e+03 7.148367798322682347e+02 2.272140000000000000e+19 1.088536996394395828e-02 -1.415234152227640152e-02
1.354553376564437485e+03 -3.944448857058423982e+03 7.133342534679658229e+02 2.272340000000000000e+19 2.842646790668368340e-03 7.793434895575046539e-03
1.362099474759457053e+03 -3.942100061786786682e+03 7.119490625654555060e+02 2.272540000000000000e+19 -4.772844724357128143e-03 1.943993940949440002e-02
1.305027996493251749e+03 -3.959500992140855942e+03 7.222127212162885144e+02 2.272740000000000000e+19 2.199218794703483582e-02 -8.820104412734508514e-03
1.313298089868893840e+03 -3.957031289115633172e+03 7.207557819320276167e+02 2.272940000000000000e+19 2.946613822132349014e-03 9.352821856737136841e-03
1.321561890536416058e+03 -3.954545975713832831e+03 7.192897111240610002e+02 2.273140000000000000e+19 -5.441581830382347107e-03 1.961663365364074707e-03
1.329819359062647209e+03 -3.952045063795072565e+03 7.178145157883200227e+02 2.273340000000000000e+19 1.365701481699943542e-02 6.996260024607181549e-03
1.338070455900775187e+03 -3.949528565336807787e+03 7.163302029898796945e+02 2.273540000000000000e+19 -1.857568742707371712e-03 5.233967676758766174e-03
1.346315141563211000e+03 -3.946996492382299039e+03 7.148367798322682347e+02 2.273740000000000000e+19 -4.990896210074424744e-03 2.505137212574481964e-02
1.354553376564437485e+03 -3.944448857058423982e+03 7.133342534679658229e+02 2.273940000000000000e+19 -3.047441365197300911e-03 9.184635564452037215e-05
1.362099474759457053e+03 -3.942100061786786682e+03 7.119490625654555060e+02 2.274140000000000000e+19 3.451440017670392990e-03 6.305683869868516922e-03
1.387441022362548438e+03 -3.934102936888506065e+03 7.072332603265975877e+02 2.274340000000000000e+19 6.191113032400608063e-03 1.846414245665073395e-02
1.395646413406463807e+03 -3.931477674055087391e+03 7.056853266390739918e+02 2.274540000000000000e+19 3.912006039172410965e-03 1.380696892738342285e-02
1.403845117817189703e+03 -3.928836923085101716e+03 7.041283335200801048e+02 2.274740000000000000e+19 -3.785628592595458031e-03 -1.003975141793489456e-02
1.412037096215116662e+03 -3.926180696662485843e+03 7.025622884481157371e+02 2.274940000000000000e+19 -1.355852093547582626e-02 1.138436794281005859e-02
1.420222309566696140e+03 -3.923509007443515202e+03 7.009871988850242133e+02 2.275140000000000000e+19 4.123536404222249985e-03 5.383888725191354752e-03
1.428400718443149117e+03 -3.920821868298102345e+03 6.994030724182584891e+02 2.275340000000000000e+19 -7.858629338443279266e-03 -5.559097975492477417e-03
1.436572283904301003e+03 -3.918119292020987359e+03 6.978099165906077133e+02 2.275540000000000000e+19 2.899261889979243279e-03 8.194779045879840851e-03
1.444056928375629468e+03 -3.915628576652173251e+03 6.963417130133027513e+02 2.275740000000000000e+19 8.751138113439083099e-03 1.660954905673861504e-03
1.387441022362548438e+03 -3.934102936888506065e+03 7.072332603265975877e+02 2.275940000000000000e+19 1.979165896773338318e-02 -6.444895552704110742e-05
1.395646413406463807e+03 -3.931477674055087391e+03 7.056853266390739918e+02 2.276140000000000000e+19 -1.321347430348396301e-03 5.861511919647455215e-03
1.403845117817189703e+03 -3.928836923085101716e+03 7.041283335200801048e+02 2.276340000000000000e+19 -7.035722024738788605e-03 2.355185337364673615e-03
1.412037096215116662e+03 -3.926180696662485843e+03 7.025622884481157371e+02 2.276540000000000000e+19 -5.827676039189100266e-03 -1.055370829999446869e-02
1.420222309566696140e+03 -3.923509007443515202e+03 7.009871988850242133e+02 2.276740000000000000e+19 3.545309975743293762e-02 -3.150592092424631119e-03
1.428400718443149117e+03 -3.920821868298102345e+03 6.994030724182584891e+02 2.276940000000000000e+19 1.390257105231285095e-02 -1.513715833425521851e-02
1.436572283904301003e+03 -3.918119292020987359e+03 6.978099165906077133e+02 2.277140000000000000e+19 1.523553766310214996e-02 1.342667266726493835e-02
1.444056928375629468e+03 -3.915628576652173251e+03 6.963417130133027513e+02 2.277340000000000000e+19 4.117921460419893265e-03 -1.005935389548540115e-02
1.469189329382486903e+03 -3.907154875566442115e+03 6.913471529180848165e+02 2.277540000000000000e+19 -2.989812055602669716e-03 -1.326916739344596863e-02
1.477326091568003903e+03 -3.904375309197748265e+03 6.897089655652930560e+02 2.277740000000000000e+19 2.289823256433010101e-02 1.410372648388147354e-02
1.485455776052450119e+03 -3.901580384454338855e+03 6.880617952735092331e+02 2.277940000000000000e+19 -2.560229739174246788e-03 -1.059585716575384140e-02
1.493578344127507762e+03 -3.898770114643846682e+03 6.864056498855185282e+02 2.278140000000000000e+19 8.914828300476074219e-03 -1.543423347175121307e-02
1.501693756694409558e+03 -3.895944513293829459e+03 6.847405373733836313e+02 2.278340000000000000e+19 1.661512255668640137e-02 -1.525629684329032898e-02
1.509801975141063849e+03 -3.893103593848167293e+03 6.830664656595330371e+02 2.278540000000000000e+19 -8.427934721112251282e-03 9.786405600607395172e-03
1.517902960437770162e+03 -3.890247369981932479e+03 6.813834428023089913e+02 2.278740000000000000e+19 -8.158952929079532623e-03 1.122624892741441727e-02
1.525322569670273197e+03 -3.887615926363846484e+03 6.798329291112059991e+02 2.278940000000000000e+19 2.836125670000910759e-03 -2.405906096100807190e-02
1.469189329382486903e+03 -3.907154875566442115e+03 6.913471529180848165e+02 2.279140000000000000e+19 -2.466819714754819870e-03 1.119513995945453644e-02
1.477326091568003903e+03 -3.904375309197748265e+03 6.897089655652930560e+02 2.279340000000000000e+19 -2.164832083508372307e-03 2.468051575124263763e-02
1.485455776052450119e+03 -3.901580384454338855e+03 6.880617952735092331e+02 2.279540000000000000e+19 1.329444814473390579e-02 1.089335419237613678e-02
1.493578344127507762e+03 -3.898770114643846682e+03 6.864056498855185282e+02 2.279740000000000000e+19 -9.705001488327980042e-03 -1.022469345480203629e-02
1.501693756694409558e+03 -3.895944513293829459e+03 6.847405373733836313e+02 2.279940000000000000e+19 8.788380073383450508e-04 8.336389437317848206e-03
1.509801975141063849e+03 -3.893103593848167293e+03 6.830664656595330371e+02 2.280140000000000000e+19 -8.127712644636631012e-03 -1.059513166546821594e-02
1.517902960437770162e+03 -3.890247369981932479e+03 6.813834428023089913e+02 2.280340000000000000e+19 7.551321294158697128e-03 1.236479822546243668e-02
1.525322569670273197e+03 -3.887615926363846484e+03 6.798329291112059991e+02 2.280540000000000000e+19 2.751769032329320908e-03 -1.890671905130147934e-03
1.548889033632168093e+03 -3.879156980102357466e+03 6.748490781642381080e+02 2.280740000000000000e+19 -7.127033895812928677e-04 -1.146542490459978580e-03
1.556954513426252788e+03 -3.876226978662973579e+03 6.731229056338726195e+02 2.280940000000000000e+19 3.547788597643375397e-03 3.325958037748932838e-03
1.565012534551825638e+03 -3.873281753520235270e+03 6.713878295181419844e+02 2.281140000000000000e+19 -1.683119451627135277e-03 2.315009769517928362e-04
1.573063058305101777e+03 -3.870321318820706892e+03 6.696438581510172980e+02 2.281340000000000000e+19 -4.632585914805531502e-04 -9.353923378512263298e-04
1.581106046382796421e+03 -3.867345688649937074e+03 6.678909998302115127e+02 2.281540000000000000e+19 -2.835942199453711510e-03 1.974153332412242889e-03
1.589141460097142044e+03 -3.864354877320922242e+03 6.661292629871205691e+02 2.281740000000000000e+19 2.535233739763498306e-03 7.349611842073500156e-04
1.597169261104858151e+03 -3.861348899105520104e+03 6.643586560285931455e+02 2.281940000000000000e+19 -8.128433488309383392e-03 1.295695197768509388e-03
1.604521456106604091e+03 -3.858580300447703394e+03 6.627279274770463644e+02 2.282140000000000000e+19 -2.736918861046433449e-03 4.842864815145730972e-03
1.548889033632168093e+03 -3.879156980102357466e+03 6.748490781642381080e+02 2.282340000000000000e+19 -6.750843953341245651e-03 1.435132813639938831e-03
1.556954513426252788e+03 -3.876226978662973579e+03 6.731229056338726195e+02 2.282540000000000000e+19 3.068827791139483452e-03 6.561979185789823532e-03
1.565012534551825638e+03 -3.873281753520235270e+03 6.713878295181419844e+02 2.282740000000000000e+19 -1.638488844037055969e-03 -2.689142245799303055e-03
1.573063058305101777e+03 -3.870321318820706892e+03 6.696438581510172980e+02 2.282940000000000000e+19 4.746518563479185104e-03 -1.469637267291545868e-02
1.581106046382796421e+03 -3.867345688649937074e+03 6.678909998302115127e+02 2.283140000000000000e+19 -6.564013310708105564e-04 4.239829722791910172e-03
1.589141460097142044e+03 -3.864354877320922242e+03 6.661292629871205691e+02 2.283340000000000000e+19 -5.506042856723070145e-03 4.735575057566165924e-03
1.597169261104858151e+03 -3.861348899105520104e+03 6.643586560285931455e+02 2.283540000000000000e+19 -7.281614671228453517e-05 1.255513052456080914e-03
1.604521456106604091e+03 -3.858580300447703394e+03 6.627279274770463644e+02 2.283740000000000000e+19 -6.136262323707342148e-03 4.140378441661596298e-03
1.629203569988996833e+03 -3.849173606277044655e+03 6.571876972045021148e+02 2.283940000000000000e+19 3.233363386243581772e-03 1.723618013784289360e-03
1.637192731691317704e+03 -3.846092010950726035e+03 6.553728676712521519e+02 2.284140000000000000e+19 -8.603719063103199005e-03 -1.277825236320495605e-02
1.645174050837507821e+03 -3.842995336096121264e+03 6.535492194745248753e+02 2.284340000000000000e+19 -2.265146002173423767e-03 -5.124764516949653625e-03
1.653147488980908065e+03 -3.839883596630188549e+03 6.517167613990145583e+02 2.284540000000000000e+19 -4.831756930798292160e-03 -6.645964924246072769e-03
1.661113008157157992e+03 -3.836756807369046783e+03 6.498755021697335224e+02 2.284740000000000000e+19 1.460414612665772438e-03 7.023895159363746643e-03
1.669070570189778664e+03 -3.833614983298231891e+03 6.480254506111701858e+02 2.284940000000000000e+19 6.438371725380420685e-03 -5.631112493574619293e-03
1.677020136885184684e+03 -3.830458139497577122e+03 6.461666156030452157e+02 2.285140000000000000e+19 3.776285331696271896e-03 -3.300308948382735252e-03
1.684300286318835106e+03 -3.827551375321122578e+03 6.444550866822087301e+02 2.285340000000000000e+19 1.205079461215063930e-04 -8.347349241375923157e-03
1.629203569988996833e+03 -3.849173606277044655e+03 6.571876972045021148e+02 2.285540000000000000e+19 8.776295930147171021e-03 -9.065116755664348602e-03
1.637192731691317704e+03 -3.846092010950726035e+03 6.553728676712521519e+02 2.285740000000000000e+19 -2.143672294914722443e-02 -9.730688296258449554e-03
1.645174050837507821e+03 -3.842995336096121264e+03 6.535492194745248753e+02 2.285940000000000000e+19 -7.888256222940981388e-04 1.253662048839032650e-04
1.653147488980908065e+03 -3.839883596630188549e+03 6.517167613990145583e+02 2.286140000000000000e+19 9.421926923096179962e-03 4.146134015172719955e-03
1.661113008157157992e+03 -3.836756807369046783e+03 6.498755021697335224e+02 2.286340000000000000e+19 -1.063601206988096237e-02 2.063255291432142258e-03
1.669070570189778664e+03 -3.833614983298231891e+03 6.480254506111701858e+02 2.286540000000000000e+19 9.816532023251056671e-03 8.076380472630262375e-04
1.677020136885184684e+03 -3.830458139497577122e+03 6.461666156030452157e+02 2.286740000000000000e+19 1.960414089262485504e-02 1.103095244616270065e-02
1.684300286318835106e+03 -3.827551375321122578e+03 6.444550866822087301e+02 2.286940000000000000e+19 -7.553760427981615067e-03 -9.367817081511020660e-03
1.708737690897469520e+03 -3.817680869870325751e+03 6.386436194111769282e+02 2.287140000000000000e+19 -6.235699169337749481e-03 -1.199774444103240967e-02
1.716646711482056162e+03 -3.814449155287466056e+03 6.367410013239463069e+02 2.287340000000000000e+19 1.805518381297588348e-02 -2.183876466006040573e-03
1.724547509043276705e+03 -3.811202512698626379e+03 6.348296537923943106e+02 2.287540000000000000e+19 -1.716495119035243988e-02 -2.629979746416211128e-03
1.732440045962692238e+03 -3.807940957562343556e+03 6.329095859172085738e+02 2.287740000000000000e+19 2.184625715017318726e-02 -8.660360239446163177e-03
1.740324284248780486e+03 -3.804664505578404714e+03 6.309808069408262554e+02 2.287940000000000000e+19 1.609414815902709961e-02 -2.194808796048164368e-02
1.748200186389220789e+03 -3.801373172335857362e+03 6.290433260401697453e+02 2.288140000000000000e+19 -1.096466276794672012e-02 -5.142243113368749619e-03
1.756067714472784928e+03 -3.798066973677906844e+03 6.270971525415784527e+02 2.288340000000000000e+19 -1.042099297046661377e-02 -6.279241759330034256e-03
1.763272334411881729e+03 -3.795023435021375917e+03 6.253056423090517910e+02 2.288540000000000000e+19 -1.137129683047533035e-02 -3.876964794471859932e-03
1.708737690897469520e+03 -3.817680869870325751e+03 6.386436194111769282e+02 2.288740000000000000e+19 1.207741349935531616e-02 1.784439571201801300e-02
1.716646711482056162e+03 -3.814449155287466056e+03 6.367410013239463069e+02 2.288940000000000000e+19 -1.909591630101203918e-02 -2.155852969735860825e-03
1.724547509043276705e+03 -3.811202512698626379e+03 6.348296537923943106e+02 2.289140000000000000e+19 -9.254193864762783051e-03 -1.586628728546202183e-03
1.732440045962692238e+03 -3.807940957562343556e+03 6.329095859172085738e+02 2.289340000000000000e+19 6.818915717303752899e-03 -2.761304611340165138e-03
1.740324284248780486e+03 -3.804664505578404714e+03 6.309808069408262554e+02 2.289540000000000000e+19 -8.620541542768478394e-03 -3.625812474638223648e-03
1.748200186389220789e+03 -3.801373172335857362e+03 6.290433260401697453e+02 2.289740000000000000e+19 3.328967606648802757e-03 1.085259672254323959e-02
1.756067714472784928e+03 -3.798066973677906844e+03 6.270971525415784527e+02 2.289940000000000000e+19 1.550169754773378372e-02 3.476351033896207809e-03
1.763272334411881729e+03 -3.795023435021375917e+03 6.253056423090517910e+02 2.290140000000000000e+19 3.946036566048860550e-03 5.349554121494293213e-03
1.787453335148858969e+03 -3.784693841845920815e+03 6.192257191371936642e+02 2.290340000000000000e+19 2.244259044528007507e-02 3.866413375362753868e-03
1.795278429580632292e+03 -3.781313554617352111e+03 6.172362230390192508e+02 2.290540000000000000e+19 -6.786066573113203049e-03 2.396077476441860199e-02
1.803094924706910433e+03 -3.777918497951412519e+03 6.152380908357359885e+02 2.290740000000000000e+19 -1.041167881339788437e-02 -2.511494234204292297e-02
1.810902783256038674e+03 -3.774508688036652529e+03 6.132313320549939135e+02 2.290940000000000000e+19 1.283513661473989487e-02 9.496198035776615143e-03
1.818701967807156507e+03 -3.771084141215053023e+03 6.112159563144799677e+02 2.291140000000000000e+19 -1.206590794026851654e-02 6.468969862908124924e-03
1.826492440899726716e+03 -3.767644873935426858e+03 6.091919732944792258e+02 2.291340000000000000e+19 1.033883355557918549e-02 1.143064908683300018e-02
1.834274165467772946e+03 -3.764190902561533221e+03 6.071593926249565811e+02 2.291540000000000000e+19 -6.583160255104303360e-03 -1.342692691832780838e-02
1.841399806896597511e+03 -3.761012046468451445e+03 6.052887587379068464e+02 2.291740000000000000e+19 -1.083891722373664379e-03 5.114294588565826416e-03
1.787453335148858969e+03 -3.784693841845920815e+03 6.192257191371936642e+02 2.291940000000000000e+19 1.384224928915500641e-02 -1.835244707763195038e-02
1.795278429580632292e+03 -3.781313554617352111e+03 6.172362230390192508e+02 2.292140000000000000e+19 -1.184453163295984268e-02 -1.044931239448487759e-03
1.803094924706910433e+03 -3.777918497951412519e+03 6.152380908357359885e+02 2.292340000000000000e+19 1.133611891418695450e-02 -2.592481207102537155e-03
1.810902783256038674e+03 -3.774508688036652529e+03 6.132313320549939135e+02 2.292540000000000000e+19 4.628829285502433777e-02 1.281808037310838699e-02
1.818701967807156507e+03 -3.771084141215053023e+03 6.112159563144799677e+02 2.292740000000000000e+19 2.658125944435596466e-03 5.885609425604343414e-04
1.826492440899726716e+03 -3.767644873935426858e+03 6.091919732944792258e+02 2.292940000000000000e+19 -1.084470190107822418e-02 -7.596111390739679337e-03
1.834274165467772946e+03 -3.764190902561533221e+03 6.071593926249565811e+02 2.293140000000000000e+19 -2.675736695528030396e-02 1.927207782864570618e-02
1.841399806896597511e+03 -3.761012046468451445e+03 6.052887587379068464e+02 2.293340000000000000e+19 6.692669354379177094e-03 7.310564164072275162e-03
