# Baseline: 0-4
# u [m], v [m], w [m], frequency [GHz], real, imag
-1.841497401030325818e+03 -3.131916807308105490e+03 -2.249263709799559365e+03 2.267940000000000000e+19 -1.583616249263286591e-02 4.769084043800830841e-03
-1.838066603359794726e+03 -3.135384429062863546e+03 -2.247237959301445699e+03 2.268140000000000000e+19 3.229796141386032104e-02 -3.635542467236518860e-02
-1.834627028443093195e+03 -3.138845570737160415e+03 -2.245216014483150957e+03 2.268340000000000000e+19 -2.004984207451343536e-02 2.231975831091403961e-02
-1.831178692717238391e+03 -3.142300215791034134e+03 -2.243197885007053173e+03 2.268540000000000000e+19 -3.778307884931564331e-02 2.280324324965476990e-02
-1.828586974402031046e+03 -3.144887130187877119e+03 -2.241686677749845785e+03 2.268740000000000000e+19 -4.389383271336555481e-02 8.547267317771911621e-02
-1.824255804890757872e+03 -3.149189949936194807e+03 -2.239173110696271124e+03 2.268940000000000000e+19 9.873431175947189331e-02 -4.297944530844688416e-02
-1.820781285993866049e+03 -3.152625005983218671e+03 -2.237166485165018457e+03 2.269140000000000000e+19 -2.625519223511219025e-02 6.224117055535316467e-02
-1.816426263867047055e+03 -3.156909862301598878e+03 -2.234663467202674838e+03 2.269340000000000000e+19 -1.071213092654943466e-02 -9.759947657585144043e-02
-1.841497401030325818e+03 -3.131916807308105490e+03 -2.249263709799559365e+03 2.269540000000000000e+19 9.708508849143981934e-02 2.176322489976882935e-01
-1.838066603359794726e+03 -3.135384429062863546e+03 -2.247237959301445699e+03 2.269740000000000000e+19 1.483766455203294754e-02 -7.471835240721702576e-03
-1.834627028443093195e+03 -3.138845570737160415e+03 -2.245216014483150957e+03 2.269940000000000000e+19 7.219299674034118652e-02 1.141397655010223389e-01
-1.831178692717238391e+03 -3.142300215791034134e+03 -2.243197885007053173e+03 2.270140000000000000e+19 8.467646688222885132e-02 -1.450514495372772217e-01
-1.828586974402031046e+03 -3.144887130187877119e+03 -2.241686677749845785e+03 2.270340000000000000e+19 -8.813637495040893555e-02 1.201681494712829590e-01
-1.824255804890757872e+03 -3.149189949936194807e+03 -2.239173110696271124e+03 2.270540000000000000e+19 2.996778115630149841e-02 -2.412139670923352242e-03
-1.820781285993866049e+03 -3.152625005983218671e+03 -2.237166485165018457e+03 2.270740000000000000e+19 -1.110991165041923523e-01 -6.032152101397514343e-02
-1.816426263867047055e+03 -3.156909862301598878e+03 -2.234663467202674838e+03 2.270940000000000000e+19 9.877934306859970093e-02 -1.788692176342010498e-02
-1.806796431816470886e+03 -3.166299440621781741e+03 -2.229178617431893599e+03 2.271140000000000000e+19 -5.127644538879394531e-02 2.873060479760169983e-02
-1.803278607296289465e+03 -3.169701520078931026e+03 -2.227191356888498831e+03 2.271340000000000000e+19 4.047608375549316406e-02 1.314774602651596069e-01
-1.799752172041224185e+03 -3.173096955199667264e+03 -2.225207997976227944e+03 2.271540000000000000e+19 4.452913999557495117e-02 4.670071601867675781e-02
-1.796217142878838558e+03 -3.176485729781703412e+03 -2.223228550159229599e+03 2.271740000000000000e+19 5.179169401526451111e-02 -8.451937464997172356e-04
-1.792673536739192741e+03 -3.179867827595461677e+03 -2.221253022917498583e+03 2.271940000000000000e+19 1.556826848536729813e-02 1.885568723082542419e-02
-1.789121370581036217e+03 -3.183243232455087764e+03 -2.219281425705390575e+03 2.272140000000000000e+19 6.625682115554809570e-02 4.488424211740493774e-02
-1.785560661416599032e+03 -3.186611928195111886e+03 -2.217313767965253646e+03 2.272340000000000000e+19 4.267829004675149918e-03 3.319718688726425171e-02
-1.782289296085640899e+03 -3.189694077591661426e+03 -2.215513500056917565e+03 2.272540000000000000e+19 -4.733808338642120361e-02 -1.234398633241653442e-01
-1.806796431816470886e+03 -3.166299440621781741e+03 -2.229178617431893599e+03 2.272740000000000000e+19 9.685236029326915741e-03 -3.978255391120910645e-02
-1.803278607296289465e+03 -3.169701520078931026e+03 -2.227191356888498831e+03 2.272940000000000000e+19 4.027631133794784546e-02 1.355893351137638092e-02
-1.799752172041224185e+03 -3.173096955199667264e+03 -2.225207997976227944e+03 2.273140000000000000e+19 -2.659916318953037262e-02 2.464249171316623688e-02
-1.796217142878838558e+03 -3.176485729781703412e+03 -2.223228550159229599e+03 2.273340000000000000e+19 -1.060127392411231995e-01 2.484440058469772339e-02
-1.792673536739192741e+03 -3.179867827595461677e+03 -2.221253022917498583e+03 2.273540000000000000e+19 -1.310008298605680466e-02 -1.153597533702850342e-01
-1.789121370581036217e+03 -3.183243232455087764e+03 -2.219281425705390575e+03 2.273740000000000000e+19 -1.420583128929138184e-01 -1.529617309570312500e-01
-1.785560661416599032e+03 -3.186611928195111886e+03 -2.217313767965253646e+03 2.273940000000000000e+19 -5.342452228069305420e-02 -2.315110899507999420e-02
-1.782289296085640899e+03 -3.189694077591661426e+03 -2.215513500056917565e+03 2.274140000000000000e+19 -7.255509495735168457e-03 -1.545097380876541138e-01
-1.771232735921067615e+03 -3.200019298195745705e+03 -2.209482719664977139e+03 2.274340000000000000e+19 -1.427031904458999634e-01 -4.438441619277000427e-02
-1.767629568100097458e+03 -3.203354207204315117e+03 -2.207534900128770914e+03 2.274540000000000000e+19 -1.022377982735633850e-01 -9.367418289184570312e-02
-1.764017960076995450e+03 -3.206682310894028433e+03 -2.205591076253037045e+03 2.274740000000000000e+19 8.966048061847686768e-02 1.161108314990997314e-01
-1.760397929198872589e+03 -3.210003593279497181e+03 -2.203651257374245688e+03 2.274940000000000000e+19 -9.432862699031829834e-02 2.847255021333694458e-02
-1.756769492714479611e+03 -3.213318038535243431e+03 -2.201715452735371855e+03 2.275140000000000000e+19 -1.531697660684585571e-01 9.319921582937240601e-02
-1.753132668102391108e+03 -3.216625630695370546e+03 -2.199783671661295557e+03 2.275340000000000000e+19 -3.754065185785293579e-02 4.486212506890296936e-02
-1.749487472678995346e+03 -3.219926354011382955e+03 -2.197855923349829936e+03 2.275540000000000000e+19 -3.067838400602340698e-02 6.893194466829299927e-02
-1.746138811119613592e+03 -3.222946057253225717e+03 -2.196092319743600910e+03 2.275740000000000000e+19 -8.073982596397399902e-02 4.784554243087768555e-02
-1.771232735921067615e+03 -3.200019298195745705e+03 -2.209482719664977139e+03 2.275940000000000000e+19 -4.606528207659721375e-02 -2.513293363153934479e-02
-1.767629568100097458e+03 -3.203354207204315117e+03 -2.207534900128770914e+03 2.276140000000000000e+19 -2.191661670804023743e-02 -4.222515970468521118e-02
-1.764017960076995450e+03 -3.206682310894028433e+03 -2.205591076253037045e+03 2.276340000000000000e+19 6.445454806089401245e-02 -2.301322109997272491e-02
-1.760397929198872589e+03 -3.210003593279497181e+03 -2.203651257374245688e+03 2.276540000000000000e+19 7.039254903793334961e-02 -1.853587850928306580e-02
-1.756769492714479611e+03 -3.213318038535243431e+03 -2.201715452735371855e+03 2.276740000000000000e+19 7.099058479070663452e-02 4.916368797421455383e-02
-1.753132668102391108e+03 -3.216625630695370546e+03 -2.199783671661295557e+03 2.276940000000000000e+19 -1.356674283742904663e-01 5.272197886370122433e-04
-1.749487472678995346e+03 -3.219926354011382955e+03 -2.197855923349829936e+03 2.277140000000000000e+19 3.321756422519683838e-02 -3.168341144919395447e-02
-1.746138811119613592e+03 -3.222946057253225717e+03 -2.196092319743600910e+03 2.277340000000000000e+19 2.886640839278697968e-02 -4.421598836779594421e-02
-1.734823332624102022e+03 -3.233060243170782542e+03 -2.190185442087822594e+03 2.277540000000000000e+19 2.356857620179653168e-02 -2.098968997597694397e-02
-1.731136545730715852e+03 -3.236326385876639961e+03 -2.188277995647730222e+03 2.277740000000000000e+19 -2.372881583869457245e-02 -6.584342569112777710e-02
-1.727441493357724767e+03 -3.239585565398685503e+03 -2.186374637066639025e+03 2.277940000000000000e+19 -1.231621354818344116e-01 -7.189752161502838135e-02
-1.723738193098595275e+03 -3.242837766218796332e+03 -2.184475375407111187e+03 2.278140000000000000e+19 1.230769008398056030e-01 4.179939255118370056e-02
-1.720026662779557910e+03 -3.246082972682186210e+03 -2.182580219811411098e+03 2.278340000000000000e+19 5.074725672602653503e-02 -7.338877767324447632e-02
-1.716306920059621234e+03 -3.249321169348583680e+03 -2.180689179296435668e+03 2.278540000000000000e+19 -1.386111695319414139e-02 1.788830012083053589e-02
-1.712578982844155689e+03 -3.252552340630602885e+03 -2.178802262964884449e+03 2.278740000000000000e+19 2.956372499465942383e-02 -2.194718457758426666e-02
-1.709154627443761683e+03 -3.255508152743984283e+03 -2.177076167570678990e+03 2.278940000000000000e+19 -1.932871877215802670e-03 8.315198123455047607e-02
-1.734823332624102022e+03 -3.233060243170782542e+03 -2.190185442087822594e+03 2.279140000000000000e+19 -3.079111501574516296e-02 -1.091675311326980591e-01
-1.731136545730715852e+03 -3.236326385876639961e+03 -2.188277995647730222e+03 2.279340000000000000e+19 5.834607034921646118e-02 1.021813303232192993e-01
-1.727441493357724767e+03 -3.239585565398685503e+03 -2.186374637066639025e+03 2.279540000000000000e+19 -2.096754498779773712e-02 -6.415341515094041824e-03
-1.723738193098595275e+03 -3.242837766218796332e+03 -2.184475375407111187e+03 2.279740000000000000e+19 6.022323295474052429e-02 1.420070044696331024e-02
-1.720026662779557910e+03 -3.246082972682186210e+03 -2.182580219811411098e+03 2.279940000000000000e+19 -7.845275849103927612e-02 -7.915738970041275024e-03
-1.716306920059621234e+03 -3.249321169348583680e+03 -2.180689179296435668e+03 2.280140000000000000e+19 -2.001153677701950073e-02 -3.708150004968047142e-03
-1.712578982844155689e+03 -3.252552340630602885e+03 -2.178802262964884449e+03 2.280340000000000000e+19 -4.503284767270088196e-02 6.889769434928894043e-02
-1.709154627443761683e+03 -3.255508152743984283e+03 -2.177076167570678990e+03 2.280540000000000000e+19 3.004884347319602966e-02 -4.642405360937118530e-02
-1.698212965260728424e+03 -3.264873137206247520e+03 -2.171607451794943699e+03 2.280740000000000000e+19 -1.015402749180793762e-02 2.155385166406631470e-02
-1.694445673238739573e+03 -3.268070135330463017e+03 -2.169740595814534572e+03 2.280940000000000000e+19 3.459317982196807861e-02 -1.609264127910137177e-02
-1.690670291278448531e+03 -3.271260018398871580e+03 -2.167877916381703017e+03 2.281140000000000000e+19 -1.737129315733909607e-02 1.099526323378086090e-02
-1.686886837513696037e+03 -3.274442771090073165e+03 -2.166019422443116127e+03 2.281340000000000000e+19 7.578364014625549316e-02 5.109643191099166870e-02
-1.683095329945771709e+03 -3.277618378261006455e+03 -2.164165122841196535e+03 2.281540000000000000e+19 -3.395532071590423584e-02 -2.143468335270881653e-02
-1.679295786812203232e+03 -3.280786824636560141e+03 -2.162315026495369693e+03 2.281740000000000000e+19 5.053058639168739319e-02 -4.773375019431114197e-02
-1.675488226243826830e+03 -3.283948095097653550e+03 -2.160469142233848288e+03 2.281940000000000000e+19 2.425529807806015015e-02 1.361110061407089233e-01
-1.671991036525832214e+03 -3.286839701286717627e+03 -2.158780735582474790e+03 2.282140000000000000e+19 1.543392390012741089e-01 -1.653103344142436981e-02
-1.698212965260728424e+03 -3.264873137206247520e+03 -2.171607451794943699e+03 2.282340000000000000e+19 -3.982739895582199097e-02 -2.694756723940372467e-02
-1.694445673238739573e+03 -3.268070135330463017e+03 -2.169740595814534572e+03 2.282540000000000000e+19 -2.702106162905693054e-02 9.360646456480026245e-02
-1.690670291278448531e+03 -3.271260018398871580e+03 -2.167877916381703017e+03 2.282740000000000000e+19 5.624497681856155396e-02 -8.219825476408004761e-02
-1.686886837513696037e+03 -3.274442771090073165e+03 -2.166019422443116127e+03 2.282940000000000000e+19 1.477130353450775146e-01 2.931314520537853241e-02
-1.683095329945771709e+03 -3.277618378261006455e+03 -2.164165122841196535e+03 2.283140000000000000e+19 -3.993530943989753723e-02 -5.284843966364860535e-03
-1.679295786812203232e+03 -3.280786824636560141e+03 -2.162315026495369693e+03 2.283340000000000000e+19 2.607378922402858734e-02 -1.296501886099576950e-02
-1.675488226243826830e+03 -3.283948095097653550e+03 -2.160469142233848288e+03 2.283540000000000000e+19 1.309523284435272217e-01 -3.981597721576690674e-03
-1.671991036525832214e+03 -3.286839701286717627e+03 -2.158780735582474790e+03 2.283740000000000000e+19 -7.708922028541564941e-02 -9.278351068496704102e-02
-1.660178174754481461e+03 -3.296521115634240232e+03 -2.153127902463825194e+03 2.283940000000000000e+19 1.751057989895343781e-02 -1.440389901399612427e-01
-1.656330801212610368e+03 -3.299646280189426307e+03 -2.151303210779043638e+03 2.284140000000000000e+19 2.191918902099132538e-02 -3.064619936048984528e-02
-1.652475520086594543e+03 -3.302764178617148900e+03 -2.149482783852809916e+03 2.284340000000000000e+19 7.542158663272857666e-02 -2.968819113448262215e-03
-1.648612349947655275e+03 -3.305874795898234879e+03 -2.147666630454259575e+03 2.284540000000000000e+19 -1.856580376625061035e-02 6.611109524965286255e-02
-1.644741309189732192e+03 -3.308978117221928187e+03 -2.145854759230730906e+03 2.284740000000000000e+19 -2.414288371801376343e-02 -4.420188814401626587e-02
-1.640862416365454692e+03 -3.312074127714814040e+03 -2.144047178866042486e+03 2.284940000000000000e+19 8.036181330680847168e-02 1.064148545265197754e-02
-1.636975690092283685e+03 -3.315162812517120983e+03 -2.142243898035936581e+03 2.285140000000000000e+19 -9.418990463018417358e-02 1.618821173906326294e-02
-1.633406091330018853e+03 -3.317987752538385394e+03 -2.140594620032086368e+03 2.285340000000000000e+19 -3.449599817395210266e-02 5.180030688643455505e-02
-1.660178174754481461e+03 -3.296521115634240232e+03 -2.153127902463825194e+03 2.285540000000000000e+19 -1.271410845220088959e-02 6.141791818663477898e-04
-1.656330801212610368e+03 -3.299646280189426307e+03 -2.151303210779043638e+03 2.285740000000000000e+19 7.475506514310836792e-02 -4.997790977358818054e-02
-1.652475520086594543e+03 -3.302764178617148900e+03 -2.149482783852809916e+03 2.285940000000000000e+19 5.367686599493026733e-02 6.604939699172973633e-03
-1.648612349947655275e+03 -3.305874795898234879e+03 -2.147666630454259575e+03 2.286140000000000000e+19 1.456240890547633171e-03 1.199871525168418884e-01
-1.644741309189732192e+03 -3.308978117221928187e+03 -2.145854759230730906e+03 2.286340000000000000e+19 5.276524275541305542e-02 -3.988038375973701477e-02
-1.640862416365454692e+03 -3.312074127714814040e+03 -2.144047178866042486e+03 2.286540000000000000e+19 2.860791236162185669e-02 6.586486846208572388e-02
-1.636975690092283685e+03 -3.315162812517120983e+03 -2.142243898035936581e+03 2.286740000000000000e+19 -1.836921870708465576e-01 -3.839714825153350830e-02
-1.633406091330018853e+03 -3.317987752538385394e+03 -2.140594620032086368e+03 2.286940000000000000e+19 -4.796355590224266052e-02 1.515402942895889282e-01
-1.621350822643227957e+03 -3.327444000071816845e+03 -2.135073942143952536e+03 2.287140000000000000e+19 8.613041043281555176e-02 1.849807053804397583e-02
-1.617425208655660754e+03 -3.330495835583893950e+03 -2.133292287916869100e+03 2.287340000000000000e+19 1.548520028591156006e-01 3.487560898065567017e-02
-1.613491873384169594e+03 -3.333540257244526856e+03 -2.131514984694029863e+03 2.287540000000000000e+19 -8.067641407251358032e-02 -7.232107222080230713e-03
-1.609550835556825405e+03 -3.336577250558185824e+03 -2.129742040937766433e+03 2.287740000000000000e+19 7.738991640508174896e-03 -7.046833634376525879e-02
-1.605602114144193365e+03 -3.339606800905984073e+03 -2.127973465182319615e+03 2.287940000000000000e+19 -7.358378171920776367e-02 -6.796664744615554810e-02
-1.601645727933924263e+03 -3.342628893873647030e+03 -2.126209265842346667e+03 2.288140000000000000e+19 -2.951612696051597595e-02 -1.298966109752655029e-01
-1.597681695970422425e+03 -3.345643514914143907e+03 -2.124449451409940139e+03 2.288340000000000000e+19 -7.462856918573379517e-02 1.313121467828750610e-01
-1.594041396402548116e+03 -3.348400436887821797e+03 -2.122840091317204497e+03 2.288540000000000000e+19 -7.036633323878049850e-03 5.369856208562850952e-02
-1.621350822643227957e+03 -3.327444000071816845e+03 -2.135073942143952536e+03 2.288740000000000000e+19 5.631200969219207764e-03 -7.861708104610443115e-02
-1.617425208655660754e+03 -3.330495835583893950e+03 -2.133292287916869100e+03 2.288940000000000000e+19 1.533847451210021973e-01 9.727402031421661377e-02
-1.613491873384169594e+03 -3.333540257244526856e+03 -2.131514984694029863e+03 2.289140000000000000e+19 -6.568855792284011841e-02 -2.168581075966358185e-02
-1.609550835556825405e+03 -3.336577250558185824e+03 -2.129742040937766433e+03 2.289340000000000000e+19 3.079711645841598511e-02 1.394577417522668839e-02
-1.605602114144193365e+03 -3.339606800905984073e+03 -2.127973465182319615e+03 2.289540000000000000e+19 2.013080194592475891e-02 -4.945013672113418579e-03
-1.601645727933924263e+03 -3.342628893873647030e+03 -2.126209265842346667e+03 2.289740000000000000e+19 1.664829440414905548e-02 -5.554774776101112366e-03
-1.597681695970422425e+03 -3.345643514914143907e+03 -2.124449451409940139e+03 2.289940000000000000e+19 3.604604303836822510e-02 -4.250033199787139893e-02
-1.594041396402548116e+03 -3.348400436887821797e+03 -2.122840091317204497e+03 2.290140000000000000e+19 3.095839731395244598e-02 -5.303236842155456543e-02
-1.581749489870822572e+03 -3.357626992313737446e+03 -2.117454210579661321e+03 2.290340000000000000e+19 6.280917674303054810e-02 1.646258831024169922e-01
-1.577747514128509465e+03 -3.360604038259563367e+03 -2.115716446458895916e+03 2.290540000000000000e+19 9.677954018115997314e-03 1.565104117617011070e-03
-1.573738006976437646e+03 -3.363573526275395579e+03 -2.113983117448947269e+03 2.290740000000000000e+19 6.094704382121562958e-03 1.472112257033586502e-02
-1.569720987533142534e+03 -3.366535442201667138e+03 -2.112254231814929426e+03 2.290940000000000000e+19 -9.305593371391296387e-02 1.017251089215278625e-01
-1.565696475050890285e+03 -3.369489771842675054e+03 -2.110529797842933021e+03 2.291140000000000000e+19 3.937762230634689331e-02 1.017764359712600708e-01
-1.561664488860126085e+03 -3.372436501008423875e+03 -2.108809823815607160e+03 2.291340000000000000e+19 5.227175727486610413e-02 4.816811531782150269e-02
-1.557625048144610446e+03 -3.375375615678828126e+03 -2.107094317916311866e+03 2.291540000000000000e+19 -2.522337250411510468e-02 2.343987114727497101e-02
-1.553915790486662672e+03 -3.378063199810018887e+03 -2.105525646167041941e+03 2.291740000000000000e+19 1.035732030868530273e-01 -2.552868612110614777e-02
-1.581749489870822572e+03 -3.357626992313737446e+03 -2.117454210579661321e+03 2.291940000000000000e+19 4.554757848381996155e-02 -7.549688965082168579e-02
-1.577747514128509465e+03 -3.360604038259563367e+03 -2.115716446458895916e+03 2.292140000000000000e+19 4.575956985354423523e-02 9.233733639121055603e-03
-1.573738006976437646e+03 -3.363573526275395579e+03 -2.113983117448947269e+03 2.292340000000000000e+19 -4.589193314313888550e-02 -2.901928685605525970e-02
-1.569720987533142534e+03 -3.366535442201667138e+03 -2.112254231814929426e+03 2.292540000000000000e+19 4.038804210722446442e-03 -1.039014756679534912e-02
-1.565696475050890285e+03 -3.369489771842675054e+03 -2.110529797842933021e+03 2.292740000000000000e+19 1.007372140884399414e-01 3.284297138452529907e-02
-1.561664488860126085e+03 -3.372436501008423875e+03 -2.108809823815607160e+03 2.292940000000000000e+19 -1.609124243259429932e-02 4.024405032396316528e-02
-1.557625048144610446e+03 -3.375375615678828126e+03 -2.107094317916311866e+03 2.293140000000000000e+19 2.405156195163726807e-02 2.249761670827865601e-02
-1.553915790486662672e+03 -3.378063199810018887e+03 -2.105525646167041941e+03 2.293340000000000000e+19 6.527899205684661865e-02 4.521585255861282349e-02
