# Baseline: 0-21
# Entries: 128
# u [m], v [m], w [m], frequency [GHz], real, imag, std(real), std(imag)
1.826002414523041807e+03 -2.263638025575748998e+02 1.796639779584121698e+03 2.267940000000000111e+01 2.149620056152343750e-01 1.184948608279228210e-01 1.584983468055725098e-01 1.553496718406677246e-01
1.828411271750970855e+03 -2.229187912125180446e+02 1.794619547535019137e+03 2.268140000000000001e+01 1.459267269819974899e-02 3.565200045704841614e-02 1.584983468055725098e-01 1.553496718406677246e-01
1.830811386518834752e+03 -2.194692355275783768e+02 1.792596666343660218e+03 2.268340000000000245e+01 -2.109501957893371582e-01 3.507956564426422119e-01 1.584983468055725098e-01 1.553496718406677246e-01
1.833202747357108592e+03 -2.160151519874366386e+02 1.790571145676957485e+03 2.268540000000000134e+01 -7.692564278841018677e-02 -1.763375401496887207e-01 1.584983468055725098e-01 1.553496718406677246e-01
1.834990790544628908e+03 -2.134217684239488619e+02 1.789050360783224050e+03 2.268740000000000023e+01 -3.119474649429321289e-01 2.499985396862030029e-01 1.584983468055725098e-01 1.553496718406677246e-01
1.837959161508671059e+03 -2.090934674842494871e+02 1.786512224704424398e+03 2.268940000000000268e+01 6.257978081703186035e-02 -2.937555909156799316e-01 1.584983468055725098e-01 1.553496718406677246e-01
1.840324192009591343e+03 -2.056258997190384434e+02 1.784478843866025954e+03 2.269140000000000157e+01 4.099526703357696533e-01 4.378251135349273682e-01 1.584983468055725098e-01 1.553496718406677246e-01
1.843268461688592197e+03 -2.012853476061019364e+02 1.781933566617565930e+03 2.269340000000000046e+01 1.791826784610748291e-01 -2.076323628425598145e-01 1.584983468055725098e-01 1.553496718406677246e-01
1.826002414523041807e+03 -2.263638025575748998e+02 1.796639779584121698e+03 2.269540000000000290e+01 1.438666433095932007e-01 4.105874300003051758e-01 1.584983468055725098e-01 1.553496718406677246e-01
1.828411271750970855e+03 -2.229187912125180446e+02 1.794619547535019137e+03 2.269740000000000180e+01 1.022633686661720276e-01 2.491996139287948608e-01 1.584983468055725098e-01 1.553496718406677246e-01
1.830811386518834752e+03 -2.194692355275783768e+02 1.792596666343660218e+03 2.269940000000000069e+01 -6.000569835305213928e-02 -2.145205140113830566e-01 1.584983468055725098e-01 1.553496718406677246e-01
1.833202747357108592e+03 -2.160151519874366386e+02 1.790571145676957485e+03 2.270140000000000313e+01 6.039630249142646790e-02 -1.025730837136507034e-02 1.584983468055725098e-01 1.553496718406677246e-01
1.834990790544628908e+03 -2.134217684239488619e+02 1.789050360783224050e+03 2.270340000000000202e+01 -4.463285803794860840e-01 2.506464123725891113e-01 1.584983468055725098e-01 1.553496718406677246e-01
1.837959161508671059e+03 -2.090934674842494871e+02 1.786512224704424398e+03 2.270540000000000092e+01 -1.800332218408584595e-01 -2.364593371748924255e-02 1.584983468055725098e-01 1.553496718406677246e-01
1.840324192009591343e+03 -2.056258997190384434e+02 1.784478843866025954e+03 2.270739999999999981e+01 -1.126832887530326843e-01 2.790420949459075928e-01 1.584983468055725098e-01 1.553496718406677246e-01
1.843268461688592197e+03 -2.012853476061019364e+02 1.781933566617565930e+03 2.270940000000000225e+01 -2.298941463232040405e-02 1.864829063415527344e-01 1.584983468055725098e-01 1.553496718406677246e-01
1.849696206923964155e+03 -1.917111788563548487e+02 1.776319411741403883e+03 2.271140000000000114e+01 8.271200209856033325e-02 5.382264032959938049e-03 1.584983468055725098e-01 1.553496718406677246e-01
1.852017127806653662e+03 -1.882214694424428671e+02 1.774273125335648729e+03 2.271340000000000003e+01 3.527801483869552612e-02 8.293692022562026978e-02 1.584983468055725098e-01 1.553496718406677246e-01
1.854329193242283736e+03 -1.847273817655467099e+02 1.772224287174737583e+03 2.271540000000000248e+01 5.583925172686576843e-02 1.456592231988906860e-01 1.584983468055725098e-01 1.553496718406677246e-01
1.856632392198233674e+03 -1.812289324988286410e+02 1.770172907035363096e+03 2.271740000000000137e+01 -6.030253320932388306e-02 1.847713440656661987e-01 1.584983468055725098e-01 1.553496718406677246e-01
1.858926713644005986e+03 -1.777261383971489579e+02 1.768118994742048017e+03 2.271940000000000026e+01 6.807769834995269775e-02 1.588097512722015381e-01 1.584983468055725098e-01 1.553496718406677246e-01
1.861212146599565131e+03 -1.742190162239520248e+02 1.766062560124275478e+03 2.272140000000000271e+01 2.367573417723178864e-02 2.568837702274322510e-01 1.584983468055725098e-01 1.553496718406677246e-01
1.863488680119601895e+03 -1.707075827756846991e+02 1.764003613030804445e+03 2.272340000000000160e+01 -1.921961456537246704e-01 -1.992371119558811188e-02 1.584983468055725098e-01 1.553496718406677246e-01
1.865567788893175702e+03 -1.674850502388366635e+02 1.762114077861827582e+03 2.272540000000000049e+01 -1.482595056295394897e-01 1.635264009237289429e-01 1.584983468055725098e-01 1.553496718406677246e-01
1.849696206923964155e+03 -1.917111788563548487e+02 1.776319411741403883e+03 2.272740000000000293e+01 2.320348024368286133e-01 6.642859429121017456e-02 1.584983468055725098e-01 1.553496718406677246e-01
1.852017127806653662e+03 -1.882214694424428671e+02 1.774273125335648729e+03 2.272940000000000182e+01 1.069046277552843094e-02 -9.874826297163963318e-03 1.584983468055725098e-01 1.553496718406677246e-01
1.854329193242283736e+03 -1.847273817655467099e+02 1.772224287174737583e+03 2.273140000000000072e+01 4.836411401629447937e-02 -2.383295074105262756e-02 1.584983468055725098e-01 1.553496718406677246e-01
1.856632392198233674e+03 -1.812289324988286410e+02 1.770172907035363096e+03 2.273340000000000316e+01 9.969879686832427979e-02 -1.529359817504882812e-01 1.584983468055725098e-01 1.553496718406677246e-01
1.858926713644005986e+03 -1.777261383971489579e+02 1.768118994742048017e+03 2.273540000000000205e+01 8.678416721522808075e-03 -1.339328885078430176e-01 1.584983468055725098e-01 1.553496718406677246e-01
1.861212146599565131e+03 -1.742190162239520248e+02 1.766062560124275478e+03 2.273740000000000094e+01 9.713879972696304321e-02 2.522664517164230347e-02 1.584983468055725098e-01 1.553496718406677246e-01
1.863488680119601895e+03 -1.707075827756846991e+02 1.764003613030804445e+03 2.273939999999999984e+01 2.169751524925231934e-01 1.442022472620010376e-01 1.584983468055725098e-01 1.553496718406677246e-01
1.865567788893175702e+03 -1.674850502388366635e+02 1.762114077861827582e+03 2.274140000000000228e+01 -4.204856604337692261e-02 6.792764365673065186e-02 1.584983468055725098e-01 1.553496718406677246e-01
1.872505602713067674e+03 -1.566190724398056489e+02 1.755742897036109071e+03 2.274340000000000117e+01 9.953331947326660156e-02 2.076259627938270569e-02 1.584983468055725098e-01 1.553496718406677246e-01
1.874737476517891992e+03 -1.530863350492953430e+02 1.753671535578157318e+03 2.274540000000000006e+01 2.587533369660377502e-02 9.538594633340835571e-02 1.584983468055725098e-01 1.553496718406677246e-01
1.876960386189871315e+03 -1.495493874700887886e+02 1.751597720915929131e+03 2.274740000000000251e+01 -9.841808117926120758e-03 9.322396665811538696e-02 1.584983468055725098e-01 1.553496718406677246e-01
1.879174321052043751e+03 -1.460082466906885656e+02 1.749521463010276420e+03 2.274940000000000140e+01 -1.339834779500961304e-01 -1.779539287090301514e-01 1.584983468055725098e-01 1.553496718406677246e-01
1.881379270555245284e+03 -1.424629295840078100e+02 1.747442771754205978e+03 2.275140000000000029e+01 -3.925281763076782227e-02 -5.734577775001525879e-02 1.584983468055725098e-01 1.553496718406677246e-01
1.883575224078151905e+03 -1.389134532281839540e+02 1.745361657160978439e+03 2.275340000000000273e+01 -2.583433315157890320e-02 1.113751977682113647e-01 1.584983468055725098e-01 1.553496718406677246e-01
1.885762171165231621e+03 -1.353598345236267164e+02 1.743278129139575640e+03 2.275540000000000163e+01 -4.190939292311668396e-02 1.335061937570571899e-01 1.584983468055725098e-01 1.553496718406677246e-01
1.887759066703640656e+03 -1.320987786775901895e+02 1.741366147356200599e+03 2.275740000000000052e+01 2.126767337322235107e-01 2.049825340509414673e-01 1.584983468055725098e-01 1.553496718406677246e-01
1.872505602713067674e+03 -1.566190724398056489e+02 1.755742897036109071e+03 2.275940000000000296e+01 -8.378091454505920410e-02 9.933973103761672974e-02 1.584983468055725098e-01 1.553496718406677246e-01
1.874737476517891992e+03 -1.530863350492953430e+02 1.753671535578157318e+03 2.276140000000000185e+01 5.058895796537399292e-02 2.430039495229721069e-01 1.584983468055725098e-01 1.553496718406677246e-01
1.876960386189871315e+03 -1.495493874700887886e+02 1.751597720915929131e+03 2.276340000000000074e+01 -1.108032763004302979e-01 3.398594632744789124e-02 1.584983468055725098e-01 1.553496718406677246e-01
1.879174321052043751e+03 -1.460082466906885656e+02 1.749521463010276420e+03 2.276540000000000319e+01 -4.855421558022499084e-02 1.793750822544097900e-01 1.584983468055725098e-01 1.553496718406677246e-01
1.881379270555245284e+03 -1.424629295840078100e+02 1.747442771754205978e+03 2.276740000000000208e+01 -9.933829307556152344e-02 -1.249757260084152222e-01 1.584983468055725098e-01 1.553496718406677246e-01
1.883575224078151905e+03 -1.389134532281839540e+02 1.745361657160978439e+03 2.276940000000000097e+01 -2.350409328937530518e-01 -1.536111682653427124e-01 1.584983468055725098e-01 1.553496718406677246e-01
1.885762171165231621e+03 -1.353598345236267164e+02 1.743278129139575640e+03 2.277139999999999986e+01 1.417430490255355835e-01 -3.119483590126037598e-01 1.584983468055725098e-01 1.553496718406677246e-01
1.887759066703640656e+03 -1.320987786775901895e+02 1.741366147356200599e+03 2.277340000000000231e+01 -1.160986162722110748e-02 5.338374152779579163e-02 1.584983468055725098e-01 1.553496718406677246e-01
1.894419686327245699e+03 -1.211042768948914699e+02 1.734920082513943044e+03 2.277540000000000120e+01 1.034452468156814575e-01 -2.586535513401031494e-01 1.584983468055725098e-01 1.553496718406677246e-01
1.896561445037955991e+03 -1.175302020519078923e+02 1.732824637214560425e+03 2.277740000000000009e+01 -8.222233504056930542e-02 -1.479707658290863037e-01 1.584983468055725098e-01 1.553496718406677246e-01
1.898694135126748506e+03 -1.139520872569886905e+02 1.730726838522352409e+03 2.277940000000000254e+01 -9.630653262138366699e-02 2.748966515064239502e-01 1.584983468055725098e-01 1.553496718406677246e-01
1.900817746439131952e+03 -1.103699495468189156e+02 1.728626696425690398e+03 2.278140000000000143e+01 -8.941681683063507080e-02 -6.796179711818695068e-02 1.584983468055725098e-01 1.553496718406677246e-01
1.902932268752921345e+03 -1.067838061643923879e+02 1.726524221033830827e+03 2.278340000000000032e+01 -5.526059120893478394e-02 1.194302514195442200e-01 1.584983468055725098e-01 1.553496718406677246e-01
1.905037692007505939e+03 -1.031936741721377331e+02 1.724419422350093328e+03 2.278540000000000276e+01 2.484011352062225342e-01 1.077152881771326065e-02 1.584983468055725098e-01 1.553496718406677246e-01
1.907134006068242115e+03 -9.959957085152502998e+01 1.722312310506146105e+03 2.278740000000000165e+01 -2.780389785766601562e-01 1.289241462945938110e-01 1.584983468055725098e-01 1.553496718406677246e-01
1.909047732828402559e+03 -9.630155216249579553e+01 1.720378797021743594e+03 2.278940000000000055e+01 -5.029994249343872070e-02 -3.612948209047317505e-02 1.584983468055725098e-01 1.553496718406677246e-01
1.894419686327245699e+03 -1.211042768948914699e+02 1.734920082513943044e+03 2.279140000000000299e+01 -1.196135804057121277e-01 1.090454757213592529e-01 1.584983468055725098e-01 1.553496718406677246e-01
1.896561445037955991e+03 -1.175302020519078923e+02 1.732824637214560425e+03 2.279340000000000188e+01 2.065076678991317749e-01 2.505943365395069122e-02 1.584983468055725098e-01 1.553496718406677246e-01
1.898694135126748506e+03 -1.139520872569886905e+02 1.730726838522352409e+03 2.279540000000000077e+01 4.422859847545623779e-02 3.440218418836593628e-02 1.584983468055725098e-01 1.553496718406677246e-01
1.900817746439131952e+03 -1.103699495468189156e+02 1.728626696425690398e+03 2.279739999999999966e+01 9.446495771408081055e-02 1.179721504449844360e-01 1.584983468055725098e-01 1.553496718406677246e-01
1.902932268752921345e+03 -1.067838061643923879e+02 1.726524221033830827e+03 2.279940000000000211e+01 -1.702783852815628052e-01 1.096834689378738403e-01 1.584983468055725098e-01 1.553496718406677246e-01
1.905037692007505939e+03 -1.031936741721377331e+02 1.724419422350093328e+03 2.280140000000000100e+01 -8.842135220766067505e-02 -5.043271183967590332e-02 1.584983468055725098e-01 1.553496718406677246e-01
1.907134006068242115e+03 -9.959957085152502998e+01 1.722312310506146105e+03 2.280339999999999989e+01 -3.892572596669197083e-02 -4.242371395230293274e-02 1.584983468055725098e-01 1.553496718406677246e-01
1.909047732828402559e+03 -9.630155216249579553e+01 1.720378797021743594e+03 2.280540000000000234e+01 6.117868423461914062e-02 1.753459498286247253e-02 1.584983468055725098e-01 1.553496718406677246e-01
1.915085310236249597e+03 -8.578569437442125434e+01 1.714213801045449145e+03 2.280740000000000123e+01 3.429530188441276550e-02 6.095210835337638855e-02 1.584983468055725098e-01 1.553496718406677246e-01
1.917137456048087870e+03 -8.217263883896639243e+01 1.712095651118942214e+03 2.280940000000000012e+01 2.927690744400024414e-02 -2.660416765138506889e-03 1.584983468055725098e-01 1.553496718406677246e-01
1.919180434796280679e+03 -7.855571251371280539e+01 1.709975246973870753e+03 2.281140000000000256e+01 -2.712845988571643829e-02 1.351877599954605103e-01 1.584983468055725098e-01 1.553496718406677246e-01
1.921214236668220792e+03 -7.493493277136060726e+01 1.707852598794892401e+03 2.281340000000000146e+01 -8.122239261865615845e-02 3.710258379578590393e-02 1.584983468055725098e-01 1.553496718406677246e-01
1.923238851987445742e+03 -7.131031683917073849e+01 1.705727716681328047e+03 2.281540000000000035e+01 -1.525275260210037231e-01 2.380571961402893066e-01 1.584983468055725098e-01 1.553496718406677246e-01
1.925254271015245422e+03 -6.768188215194095392e+01 1.703600610854094157e+03 2.281740000000000279e+01 5.735838413238525391e-02 -1.441604942083358765e-01 1.584983468055725098e-01 1.553496718406677246e-01
1.927260484134612625e+03 -6.404964602393090445e+01 1.701471291463372609e+03 2.281940000000000168e+01 -2.313271015882492065e-01 -1.680349707603454590e-01 1.584983468055725098e-01 1.553496718406677246e-01
1.929091534909803840e+03 -6.071681963666146942e+01 1.699517507459332819e+03 2.282140000000000057e+01 -3.662359416484832764e-01 -3.448956310749053955e-01 1.584983468055725098e-01 1.553496718406677246e-01
1.915085310236249597e+03 -8.578569437442125434e+01 1.714213801045449145e+03 2.282340000000000302e+01 -7.535730302333831787e-02 1.707902401685714722e-01 1.584983468055725098e-01 1.553496718406677246e-01
1.917137456048087870e+03 -8.217263883896639243e+01 1.712095651118942214e+03 2.282540000000000191e+01 2.716809324920177460e-02 -2.210584133863449097e-01 1.584983468055725098e-01 1.553496718406677246e-01
1.919180434796280679e+03 -7.855571251371280539e+01 1.709975246973870753e+03 2.282740000000000080e+01 3.435435146093368530e-02 -1.071391999721527100e-02 1.584983468055725098e-01 1.553496718406677246e-01
1.921214236668220792e+03 -7.493493277136060726e+01 1.707852598794892401e+03 2.282939999999999969e+01 3.008495867252349854e-01 -8.143923431634902954e-02 1.584983468055725098e-01 1.553496718406677246e-01
1.923238851987445742e+03 -7.131031683917073849e+01 1.705727716681328047e+03 2.283140000000000214e+01 1.213679555803537369e-02 2.724285796284675598e-02 1.584983468055725098e-01 1.553496718406677246e-01
1.925254271015245422e+03 -6.768188215194095392e+01 1.703600610854094157e+03 2.283340000000000103e+01 -5.287694185972213745e-02 -3.563826382160186768e-01 1.584983468055725098e-01 1.553496718406677246e-01
1.927260484134612625e+03 -6.404964602393090445e+01 1.701471291463372609e+03 2.283539999999999992e+01 -4.191000759601593018e-02 -2.040890902280807495e-01 1.584983468055725098e-01 1.553496718406677246e-01
1.929091534909803840e+03 -6.071681963666146942e+01 1.699517507459332819e+03 2.283740000000000236e+01 1.206051185727119446e-01 -6.191090680658817291e-03 1.584983468055725098e-01 1.553496718406677246e-01
1.935193086102090319e+03 -4.948303514745881415e+01 1.692932082297411625e+03 2.283940000000000126e+01 -1.905197799205780029e-01 9.236215054988861084e-02 1.584983468055725098e-01 1.553496718406677246e-01
1.937153126488537055e+03 -4.583205302181573870e+01 1.690791848214330685e+03 2.284140000000000015e+01 -1.982508152723312378e-01 5.043036118149757385e-02 1.584983468055725098e-01 1.553496718406677246e-01
1.939103904048961567e+03 -4.217737397202481731e+01 1.688649461837301487e+03 2.284340000000000259e+01 4.174706041812896729e-01 -5.998551845550537109e-02 1.584983468055725098e-01 1.553496718406677246e-01
1.941045409386323854e+03 -3.851901560298663441e+01 1.686504933486381788e+03 2.284540000000000148e+01 -1.986827701330184937e-01 1.781033277511596680e-01 1.584983468055725098e-01 1.553496718406677246e-01
1.942977633256442459e+03 -3.485699533345791679e+01 1.684358273372442227e+03 2.284740000000000038e+01 -2.619762346148490906e-02 6.290114670991897583e-02 1.584983468055725098e-01 1.553496718406677246e-01
1.944900566398606315e+03 -3.119133071435929239e+01 1.682209491783757812e+03 2.284940000000000282e+01 -7.428108155727386475e-02 7.570531964302062988e-02 1.584983468055725098e-01 1.553496718406677246e-01
1.946814199583453046e+03 -2.752203933969769878e+01 1.680058599033787459e+03 2.285140000000000171e+01 2.336983978748321533e-01 -2.520096674561500549e-02 1.584983468055725098e-01 1.553496718406677246e-01
1.948560304405254328e+03 -2.415539694628175837e+01 1.678085128145328099e+03 2.285340000000000060e+01 -1.031473129987716675e-01 2.543374300003051758e-01 1.584983468055725098e-01 1.553496718406677246e-01
1.935193086102090319e+03 -4.948303514745881415e+01 1.692932082297411625e+03 2.285540000000000305e+01 -1.505033345893025398e-03 9.543811529874801636e-02 1.584983468055725098e-01 1.553496718406677246e-01
1.937153126488537055e+03 -4.583205302181573870e+01 1.690791848214330685e+03 2.285740000000000194e+01 7.926606386899948120e-02 1.190099939703941345e-01 1.584983468055725098e-01 1.553496718406677246e-01
1.939103904048961567e+03 -4.217737397202481731e+01 1.688649461837301487e+03 2.285940000000000083e+01 1.867924630641937256e-01 1.683757156133651733e-01 1.584983468055725098e-01 1.553496718406677246e-01
1.941045409386323854e+03 -3.851901560298663441e+01 1.686504933486381788e+03 2.286139999999999972e+01 3.110462427139282227e-01 -1.799934059381484985e-01 1.584983468055725098e-01 1.553496718406677246e-01
1.942977633256442459e+03 -3.485699533345791679e+01 1.684358273372442227e+03 2.286340000000000217e+01 -1.409779489040374756e-01 1.115073487162590027e-01 1.584983468055725098e-01 1.553496718406677246e-01
1.944900566398606315e+03 -3.119133071435929239e+01 1.682209491783757812e+03 2.286540000000000106e+01 -1.802283376455307007e-01 1.002979427576065063e-01 1.584983468055725098e-01 1.553496718406677246e-01
1.946814199583453046e+03 -2.752203933969769878e+01 1.680058599033787459e+03 2.286739999999999995e+01 -3.527832031250000000e-02 -6.444335728883743286e-02 1.584983468055725098e-01 1.553496718406677246e-01
1.948560304405254328e+03 -2.415539694628175837e+01 1.678085128145328099e+03 2.286940000000000239e+01 1.516303271055221558e-01 3.796532750129699707e-02 1.584983468055725098e-01 1.553496718406677246e-01
1.954375550477510842e+03 -1.280895732844341772e+01 1.671434122197039187e+03 2.287140000000000128e+01 4.932887479662895203e-02 -2.836575210094451904e-01 1.584983468055725098e-01 1.553496718406677246e-01
1.956242547509597898e+03 -9.121795707261847852e+00 1.669272828117993186e+03 2.287340000000000018e+01 5.804191529750823975e-02 -2.125102281570434570e-01 1.584983468055725098e-01 1.553496718406677246e-01
1.958100190305452315e+03 -5.431112949824485447e+00 1.667109484789323460e+03 2.287540000000000262e+01 -8.768428862094879150e-02 -6.743057817220687866e-02 1.584983468055725098e-01 1.553496718406677246e-01
1.959948470020253581e+03 -1.736926628817893059e+00 1.664944102511498613e+03 2.287740000000000151e+01 3.936803713440895081e-02 7.953833555802702904e-04 1.584983468055725098e-01 1.553496718406677246e-01
1.961787377757107606e+03 1.960745473427493835e+00 1.662776691707799955e+03 2.287940000000000040e+01 1.397650092840194702e-01 1.014113277196884155e-01 1.584983468055725098e-01 1.553496718406677246e-01
1.963616904766747894e+03 5.661885763766425050e+00 1.660607262690512243e+03 2.288140000000000285e+01 1.484159827232360840e-01 2.950166584923863411e-03 1.584983468055725098e-01 1.553496718406677246e-01
1.965437042242645475e+03 9.366476426437714053e+00 1.658435825902407714e+03 2.288340000000000174e+01 9.289599955081939697e-02 -1.453946381807327271e-01 1.584983468055725098e-01 1.553496718406677246e-01
1.967097365511104272e+03 1.276532371271266619e+01 1.656443612538004118e+03 2.288540000000000063e+01 -1.457357127219438553e-02 1.084334999322891235e-01 1.584983468055725098e-01 1.553496718406677246e-01
1.954375550477510842e+03 -1.280895732844341772e+01 1.671434122197039187e+03 2.288740000000000308e+01 -2.702525556087493896e-01 -5.935405939817428589e-02 1.584983468055725098e-01 1.553496718406677246e-01
1.956242547509597898e+03 -9.121795707261847852e+00 1.669272828117993186e+03 2.288940000000000197e+01 -8.820833265781402588e-02 1.184710860252380371e-01 1.584983468055725098e-01 1.553496718406677246e-01
1.958100190305452315e+03 -5.431112949824485447e+00 1.667109484789323460e+03 2.289140000000000086e+01 -5.853318423032760620e-02 -3.844451531767845154e-02 1.584983468055725098e-01 1.553496718406677246e-01
1.959948470020253581e+03 -1.736926628817893059e+00 1.664944102511498613e+03 2.289339999999999975e+01 -8.907183259725570679e-02 2.059862613677978516e-01 1.584983468055725098e-01 1.553496718406677246e-01
1.961787377757107606e+03 1.960745473427493835e+00 1.662776691707799955e+03 2.289540000000000219e+01 -1.391191035509109497e-01 -2.806932106614112854e-02 1.584983468055725098e-01 1.553496718406677246e-01
1.963616904766747894e+03 5.661885763766425050e+00 1.660607262690512243e+03 2.289740000000000109e+01 -4.045413061976432800e-02 -5.565945804119110107e-02 1.584983468055725098e-01 1.553496718406677246e-01
1.965437042242645475e+03 9.366476426437714053e+00 1.658435825902407714e+03 2.289939999999999998e+01 -2.077392116189002991e-02 -8.126500993967056274e-02 1.584983468055725098e-01 1.553496718406677246e-01
1.967097365511104272e+03 1.276532371271266619e+01 1.656443612538004118e+03 2.290140000000000242e+01 4.091292992234230042e-02 -1.399041619151830673e-03 1.584983468055725098e-01 1.553496718406677246e-01
1.972623523581116160e+03 2.421898860290078304e+01 1.649730208652984402e+03 2.290340000000000131e+01 1.204209700226783752e-01 -1.551686525344848633e-01 1.584983468055725098e-01 1.553496718406677246e-01
1.974396583768000710e+03 2.794056514575013850e+01 1.647548888913844849e+03 2.290540000000000020e+01 3.008772432804107666e-02 -2.633408606052398682e-01 1.584983468055725098e-01 1.553496718406677246e-01
1.976160202845806225e+03 3.166548546659119623e+01 1.645365623882854607e+03 2.290740000000000265e+01 -9.542042016983032227e-02 6.714441813528537750e-03 1.584983468055725098e-01 1.553496718406677246e-01
1.977914372404924734e+03 3.539373180384179562e+01 1.643180423970504307e+03 2.290940000000000154e+01 2.739863693714141846e-01 -1.619649976491928101e-01 1.584983468055725098e-01 1.553496718406677246e-01
1.979659084038009496e+03 3.912528628917196016e+01 1.640993299649781648e+03 2.291140000000000043e+01 1.919666826725006104e-01 -1.153594776988029480e-01 1.584983468055725098e-01 1.553496718406677246e-01
1.981394329365077965e+03 4.286013099931466286e+01 1.638804261425802906e+03 2.291340000000000288e+01 -5.614864826202392578e-02 4.052873328328132629e-02 1.584983468055725098e-01 1.553496718406677246e-01
1.983120100130166065e+03 4.659824816431193995e+01 1.636613319713758756e+03 2.291540000000000177e+01 7.244286686182022095e-02 9.000419825315475464e-02 1.584983468055725098e-01 1.553496718406677246e-01
1.984693847024015895e+03 5.002767322422077712e+01 1.634603317599377078e+03 2.291740000000000066e+01 -5.773105472326278687e-02 -5.821836739778518677e-02 1.584983468055725098e-01 1.553496718406677246e-01
1.972623523581116160e+03 2.421898860290078304e+01 1.649730208652984402e+03 2.291940000000000310e+01 9.642081707715988159e-02 2.100555039942264557e-02 1.584983468055725098e-01 1.553496718406677246e-01
1.974396583768000710e+03 2.794056514575013850e+01 1.647548888913844849e+03 2.292140000000000200e+01 -7.022298872470855713e-02 -6.372529082000255585e-03 1.584983468055725098e-01 1.553496718406677246e-01
1.976160202845806225e+03 3.166548546659119623e+01 1.645365623882854607e+03 2.292340000000000089e+01 -2.877882868051528931e-02 1.056134700775146484e-01 1.584983468055725098e-01 1.553496718406677246e-01
1.977914372404924734e+03 3.539373180384179562e+01 1.643180423970504307e+03 2.292539999999999978e+01 4.392484202980995178e-02 4.688863456249237061e-02 1.584983468055725098e-01 1.553496718406677246e-01
1.979659084038009496e+03 3.912528628917196016e+01 1.640993299649781648e+03 2.292740000000000222e+01 7.821854948997497559e-02 2.080117017030715942e-01 1.584983468055725098e-01 1.553496718406677246e-01
1.981394329365077965e+03 4.286013099931466286e+01 1.638804261425802906e+03 2.292940000000000111e+01 2.127984166145324707e-01 -1.273058354854583740e-01 1.584983468055725098e-01 1.553496718406677246e-01
1.983120100130166065e+03 4.659824816431193995e+01 1.636613319713758756e+03 2.293140000000000001e+01 -1.959722489118576050e-02 -1.479481905698776245e-01 1.584983468055725098e-01 1.553496718406677246e-01
1.984693847024015895e+03 5.002767322422077712e+01 1.634603317599377078e+03 2.293340000000000245e+01 -1.408629119396209717e-01 7.514206320047378540e-02 1.584983468055725098e-01 1.553496718406677246e-01
