# Baseline: 3-11
# Entries: 128
# u [m], v [m], w [m], frequency [GHz], real, imag
1.901444760787728228e+03 -6.331969247867264130e+02 1.815331507690109447e+03 2.267940000000000000e+19 -1.172834541648626328e-02 6.747518479824066162e-02
1.904642136576168014e+03 -6.296087918382817179e+02 1.813226435809247732e+03 2.268140000000000000e+19 -3.519163653254508972e-02 -3.319953009486198425e-02
1.907830404046293097e+03 -6.260146260782278205e+02 1.811117843772660763e+03 2.268340000000000000e+19 2.520663104951381683e-02 1.935066655278205872e-02
1.911009547962180477e+03 -6.224144446823163435e+02 1.809005741656864984e+03 2.268540000000000000e+19 -3.608909621834754944e-02 -8.483016490936279297e-02
1.913388195389184148e+03 -6.197105582444346510e+02 1.807419476774300620e+03 2.268740000000000000e+19 -3.903479501605033875e-02 4.836387932300567627e-02
1.917340404316300010e+03 -6.151961039293988733e+02 1.804771047636092590e+03 2.268940000000000000e+19 -2.633701451122760773e-02 -1.692223176360130310e-02
1.920492086390860322e+03 -6.115779791930916645e+02 1.802648476041619460e+03 2.269140000000000000e+19 -1.338607966899871826e-01 -2.106292396783828735e-01
1.924419144920084818e+03 -6.070472028646929630e+02 1.799990523652187676e+03 2.269340000000000000e+19 -9.653261303901672363e-02 -8.947680890560150146e-02
1.901444760787728228e+03 -6.331969247867264130e+02 1.815331507690109447e+03 2.269540000000000000e+19 -5.262715369462966919e-02 -1.242025718092918396e-01
1.904642136576168014e+03 -6.296087918382817179e+02 1.813226435809247732e+03 2.269740000000000000e+19 -1.343145370483398438e-01 -1.734093762934207916e-02
1.907830404046293097e+03 -6.260146260782278205e+02 1.811117843772660763e+03 2.269940000000000000e+19 -7.674973458051681519e-02 -3.787694126367568970e-02
1.911009547962180477e+03 -6.224144446823163435e+02 1.809005741656864984e+03 2.270140000000000000e+19 -1.510936673730611801e-02 9.302583336830139160e-02
1.913388195389184148e+03 -6.197105582444346510e+02 1.807419476774300620e+03 2.270340000000000000e+19 1.344332937151193619e-02 -5.239845812320709229e-02
1.917340404316300010e+03 -6.151961039293988733e+02 1.804771047636092590e+03 2.270540000000000000e+19 -2.837612479925155640e-02 -9.975456632673740387e-03
1.920492086390860322e+03 -6.115779791930916645e+02 1.802648476041619460e+03 2.270740000000000000e+19 -4.811159893870353699e-02 -7.699047774076461792e-02
1.924419144920084818e+03 -6.070472028646929630e+02 1.799990523652187676e+03 2.270940000000000000e+19 6.578987464308738708e-03 -2.466580085456371307e-02
1.933006823042477890e+03 -5.970461883445337889e+02 1.794123596008322238e+03 2.271140000000000000e+19 -9.763170033693313599e-02 -4.612874984741210938e-02
1.936112434417088934e+03 -5.933985046006678203e+02 1.791983778590762995e+03 2.271340000000000000e+19 -6.413637660443782806e-03 4.828052222728729248e-02
1.939208786843799999e+03 -5.897449613639371364e+02 1.789840542694449141e+03 2.271540000000000000e+19 5.967637524008750916e-03 4.163004457950592041e-02
1.942295865547531548e+03 -5.860855760684131610e+02 1.787693898546531273e+03 2.271740000000000000e+19 -3.676898404955863953e-02 1.608998980373144150e-03
1.945373655743613881e+03 -5.824203662397163725e+02 1.785543856427777655e+03 2.271940000000000000e+19 -5.671060644090175629e-03 -2.335503511130809784e-02
1.948442142702537694e+03 -5.787493494185669078e+02 1.783390426627722263e+03 2.272140000000000000e+19 -6.804097443819046021e-02 -1.023017056286334991e-02
1.951501311728780365e+03 -5.750725431863608037e+02 1.781233619459669399e+03 2.272340000000000000e+19 2.734533883631229401e-02 6.766870617866516113e-02
1.954297470973876898e+03 -5.716971399029774830e+02 1.779253630837204582e+03 2.272540000000000000e+19 4.439523443579673767e-02 -6.726137548685073853e-02
1.933006823042477890e+03 -5.970461883445337889e+02 1.794123596008322238e+03 2.272740000000000000e+19 -1.770937466062605381e-03 -4.115779325366020203e-02
1.936112434417088934e+03 -5.933985046006678203e+02 1.791983778590762995e+03 2.272940000000000000e+19 -7.150845974683761597e-02 -4.450020380318164825e-03
1.939208786843799999e+03 -5.897449613639371364e+02 1.789840542694449141e+03 2.273140000000000000e+19 -6.404773890972137451e-02 3.544589132070541382e-02
1.942295865547531548e+03 -5.860855760684131610e+02 1.787693898546531273e+03 2.273340000000000000e+19 4.260626435279846191e-02 -1.274752467870712280e-01
1.945373655743613881e+03 -5.824203662397163725e+02 1.785543856427777655e+03 2.273540000000000000e+19 8.579498529434204102e-02 8.444942533969879150e-02
1.948442142702537694e+03 -5.787493494185669078e+02 1.783390426627722263e+03 2.273740000000000000e+19 9.508737176656723022e-02 -1.273624715395271778e-03
1.951501311728780365e+03 -5.750725431863608037e+02 1.781233619459669399e+03 2.273940000000000000e+19 -3.646428510546684265e-02 4.879124928265810013e-03
1.954297470973876898e+03 -5.716971399029774830e+02 1.779253630837204582e+03 2.274140000000000000e+19 -6.965273618698120117e-02 -1.285007148981094360e-01
1.963644516539746519e+03 -5.603077762801872268e+02 1.772572823666880822e+03 2.274340000000000000e+19 -9.455633163452148438e-02 5.279267206788063049e-02
1.966656877234279591e+03 -5.566022874363592337e+02 1.770399284779243317e+03 2.274540000000000000e+19 8.690757304430007935e-02 1.322060525417327881e-01
1.969659832867437899e+03 -5.528911151200368295e+02 1.768222430665641696e+03 2.274740000000000000e+19 -5.715542659163475037e-02 -1.702091470360755920e-02
1.972653369015582712e+03 -5.491742771565518524e+02 1.766042271781846011e+03 2.274940000000000000e+19 -2.324306173250079155e-03 -4.039414692670106888e-03
1.975637471414870561e+03 -5.454517912559657589e+02 1.763858818515923986e+03 2.275140000000000000e+19 -3.025516122579574585e-02 2.345027215778827667e-02
1.978612125690735866e+03 -5.417236753498673352e+02 1.761672081385794172e+03 2.275340000000000000e+19 -2.382026985287666321e-03 5.739847943186759949e-02
1.981577317679985299e+03 -5.379899471892630345e+02 1.759482070803363058e+03 2.275540000000000000e+19 2.842141687870025635e-02 6.126648932695388794e-02
1.984287206627474689e+03 -5.345625191690611473e+02 1.757471735872196632e+03 2.275740000000000000e+19 1.191907897591590881e-01 -3.731554001569747925e-02
1.963644516539746519e+03 -5.603077762801872268e+02 1.772572823666880822e+03 2.275940000000000000e+19 -4.258809238672256470e-02 7.302051037549972534e-02
1.966656877234279591e+03 -5.566022874363592337e+02 1.770399284779243317e+03 2.276140000000000000e+19 4.891213402152061462e-02 -3.086964599788188934e-02
1.969659832867437899e+03 -5.528911151200368295e+02 1.768222430665641696e+03 2.276340000000000000e+19 -9.166550822556018829e-03 5.824562534689903259e-02
1.972653369015582712e+03 -5.491742771565518524e+02 1.766042271781846011e+03 2.276540000000000000e+19 -4.196686297655105591e-02 6.005231663584709167e-02
1.975637471414870561e+03 -5.454517912559657589e+02 1.763858818515923986e+03 2.276740000000000000e+19 1.795888505876064301e-02 -2.366218157112598419e-02
1.978612125690735866e+03 -5.417236753498673352e+02 1.761672081385794172e+03 2.276940000000000000e+19 1.241631433367729187e-02 -7.723671942949295044e-02
1.981577317679985299e+03 -5.379899471892630345e+02 1.759482070803363058e+03 2.277140000000000000e+19 -6.488618999719619751e-02 -3.250006958842277527e-02
1.984287206627474689e+03 -5.345625191690611473e+02 1.757471735872196632e+03 2.277340000000000000e+19 -8.036876097321510315e-03 1.868273876607418060e-02
1.993343179432162060e+03 -5.229992700356634714e+02 1.750689503953424264e+03 2.277540000000000000e+19 7.150022685527801514e-02 -8.592251688241958618e-02
1.996260847943821773e+03 -5.192377492832637245e+02 1.748483283701920072e+03 2.277740000000000000e+19 4.782319068908691406e-02 1.295928377658128738e-02
1.999168969655750971e+03 -5.154707239534999417e+02 1.746273853154622884e+03 2.277940000000000000e+19 5.132414400577545166e-02 -3.261541575193405151e-02
2.002067530721355297e+03 -5.116982119825278232e+02 1.744061222831427358e+03 2.278140000000000000e+19 4.610208421945571899e-02 1.034022867679595947e-01
2.004956517188149064e+03 -5.079202315297310975e+02 1.741845403383063513e+03 2.278340000000000000e+19 2.853467874228954315e-02 7.835438847541809082e-02
2.007835915310724431e+03 -5.041368005702763639e+02 1.739626405352132679e+03 2.278540000000000000e+19 -1.078858673572540283e-01 -2.993804775178432465e-02
2.010705711228829387e+03 -5.003479373160996602e+02 1.737404239420016893e+03 2.278740000000000000e+19 -7.513981312513351440e-02 1.929743331857025623e-03
2.013328033157500613e+03 -4.968701246371308002e+02 1.735364520157301058e+03 2.278940000000000000e+19 5.486940965056419373e-02 -1.380600966513156891e-02
1.993343179432162060e+03 -5.229992700356634714e+02 1.750689503953424264e+03 2.279140000000000000e+19 1.520695835351943970e-01 6.038696691393852234e-02
1.996260847943821773e+03 -5.192377492832637245e+02 1.748483283701920072e+03 2.279340000000000000e+19 -6.443057209253311157e-02 -6.991251558065414429e-02
1.999168969655750971e+03 -5.154707239534999417e+02 1.746273853154622884e+03 2.279540000000000000e+19 2.128513343632221222e-02 -4.359774291515350342e-02
2.002067530721355297e+03 -5.116982119825278232e+02 1.744061222831427358e+03 2.279740000000000000e+19 -2.046011015772819519e-02 1.621467992663383484e-02
2.004956517188149064e+03 -5.079202315297310975e+02 1.741845403383063513e+03 2.279940000000000000e+19 4.315330833196640015e-02 9.266752004623413086e-02
2.007835915310724431e+03 -5.041368005702763639e+02 1.739626405352132679e+03 2.280140000000000000e+19 -3.491691872477531433e-02 -1.780023053288459778e-02
2.010705711228829387e+03 -5.003479373160996602e+02 1.737404239420016893e+03 2.280340000000000000e+19 -4.094677790999412537e-02 -7.031406462192535400e-02
2.013328033157500613e+03 -4.968701246371308002e+02 1.735364520157301058e+03 2.280540000000000000e+19 -4.219559580087661743e-02 -1.168643534183502197e-01
2.021617395456844861e+03 -4.857739637128810841e+02 1.728856781015775596e+03 2.280740000000000000e+19 2.169006271287798882e-03 -1.587348990142345428e-02
2.024440588161226060e+03 -4.819591001567806074e+02 1.726619453579971605e+03 2.280940000000000000e+19 -3.772904723882675171e-02 3.066674992442131042e-02
2.027254099245504221e+03 -4.781389103766117046e+02 1.724379020452151053e+03 2.281140000000000000e+19 -2.458227425813674927e-02 -3.841694071888923645e-02
2.030057915196097383e+03 -4.743134127214002547e+02 1.722135492393500954e+03 2.281340000000000000e+19 -2.576171606779098511e-02 1.509898807853460312e-02
2.032852022672919247e+03 -4.704826253924443336e+02 1.719888880078486181e+03 2.281540000000000000e+19 1.555330865085124969e-02 -9.870284795761108398e-02
2.035636408235907993e+03 -4.666465668162376801e+02 1.717639194313554526e+03 2.281740000000000000e+19 -4.061269573867321014e-03 5.650170147418975830e-02
2.038411058598709587e+03 -4.628052552978093104e+02 1.715386445833830521e+03 2.281940000000000000e+19 -2.465870045125484467e-02 -5.224384739995002747e-02
2.040946048891850296e+03 -4.592795206775022621e+02 1.713318783844574909e+03 2.282140000000000000e+19 -2.188099175691604614e-01 3.357754088938236237e-03
2.021617395456844861e+03 -4.857739637128810841e+02 1.728856781015775596e+03 2.282340000000000000e+19 1.256279051303863525e-01 9.825391694903373718e-03
2.024440588161226060e+03 -4.819591001567806074e+02 1.726619453579971605e+03 2.282540000000000000e+19 -4.864064231514930725e-02 5.849848315119743347e-02
2.027254099245504221e+03 -4.781389103766117046e+02 1.724379020452151053e+03 2.282740000000000000e+19 4.596725478768348694e-02 -2.303784526884555817e-02
2.030057915196097383e+03 -4.743134127214002547e+02 1.722135492393500954e+03 2.282940000000000000e+19 -6.196918338537216187e-02 -9.516579657793045044e-02
2.032852022672919247e+03 -4.704826253924443336e+02 1.719888880078486181e+03 2.283140000000000000e+19 -1.721212523989379406e-03 2.697102539241313934e-02
2.035636408235907993e+03 -4.666465668162376801e+02 1.717639194313554526e+03 2.283340000000000000e+19 6.564703071489930153e-04 6.319611519575119019e-02
2.038411058598709587e+03 -4.628052552978093104e+02 1.715386445833830521e+03 2.283540000000000000e+19 -4.660794138908386230e-02 -6.109443306922912598e-02
2.040946048891850296e+03 -4.592795206775022621e+02 1.713318783844574909e+03 2.283740000000000000e+19 3.301872685551643372e-02 -4.080712795257568359e-02
2.049412043085862933e+03 -4.473878479673903712e+02 1.706345040677563020e+03 2.283940000000000000e+19 1.224492266774177551e-01 1.001766044646501541e-02
2.052137819123793179e+03 -4.435205480974639158e+02 1.704077140694131685e+03 2.284140000000000000e+19 1.747025921940803528e-02 2.294226177036762238e-02
2.054853781027991317e+03 -4.396481059064174133e+02 1.701806242868718755e+03 2.284340000000000000e+19 -1.019319891929626465e-02 -7.459051907062530518e-02
2.057559915715462466e+03 -4.357705400481365245e+02 1.699532358140436827e+03 2.284540000000000000e+19 -1.683759130537509918e-02 2.262305840849876404e-02
2.060256210301352894e+03 -4.318878689851038644e+02 1.697255497336069539e+03 2.284740000000000000e+19 1.669847778975963593e-02 6.164154037833213806e-03
2.062942651862979801e+03 -4.280001113257316661e+02 1.694975671367893710e+03 2.284940000000000000e+19 -1.045565009117126465e-01 -2.434347011148929596e-02
2.065619227506400875e+03 -4.241072857300109717e+02 1.692692891178347054e+03 2.285140000000000000e+19 5.372202023863792419e-02 3.722552955150604248e-02
2.068064203251834442e+03 -4.205344901634122721e+02 1.690597794120998287e+03 2.285340000000000000e+19 -1.515971273183822632e-01 9.761165082454681396e-02
2.049412043085862933e+03 -4.473878479673903712e+02 1.706345040677563020e+03 2.285540000000000000e+19 -5.732797086238861084e-02 9.645006805658340454e-02
2.052137819123793179e+03 -4.435205480974639158e+02 1.704077140694131685e+03 2.285740000000000000e+19 8.225476369261741638e-03 -6.036540120840072632e-02
2.054853781027991317e+03 -4.396481059064174133e+02 1.701806242868718755e+03 2.285940000000000000e+19 5.204752460122108459e-02 9.445919096469879150e-02
2.057559915715462466e+03 -4.357705400481365245e+02 1.699532358140436827e+03 2.286140000000000000e+19 2.837295457720756531e-02 5.010501947253942490e-03
2.060256210301352894e+03 -4.318878689851038644e+02 1.697255497336069539e+03 2.286340000000000000e+19 -1.111531630158424377e-01 -1.059516668319702148e-01
2.062942651862979801e+03 -4.280001113257316661e+02 1.694975671367893710e+03 2.286540000000000000e+19 -4.210337251424789429e-02 6.454047560691833496e-02
2.065619227506400875e+03 -4.241072857300109717e+02 1.692692891178347054e+03 2.286740000000000000e+19 -2.694850973784923553e-02 1.612631976604461670e-01
2.068064203251834442e+03 -4.205344901634122721e+02 1.690597794120998287e+03 2.286940000000000000e+19 1.285621896386146545e-02 -4.153234884142875671e-02
2.076226615729851801e+03 -4.084856765001688359e+02 1.683532446651531700e+03 2.287140000000000000e+19 -2.308761328458786011e-02 -2.525113988667726517e-03
2.078853670747459546e+03 -4.045677909253069515e+02 1.681235059373046170e+03 2.287340000000000000e+19 -6.849791854619979858e-02 -1.146947741508483887e-01
2.081470783701786786e+03 -4.006449495554558666e+02 1.678934783632416611e+03 2.287540000000000000e+19 4.752835258841514587e-02 2.876036800444126129e-02
2.084077942131908458e+03 -3.967171710687024415e+02 1.676631630382103367e+03 2.287740000000000000e+19 -4.207235947251319885e-02 -1.229377761483192444e-01
2.086675133487994572e+03 -3.927844743717930669e+02 1.674325610708562408e+03 2.287940000000000000e+19 -2.083120122551918030e-02 7.794342190027236938e-02
2.089262345412945706e+03 -3.888468781760981869e+02 1.672016735583564696e+03 2.288140000000000000e+19 1.146062687039375305e-01 7.853224873542785645e-02
2.091839565453061823e+03 -3.849044014355883974e+02 1.669705016121129574e+03 2.288340000000000000e+19 2.066066116094589233e-02 -6.467418372631072998e-02
2.094193356605072040e+03 -3.812862546910774881e+02 1.667583486608815292e+03 2.288540000000000000e+19 5.141629278659820557e-02 2.650129236280918121e-02
2.076226615729851801e+03 -4.084856765001688359e+02 1.683532446651531700e+03 2.288740000000000000e+19 -3.729477524757385254e-02 -1.260221004486083984e-02
2.078853670747459546e+03 -4.045677909253069515e+02 1.681235059373046170e+03 2.288940000000000000e+19 2.254485897719860077e-02 -1.334194280207157135e-02
2.081470783701786786e+03 -4.006449495554558666e+02 1.678934783632416611e+03 2.289140000000000000e+19 -7.700222730636596680e-02 -6.717909872531890869e-02
2.084077942131908458e+03 -3.967171710687024415e+02 1.676631630382103367e+03 2.289340000000000000e+19 -8.897534757852554321e-02 6.837164610624313354e-02
2.086675133487994572e+03 -3.927844743717930669e+02 1.674325610708562408e+03 2.289540000000000000e+19 -7.973705418407917023e-03 5.500886961817741394e-02
2.089262345412945706e+03 -3.888468781760981869e+02 1.672016735583564696e+03 2.289740000000000000e+19 -7.947603613138198853e-02 -2.477108314633369446e-02
2.091839565453061823e+03 -3.849044014355883974e+02 1.669705016121129574e+03 2.289940000000000000e+19 2.840056316927075386e-03 -5.384661257266998291e-02
2.094193356605072040e+03 -3.812862546910774881e+02 1.667583486608815292e+03 2.290140000000000000e+19 4.241713508963584900e-02 7.729693502187728882e-02
2.102048281246454735e+03 -3.690860660541754328e+02 1.660429915971420314e+03 2.290340000000000000e+19 -1.904421299695968628e-02 4.731154069304466248e-02
2.104575358010456966e+03 -3.651194697665080184e+02 1.658104140864454166e+03 2.290540000000000000e+19 1.613173075020313263e-02 -1.433328818529844284e-02
2.107092369624268940e+03 -3.611481064600428112e+02 1.655775587986183609e+03 2.290740000000000000e+19 -5.333266779780387878e-02 -5.637030303478240967e-02
2.109599304085858876e+03 -3.571719950714638117e+02 1.653444268439868438e+03 2.290940000000000000e+19 -1.166670699603855610e-03 -4.685652628540992737e-02
2.112096149380091902e+03 -3.531911546570239011e+02 1.651110193398792944e+03 2.291140000000000000e+19 -6.892515718936920166e-02 9.187008254230022430e-03
2.114582893514384523e+03 -3.492056043373663670e+02 1.648773374073914056e+03 2.291340000000000000e+19 -2.727675437927246094e-02 2.177624590694904327e-02
2.117059524657242946e+03 -3.452153630752902131e+02 1.646433821583556892e+03 2.291540000000000000e+19 -1.093764603137969971e-01 -4.754343535751104355e-03
2.119321004415324751e+03 -3.415535972586723688e+02 1.644286875250699495e+03 2.291740000000000000e+19 -1.104818731546401978e-01 2.513713203370571136e-02
2.102048281246454735e+03 -3.690860660541754328e+02 1.660429915971420314e+03 2.291940000000000000e+19 -6.315265595912933350e-02 -1.966603472828865051e-02
2.104575358010456966e+03 -3.651194697665080184e+02 1.658104140864454166e+03 2.292140000000000000e+19 -1.110313236713409424e-01 -1.681867800652980804e-02
2.107092369624268940e+03 -3.611481064600428112e+02 1.655775587986183609e+03 2.292340000000000000e+19 -9.175895899534225464e-02 -1.641151309013366699e-02
2.109599304085858876e+03 -3.571719950714638117e+02 1.653444268439868438e+03 2.292540000000000000e+19 -1.075508520007133484e-01 2.079432085156440735e-02
2.112096149380091902e+03 -3.531911546570239011e+02 1.651110193398792944e+03 2.292740000000000000e+19 3.681020811200141907e-03 4.479095712304115295e-02
2.114582893514384523e+03 -3.492056043373663670e+02 1.648773374073914056e+03 2.292940000000000000e+19 -5.017222836613655090e-02 7.893230766057968140e-02
2.117059524657242946e+03 -3.452153630752902131e+02 1.646433821583556892e+03 2.293140000000000000e+19 6.367135047912597656e-02 -1.008073389530181885e-01
2.119321004415324751e+03 -3.415535972586723688e+02 1.644286875250699495e+03 2.293340000000000000e+19 1.021857466548681259e-02 3.071210347115993500e-02
