# Baseline: 9-24
# Entries: 128
# u [m], v [m], w [m], frequency [GHz], real, imag
-1.549161802259718797e+03 1.883515938601499784e+03 -1.308277883199878715e+03 2.267940000000000000e+19 7.929894328117370605e-02 -2.351211756467819214e-02
-1.554159967932955169e+03 1.880589898302797792e+03 -1.306558084699124493e+03 2.268140000000000000e+19 -6.297533959150314331e-02 -7.591125369071960449e-02
-1.559150696756488742e+03 1.877654424949623035e+03 -1.304832772997153825e+03 2.268340000000000000e+19 -4.575132206082344055e-02 5.568411946296691895e-02
-1.564133964880831400e+03 1.874709532570011788e+03 -1.303101956338894070e+03 2.268540000000000000e+19 -4.450523480772972107e-02 -9.562450647354125977e-02
-1.567866740046946006e+03 1.872494984066359393e+03 -1.301800407756976938e+03 2.268740000000000000e+19 -1.541376207023859024e-02 1.214763149619102478e-01
-1.574078023672918789e+03 1.868791547149899316e+03 -1.299623841312485638e+03 2.268940000000000000e+19 9.868630766868591309e-02 -1.966334879398345947e-01
-1.579038766647349121e+03 1.865818482493451256e+03 -1.297876559626216249e+03 2.269140000000000000e+19 -1.528869718313217163e-01 -3.548960387706756592e-02
-1.585229374582335822e+03 1.862089365934039733e+03 -1.295684985140454501e+03 2.269340000000000000e+19 3.353137895464897156e-02 -5.431501939892768860e-02
-1.549161802259718797e+03 1.883515938601499784e+03 -1.308277883199878715e+03 2.269540000000000000e+19 5.481561273336410522e-02 -1.968802362680435181e-01
-1.554159967932955169e+03 1.880589898302797792e+03 -1.306558084699124493e+03 2.269740000000000000e+19 -9.581042826175689697e-02 1.061762943863868713e-01
-1.559150696756488742e+03 1.877654424949623035e+03 -1.304832772997153825e+03 2.269940000000000000e+19 -3.468964248895645142e-02 6.103320792317390442e-02
-1.564133964880831400e+03 1.874709532570011788e+03 -1.303101956338894070e+03 2.270140000000000000e+19 -1.136327311396598816e-01 -7.919013500213623047e-02
-1.567866740046946006e+03 1.872494984066359393e+03 -1.301800407756976938e+03 2.270340000000000000e+19 -2.380404435098171234e-02 -3.219604119658470154e-02
-1.574078023672918789e+03 1.868791547149899316e+03 -1.299623841312485638e+03 2.270540000000000000e+19 -5.574239417910575867e-02 -4.385418072342872620e-02
-1.579038766647349121e+03 1.865818482493451256e+03 -1.297876559626216249e+03 2.270740000000000000e+19 4.510559514164924622e-02 -1.787777058780193329e-02
-1.585229374582335822e+03 1.862089365934039733e+03 -1.295684985140454501e+03 2.270940000000000000e+19 4.863783251494169235e-03 3.725525736808776855e-02
-1.598805942932067865e+03 1.853832742974419261e+03 -1.290832800225508436e+03 2.271140000000000000e+19 -6.042874604463577271e-02 5.383940413594245911e-02
-1.603728669831759589e+03 1.850813009582146606e+03 -1.289058244354355566e+03 2.271340000000000000e+19 8.101307600736618042e-02 -4.689146578311920166e-02
-1.608643722625195096e+03 1.847783985661407769e+03 -1.287278259044436936e+03 2.271540000000000000e+19 9.606801904737949371e-03 6.536990404129028320e-02
-1.613551077858792269e+03 1.844745685666226109e+03 -1.285492852789571998e+03 2.271740000000000000e+19 -1.423711180686950684e-01 7.831020653247833252e-02
-1.618450712030172554e+03 1.841698124147715816e+03 -1.283702034140487513e+03 2.271940000000000000e+19 9.385854005813598633e-02 1.737914048135280609e-02
-1.623342601690961146e+03 1.838641315690683541e+03 -1.281905811667568969e+03 2.272140000000000000e+19 8.756312541663646698e-03 -9.259822219610214233e-02
-1.628226723412939464e+03 1.835575274934993558e+03 -1.280104193973409792e+03 2.272340000000000000e+19 5.017340928316116333e-02 1.401299983263015747e-02
-1.632697090629118748e+03 1.832756756938010767e+03 -1.278448047357482210e+03 2.272540000000000000e+19 -1.838798262178897858e-02 2.383482642471790314e-02
-1.598805942932067865e+03 1.853832742974419261e+03 -1.290832800225508436e+03 2.272740000000000000e+19 -3.573270142078399658e-02 7.061515748500823975e-02
-1.603728669831759589e+03 1.850813009582146606e+03 -1.289058244354355566e+03 2.272940000000000000e+19 -1.490587890148162842e-01 -1.101261824369430542e-01
-1.608643722625195096e+03 1.847783985661407769e+03 -1.287278259044436936e+03 2.273140000000000000e+19 9.624880552291870117e-02 -6.254509091377258301e-02
-1.613551077858792269e+03 1.844745685666226109e+03 -1.285492852789571998e+03 2.273340000000000000e+19 1.411380898207426071e-02 3.230762854218482971e-02
-1.618450712030172554e+03 1.841698124147715816e+03 -1.283702034140487513e+03 2.273540000000000000e+19 7.129230350255966187e-02 1.791518367826938629e-02
-1.623342601690961146e+03 1.838641315690683541e+03 -1.281905811667568969e+03 2.273740000000000000e+19 -5.884032323956489563e-02 7.444265484809875488e-02
-1.628226723412939464e+03 1.835575274934993558e+03 -1.280104193973409792e+03 2.273940000000000000e+19 -1.333955526351928711e-01 6.129738315939903259e-02
-1.632697090629118748e+03 1.832756756938010767e+03 -1.278448047357482210e+03 2.274140000000000000e+19 -1.711612450890243053e-03 1.780922710895538330e-02
-1.647685064262067726e+03 1.823219082880840006e+03 -1.272843943711655584e+03 2.274340000000000000e+19 -2.386432141065597534e-02 -5.256734043359756470e-02
-1.652529996493996578e+03 1.820107101569711858e+03 -1.271015479732546055e+03 2.274540000000000000e+19 1.548445224761962891e-02 -2.556532435119152069e-02
-1.657367021171645547e+03 1.816985976616691005e+03 -1.269181672625187275e+03 2.274740000000000000e+19 -1.480168290436267853e-02 3.824829123914241791e-03
-1.662196115062062745e+03 1.813855723013023407e+03 -1.267342531197647531e+03 2.274940000000000000e+19 -4.298790544271469116e-02 7.563039660453796387e-02
-1.667017255155286421e+03 1.810716355673738917e+03 -1.265498064213076077e+03 2.275140000000000000e+19 8.716441690921783447e-02 -2.830933034420013428e-02
-1.671830418227572409e+03 1.807567889721531401e+03 -1.263648280556492182e+03 2.275340000000000000e+19 -3.814881667494773865e-02 5.576400086283683777e-03
-1.676635581361901131e+03 1.804410340147554507e+03 -1.261793189035491196e+03 2.275540000000000000e+19 8.005968481302261353e-02 1.135235372930765152e-02
-1.681033369205383678e+03 1.801508068230257777e+03 -1.260088100635074625e+03 2.275740000000000000e+19 -5.130934342741966248e-02 -7.517251372337341309e-02
-1.647685064262067726e+03 1.823219082880840006e+03 -1.272843943711655584e+03 2.275940000000000000e+19 -1.739988476037979126e-02 -3.940879181027412415e-02
-1.652529996493996578e+03 1.820107101569711858e+03 -1.271015479732546055e+03 2.276140000000000000e+19 1.046518161892890930e-01 -1.118188947439193726e-01
-1.657367021171645547e+03 1.816985976616691005e+03 -1.269181672625187275e+03 2.276340000000000000e+19 -1.022974494844675064e-02 -7.334478199481964111e-02
-1.662196115062062745e+03 1.813855723013023407e+03 -1.267342531197647531e+03 2.276540000000000000e+19 -3.181945532560348511e-02 8.753201365470886230e-02
-1.667017255155286421e+03 1.810716355673738917e+03 -1.265498064213076077e+03 2.276740000000000000e+19 1.550434064120054245e-02 3.794452175498008728e-03
-1.671830418227572409e+03 1.807567889721531401e+03 -1.263648280556492182e+03 2.276940000000000000e+19 4.574616439640522003e-03 4.285166412591934204e-02
-1.676635581361901131e+03 1.804410340147554507e+03 -1.261793189035491196e+03 2.277140000000000000e+19 3.480933234095573425e-02 -1.447853296995162964e-01
-1.681033369205383678e+03 1.801508068230257777e+03 -1.260088100635074625e+03 2.277340000000000000e+19 -2.942439634352922440e-03 3.167232871055603027e-02
-1.695775774836420851e+03 1.791689608728215944e+03 -1.254319922376311979e+03 2.277540000000000000e+19 2.010820806026458740e-02 6.583724915981292725e-02
-1.700540593956060775e+03 1.788486868679067811e+03 -1.252438425267637967e+03 2.277740000000000000e+19 3.463613614439964294e-02 -4.245151579380035400e-02
-1.705297275655285830e+03 1.785275136380497543e+03 -1.250551673974684718e+03 2.277940000000000000e+19 -3.912127390503883362e-02 -2.861695922911167145e-02
-1.710045797285846447e+03 1.782054427124710401e+03 -1.248659677480958635e+03 2.278140000000000000e+19 3.708142042160034180e-02 -6.888886541128158569e-02
-1.714786135990286084e+03 1.778824756414939202e+03 -1.246762444893799056e+03 2.278340000000000000e+19 1.341310292482376099e-01 -5.515197757631540298e-03
-1.719518269214691600e+03 1.775586139617567369e+03 -1.244859985240018204e+03 2.278540000000000000e+19 2.395989932119846344e-02 -3.036264143884181976e-02
-1.724242174180486018e+03 1.772338592322016666e+03 -1.242952307677313684e+03 2.278740000000000000e+19 -8.294810354709625244e-02 1.970857568085193634e-02
-1.728565278244376486e+03 1.769353955267615902e+03 -1.241199093405127542e+03 2.278940000000000000e+19 -3.078533522784709930e-02 8.233533799648284912e-02
-1.695775774836420851e+03 1.791689608728215944e+03 -1.254319922376311979e+03 2.279140000000000000e+19 3.132245317101478577e-02 6.160904094576835632e-02
-1.700540593956060775e+03 1.788486868679067811e+03 -1.252438425267637967e+03 2.279340000000000000e+19 9.085246175527572632e-02 1.101197153329849243e-01
-1.705297275655285830e+03 1.785275136380497543e+03 -1.250551673974684718e+03 2.279540000000000000e+19 -2.688244171440601349e-02 -9.842932224273681641e-02
-1.710045797285846447e+03 1.782054427124710401e+03 -1.248659677480958635e+03 2.279740000000000000e+19 2.567119337618350983e-02 -8.786346763372421265e-02
-1.714786135990286084e+03 1.778824756414939202e+03 -1.246762444893799056e+03 2.279940000000000000e+19 9.705333411693572998e-02 4.990487359464168549e-03
-1.719518269214691600e+03 1.775586139617567369e+03 -1.244859985240018204e+03 2.280140000000000000e+19 -2.591406926512718201e-02 2.005953527987003326e-02
-1.724242174180486018e+03 1.772338592322016666e+03 -1.242952307677313684e+03 2.280340000000000000e+19 -7.611827552318572998e-02 -1.518684905022382736e-02
-1.728565278244376486e+03 1.769353955267615902e+03 -1.241199093405127542e+03 2.280540000000000000e+19 4.250273574143648148e-03 2.362771704792976379e-02
-1.742273844868924016e+03 1.759807209890425156e+03 -1.235591370041167465e+03 2.280740000000000000e+19 -3.471727296710014343e-02 -2.380913682281970978e-02
-1.746957662297733805e+03 1.756516718133614859e+03 -1.233658601588493639e+03 2.280940000000000000e+19 2.601082064211368561e-02 -2.195593342185020447e-02
-1.751633120232473857e+03 1.753217387083270523e+03 -1.231720668800581052e+03 2.281140000000000000e+19 -7.222342491149902344e-02 -1.404898334294557571e-02
-1.756300196216331415e+03 1.749909232586700000e+03 -1.229777580985695067e+03 2.281340000000000000e+19 7.072257995605468750e-02 1.713223457336425781e-01
-1.760958868044050860e+03 1.746592270383786172e+03 -1.227829347388870019e+03 2.281540000000000000e+19 7.556565850973129272e-02 -6.820714473724365234e-02
-1.765609113306809377e+03 1.743266516429432386e+03 -1.225875977381303301e+03 2.281740000000000000e+19 -5.213749827817082405e-04 8.033329248428344727e-02
-1.770250909814710440e+03 1.739931986593656120e+03 -1.223917480284203066e+03 2.281940000000000000e+19 -7.842664420604705811e-02 1.858958421507850289e-05
-1.774498557036330794e+03 1.736867749879258326e+03 -1.222117760344074668e+03 2.282140000000000000e+19 1.082289367914199829e-01 -3.776427209377288818e-01
-1.742273844868924016e+03 1.759807209890425156e+03 -1.235591370041167465e+03 2.282340000000000000e+19 -1.612592488527297974e-01 -1.830746680498123169e-01
-1.746957662297733805e+03 1.756516718133614859e+03 -1.233658601588493639e+03 2.282540000000000000e+19 1.602768898010253906e-01 -9.859320521354675293e-02
-1.751633120232473857e+03 1.753217387083270523e+03 -1.231720668800581052e+03 2.282740000000000000e+19 1.299692541360855103e-01 6.777077168226242065e-02
-1.756300196216331415e+03 1.749909232586700000e+03 -1.229777580985695067e+03 2.282940000000000000e+19 4.935176670551300049e-02 5.104469018988311291e-04
-1.760958868044050860e+03 1.746592270383786172e+03 -1.227829347388870019e+03 2.283140000000000000e+19 7.517223805189132690e-02 -2.879575826227664948e-02
-1.765609113306809377e+03 1.743266516429432386e+03 -1.225875977381303301e+03 2.283340000000000000e+19 3.797159297391772270e-03 1.085523813962936401e-01
-1.770250909814710440e+03 1.739931986593656120e+03 -1.223917480284203066e+03 2.283540000000000000e+19 1.220540609210729599e-02 -1.151370033621788025e-01
-1.774498557036330794e+03 1.736867749879258326e+03 -1.222117760344074668e+03 2.283740000000000000e+19 -7.867383211851119995e-02 3.482943028211593628e-02
-1.788733164472251019e+03 1.726506428332382711e+03 -1.216032408885881068e+03 2.283940000000000000e+19 -7.285384088754653931e-02 -1.916418969631195068e-02
-1.793332384673162323e+03 1.723128259392870859e+03 -1.214048417478001511e+03 2.284140000000000000e+19 6.633980572223663330e-02 6.614933907985687256e-02
-1.797923023506922164e+03 1.719741410901147447e+03 -1.212059355556515584e+03 2.284340000000000000e+19 -2.906185761094093323e-02 4.401226714253425598e-02
-1.802505058860058853e+03 1.716345899171955352e+03 -1.210065232702916319e+03 2.284540000000000000e+19 2.495881542563438416e-02 7.588984817266464233e-02
-1.807078468915888379e+03 1.712941740372548566e+03 -1.208066058411947779e+03 2.284740000000000000e+19 -4.757942259311676025e-02 8.397839963436126709e-02
-1.811643231755290572e+03 1.709528950817915756e+03 -1.206061842264989764e+03 2.284940000000000000e+19 -7.053817808628082275e-02 -4.963386431336402893e-02
-1.816199325468991674e+03 1.706107546888385059e+03 -1.204052593881664507e+03 2.285140000000000000e+19 -2.104628980159759521e-01 -3.716894984245300293e-02
-1.820368221448084341e+03 1.702963815685559666e+03 -1.202206434207695111e+03 2.285340000000000000e+19 -5.046393722295761108e-02 -3.557913377881050110e-02
-1.788733164472251019e+03 1.726506428332382711e+03 -1.216032408885881068e+03 2.285540000000000000e+19 6.423852592706680298e-02 1.387167721986770630e-01
-1.793332384673162323e+03 1.723128259392870859e+03 -1.214048417478001511e+03 2.285740000000000000e+19 9.562987834215164185e-03 -3.969990834593772888e-02
-1.797923023506922164e+03 1.719741410901147447e+03 -1.212059355556515584e+03 2.285940000000000000e+19 -3.982093185186386108e-02 -2.271383069455623627e-02
-1.802505058860058853e+03 1.716345899171955352e+03 -1.210065232702916319e+03 2.286140000000000000e+19 -6.348724663257598877e-02 -2.660532481968402863e-02
-1.807078468915888379e+03 1.712941740372548566e+03 -1.208066058411947779e+03 2.286340000000000000e+19 7.027885317802429199e-02 -4.579442366957664490e-02
-1.811643231755290572e+03 1.709528950817915756e+03 -1.206061842264989764e+03 2.286540000000000000e+19 7.248724997043609619e-02 6.135310232639312744e-02
-1.816199325468991674e+03 1.706107546888385059e+03 -1.204052593881664507e+03 2.286740000000000000e+19 -2.885153144598007202e-02 -3.897535800933837891e-02
-1.820368221448084341e+03 1.702963815685559666e+03 -1.202206434207695111e+03 2.286940000000000000e+19 5.228002741932868958e-02 -2.424288354814052582e-02
-1.834336574131812085e+03 1.692336115125576271e+03 -1.195965470430055802e+03 2.287140000000000000e+19 3.511988744139671326e-02 -1.710264012217521667e-02
-1.838848996257186855e+03 1.688871885550715660e+03 -1.193931205462622529e+03 2.287340000000000000e+19 -9.661883860826492310e-02 1.056031044572591782e-02
-1.843352619058012806e+03 1.685399140460963508e+03 -1.191891966313332659e+03 2.287540000000000000e+19 -2.640995569527149200e-02 -5.908656492829322815e-02
-1.847847421091013302e+03 1.681917896391361410e+03 -1.189847762691776552e+03 2.287740000000000000e+19 -1.261002942919731140e-02 -5.783761665225028992e-02
-1.852333380719999013e+03 1.678428170099211457e+03 -1.187798604437931090e+03 2.287940000000000000e+19 7.050958275794982910e-02 2.651245705783367157e-02
-1.856810476601305709e+03 1.674929978188282348e+03 -1.185744501301457149e+03 2.288140000000000000e+19 3.312838077545166016e-02 9.313243627548217773e-02
-1.861278687184122191e+03 1.671423337497463763e+03 -1.183685463170026651e+03 2.288340000000000000e+19 -4.551749676465988159e-02 -5.109179764986038208e-02
-1.865366836889875231e+03 1.668201616245303740e+03 -1.181793747246523026e+03 2.288540000000000000e+19 -5.497200414538383484e-02 5.450031906366348267e-02
-1.834336574131812085e+03 1.692336115125576271e+03 -1.195965470430055802e+03 2.288740000000000000e+19 1.668751612305641174e-02 -6.311464589089155197e-03
-1.838848996257186855e+03 1.688871885550715660e+03 -1.193931205462622529e+03 2.288940000000000000e+19 4.439733177423477173e-02 -6.620405241847038269e-03
-1.843352619058012806e+03 1.685399140460963508e+03 -1.191891966313332659e+03 2.289140000000000000e+19 -1.143236160278320312e-01 -8.322110772132873535e-02
-1.847847421091013302e+03 1.681917896391361410e+03 -1.189847762691776552e+03 2.289340000000000000e+19 2.990991249680519104e-02 -2.212345832958817482e-03
-1.852333380719999013e+03 1.678428170099211457e+03 -1.187798604437931090e+03 2.289540000000000000e+19 1.228762641549110413e-01 -3.623260557651519775e-02
-1.856810476601305709e+03 1.674929978188282348e+03 -1.185744501301457149e+03 2.289740000000000000e+19 7.892566919326782227e-02 -2.548934146761894226e-02
-1.861278687184122191e+03 1.671423337497463763e+03 -1.183685463170026651e+03 2.289940000000000000e+19 3.028645366430282593e-02 3.503898903727531433e-02
-1.865366836889875231e+03 1.668201616245303740e+03 -1.181793747246523026e+03 2.290140000000000000e+19 2.266754163429141045e-03 -6.540494970977306366e-03
-1.879062250260452856e+03 1.657312622579099525e+03 -1.175400157777394952e+03 2.290340000000000000e+19 -2.713476307690143585e-02 8.857969194650650024e-03
-1.883485714792646604e+03 1.653763990254224154e+03 -1.173316592794686812e+03 2.290540000000000000e+19 -2.545085921883583069e-02 -1.484857313334941864e-02
-1.887900166397479097e+03 1.650207010420464485e+03 -1.171228152279767528e+03 2.290740000000000000e+19 -4.058918356895446777e-02 5.144045688211917877e-03
-1.892305584025328017e+03 1.646641700038547242e+03 -1.169134846190945836e+03 2.290940000000000000e+19 -1.554617006331682205e-02 -7.715934514999389648e-02
-1.896701946562210424e+03 1.643068076195822641e+03 -1.167036684560750928e+03 2.291140000000000000e+19 2.740934491157531738e-03 1.130722761154174805e-01
-1.901089232891861002e+03 1.639486156057057997e+03 -1.164933677467043253e+03 2.291340000000000000e+19 -1.951476745307445526e-02 -2.158783143386244774e-03
-1.905467422140237431e+03 1.635895956664668347e+03 -1.162825834915726318e+03 2.291540000000000000e+19 -4.919888451695442200e-02 -1.767565459012985229e-01
-1.909472868489618122e+03 1.632597787696240175e+03 -1.160889468363625838e+03 2.291740000000000000e+19 4.941297695040702820e-03 3.735632076859474182e-02
-1.879062250260452856e+03 1.657312622579099525e+03 -1.175400157777394952e+03 2.291940000000000000e+19 -7.896563969552516937e-03 -1.238102018833160400e-01
-1.883485714792646604e+03 1.653763990254224154e+03 -1.173316592794686812e+03 2.292140000000000000e+19 1.927354373037815094e-02 -4.484284669160842896e-02
-1.887900166397479097e+03 1.650207010420464485e+03 -1.171228152279767528e+03 2.292340000000000000e+19 -3.015612438321113586e-02 -2.293714880943298340e-02
-1.892305584025328017e+03 1.646641700038547242e+03 -1.169134846190945836e+03 2.292540000000000000e+19 1.236250177025794983e-01 -3.906996548175811768e-02
-1.896701946562210424e+03 1.643068076195822641e+03 -1.167036684560750928e+03 2.292740000000000000e+19 -7.310789078474044800e-02 -1.120833773165941238e-02
-1.901089232891861002e+03 1.639486156057057997e+03 -1.164933677467043253e+03 2.292940000000000000e+19 3.153254464268684387e-02 3.317401930689811707e-02
-1.905467422140237431e+03 1.635895956664668347e+03 -1.162825834915726318e+03 2.293140000000000000e+19 -3.710266947746276855e-02 -6.613452732563018799e-02
-1.909472868489618122e+03 1.632597787696240175e+03 -1.160889468363625838e+03 2.293340000000000000e+19 1.235277950763702393e-02 -1.087634190917015076e-01
