# Baseline: 4-14
# u [m], v [m], w [m], frequency [GHz], real, imag
1.971840781534648841e+03 3.352928760584569318e+03 2.407561226476224874e+03 2.267940000000000000e+19 1.972596906125545502e-02 9.799832850694656372e-02
1.968167406906550013e+03 3.356641827250080496e+03 2.405392089131444209e+03 2.268140000000000000e+19 8.917488902807235718e-02 -7.720340788364410400e-02
1.964484633760974020e+03 3.360347955656244721e+03 2.403227026550777282e+03 2.268340000000000000e+19 2.823982946574687958e-02 1.214562077075242996e-02
1.960792479697132194e+03 3.364047128092368439e+03 2.401066049080525772e+03 2.268540000000000000e+19 4.846487566828727722e-02 -1.197191849350929260e-01
1.958017510695527108e+03 3.366817150294937619e+03 2.399447874805224274e+03 2.268740000000000000e+19 -8.703597635030746460e-02 1.272695660591125488e-01
1.953380099537672095e+03 3.371424534274375674e+03 2.396756390819341050e+03 2.268940000000000000e+19 6.549301743507385254e-02 -1.494554877281188965e-01
1.949659908993503450e+03 3.375102732637044483e+03 2.394607730698187424e+03 2.269140000000000000e+19 -6.568185985088348389e-02 1.218018680810928345e-01
1.944996956868114921e+03 3.379690883053374819e+03 2.391927541696375101e+03 2.269340000000000000e+19 -1.472661942243576050e-01 -3.974020108580589294e-02
1.971840781534648841e+03 3.352928760584569318e+03 2.407561226476224874e+03 2.269540000000000000e+19 7.410439103841781616e-02 4.008705541491508484e-02
1.968167406906550013e+03 3.356641827250080496e+03 2.405392089131444209e+03 2.269740000000000000e+19 3.660500794649124146e-02 -2.908012457191944122e-02
1.964484633760974020e+03 3.360347955656244721e+03 2.403227026550777282e+03 2.269940000000000000e+19 4.464526101946830750e-02 -1.106180101633071899e-01
1.960792479697132194e+03 3.364047128092368439e+03 2.401066049080525772e+03 2.270140000000000000e+19 -8.019035309553146362e-02 -4.230893030762672424e-02
1.958017510695527108e+03 3.366817150294937619e+03 2.399447874805224274e+03 2.270340000000000000e+19 1.256944686174392700e-01 -8.007378876209259033e-02
1.953380099537672095e+03 3.371424534274375674e+03 2.396756390819341050e+03 2.270540000000000000e+19 2.133084647357463837e-02 9.496563114225864410e-03
1.949659908993503450e+03 3.375102732637044483e+03 2.394607730698187424e+03 2.270740000000000000e+19 -7.169119268655776978e-02 3.565483260899782181e-03
1.944996956868114921e+03 3.379690883053374819e+03 2.391927541696375101e+03 2.270940000000000000e+19 7.821159809827804565e-02 4.311709105968475342e-02
1.934686225787033436e+03 3.389745084763563227e+03 2.386054456331979964e+03 2.271140000000000000e+19 1.986883580684661865e-02 6.370743364095687866e-02
1.930919664315773844e+03 3.393387974857926565e+03 2.383926530444808577e+03 2.271340000000000000e+19 1.054464802145957947e-01 5.329098086804151535e-03
1.927143882611796471e+03 3.397023750810510592e+03 2.381802782064764870e+03 2.271540000000000000e+19 -9.984096884727478027e-02 -9.182365238666534424e-02
1.923358898692507410e+03 3.400652395272174090e+03 2.379683221325904924e+03 2.271740000000000000e+19 -2.188371866941452026e-02 -1.794021204113960266e-02
1.919564730685055338e+03 3.404273890864549685e+03 2.377567858379254176e+03 2.271940000000000000e+19 -7.270678132772445679e-02 -2.818812057375907898e-02
1.915761396747311892e+03 3.407888220256087152e+03 2.375456703348384508e+03 2.272140000000000000e+19 4.312648996710777283e-02 -1.027117744088172913e-01
1.911948915094414815e+03 3.411495366137060046e+03 2.373349766344013460e+03 2.272340000000000000e+19 -1.461713314056396484e-01 3.399452567100524902e-02
1.908446235791466734e+03 3.414795683185614052e+03 2.371422067484354102e+03 2.272540000000000000e+19 -1.152168661355972290e-01 -3.949303179979324341e-02
1.934686225787033436e+03 3.389745084763563227e+03 2.386054456331979964e+03 2.272740000000000000e+19 -6.010209023952484131e-02 1.117671132087707520e-01
1.930919664315773844e+03 3.393387974857926565e+03 2.383926530444808577e+03 2.272940000000000000e+19 -8.836048096418380737e-02 -1.175066381692886353e-01
1.927143882611796471e+03 3.397023750810510592e+03 2.381802782064764870e+03 2.273140000000000000e+19 -8.129685185849666595e-03 9.757576882839202881e-02
1.923358898692507410e+03 3.400652395272174090e+03 2.379683221325904924e+03 2.273340000000000000e+19 -3.042695485055446625e-02 -6.108325347304344177e-02
1.919564730685055338e+03 3.404273890864549685e+03 2.377567858379254176e+03 2.273540000000000000e+19 -1.390895545482635498e-01 -1.881349459290504456e-02
1.915761396747311892e+03 3.407888220256087152e+03 2.375456703348384508e+03 2.273740000000000000e+19 -2.873804187402129173e-03 5.343167483806610107e-02
1.911948915094414815e+03 3.411495366137060046e+03 2.373349766344013460e+03 2.273940000000000000e+19 8.665628731250762939e-03 1.071621384471654892e-02
1.908446235791466734e+03 3.414795683185614052e+03 2.371422067484354102e+03 2.274140000000000000e+19 -6.517224945127964020e-03 -3.788882866501808167e-03
1.896607876683867971e+03 3.425851770016084174e+03 2.364964399835330823e+03 2.274340000000000000e+19 -7.489458471536636353e-02 2.559165470302104950e-02
1.892749930958018695e+03 3.429422740142322709e+03 2.362878703777102601e+03 2.274540000000000000e+19 4.017487540841102600e-02 3.902926668524742126e-02
1.888882947590339882e+03 3.432986423749327969e+03 2.360797285911158724e+03 2.274740000000000000e+19 -1.708606779575347900e-01 -6.755770742893218994e-02
1.885006945154550067e+03 3.436542803720185475e+03 2.358720156234853675e+03 2.274940000000000000e+19 4.004365764558315277e-03 4.625498317182064056e-03
1.881121942119053983e+03 3.440091863109204951e+03 2.356647324645428398e+03 2.275140000000000000e+19 -1.071299687027931213e-01 -6.918360292911529541e-02
1.877227957198336753e+03 3.443633584820342094e+03 2.354578801127831412e+03 2.275340000000000000e+19 1.324763149023056030e-01 1.619439385831356049e-02
1.873325008933229128e+03 3.447167951990333677e+03 2.352514595530948100e+03 2.275540000000000000e+19 -5.285395681858062744e-02 1.768471486866474152e-02
1.869739561983081103e+03 3.450401407345770167e+03 2.350626153496780717e+03 2.275740000000000000e+19 3.291080147027969360e-02 -5.860789865255355835e-02
1.896607876683867971e+03 3.425851770016084174e+03 2.364964399835330823e+03 2.275940000000000000e+19 -1.156591847538948059e-01 -5.934769287705421448e-02
1.892749930958018695e+03 3.429422740142322709e+03 2.362878703777102601e+03 2.276140000000000000e+19 1.176488846540451050e-01 1.867276243865489960e-02
1.888882947590339882e+03 3.432986423749327969e+03 2.360797285911158724e+03 2.276340000000000000e+19 -1.844062842428684235e-02 -4.070597514510154724e-02
1.885006945154550067e+03 3.436542803720185475e+03 2.358720156234853675e+03 2.276540000000000000e+19 2.459099702537059784e-02 2.508195815607905388e-03
1.881121942119053983e+03 3.440091863109204951e+03 2.356647324645428398e+03 2.276740000000000000e+19 1.227034851908683777e-01 1.249356865882873535e-01
1.877227957198336753e+03 3.443633584820342094e+03 2.354578801127831412e+03 2.276940000000000000e+19 -5.502424016594886780e-02 6.447491701692342758e-03
1.873325008933229128e+03 3.447167951990333677e+03 2.352514595530948100e+03 2.277140000000000000e+19 6.892524659633636475e-02 -6.255302578210830688e-02
1.869739561983081103e+03 3.450401407345770167e+03 2.350626153496780717e+03 2.277340000000000000e+19 -8.256527036428451538e-02 -5.797783378511667252e-03
1.857623956911760160e+03 3.461231537250866040e+03 2.344301149758243355e+03 2.277540000000000000e+19 1.898331381380558014e-02 -8.880776911973953247e-02
1.853676473078882509e+03 3.464728878592512501e+03 2.342258681595852522e+03 2.277740000000000000e+19 6.568235903978347778e-02 2.313565835356712341e-02
1.849720138681398566e+03 3.468218764375383671e+03 2.340220590350634666e+03 2.277940000000000000e+19 -1.330153495073318481e-01 3.525078296661376953e-02
1.845754972556832172e+03 3.471701177982879017e+03 2.338186885726658147e+03 2.278140000000000000e+19 8.377415686845779419e-02 -2.991946414113044739e-02
1.841780993791932588e+03 3.475176102652063491e+03 2.336157577513341948e+03 2.278340000000000000e+19 5.265710130333900452e-02 -5.656432732939720154e-02
1.837798221294406630e+03 3.478643521849694025e+03 2.334132675365862724e+03 2.278540000000000000e+19 1.799032464623451233e-02 -3.698455169796943665e-02
1.833806674235745504e+03 3.482103418884999883e+03 2.332112189031276557e+03 2.278740000000000000e+19 -1.311226468533277512e-02 -3.036167472600936890e-02
1.830140175331355977e+03 3.485268465289940195e+03 2.330263907469515743e+03 2.278940000000000000e+19 -1.683410443365573883e-02 -3.123936243355274200e-02
1.857623956911760160e+03 3.461231537250866040e+03 2.344301149758243355e+03 2.279140000000000000e+19 -3.680031280964612961e-03 -1.802736520767211914e-01
1.853676473078882509e+03 3.464728878592512501e+03 2.342258681595852522e+03 2.279340000000000000e+19 -6.896607577800750732e-02 8.211783133447170258e-03
1.849720138681398566e+03 3.468218764375383671e+03 2.340220590350634666e+03 2.279540000000000000e+19 5.940382555127143860e-02 -4.385689739137887955e-03
1.845754972556832172e+03 3.471701177982879017e+03 2.338186885726658147e+03 2.279740000000000000e+19 -7.358958572149276733e-02 7.954172790050506592e-03
1.841780993791932588e+03 3.475176102652063491e+03 2.336157577513341948e+03 2.279940000000000000e+19 5.712812766432762146e-02 3.838858380913734436e-02
1.837798221294406630e+03 3.478643521849694025e+03 2.334132675365862724e+03 2.280140000000000000e+19 8.934186398983001709e-02 -1.518278270959854126e-01
1.833806674235745504e+03 3.482103418884999883e+03 2.332112189031276557e+03 2.280340000000000000e+19 5.205071065574884415e-03 -8.675010502338409424e-02
1.830140175331355977e+03 3.485268465289940195e+03 2.330263907469515743e+03 2.280540000000000000e+19 -5.184518173336982727e-02 4.770762473344802856e-02
1.818424801310252860e+03 3.495296375766858091e+03 2.324408072615720812e+03 2.280740000000000000e+19 -5.473849177360534668e-02 -9.849919378757476807e-02
1.814391113608589194e+03 3.498719683180636821e+03 2.322409065150434799e+03 2.280940000000000000e+19 5.167915672063827515e-02 9.008131176233291626e-02
1.810348763296507286e+03 3.502135372413030836e+03 2.320414529568940452e+03 2.281140000000000000e+19 -2.444795891642570496e-02 -3.350241482257843018e-02
1.806297769790146276e+03 3.505543427058067209e+03 2.318424475451224680e+03 2.281340000000000000e+19 2.134349895641207695e-03 6.811943650245666504e-02
1.802238152363722747e+03 3.508943830900731427e+03 2.316438912265654380e+03 2.281540000000000000e+19 1.864250050857663155e-03 -3.640266135334968567e-02
1.798169930544398539e+03 3.512336567584605746e+03 2.314457849563049422e+03 2.281740000000000000e+19 -7.001993805170059204e-02 1.484837383031845093e-01
1.794093123745103640e+03 3.515721620920353871e+03 2.312481296796561764e+03 2.281940000000000000e+19 -5.828562006354331970e-02 -1.392966359853744507e-01
1.790348634706887424e+03 3.518817921214275430e+03 2.310673369064959843e+03 2.282140000000000000e+19 -4.537025094032287598e-02 1.017021685838699341e-01
1.818424801310252860e+03 3.495296375766858091e+03 2.324408072615720812e+03 2.282340000000000000e+19 -9.569666534662246704e-02 1.155836656689643860e-01
1.814391113608589194e+03 3.498719683180636821e+03 2.322409065150434799e+03 2.282540000000000000e+19 1.373722106218338013e-01 8.161514252424240112e-02
1.810348763296507286e+03 3.502135372413030836e+03 2.320414529568940452e+03 2.282740000000000000e+19 8.691342175006866455e-02 -4.694165661931037903e-02
1.806297769790146276e+03 3.505543427058067209e+03 2.318424475451224680e+03 2.282940000000000000e+19 3.243197128176689148e-02 7.052808254957199097e-02
1.802238152363722747e+03 3.508943830900731427e+03 2.316438912265654380e+03 2.283140000000000000e+19 -1.621254719793796539e-02 3.189408034086227417e-02
1.798169930544398539e+03 3.512336567584605746e+03 2.314457849563049422e+03 2.283340000000000000e+19 2.912987209856510162e-02 5.023285374045372009e-02
1.794093123745103640e+03 3.515721620920353871e+03 2.312481296796561764e+03 2.283540000000000000e+19 1.012895330786705017e-01 1.329583823680877686e-01
1.790348634706887424e+03 3.518817921214275430e+03 2.310673369064959843e+03 2.283740000000000000e+19 2.039636820554733276e-01 -2.836012467741966248e-02
1.777700437700310204e+03 3.529184677229035515e+03 2.304620374014356457e+03 2.283940000000000000e+19 -1.462161261588335037e-02 -5.921500921249389648e-02
1.773580999591466934e+03 3.532531071468575647e+03 2.302666512438851441e+03 2.284140000000000000e+19 -1.811423338949680328e-02 -9.719215333461761475e-02
1.769453094121293589e+03 3.535869685760864741e+03 2.300717217202491611e+03 2.284340000000000000e+19 -2.070724591612815857e-02 -7.345204800367355347e-02
1.765316741174266099e+03 3.539200504023524900e+03 2.298772497695182210e+03 2.284540000000000000e+19 8.795470930635929108e-03 1.079951524734497070e-01
1.761171960445044760e+03 3.542523510397342761e+03 2.296832363176407853e+03 2.284740000000000000e+19 8.290030993521213531e-03 7.570851594209671021e-02
1.757018771798205080e+03 3.545838688956012447e+03 2.294896822944720498e+03 2.284940000000000000e+19 8.336381614208221436e-02 6.154246628284454346e-02
1.752857195167742702e+03 3.549146023787829563e+03 2.292965886290023718e+03 2.285140000000000000e+19 -6.624658126384019852e-03 1.303347051143646240e-01
1.749035171249670611e+03 3.552170943651792186e+03 2.291199854174417396e+03 2.285340000000000000e+19 -7.838975638151168823e-02 1.304921209812164307e-01
1.777700437700310204e+03 3.529184677229035515e+03 2.304620374014356457e+03 2.285540000000000000e+19 1.054426729679107666e-01 5.164714157581329346e-02
1.773580999591466934e+03 3.532531071468575647e+03 2.302666512438851441e+03 2.285740000000000000e+19 3.985714167356491089e-02 -1.069532409310340881e-01
1.769453094121293589e+03 3.535869685760864741e+03 2.300717217202491611e+03 2.285940000000000000e+19 -6.367834657430648804e-02 5.562599003314971924e-02
1.765316741174266099e+03 3.539200504023524900e+03 2.298772497695182210e+03 2.286140000000000000e+19 9.040831029415130615e-02 -8.285523205995559692e-02
1.761171960445044760e+03 3.542523510397342761e+03 2.296832363176407853e+03 2.286340000000000000e+19 -7.533503323793411255e-02 -8.995184302330017090e-02
1.757018771798205080e+03 3.545838688956012447e+03 2.294896822944720498e+03 2.286540000000000000e+19 -1.371148824691772461e-01 1.365869045257568359e-01
1.752857195167742702e+03 3.549146023787829563e+03 2.292965886290023718e+03 2.286740000000000000e+19 1.522672325372695923e-01 9.371975064277648926e-02
1.749035171249670611e+03 3.552170943651792186e+03 2.291199854174417396e+03 2.286940000000000000e+19 1.050379965454339981e-02 1.138093098998069763e-01
1.736127407257662526e+03 3.562296610232350304e+03 2.285288359705659786e+03 2.287140000000000000e+19 -1.500733289867639542e-02 -5.657809600234031677e-02
1.731924190006214303e+03 3.565564489959303955e+03 2.283380578993132985e+03 2.287340000000000000e+19 2.720933780074119568e-02 -7.706777006387710571e-02
1.727712704867914908e+03 3.568824431557534808e+03 2.281477456970863386e+03 2.287540000000000000e+19 -3.795540332794189453e-02 -2.698688954114913940e-02
1.723492971895210985e+03 3.572076419505351168e+03 2.279579002700249021e+03 2.287740000000000000e+19 -7.056254148483276367e-02 -2.527167089283466339e-02
1.719265011400191952e+03 3.575320438148965422e+03 2.277685225319687561e+03 2.287940000000000000e+19 4.176218807697296143e-02 -1.187700033187866211e-01
1.715028843499103459e+03 3.578556472053686321e+03 2.275796133839529375e+03 2.288140000000000000e+19 3.524418175220489502e-02 -8.234276319853961468e-04
1.710784488583103212e+03 3.581784505642666772e+03 2.273911737353043918e+03 2.288340000000000000e+19 1.350716203451156616e-01 3.153760731220245361e-02
1.706886758822402726e+03 3.584736597496191280e+03 2.272188445989818774e+03 2.288540000000000000e+19 -2.145062573254108429e-02 6.256920099258422852e-02
1.736127407257662526e+03 3.562296610232350304e+03 2.285288359705659786e+03 2.288740000000000000e+19 4.764110967516899109e-02 -1.256981026381254196e-02
1.731924190006214303e+03 3.565564489959303955e+03 2.283380578993132985e+03 2.288940000000000000e+19 -9.800751507282257080e-02 -7.004893850535154343e-03
1.727712704867914908e+03 3.568824431557534808e+03 2.281477456970863386e+03 2.289140000000000000e+19 -1.109059005975723267e-01 -9.696754626929759979e-03
1.723492971895210985e+03 3.572076419505351168e+03 2.279579002700249021e+03 2.289340000000000000e+19 2.160858549177646637e-02 -4.094550013542175293e-02
1.719265011400191952e+03 3.575320438148965422e+03 2.277685225319687561e+03 2.289540000000000000e+19 -1.371340602636337280e-01 7.464153319597244263e-02
1.715028843499103459e+03 3.578556472053686321e+03 2.275796133839529375e+03 2.289740000000000000e+19 2.386077120900154114e-02 4.380042664706707001e-03
1.710784488583103212e+03 3.581784505642666772e+03 2.273911737353043918e+03 2.289940000000000000e+19 -1.276137540116906166e-03 -4.010808840394020081e-02
1.706886758822402726e+03 3.584736597496191280e+03 2.272188445989818774e+03 2.290140000000000000e+19 -1.974775083363056183e-02 -1.161977946758270264e-01
1.693725604878630747e+03 3.594616328998202334e+03 2.266421281048233141e+03 2.290340000000000000e+19 9.319383651018142700e-03 3.038471750915050507e-02
1.689440620028819694e+03 3.597804130296707626e+03 2.264560494207822558e+03 2.290540000000000000e+19 1.474721077829599380e-02 2.273842878639698029e-02
1.685147570593596583e+03 3.600983839188248112e+03 2.262704456118383860e+03 2.290740000000000000e+19 -7.727417349815368652e-02 -1.460653096437454224e-01
1.680846477043510959e+03 3.604155440510849076e+03 2.260853175630150417e+03 2.290940000000000000e+19 1.254331916570663452e-01 -5.548565648496150970e-03
1.676537359992304800e+03 3.607318919063838166e+03 2.259006661615820121e+03 2.291140000000000000e+19 -4.779156669974327087e-02 -1.275936514139175415e-01
1.672220240137427936e+03 3.610474259652654382e+03 2.257164922944404225e+03 2.291340000000000000e+19 4.478256404399871826e-02 4.893423989415168762e-02
1.667895138019277738e+03 3.613621447264672042e+03 2.255327968378599962e+03 2.291540000000000000e+19 -6.368575152009725571e-03 1.148131210356950760e-02
1.663923568370682915e+03 3.616499297881048733e+03 2.253648242741248851e+03 2.291740000000000000e+19 7.826431840658187866e-02 -9.599781781435012817e-02
1.693725604878630747e+03 3.594616328998202334e+03 2.266421281048233141e+03 2.291940000000000000e+19 1.204980984330177307e-01 1.458418965339660645e-01
1.689440620028819694e+03 3.597804130296707626e+03 2.264560494207822558e+03 2.292140000000000000e+19 -1.344512449577450752e-03 4.527115821838378906e-02
1.685147570593596583e+03 3.600983839188248112e+03 2.262704456118383860e+03 2.292340000000000000e+19 5.134341306984424591e-03 8.065492659807205200e-02
1.680846477043510959e+03 3.604155440510849076e+03 2.260853175630150417e+03 2.292540000000000000e+19 2.706533297896385193e-02 2.165864780545234680e-02
1.676537359992304800e+03 3.607318919063838166e+03 2.259006661615820121e+03 2.292740000000000000e+19 3.108345903456211090e-02 -1.878914386034011841e-01
1.672220240137427936e+03 3.610474259652654382e+03 2.257164922944404225e+03 2.292940000000000000e+19 -7.443155348300933838e-02 4.775239154696464539e-02
1.667895138019277738e+03 3.613621447264672042e+03 2.255327968378599962e+03 2.293140000000000000e+19 -5.649399012327194214e-02 -3.507164120674133301e-02
1.663923568370682915e+03 3.616499297881048733e+03 2.253648242741248851e+03 2.293340000000000000e+19 1.320421695709228516e-01 -7.699632644653320312e-02
