# Baseline: 13-22
# Entries: 128
# u [m], v [m], w [m], frequency [GHz], real, imag, std(real), std(imag)
-4.377965314156032946e+03 1.464372776637389507e+03 -4.206642595924790839e+03 2.267940000000000111e+01 -3.628780250437557697e-04 -3.747976617887616158e-03 1.578170992434024811e-02 1.581632718443870544e-02
-4.385369093119202262e+03 1.456111338055375427e+03 -4.201795751706737974e+03 2.268140000000000001e+01 -1.533869770355522633e-03 2.068011555820703506e-03 1.578170992434024811e-02 1.581632718443870544e-02
-4.392751900620197375e+03 1.447835929972179656e+03 -4.196940756103043896e+03 2.268340000000000245e+01 1.743916072882711887e-03 -1.946439035236835480e-03 1.578170992434024811e-02 1.581632718443870544e-02
-4.400113701378451879e+03 1.439546591934211392e+03 -4.192077632314702896e+03 2.268540000000000134e+01 2.246991964057087898e-03 4.699287936091423035e-03 1.578170992434024811e-02 1.581632718443870544e-02
-4.407454460161918178e+03 1.431243363611800532e+03 -4.187206403615208728e+03 2.268740000000000023e+01 -4.878649022430181503e-03 -3.506657667458057404e-03 1.578170992434024811e-02 1.581632718443870544e-02
-4.414774141839736330e+03 1.422926284742075950e+03 -4.182327093317026993e+03 2.268940000000000268e+01 1.299532013945281506e-03 3.117731306701898575e-03 1.578170992434024811e-02 1.581632718443870544e-02
-4.422072711229241577e+03 1.414595395302443649e+03 -4.177439724873373962e+03 2.269140000000000157e+01 -1.371225225739181042e-03 -7.450154982507228851e-03 1.578170992434024811e-02 1.581632718443870544e-02
-4.428744759986430836e+03 1.406946823086308314e+03 -4.172952680116666670e+03 2.269340000000000046e+01 -4.489562474191188812e-03 2.318703569471836090e-03 1.578170992434024811e-02 1.581632718443870544e-02
-4.377965314156032946e+03 1.464372776637389507e+03 -4.206642595924790839e+03 2.269540000000000290e+01 -5.403452087193727493e-03 -8.080830797553062439e-03 1.578170992434024811e-02 1.581632718443870544e-02
-4.385369093119202262e+03 1.456111338055375427e+03 -4.201795751706737974e+03 2.269740000000000180e+01 -6.906064227223396301e-03 1.393822673708200455e-02 1.578170992434024811e-02 1.581632718443870544e-02
-4.392751900620197375e+03 1.447835929972179656e+03 -4.196940756103043896e+03 2.269940000000000069e+01 5.859226454049348831e-03 6.865058559924364090e-03 1.578170992434024811e-02 1.581632718443870544e-02
-4.400113701378451879e+03 1.439546591934211392e+03 -4.192077632314702896e+03 2.270140000000000313e+01 -8.538301917724311352e-04 5.781897925771772861e-05 1.578170992434024811e-02 1.581632718443870544e-02
-4.407454460161918178e+03 1.431243363611800532e+03 -4.187206403615208728e+03 2.270340000000000202e+01 -1.434124354273080826e-02 6.262031383812427521e-03 1.578170992434024811e-02 1.581632718443870544e-02
-4.414774141839736330e+03 1.422926284742075950e+03 -4.182327093317026993e+03 2.270540000000000092e+01 -3.291751025244593620e-03 2.786667784675955772e-03 1.578170992434024811e-02 1.581632718443870544e-02
-4.422072711229241577e+03 1.414595395302443649e+03 -4.177439724873373962e+03 2.270739999999999981e+01 3.334945999085903168e-03 2.534092171117663383e-03 1.578170992434024811e-02 1.581632718443870544e-02
-4.428744759986430836e+03 1.406946823086308314e+03 -4.172952680116666670e+03 2.270940000000000225e+01 -1.413804129697382450e-03 -6.085689179599285126e-03 1.578170992434024811e-02 1.581632718443870544e-02
-4.451055170422768242e+03 1.381134528425021927e+03 -4.157810136959852571e+03 2.271140000000000114e+01 1.326244510710239410e-02 1.405559759587049484e-02 1.578170992434024811e-02 1.581632718443870544e-02
-4.458247657225737385e+03 1.372735184623232271e+03 -4.152882828891165445e+03 2.271340000000000003e+01 7.921179640106856823e-04 -1.774208853021264076e-03 1.578170992434024811e-02 1.581632718443870544e-02
-4.465418823740211337e+03 1.364322270396091881e+03 -4.147947603556222020e+03 2.271540000000000248e+01 9.913496673107147217e-03 -3.323866520076990128e-03 1.578170992434024811e-02 1.581632718443870544e-02
-4.472568635747034023e+03 1.355895825888561831e+03 -4.143004484505067921e+03 2.271740000000000137e+01 -1.658384129405021667e-02 -7.553621660917997360e-03 1.578170992434024811e-02 1.581632718443870544e-02
-4.479697059004255607e+03 1.347455891456784229e+03 -4.138053495411425502e+03 2.271940000000000026e+01 1.237903255969285965e-02 -9.504514746367931366e-03 1.578170992434024811e-02 1.581632718443870544e-02
-4.486804059397075434e+03 1.339002507492041559e+03 -4.133094659969420718e+03 2.272140000000000271e+01 -2.822151640430092812e-03 -1.477148570120334625e-02 1.578170992434024811e-02 1.581632718443870544e-02
-4.493889602888822083e+03 1.330535714479653734e+03 -4.128128001928136655e+03 2.272340000000000160e+01 4.924339242279529572e-03 1.417791703715920448e-03 1.578170992434024811e-02 1.581632718443870544e-02
-4.500366080249122206e+03 1.322762912317450628e+03 -4.123568479379799101e+03 2.272540000000000049e+01 3.908402286469936371e-03 2.604388166218996048e-03 1.578170992434024811e-02 1.581632718443870544e-02
-4.451055170422768242e+03 1.381134528425021927e+03 -4.157810136959852571e+03 2.272740000000000293e+01 3.334659151732921600e-03 -4.868445917963981628e-03 1.578170992434024811e-02 1.581632718443870544e-02
-4.458247657225737385e+03 1.372735184623232271e+03 -4.152882828891165445e+03 2.272940000000000182e+01 5.398974171839654446e-04 -9.189598262310028076e-03 1.578170992434024811e-02 1.581632718443870544e-02
-4.465418823740211337e+03 1.364322270396091881e+03 -4.147947603556222020e+03 2.273140000000000072e+01 1.208629831671714783e-02 1.873274217359721661e-03 1.578170992434024811e-02 1.581632718443870544e-02
-4.472568635747034023e+03 1.355895825888561831e+03 -4.143004484505067921e+03 2.273340000000000316e+01 -8.027382194995880127e-03 4.831937549170106649e-04 1.578170992434024811e-02 1.581632718443870544e-02
-4.479697059004255607e+03 1.347455891456784229e+03 -4.138053495411425502e+03 2.273540000000000205e+01 7.547058165073394775e-03 -1.267292653210461140e-03 1.578170992434024811e-02 1.581632718443870544e-02
-4.486804059397075434e+03 1.339002507492041559e+03 -4.133094659969420718e+03 2.273740000000000094e+01 3.796749189496040344e-02 2.043699286878108978e-02 1.578170992434024811e-02 1.581632718443870544e-02
-4.493889602888822083e+03 1.330535714479653734e+03 -4.128128001928136655e+03 2.273939999999999984e+01 -9.902664460241794586e-03 8.166439831256866455e-03 1.578170992434024811e-02 1.581632718443870544e-02
-4.500366080249122206e+03 1.322762912317450628e+03 -4.123568479379799101e+03 2.274140000000000228e+01 -2.311114221811294556e-02 1.652937033213675022e-03 1.578170992434024811e-02 1.581632718443870544e-02
-4.522016531591622879e+03 1.296535262836621541e+03 -4.108183619434849788e+03 2.274340000000000117e+01 -1.268499810248613358e-02 -2.001415751874446869e-02 1.578170992434024811e-02 1.581632718443870544e-02
-4.528994284093934766e+03 1.288002033543048356e+03 -4.103178205610070108e+03 2.274540000000000006e+01 -8.535323664546012878e-03 -5.593497189693152905e-04 1.578170992434024811e-02 1.581632718443870544e-02
-4.535950377881687018e+03 1.279455639158201393e+03 -4.098165112288855198e+03 2.274740000000000251e+01 -9.003197774291038513e-04 -2.590191550552845001e-03 1.578170992434024811e-02 1.581632718443870544e-02
-4.542884779543732293e+03 1.270896120731730889e+03 -4.093144363549869468e+03 2.274940000000000140e+01 1.789533533155918121e-02 -4.759791772812604904e-03 1.578170992434024811e-02 1.581632718443870544e-02
-4.549797456038471864e+03 1.262323519048193930e+03 -4.088115983316086840e+03 2.275140000000000029e+01 4.039871040731668472e-03 -1.990837045013904572e-02 1.578170992434024811e-02 1.581632718443870544e-02
-4.556688374067212862e+03 1.253737875402673808e+03 -4.083079995809730008e+03 2.275340000000000273e+01 1.696043275296688080e-02 -1.560460496693849564e-02 1.578170992434024811e-02 1.581632718443870544e-02
-4.563557500820280438e+03 1.245139230674755709e+03 -4.078036425009098821e+03 2.275540000000000163e+01 -1.889625377953052521e-02 4.254083149135112762e-03 1.578170992434024811e-02 1.581632718443870544e-02
-4.569835307361420746e+03 1.237245918385679715e+03 -4.073406606714429472e+03 2.275740000000000052e+01 9.181762114167213440e-03 9.852967923507094383e-04 1.578170992434024811e-02 1.581632718443870544e-02
-4.522016531591622879e+03 1.296535262836621541e+03 -4.108183619434849788e+03 2.275940000000000296e+01 -1.834567263722419739e-02 2.240854129195213318e-02 1.578170992434024811e-02 1.581632718443870544e-02
-4.528994284093934766e+03 1.288002033543048356e+03 -4.103178205610070108e+03 2.276140000000000185e+01 -1.214665174484252930e-02 2.562791341915726662e-03 1.578170992434024811e-02 1.581632718443870544e-02
-4.535950377881687018e+03 1.279455639158201393e+03 -4.098165112288855198e+03 2.276340000000000074e+01 2.314559184014797211e-02 3.463718749117106199e-04 1.578170992434024811e-02 1.581632718443870544e-02
-4.542884779543732293e+03 1.270896120731730889e+03 -4.093144363549869468e+03 2.276540000000000319e+01 -1.058538164943456650e-02 2.644140459597110748e-02 1.578170992434024811e-02 1.581632718443870544e-02
-4.549797456038471864e+03 1.262323519048193930e+03 -4.088115983316086840e+03 2.276740000000000208e+01 3.111226484179496765e-03 -2.271662652492523193e-02 1.578170992434024811e-02 1.581632718443870544e-02
-4.556688374067212862e+03 1.253737875402673808e+03 -4.083079995809730008e+03 2.276940000000000097e+01 9.800136322155594826e-04 -7.177333347499370575e-03 1.578170992434024811e-02 1.581632718443870544e-02
-4.563557500820280438e+03 1.245139230674755709e+03 -4.078036425009098821e+03 2.277139999999999986e+01 -5.561964586377143860e-03 2.731874771416187286e-02 1.578170992434024811e-02 1.581632718443870544e-02
-4.569835307361420746e+03 1.237245918385679715e+03 -4.073406606714429472e+03 2.277340000000000231e+01 3.133001178503036499e-02 -1.450845319777727127e-02 1.578170992434024811e-02 1.581632718443870544e-02
-4.590815438687825917e+03 1.210615465483992921e+03 -4.057786792501196032e+03 2.277540000000000120e+01 -1.281338743865489960e-02 -3.426151722669601440e-02 1.578170992434024811e-02 1.581632718443870544e-02
-4.597575117830553609e+03 1.201952434113661639e+03 -4.052705668167129716e+03 2.277740000000000009e+01 -6.959062535315752029e-03 1.620123721659183502e-02 1.578170992434024811e-02 1.581632718443870544e-02
-4.604312809906320581e+03 1.193276649643083829e+03 -4.047617105990748769e+03 2.277940000000000254e+01 -6.349244620651006699e-03 1.678249612450599670e-02 1.578170992434024811e-02 1.581632718443870544e-02
-4.611028482834592978e+03 1.184588153380774656e+03 -4.042521130200528660e+03 2.278140000000000143e+01 9.916210547089576721e-03 -8.697737939655780792e-03 1.578170992434024811e-02 1.581632718443870544e-02
-4.617722104288882292e+03 1.175886987149724519e+03 -4.037417765326494191e+03 2.278340000000000032e+01 2.657613484188914299e-03 6.653716322034597397e-03 1.578170992434024811e-02 1.581632718443870544e-02
-4.624393642421830009e+03 1.167173192349014698e+03 -4.032307035649836052e+03 2.278540000000000276e+01 -2.082583960145711899e-03 1.350631751120090485e-02 1.578170992434024811e-02 1.581632718443870544e-02
-4.631043065119370112e+03 1.158446810923397379e+03 -4.027188965771591484e+03 2.278740000000000165e+01 1.027121907100081444e-03 -4.538227804005146027e-03 1.578170992434024811e-02 1.581632718443870544e-02
-4.637119196819722674e+03 1.150436765581166355e+03 -4.022491067172103612e+03 2.278940000000000055e+01 -2.436131611466407776e-02 -1.330359932035207748e-02 1.578170992434024811e-02 1.581632718443870544e-02
-4.590815438687825917e+03 1.210615465483992921e+03 -4.057786792501196032e+03 2.279140000000000299e+01 3.226217813789844513e-03 -6.914772093296051025e-04 1.578170992434024811e-02 1.581632718443870544e-02
-4.597575117830553609e+03 1.201952434113661639e+03 -4.052705668167129716e+03 2.279340000000000188e+01 2.592709101736545563e-02 1.539295073598623276e-03 1.578170992434024811e-02 1.581632718443870544e-02
-4.604312809906320581e+03 1.193276649643083829e+03 -4.047617105990748769e+03 2.279540000000000077e+01 3.009075298905372620e-03 2.550768665969371796e-02 1.578170992434024811e-02 1.581632718443870544e-02
-4.611028482834592978e+03 1.184588153380774656e+03 -4.042521130200528660e+03 2.279739999999999966e+01 -1.033423840999603271e-02 -3.629320487380027771e-02 1.578170992434024811e-02 1.581632718443870544e-02
-4.617722104288882292e+03 1.175886987149724519e+03 -4.037417765326494191e+03 2.279940000000000211e+01 2.375500276684761047e-02 3.568388056010007858e-03 1.578170992434024811e-02 1.581632718443870544e-02
-4.624393642421830009e+03 1.167173192349014698e+03 -4.032307035649836052e+03 2.280140000000000100e+01 1.634111627936363220e-02 4.482520744204521179e-02 1.578170992434024811e-02 1.581632718443870544e-02
-4.631043065119370112e+03 1.158446810923397379e+03 -4.027188965771591484e+03 2.280339999999999989e+01 -7.951662875711917877e-03 3.593803383409976959e-03 1.578170992434024811e-02 1.581632718443870544e-02
-4.637119196819722674e+03 1.150436765581166355e+03 -4.022491067172103612e+03 2.280540000000000234e+01 4.665535409003496170e-03 -3.582597943022847176e-03 1.578170992434024811e-02 1.581632718443870544e-02
-4.656327073001731151e+03 1.124879832740614802e+03 -4.007502139972647910e+03 2.280740000000000123e+01 2.244528150185942650e-03 -6.073315162211656570e-03 1.578170992434024811e-02 1.581632718443870544e-02
-4.662869158250842702e+03 1.116093205092849757e+03 -4.002348937978749746e+03 2.280940000000000012e+01 -5.125070922076702118e-03 4.155362024903297424e-03 1.578170992434024811e-02 1.581632718443870544e-02
-4.669388944046612778e+03 1.107294235123579938e+03 -3.997188539065753048e+03 2.281140000000000256e+01 4.403928760439157486e-03 -6.840236950665712357e-03 1.578170992434024811e-02 1.581632718443870544e-02
-4.675886399073839129e+03 1.098482965095766076e+03 -3.992020968019944121e+03 2.281340000000000146e+01 -4.693785216659307480e-03 6.720759905874729156e-03 1.578170992434024811e-02 1.581632718443870544e-02
-4.682361492418719536e+03 1.089659436932466406e+03 -3.986846249428068404e+03 2.281540000000000035e+01 3.999211825430393219e-03 -4.562510643154382706e-03 1.578170992434024811e-02 1.581632718443870544e-02
-4.688814192935121355e+03 1.080823693075787332e+03 -3.981664408181080944e+03 2.281740000000000279e+01 -2.801148919388651848e-03 2.585275564342737198e-03 1.578170992434024811e-02 1.581632718443870544e-02
-4.695244469832454342e+03 1.071975775688418025e+03 -3.976475469005866671e+03 2.281940000000000168e+01 -3.058029571548104286e-03 -2.269435208290815353e-03 1.578170992434024811e-02 1.581632718443870544e-02
-4.701119451680342536e+03 1.063854680849188071e+03 -3.971712817118427665e+03 2.282140000000000057e+01 -1.731217955239117146e-03 -8.273848798125982285e-04 1.578170992434024811e-02 1.581632718443870544e-02
-4.656327073001731151e+03 1.124879832740614802e+03 -4.007502139972647910e+03 2.282340000000000302e+01 1.306760963052511215e-02 -6.295361556112766266e-03 1.578170992434024811e-02 1.581632718443870544e-02
-4.662869158250842702e+03 1.116093205092849757e+03 -4.002348937978749746e+03 2.282540000000000191e+01 -9.193900041282176971e-03 -2.543375594541430473e-03 1.578170992434024811e-02 1.581632718443870544e-02
-4.669388944046612778e+03 1.107294235123579938e+03 -3.997188539065753048e+03 2.282740000000000080e+01 6.069992203265428543e-03 -1.139162667095661163e-02 1.578170992434024811e-02 1.581632718443870544e-02
-4.675886399073839129e+03 1.098482965095766076e+03 -3.992020968019944121e+03 2.282939999999999969e+01 4.755096451845020056e-04 -1.385720446705818176e-02 1.578170992434024811e-02 1.581632718443870544e-02
-4.682361492418719536e+03 1.089659436932466406e+03 -3.986846249428068404e+03 2.283140000000000214e+01 8.949258364737033844e-03 -2.680913545191287994e-03 1.578170992434024811e-02 1.581632718443870544e-02
-4.688814192935121355e+03 1.080823693075787332e+03 -3.981664408181080944e+03 2.283340000000000103e+01 -8.680031169205904007e-04 1.123649347573518753e-02 1.578170992434024811e-02 1.581632718443870544e-02
-4.695244469832454342e+03 1.071975775688418025e+03 -3.976475469005866671e+03 2.283539999999999992e+01 1.074224244803190231e-02 -1.510686054825782776e-02 1.578170992434024811e-02 1.581632718443870544e-02
-4.701119451680342536e+03 1.063854680849188071e+03 -3.971712817118427665e+03 2.283740000000000236e+01 7.533986587077379227e-03 7.836936041712760925e-03 1.578170992434024811e-02 1.581632718443870544e-02
-4.720740727168983540e+03 1.036463218854525167e+03 -3.955649230350194102e+03 2.283940000000000126e+01 1.290620956569910049e-02 1.060401275753974915e-02 1.578170992434024811e-02 1.581632718443870544e-02
-4.727058426340284313e+03 1.027555070376059575e+03 -3.950425174847607650e+03 2.284140000000000015e+01 -1.894973032176494598e-02 -1.217804662883281708e-02 1.578170992434024811e-02 1.581632718443870544e-02
-4.733353518953443199e+03 1.018635003172271354e+03 -3.945194170846736142e+03 2.284340000000000259e+01 -3.131499979645013809e-03 3.090631682425737381e-03 1.578170992434024811e-02 1.581632718443870544e-02
-4.739625974684515313e+03 1.009703060211886964e+03 -3.939956243545773305e+03 2.284540000000000148e+01 5.211339797824621201e-03 9.897754527628421783e-03 1.578170992434024811e-02 1.581632718443870544e-02
-4.745875763668155741e+03 1.000759284023093755e+03 -3.934711417884381717e+03 2.284740000000000038e+01 2.238369779661297798e-04 4.332563374191522598e-03 1.578170992434024811e-02 1.581632718443870544e-02
-4.752102855950643971e+03 9.918037174705758616e+02 -3.929459718999356028e+03 2.284940000000000282e+01 -1.756179728545248508e-03 9.361439384520053864e-03 1.578170992434024811e-02 1.581632718443870544e-02
-4.758307221644196943e+03 9.828364035381829353e+02 -3.924201172097177277e+03 2.285140000000000171e+01 1.038364693522453308e-02 2.413608878850936890e-02 1.578170992434024811e-02 1.581632718443870544e-02
-4.763974856957466727e+03 9.746062310909273947e+02 -3.919374929652612082e+03 2.285340000000000060e+01 2.993338508531451225e-03 9.168687276542186737e-03 1.578170992434024811e-02 1.581632718443870544e-02
-4.720740727168983540e+03 1.036463218854525167e+03 -3.955649230350194102e+03 2.285540000000000305e+01 1.074399240314960480e-02 -9.329187683761119843e-03 1.578170992434024811e-02 1.581632718443870544e-02
-4.727058426340284313e+03 1.027555070376059575e+03 -3.950425174847607650e+03 2.285740000000000194e+01 2.102328231558203697e-03 -5.077244713902473450e-03 1.578170992434024811e-02 1.581632718443870544e-02
-4.733353518953443199e+03 1.018635003172271354e+03 -3.945194170846736142e+03 2.285940000000000083e+01 1.311334036290645599e-02 -9.406888857483863831e-03 1.578170992434024811e-02 1.581632718443870544e-02
-4.739625974684515313e+03 1.009703060211886964e+03 -3.939956243545773305e+03 2.286139999999999972e+01 -5.819119978696107864e-03 1.343061868101358414e-02 1.578170992434024811e-02 1.581632718443870544e-02
-4.745875763668155741e+03 1.000759284023093755e+03 -3.934711417884381717e+03 2.286340000000000217e+01 1.351007726043462753e-02 -8.516788482666015625e-03 1.578170992434024811e-02 1.581632718443870544e-02
-4.752102855950643971e+03 9.918037174705758616e+02 -3.929459718999356028e+03 2.286540000000000106e+01 -1.251454371958971024e-02 1.027716696262359619e-02 1.578170992434024811e-02 1.581632718443870544e-02
-4.758307221644196943e+03 9.828364035381829353e+02 -3.924201172097177277e+03 2.286739999999999995e+01 2.288721036165952682e-03 -3.208622708916664124e-02 1.578170992434024811e-02 1.581632718443870544e-02
-4.763974856957466727e+03 9.746062310909273947e+02 -3.919374929652612082e+03 2.286940000000000239e+01 1.096935360692441463e-03 1.363073475658893585e-02 1.578170992434024811e-02 1.581632718443870544e-02
-4.782896827032946931e+03 9.468505321251495843e+02 -3.903099007523838281e+03 2.287140000000000128e+01 1.610070466995239258e-02 -1.737574860453605652e-02 1.578170992434024811e-02 1.581632718443870544e-02
-4.788987116945011621e+03 9.378251256089992012e+02 -3.897806598366956678e+03 2.287340000000000018e+01 6.642137654125690460e-03 3.094753948971629143e-03 1.578170992434024811e-02 1.581632718443870544e-02
-4.795054503751789525e+03 9.287882300413308485e+02 -3.892507492677063510e+03 2.287540000000000262e+01 1.830721041187644005e-03 5.059469840489327908e-04 1.578170992434024811e-02 1.581632718443870544e-02
-4.801098958564485656e+03 9.197398884501189968e+02 -3.887201715685153886e+03 2.287740000000000151e+01 3.726406721398234367e-03 1.667637005448341370e-02 1.578170992434024811e-02 1.581632718443870544e-02
-4.807120452287478656e+03 9.106801443904428197e+02 -3.881889292931110958e+03 2.287940000000000040e+01 8.670953102409839630e-03 -4.475919995456933975e-03 1.578170992434024811e-02 1.581632718443870544e-02
-4.813118956271290699e+03 9.016090409676431818e+02 -3.876570249690816127e+03 2.288140000000000285e+01 4.529532510787248611e-03 -2.344095706939697266e-02 1.578170992434024811e-02 1.581632718443870544e-02
-4.819094441641752383e+03 8.925266218462862753e+02 -3.871244611568059099e+03 2.288340000000000174e+01 -3.940198570489883423e-03 5.269379820674657822e-03 1.578170992434024811e-02 1.581632718443870544e-02
-4.824552018167535607e+03 8.841913103563081222e+02 -3.866357088174906494e+03 2.288540000000000063e+01 1.192581560462713242e-02 -9.616364724934101105e-03 1.578170992434024811e-02 1.581632718443870544e-02
-4.782896827032946931e+03 9.468505321251495843e+02 -3.903099007523838281e+03 2.288740000000000308e+01 3.239081706851720810e-03 -1.519406214356422424e-04 1.578170992434024811e-02 1.581632718443870544e-02
-4.788987116945011621e+03 9.378251256089992012e+02 -3.897806598366956678e+03 2.288940000000000197e+01 -5.587223917245864868e-03 -1.364105846732854843e-02 1.578170992434024811e-02 1.581632718443870544e-02
-4.795054503751789525e+03 9.287882300413308485e+02 -3.892507492677063510e+03 2.289140000000000086e+01 -1.892093569040298462e-02 1.293433550745248795e-02 1.578170992434024811e-02 1.581632718443870544e-02
-4.801098958564485656e+03 9.197398884501189968e+02 -3.887201715685153886e+03 2.289339999999999975e+01 1.671306788921356201e-02 -1.769744232296943665e-02 1.578170992434024811e-02 1.581632718443870544e-02
-4.807120452287478656e+03 9.106801443904428197e+02 -3.881889292931110958e+03 2.289540000000000219e+01 2.257589437067508698e-02 1.217684912262484431e-04 1.578170992434024811e-02 1.581632718443870544e-02
-4.813118956271290699e+03 9.016090409676431818e+02 -3.876570249690816127e+03 2.289740000000000109e+01 1.499629300087690353e-02 4.196036607027053833e-02 1.578170992434024811e-02 1.581632718443870544e-02
-4.819094441641752383e+03 8.925266218462862753e+02 -3.871244611568059099e+03 2.289939999999999998e+01 9.437721222639083862e-03 -1.510449312627315521e-02 1.578170992434024811e-02 1.581632718443870544e-02
-4.824552018167535607e+03 8.841913103563081222e+02 -3.866357088174906494e+03 2.290140000000000242e+01 3.203247487545013428e-02 1.893074717372655869e-03 1.578170992434024811e-02 1.581632718443870544e-02
-4.842765627725207196e+03 8.560846569546062028e+02 -3.849876619556990136e+03 2.290340000000000131e+01 -1.221985928714275360e-02 7.515890756621956825e-04 1.578170992434024811e-02 1.581632718443870544e-02
-4.848625593739695432e+03 8.469463117117679758e+02 -3.844518389547774859e+03 2.290540000000000020e+01 -7.346194703131914139e-03 -1.731837727129459381e-02 1.578170992434024811e-02 1.581632718443870544e-02
-4.854462371258743588e+03 8.377969123093454300e+02 -3.839153718011274123e+03 2.290740000000000265e+01 1.245181076228618622e-02 -1.797088421881198883e-02 1.578170992434024811e-02 1.581632718443870544e-02
-4.860275932450464097e+03 8.286365023744965583e+02 -3.833782630527902711e+03 2.290940000000000154e+01 -1.541770435869693756e-02 -2.262195013463497162e-02 1.578170992434024811e-02 1.581632718443870544e-02
-4.866066249451859221e+03 8.194651258101861231e+02 -3.828405152839599850e+03 2.291140000000000043e+01 2.910134755074977875e-02 -1.989081688225269318e-02 1.578170992434024811e-02 1.581632718443870544e-02
-4.871833294451487745e+03 8.102828266680735396e+02 -3.823021310775299298e+03 2.291340000000000288e+01 1.658583804965019226e-02 -9.513135068118572235e-03 1.578170992434024811e-02 1.581632718443870544e-02
-4.877577040010753990e+03 8.010896486365031706e+02 -3.817631129950719242e+03 2.291540000000000177e+01 3.660676535218954086e-03 -6.253407336771488190e-03 1.578170992434024811e-02 1.581632718443870544e-02
-4.882821945112572394e+03 7.926531884455189356e+02 -3.812684665400700851e+03 2.291740000000000066e+01 -4.252637270838022232e-03 -1.532485242933034897e-02 1.578170992434024811e-02 1.581632718443870544e-02
-4.842765627725207196e+03 8.560846569546062028e+02 -3.849876619556990136e+03 2.291940000000000310e+01 -1.378174126148223877e-02 -2.583540976047515869e-02 1.578170992434024811e-02 1.581632718443870544e-02
-4.848625593739695432e+03 8.469463117117679758e+02 -3.844518389547774859e+03 2.292140000000000200e+01 -1.308421976864337921e-02 -4.513779189437627792e-03 1.578170992434024811e-02 1.581632718443870544e-02
-4.854462371258743588e+03 8.377969123093454300e+02 -3.839153718011274123e+03 2.292340000000000089e+01 -1.071112044155597687e-02 2.763890288770198822e-02 1.578170992434024811e-02 1.581632718443870544e-02
-4.860275932450464097e+03 8.286365023744965583e+02 -3.833782630527902711e+03 2.292539999999999978e+01 2.120603248476982117e-02 -7.325263693928718567e-03 1.578170992434024811e-02 1.581632718443870544e-02
-4.866066249451859221e+03 8.194651258101861231e+02 -3.828405152839599850e+03 2.292740000000000222e+01 -3.737144917249679565e-02 1.336050219833850861e-02 1.578170992434024811e-02 1.581632718443870544e-02
-4.871833294451487745e+03 8.102828266680735396e+02 -3.823021310775299298e+03 2.292940000000000111e+01 -3.667124547064304352e-03 1.452156435698270798e-02 1.578170992434024811e-02 1.581632718443870544e-02
-4.877577040010753990e+03 8.010896486365031706e+02 -3.817631129950719242e+03 2.293140000000000001e+01 -1.038327533751726151e-02 1.538749132305383682e-02 1.578170992434024811e-02 1.581632718443870544e-02
-4.882821945112572394e+03 7.926531884455189356e+02 -3.812684665400700851e+03 2.293340000000000245e+01 -2.041104249656200409e-02 5.153273232281208038e-03 1.578170992434024811e-02 1.581632718443870544e-02
