# Baseline: 8-11
# Entries: 128
# u [m], v [m], w [m], frequency [GHz], real, imag
3.148468461095802013e+03 7.944461592777547594e+02 3.246297648872439368e+03 2.267940000000000000e+19 1.457333331927657127e-03 1.035974943079054356e-03
3.150549377018878204e+03 8.003838626941036409e+02 3.242818383888597054e+03 2.268140000000000000e+19 3.419595360755920410e-01 3.557894527912139893e-01
3.152615232727973307e+03 8.063254890131959201e+02 3.239336841966310658e+03 2.268340000000000000e+19 2.998947910964488983e-02 -5.974029004573822021e-02
3.154666018350964805e+03 8.122710098413131163e+02 3.235853039743099998e+03 2.268540000000000000e+19 -6.225606799125671387e-02 4.438487887382507324e-01
3.156194683415008512e+03 8.167325690357602070e+02 3.233238784466850575e+03 2.268740000000000000e+19 -2.862780392169952393e-01 -2.650343775749206543e-01
3.158722340151913158e+03 8.241736211915000467e+02 3.228878721094783486e+03 2.268940000000000000e+19 1.875758022069931030e-01 3.177600800991058350e-01
3.160727856875475482e+03 8.301306546262945858e+02 3.225388238119885955e+03 2.269140000000000000e+19 -2.592436373233795166e-01 -1.109137833118438721e-01
3.163214117355666531e+03 8.375821080189915619e+02 3.221022139580303701e+03 2.269340000000000000e+19 -1.371341347694396973e-01 3.957283496856689453e-02
3.148468461095802013e+03 7.944461592777547594e+02 3.246297648872439368e+03 2.269540000000000000e+19 -1.886436641216278076e-01 -1.752368733286857605e-02
3.150549377018878204e+03 8.003838626941036409e+02 3.242818383888597054e+03 2.269740000000000000e+19 -1.159581020474433899e-01 1.385584622621536255e-01
3.152615232727973307e+03 8.063254890131959201e+02 3.239336841966310658e+03 2.269940000000000000e+19 1.677931994199752808e-01 1.501417309045791626e-01
3.154666018350964805e+03 8.122710098413131163e+02 3.235853039743099998e+03 2.270140000000000000e+19 4.288875032216310501e-03 5.651951581239700317e-02
3.156194683415008512e+03 8.167325690357602070e+02 3.233238784466850575e+03 2.270340000000000000e+19 3.616163507103919983e-02 7.079136371612548828e-02
3.158722340151913158e+03 8.241736211915000467e+02 3.228878721094783486e+03 2.270540000000000000e+19 2.888201177120208740e-02 3.822899237275123596e-02
3.160727856875475482e+03 8.301306546262945858e+02 3.225388238119885955e+03 2.270740000000000000e+19 2.177650332450866699e-01 9.729497134685516357e-02
3.163214117355666531e+03 8.375821080189915619e+02 3.221022139580303701e+03 2.270940000000000000e+19 -1.136822998523712158e-01 -4.691715538501739502e-02
3.168598739780096366e+03 8.539963088855997739e+02 3.211404537932805397e+03 2.271140000000000000e+19 8.096915483474731445e-02 -7.574666524305939674e-04
3.170528617416329325e+03 8.599719597913008329e+02 3.207903254479194857e+03 2.271340000000000000e+19 1.013872995972633362e-01 -1.402973756194114685e-02
3.172443339210761678e+03 8.659512483848152442e+02 3.204399861206352398e+03 2.271540000000000000e+19 -1.718372702598571777e-01 -2.537408471107482910e-02
3.174342896026894778e+03 8.719341461340883370e+02 3.200894374831817458e+03 2.271740000000000000e+19 -1.712839584797620773e-03 -1.076054796576499939e-01
3.176227278767382813e+03 8.779206243856890524e+02 3.197386812144147825e+03 2.271940000000000000e+19 -1.044429019093513489e-01 -8.917914330959320068e-02
3.178096478414037392e+03 8.839106544899058235e+02 3.193877189929613905e+03 2.272140000000000000e+19 -1.162065863609313965e-01 1.384464800357818604e-01
3.179950486015073238e+03 8.899042077591060433e+02 3.190365524996603199e+03 2.272340000000000000e+19 -1.010442748665809631e-01 -6.605634093284606934e-02
3.181636833266149097e+03 8.954013246706952032e+02 3.187144744248527331e+03 2.272540000000000000e+19 3.489799052476882935e-02 9.192509949207305908e-02
3.168598739780096366e+03 8.539963088855997739e+02 3.211404537932805397e+03 2.272740000000000000e+19 -4.255028441548347473e-02 8.913175016641616821e-02
3.170528617416329325e+03 8.599719597913008329e+02 3.207903254479194857e+03 2.272940000000000000e+19 7.375741004943847656e-02 1.272094398736953735e-01
3.172443339210761678e+03 8.659512483848152442e+02 3.204399861206352398e+03 2.273140000000000000e+19 7.098191976547241211e-02 1.026024296879768372e-01
3.174342896026894778e+03 8.719341461340883370e+02 3.200894374831817458e+03 2.273340000000000000e+19 1.114799678325653076e-01 -1.481937468051910400e-01
3.176227278767382813e+03 8.779206243856890524e+02 3.197386812144147825e+03 2.273540000000000000e+19 -1.134591475129127502e-01 2.173049002885818481e-01
3.178096478414037392e+03 8.839106544899058235e+02 3.193877189929613905e+03 2.273740000000000000e+19 -2.919830754399299622e-02 9.922100603580474854e-02
3.179950486015073238e+03 8.899042077591060433e+02 3.190365524996603199e+03 2.273940000000000000e+19 7.884895801544189453e-02 -4.660980403423309326e-02
3.181636833266149097e+03 8.954013246706952032e+02 3.187144744248527331e+03 2.274140000000000000e+19 -2.076142281293869019e-02 -1.310483319684863091e-03
3.187214419701183033e+03 9.139130788983437697e+02 3.176298774147117911e+03 2.274340000000000000e+19 6.775445491075515747e-02 -8.220043033361434937e-02
3.188992335464353800e+03 9.199238174897280942e+02 3.172777147854224495e+03 2.274540000000000000e+19 4.052420612424612045e-03 -1.491615027189254761e-01
3.190755007062400182e+03 9.259379069801665310e+02 3.169253579773121601e+03 2.274740000000000000e+19 -1.408832222223281860e-01 6.721329689025878906e-02
3.192502426028962418e+03 9.319553184830625696e+02 3.165728086828045434e+03 2.274940000000000000e+19 -1.423132512718439102e-02 3.457686677575111389e-02
3.194234584037666536e+03 9.379760233264546514e+02 3.162200685817383146e+03 2.275140000000000000e+19 4.046514257788658142e-02 -4.220076277852058411e-02
3.195951472744732200e+03 9.439999925080622916e+02 3.158671393732943216e+03 2.275340000000000000e+19 -1.756666004657745361e-01 -5.235923454165458679e-02
3.197653083975754726e+03 9.500271973455455736e+02 3.155140227378986765e+03 2.275540000000000000e+19 1.544384658336639404e-01 -2.610426582396030426e-02
3.199199661151893906e+03 9.555549123243915801e+02 3.151901716333672084e+03 2.275740000000000000e+19 4.037179052829742432e-02 -1.218934580683708191e-01
3.187214419701183033e+03 9.139130788983437697e+02 3.176298774147117911e+03 2.275940000000000000e+19 5.623083189129829407e-02 -1.751291006803512573e-01
3.188992335464353800e+03 9.199238174897280942e+02 3.172777147854224495e+03 2.276140000000000000e+19 9.954455494880676270e-02 4.341027885675430298e-02
3.190755007062400182e+03 9.259379069801665310e+02 3.169253579773121601e+03 2.276340000000000000e+19 -2.526194043457508087e-02 -4.768084734678268433e-02
3.192502426028962418e+03 9.319553184830625696e+02 3.165728086828045434e+03 2.276540000000000000e+19 1.301679015159606934e-01 4.708577319979667664e-02
3.194234584037666536e+03 9.379760233264546514e+02 3.162200685817383146e+03 2.276740000000000000e+19 -6.219122186303138733e-02 -5.424159020185470581e-02
3.195951472744732200e+03 9.439999925080622916e+02 3.158671393732943216e+03 2.276940000000000000e+19 4.473016411066055298e-02 -1.939798332750797272e-02
3.197653083975754726e+03 9.500271973455455736e+02 3.155140227378986765e+03 2.277140000000000000e+19 5.701207369565963745e-02 -3.272474976256489754e-03
3.199199661151893906e+03 9.555549123243915801e+02 3.151901716333672084e+03 2.277340000000000000e+19 5.967558361589908600e-03 -3.013830073177814484e-02
3.204306592248762172e+03 9.741677957126162255e+02 3.140997157631475147e+03 2.277540000000000000e+19 1.167964562773704529e-01 3.190578147768974304e-02
3.205931695357599892e+03 9.802107456663904941e+02 3.137456873705681573e+03 2.277740000000000000e+19 -2.073588594794273376e-02 3.151395171880722046e-02
3.207541473199105894e+03 9.862567578756799094e+02 3.133914817099119773e+03 2.277940000000000000e+19 9.710790216922760010e-02 -7.985141873359680176e-02
3.209135918108566329e+03 9.923058035532559416e+02 3.130371004676785560e+03 2.278140000000000000e+19 -1.173513829708099365e-01 -7.815039157867431641e-02
3.210715022411008249e+03 9.983578535814135648e+02 3.126825453497185208e+03 2.278340000000000000e+19 -4.886855557560920715e-02 -2.059923671185970306e-02
3.212278778593288280e+03 1.004412879165250615e+03 3.123278180429608256e+03 2.278540000000000000e+19 3.001630492508411407e-02 5.219588428735733032e-02
3.213827179128141779e+03 1.010470851158282358e+03 3.119729202549216097e+03 2.278740000000000000e+19 1.254834607243537903e-02 -1.628340184688568115e-01
3.215233246171789688e+03 1.016026519106878027e+03 3.116474510884395841e+03 2.278940000000000000e+19 -3.272263705730438232e-02 -4.921589046716690063e-02
3.204306592248762172e+03 9.741677957126162255e+02 3.140997157631475147e+03 2.279140000000000000e+19 1.544112525880336761e-02 1.246771141886711121e-01
3.205931695357599892e+03 9.802107456663904941e+02 3.137456873705681573e+03 2.279340000000000000e+19 3.683402016758918762e-02 4.610837250947952271e-02
3.207541473199105894e+03 9.862567578756799094e+02 3.133914817099119773e+03 2.279540000000000000e+19 1.981101743876934052e-02 3.191974759101867676e-02
3.209135918108566329e+03 9.923058035532559416e+02 3.130371004676785560e+03 2.279740000000000000e+19 8.958303928375244141e-02 -1.037139967083930969e-01
3.210715022411008249e+03 9.983578535814135648e+02 3.126825453497185208e+03 2.279940000000000000e+19 -9.128943085670471191e-02 1.594153419137001038e-02
3.212278778593288280e+03 1.004412879165250615e+03 3.123278180429608256e+03 2.280140000000000000e+19 4.515706747770309448e-02 -4.121424630284309387e-02
3.213827179128141779e+03 1.010470851158282358e+03 3.119729202549216097e+03 2.280340000000000000e+19 1.546463072299957275e-01 4.086581245064735413e-02
3.215233246171789688e+03 1.016026519106878027e+03 3.116474510884395841e+03 2.280540000000000000e+19 1.092406362295150757e-01 7.199327647686004639e-02
3.219620329194201986e+03 1.033719850846117652e+03 3.106109299652475784e+03 2.280740000000000000e+19 1.962238401174545288e-01 -1.316132396459579468e-01
3.221094407749092625e+03 1.039791655333409608e+03 3.102552321145944006e+03 2.280940000000000000e+19 2.238092198967933655e-02 -1.407864987850189209e-01
3.222553088494209078e+03 1.045866237021843745e+03 3.098993736953311782e+03 2.281140000000000000e+19 3.962985426187515259e-02 -5.377688631415367126e-02
3.223996364423503564e+03 1.051943566734239994e+03 3.095433564167021814e+03 2.281340000000000000e+19 -3.625909984111785889e-01 -6.830435246229171753e-02
3.225424228670233788e+03 1.058023615555392098e+03 3.091871819725947262e+03 2.281540000000000000e+19 2.139996737241744995e-01 -1.277279108762741089e-01
3.226836674366081297e+03 1.064106354239568873e+03 3.088308520762484932e+03 2.281740000000000000e+19 -9.429724216461181641e-01 -4.122854769229888916e-01
3.228233694771432511e+03 1.070191753761066366e+03 3.084743684280034358e+03 2.281940000000000000e+19 -3.286716043949127197e-01 -2.195564508438110352e-01
3.229500936943995384e+03 1.075772316026339467e+03 3.081474600602501141e+03 2.282140000000000000e+19 -3.691848814487457275e-01 -1.135509610176086426e-01
3.219620329194201986e+03 1.033719850846117652e+03 3.106109299652475784e+03 2.282340000000000000e+19 2.355828285217285156e-01 1.029191836714744568e-01
3.221094407749092625e+03 1.039791655333409608e+03 3.102552321145944006e+03 2.282540000000000000e+19 -3.745296224951744080e-02 1.815584301948547363e-01
3.222553088494209078e+03 1.045866237021843745e+03 3.098993736953311782e+03 2.282740000000000000e+19 2.072107195854187012e-01 6.278080493211746216e-02
3.223996364423503564e+03 1.051943566734239994e+03 3.095433564167021814e+03 2.282940000000000000e+19 -3.193579148501157761e-03 -1.418123990297317505e-01
3.225424228670233788e+03 1.058023615555392098e+03 3.091871819725947262e+03 2.283140000000000000e+19 7.525401562452316284e-02 4.013153165578842163e-02
3.226836674366081297e+03 1.064106354239568873e+03 3.088308520762484932e+03 2.283340000000000000e+19 9.344652295112609863e-02 2.720570890232920647e-03
3.228233694771432511e+03 1.070191753761066366e+03 3.084743684280034358e+03 2.283540000000000000e+19 -2.149597369134426117e-02 -6.276712287217378616e-03
3.229500936943995384e+03 1.075772316026339467e+03 3.081474600602501141e+03 2.283740000000000000e+19 -3.222434595227241516e-02 -1.230321004986763000e-01
3.233667390835859806e+03 1.094559377379033549e+03 3.070469304588101295e+03 2.283940000000000000e+19 2.282602153718471527e-02 7.774082571268081665e-02
3.234987185941603002e+03 1.100657643820739395e+03 3.066897036659987407e+03 2.284140000000000000e+19 -5.484574008733034134e-03 -1.595084518194198608e-01
3.236291516768848851e+03 1.106758396259868277e+03 3.063323333632835329e+03 2.284340000000000000e+19 -5.330436676740646362e-02 -4.510978609323501587e-02
3.237580377034555113e+03 1.112861605308578646e+03 3.059748212721475738e+03 2.284540000000000000e+19 2.332653105258941650e-01 1.880667172372341156e-02
3.238853760602025432e+03 1.118967241907306061e+03 3.056171690948334344e+03 2.284740000000000000e+19 -1.120591014623641968e-01 -1.864002496004104614e-01
3.240111661368083332e+03 1.125075276793581679e+03 3.052593785454599129e+03 2.284940000000000000e+19 6.790506839752197266e-02 -1.237425506114959717e-01
3.241354073295351100e+03 1.131185680650835820e+03 3.049014513413039822e+03 2.285140000000000000e+19 2.133316993713378906e-01 -2.532636374235153198e-02
3.242479536654916956e+03 1.136788910904277373e+03 3.045732345139326299e+03 2.285340000000000000e+19 6.290508806705474854e-02 -2.331583201885223389e-02
3.233667390835859806e+03 1.094559377379033549e+03 3.070469304588101295e+03 2.285540000000000000e+19 -8.354133367538452148e-02 -1.912632584571838379e-02
3.234987185941603002e+03 1.100657643820739395e+03 3.066897036659987407e+03 2.285740000000000000e+19 6.689862161874771118e-02 9.933314472436904907e-02
3.236291516768848851e+03 1.106758396259868277e+03 3.063323333632835329e+03 2.285940000000000000e+19 -1.435251254588365555e-02 -3.638676181435585022e-02
3.237580377034555113e+03 1.112861605308578646e+03 3.059748212721475738e+03 2.286140000000000000e+19 -4.064111784100532532e-02 -3.433100879192352295e-02
3.238853760602025432e+03 1.118967241907306061e+03 3.056171690948334344e+03 2.286340000000000000e+19 1.489766035228967667e-02 2.727493047714233398e-01
3.240111661368083332e+03 1.125075276793581679e+03 3.052593785454599129e+03 2.286540000000000000e+19 2.281469106674194336e-02 -1.114857494831085205e-01
3.241354073295351100e+03 1.131185680650835820e+03 3.049014513413039822e+03 2.286740000000000000e+19 7.685206085443496704e-02 -1.248830109834671021e-01
3.242479536654916956e+03 1.136788910904277373e+03 3.045732345139326299e+03 2.286940000000000000e+19 -6.183766946196556091e-02 3.046092018485069275e-02
3.246168714958431337e+03 1.155650401468440350e+03 3.034684102043001076e+03 2.287140000000000000e+19 1.192618608474731445e-01 -1.847408115863800049e-01
3.247333595062649238e+03 1.161772211678420263e+03 3.031098254120305228e+03 2.287340000000000000e+19 -1.048626080155372620e-01 -6.562861613929271698e-03
3.248482951767160102e+03 1.167896215237273736e+03 3.027511142521859711e+03 2.287540000000000000e+19 -1.362062897533178329e-02 -1.650182306766510010e-01
3.249616779599596157e+03 1.174022382986413277e+03 3.023922784327195131e+03 2.287740000000000000e+19 2.824897766113281250e-01 4.262806847691535950e-02
3.250735073102140177e+03 1.180150685436917001e+03 3.020333196809229321e+03 2.287940000000000000e+19 -1.315881758928298950e-01 4.928065091371536255e-02
3.251837826954171760e+03 1.186281093430955934e+03 3.016742397046788028e+03 2.288140000000000000e+19 -1.761649176478385925e-02 -1.435647308826446533e-01
3.252925035847567415e+03 1.192413577459305088e+03 3.013150402324538845e+03 2.288340000000000000e+19 1.810888946056365967e-01 -6.850366480648517609e-03
3.253908181804144988e+03 1.198036794264418404e+03 3.009856720142285212e+03 2.288540000000000000e+19 -3.192850574851036072e-02 -9.930527210235595703e-02
3.246168714958431337e+03 1.155650401468440350e+03 3.034684102043001076e+03 2.288740000000000000e+19 -1.220316216349601746e-01 3.861992061138153076e-02
3.247333595062649238e+03 1.161772211678420263e+03 3.031098254120305228e+03 2.288940000000000000e+19 4.130418598651885986e-02 -4.023405909538269043e-02
3.248482951767160102e+03 1.167896215237273736e+03 3.027511142521859711e+03 2.289140000000000000e+19 2.469661645591259003e-02 -5.340304970741271973e-02
3.249616779599596157e+03 1.174022382986413277e+03 3.023922784327195131e+03 2.289340000000000000e+19 -1.420174166560173035e-02 5.323432385921478271e-02
3.250735073102140177e+03 1.180150685436917001e+03 3.020333196809229321e+03 2.289540000000000000e+19 -9.776188433170318604e-02 3.805992752313613892e-02
3.251837826954171760e+03 1.186281093430955934e+03 3.016742397046788028e+03 2.289740000000000000e+19 -1.437307447195053101e-01 2.184470184147357941e-02
3.252925035847567415e+03 1.192413577459305088e+03 3.013150402324538845e+03 2.289940000000000000e+19 -2.477048896253108978e-03 -2.291095256805419922e-02
3.253908181804144988e+03 1.198036794264418404e+03 3.009856720142285212e+03 2.290140000000000000e+19 -5.048794671893119812e-02 -1.630962342023849487e-01
3.257118319075886575e+03 1.216963687847484380e+03 2.998770817115337650e+03 2.290340000000000000e+19 -3.842104226350784302e-02 -9.639859944581985474e-02
3.258127726702560267e+03 1.223106112096610104e+03 2.995173105285466590e+03 2.290540000000000000e+19 1.699988842010498047e-01 -5.320369079709053040e-02
3.259121559277498818e+03 1.229250436187744754e+03 2.991574301695798567e+03 2.290740000000000000e+19 3.087707422673702240e-02 -7.879228144884109497e-02
3.260099812061615012e+03 1.235396630822790939e+03 2.987974423506575476e+03 2.290940000000000000e+19 1.051575094461441040e-01 -2.094637006521224976e-01
3.261062480366211275e+03 1.241544666544886240e+03 2.984373487970925453e+03 2.291140000000000000e+19 3.049842268228530884e-02 -4.584195837378501892e-02
3.262009559567662563e+03 1.247694513824054638e+03 2.980771512384702419e+03 2.291340000000000000e+19 -2.398207411170005798e-02 8.669441938400268555e-02
3.262941045160068825e+03 1.253846143400076016e+03 2.977168513885661923e+03 2.291540000000000000e+19 -1.159545630216598511e-01 9.287887811660766602e-02
3.263781403084987232e+03 1.259486654778557977e+03 2.973864894564797396e+03 2.291740000000000000e+19 -8.926276117563247681e-02 1.247693598270416260e-01
3.257118319075886575e+03 1.216963687847484380e+03 2.998770817115337650e+03 2.291940000000000000e+19 -3.149750456213951111e-02 -1.354525983333587646e-01
3.258127726702560267e+03 1.223106112096610104e+03 2.995173105285466590e+03 2.292140000000000000e+19 5.913794040679931641e-02 -2.055697888135910034e-02
3.259121559277498818e+03 1.229250436187744754e+03 2.991574301695798567e+03 2.292340000000000000e+19 -1.574039459228515625e-02 -1.205081343650817871e-01
3.260099812061615012e+03 1.235396630822790939e+03 2.987974423506575476e+03 2.292540000000000000e+19 8.926588343456387520e-04 1.892603118903934956e-03
3.261062480366211275e+03 1.241544666544886240e+03 2.984373487970925453e+03 2.292740000000000000e+19 6.721123307943344116e-02 6.478490680456161499e-02
3.262009559567662563e+03 1.247694513824054638e+03 2.980771512384702419e+03 2.292940000000000000e+19 -7.596777379512786865e-02 -7.350526750087738037e-02
3.262941045160068825e+03 1.253846143400076016e+03 2.977168513885661923e+03 2.293140000000000000e+19 -4.537864029407501221e-02 3.305047005414962769e-02
3.263781403084987232e+03 1.259486654778557977e+03 2.973864894564797396e+03 2.293340000000000000e+19 -3.607128188014030457e-02 2.798699773848056793e-02
