# Baseline: 5-25
# Entries: 128
# u [m], v [m], w [m], frequency [GHz], real, imag, std(real), std(imag)
-5.791671577221544567e+02 -1.191057394414159035e+03 -7.308939374009952417e+02 2.267940000000000111e+01 -1.074734032154083252e-01 -8.696898072957992554e-02 5.975146219134330750e-02 6.003902852535247803e-02
-5.777251200159423661e+02 -1.192147590741811882e+03 -7.302575358688217193e+02 2.268140000000000001e+01 3.891145437955856323e-02 1.095409393310546875e-01 5.975146219134330750e-02 6.003902852535247803e-02
-5.762803242063785092e+02 -1.193235063696675979e+03 -7.296227325128594430e+02 2.268340000000000245e+01 -9.172021597623825073e-02 -1.160996854305267334e-01 5.975146219134330750e-02 6.003902852535247803e-02
-5.748327771978350711e+02 -1.194319808081985002e+03 -7.289895303666721702e+02 2.268540000000000134e+01 8.289658278226852417e-02 4.102585092186927795e-02 5.975146219134330750e-02 6.003902852535247803e-02
-5.737454012140307213e+02 -1.195131658187010771e+03 -7.285156311639317437e+02 2.268740000000000023e+01 -7.393198460340499878e-02 -7.456451654434204102e-02 5.975146219134330750e-02 6.003902852535247803e-02
-5.719294573071135801e+02 -1.196481090391653424e+03 -7.277279418173799286e+02 2.268940000000000268e+01 5.504300072789192200e-02 -3.689292818307876587e-02 5.975146219134330750e-02 6.003902852535247803e-02
-5.704736983498836480e+02 -1.197557617950179065e+03 -7.270995614650319112e+02 2.269140000000000157e+01 -4.108399897813796997e-02 -1.698399148881435394e-02 5.975146219134330750e-02 6.003902852535247803e-02
-5.686502805966122196e+02 -1.198899522320868982e+03 -7.263162895324338706e+02 2.269340000000000046e+01 2.191819250583648682e-02 2.075663208961486816e-01 5.975146219134330750e-02 6.003902852535247803e-02
-5.791671577221544567e+02 -1.191057394414159035e+03 -7.308939374009952417e+02 2.269540000000000290e+01 -3.737137466669082642e-02 -1.127938702702522278e-01 5.975146219134330750e-02 6.003902852535247803e-02
-5.777251200159423661e+02 -1.192147590741811882e+03 -7.302575358688217193e+02 2.269740000000000180e+01 -1.816927269101142883e-02 7.302774488925933838e-02 5.975146219134330750e-02 6.003902852535247803e-02
-5.762803242063785092e+02 -1.193235063696675979e+03 -7.296227325128594430e+02 2.269940000000000069e+01 -1.219379305839538574e-01 9.397517144680023193e-02 5.975146219134330750e-02 6.003902852535247803e-02
-5.748327771978350711e+02 -1.194319808081985002e+03 -7.289895303666721702e+02 2.270140000000000313e+01 -3.772119432687759399e-02 -4.546897858381271362e-02 5.975146219134330750e-02 6.003902852535247803e-02
-5.737454012140307213e+02 -1.195131658187010771e+03 -7.285156311639317437e+02 2.270340000000000202e+01 -3.767186403274536133e-02 9.758699685335159302e-03 5.975146219134330750e-02 6.003902852535247803e-02
-5.719294573071135801e+02 -1.196481090391653424e+03 -7.277279418173799286e+02 2.270540000000000092e+01 8.728232234716415405e-02 1.089575812220573425e-01 5.975146219134330750e-02 6.003902852535247803e-02
-5.704736983498836480e+02 -1.197557617950179065e+03 -7.270995614650319112e+02 2.270739999999999981e+01 -1.128294393420219421e-01 -1.978325843811035156e-02 5.975146219134330750e-02 6.003902852535247803e-02
-5.686502805966122196e+02 -1.198899522320868982e+03 -7.263162895324338706e+02 2.270940000000000225e+01 -7.990236580371856689e-02 1.579909399151802063e-02 5.975146219134330750e-02 6.003902852535247803e-02
-5.646234982749953133e+02 -1.201836184307700705e+03 -7.246022028579542393e+02 2.271140000000000114e+01 -9.974955767393112183e-02 -3.543204814195632935e-02 5.975146219134330750e-02 6.003902852535247803e-02
-5.631541921966697828e+02 -1.202898914328937281e+03 -7.239819188486326311e+02 2.271340000000000003e+01 4.478199034929275513e-02 5.526076257228851318e-02 5.975146219134330750e-02 6.003902852535247803e-02
-5.616821977580377734e+02 -1.203958869517116227e+03 -7.233632630531658378e+02 2.271540000000000248e+01 -3.356136009097099304e-02 7.936923205852508545e-02 5.975146219134330750e-02 6.003902852535247803e-02
-5.602075219832022412e+02 -1.205016044814366978e+03 -7.227462384236366688e+02 2.271740000000000137e+01 -7.216998189687728882e-02 -1.017679348587989807e-01 5.975146219134330750e-02 6.003902852535247803e-02
-5.587301719347179869e+02 -1.206070435157648490e+03 -7.221308479151047095e+02 2.271940000000000026e+01 5.602949485182762146e-02 1.755175180733203888e-02 5.975146219134330750e-02 6.003902852535247803e-02
-5.572501546827885477e+02 -1.207122035500917264e+03 -7.215170944726677362e+02 2.272140000000000271e+01 -1.780917681753635406e-02 -5.650518462061882019e-02 5.975146219134330750e-02 6.003902852535247803e-02
-5.557674773155808907e+02 -1.208170840807863897e+03 -7.209049810356998478e+02 2.272340000000000160e+01 -3.882826492190361023e-02 3.186419978737831116e-02 5.975146219134330750e-02 6.003902852535247803e-02
-5.544060592961519660e+02 -1.209129821742293643e+03 -7.203452992954374849e+02 2.272540000000000049e+01 -4.738022387027740479e-02 5.093635246157646179e-02 5.975146219134330750e-02 6.003902852535247803e-02
-5.646234982749953133e+02 -1.201836184307700705e+03 -7.246022028579542393e+02 2.272740000000000293e+01 7.432454079389572144e-02 1.685392111539840698e-02 5.975146219134330750e-02 6.003902852535247803e-02
-5.631541921966697828e+02 -1.202898914328937281e+03 -7.239819188486326311e+02 2.272940000000000182e+01 2.704695239663124084e-02 1.333562284708023071e-02 5.975146219134330750e-02 6.003902852535247803e-02
-5.616821977580377734e+02 -1.203958869517116227e+03 -7.233632630531658378e+02 2.273140000000000072e+01 5.277211219072341919e-02 2.319990284740924835e-02 5.975146219134330750e-02 6.003902852535247803e-02
-5.602075219832022412e+02 -1.205016044814366978e+03 -7.227462384236366688e+02 2.273340000000000316e+01 1.759394258260726929e-02 -2.246312052011489868e-02 5.975146219134330750e-02 6.003902852535247803e-02
-5.587301719347179869e+02 -1.206070435157648490e+03 -7.221308479151047095e+02 2.273540000000000205e+01 6.695879250764846802e-02 -5.304539203643798828e-02 5.975146219134330750e-02 6.003902852535247803e-02
-5.572501546827885477e+02 -1.207122035500917264e+03 -7.215170944726677362e+02 2.273740000000000094e+01 1.900667441077530384e-03 3.620741143822669983e-02 5.975146219134330750e-02 6.003902852535247803e-02
-5.557674773155808907e+02 -1.208170840807863897e+03 -7.209049810356998478e+02 2.273939999999999984e+01 -2.736900001764297485e-02 -6.168309971690177917e-02 5.975146219134330750e-02 6.003902852535247803e-02
-5.544060592961519660e+02 -1.209129821742293643e+03 -7.203452992954374849e+02 2.274140000000000228e+01 -1.072942838072776794e-02 -5.058075860142707825e-02 5.975146219134330750e-02 6.003902852535247803e-02
-5.498103087155236608e+02 -1.212338011545676181e+03 -7.184729857786988987e+02 2.274340000000000117e+01 -1.168045476078987122e-01 -5.926816724240779877e-03 5.975146219134330750e-02 6.003902852535247803e-02
-5.483144374403667598e+02 -1.213372766664464280e+03 -7.178691161441835220e+02 2.274540000000000006e+01 6.161927431821823120e-02 6.099134217947721481e-03 5.975146219134330750e-02 6.003902852535247803e-02
-5.468159487931558260e+02 -1.214404696847045898e+03 -7.172669039649284741e+02 2.274740000000000251e+01 -7.936862297356128693e-03 1.253115534782409668e-01 5.975146219134330750e-02 6.003902852535247803e-02
-5.453148499713623778e+02 -1.215433797136903422e+03 -7.166663521334454572e+02 2.274940000000000140e+01 8.801821619272232056e-02 -1.151589825749397278e-01 5.975146219134330750e-02 6.003902852535247803e-02
-5.438111481274453354e+02 -1.216460062630497077e+03 -7.160674635112879969e+02 2.275140000000000029e+01 3.020143322646617889e-02 -9.913900867104530334e-03 5.975146219134330750e-02 6.003902852535247803e-02
-5.423048505048902825e+02 -1.217483488384247039e+03 -7.154702409833314505e+02 2.275340000000000273e+01 -1.099128555506467819e-02 1.392534561455249786e-02 5.975146219134330750e-02 6.003902852535247803e-02
-5.407959642757699612e+02 -1.218504069525313753e+03 -7.148746873931290793e+02 2.275540000000000163e+01 1.168016809970140457e-02 5.395241826772689819e-02 5.975146219134330750e-02 6.003902852535247803e-02
-5.394105835186669538e+02 -1.219437135471828469e+03 -7.143302105106416775e+02 2.275740000000000052e+01 4.000936634838581085e-03 -2.244692295789718628e-02 5.975146219134330750e-02 6.003902852535247803e-02
-5.498103087155236608e+02 -1.212338011545676181e+03 -7.184729857786988987e+02 2.275940000000000296e+01 -1.406799852848052979e-01 -3.354021906852722168e-02 5.975146219134330750e-02 6.003902852535247803e-02
-5.483144374403667598e+02 -1.213372766664464280e+03 -7.178691161441835220e+02 2.276140000000000185e+01 -5.169061571359634399e-02 -3.161011636257171631e-02 5.975146219134330750e-02 6.003902852535247803e-02
-5.468159487931558260e+02 -1.214404696847045898e+03 -7.172669039649284741e+02 2.276340000000000074e+01 -9.159151464700698853e-02 2.039382047951221466e-02 5.975146219134330750e-02 6.003902852535247803e-02
-5.453148499713623778e+02 -1.215433797136903422e+03 -7.166663521334454572e+02 2.276540000000000319e+01 2.242311649024486542e-02 4.616009816527366638e-02 5.975146219134330750e-02 6.003902852535247803e-02
-5.438111481274453354e+02 -1.216460062630497077e+03 -7.160674635112879969e+02 2.276740000000000208e+01 1.048326715826988220e-01 -1.203711405396461487e-01 5.975146219134330750e-02 6.003902852535247803e-02
-5.423048505048902825e+02 -1.217483488384247039e+03 -7.154702409833314505e+02 2.276940000000000097e+01 5.340756848454475403e-02 1.771598123013973236e-02 5.975146219134330750e-02 6.003902852535247803e-02
-5.407959642757699612e+02 -1.218504069525313753e+03 -7.148746873931290793e+02 2.277139999999999986e+01 1.553099695593118668e-02 3.909832611680030823e-02 5.975146219134330750e-02 6.003902852535247803e-02
-5.394105835186669538e+02 -1.219437135471828469e+03 -7.143302105106416775e+02 2.277340000000000231e+01 -9.605619707144796848e-04 6.696005910634994507e-02 5.975146219134330750e-02 6.003902852535247803e-02
-5.347346780064166296e+02 -1.222557850411540130e+03 -7.125092193344961515e+02 2.277540000000000120e+01 7.878179103136062622e-02 1.147495806217193604e-01 5.975146219134330750e-02 6.003902852535247803e-02
-5.332129573552498414e+02 -1.223564135466673861e+03 -7.119220530439519052e+02 2.277740000000000009e+01 8.770791441202163696e-02 1.629368402063846588e-02 5.975146219134330750e-02 6.003902852535247803e-02
-5.316886916353774950e+02 -1.224567546791148061e+03 -7.113365726820960617e+02 2.277940000000000254e+01 5.308336019515991211e-02 -2.658209204673767090e-02 5.975146219134330750e-02 6.003902852535247803e-02
-5.301618881043732472e+02 -1.225568079607362051e+03 -7.107527810366053700e+02 2.278140000000000143e+01 4.856247454881668091e-02 -1.057793051004409790e-01 5.975146219134330750e-02 6.003902852535247803e-02
-5.286325541116660816e+02 -1.226565729099155533e+03 -7.101706809176120032e+02 2.278340000000000032e+01 7.526305317878723145e-02 -4.140327498316764832e-02 5.975146219134330750e-02 6.003902852535247803e-02
-5.271006969336386874e+02 -1.227560490519840641e+03 -7.095902750946676179e+02 2.278540000000000276e+01 -5.272412206977605820e-03 6.189405918121337891e-02 5.975146219134330750e-02 6.003902852535247803e-02
-5.255663239440439156e+02 -1.228552359081036229e+03 -7.090115663616087431e+02 2.278740000000000165e+01 -4.864750802516937256e-02 -7.149859517812728882e-02 5.975146219134330750e-02 6.003902852535247803e-02
-5.241576433756416691e+02 -1.229459063553541910e+03 -7.084825548768388899e+02 2.278940000000000055e+01 -1.062597613781690598e-02 1.906017656438052654e-03 5.975146219134330750e-02 6.003902852535247803e-02
-5.347346780064166296e+02 -1.222557850411540130e+03 -7.125092193344961515e+02 2.279140000000000299e+01 1.433622185140848160e-02 -6.377093493938446045e-02 5.975146219134330750e-02 6.003902852535247803e-02
-5.332129573552498414e+02 -1.223564135466673861e+03 -7.119220530439519052e+02 2.279340000000000188e+01 -2.485279180109500885e-02 1.122641656547784805e-02 5.975146219134330750e-02 6.003902852535247803e-02
-5.316886916353774950e+02 -1.224567546791148061e+03 -7.113365726820960617e+02 2.279540000000000077e+01 -5.896794050931930542e-02 3.002869151532649994e-02 5.975146219134330750e-02 6.003902852535247803e-02
-5.301618881043732472e+02 -1.225568079607362051e+03 -7.107527810366053700e+02 2.279739999999999966e+01 1.251691393554210663e-02 -3.580263629555702209e-02 5.975146219134330750e-02 6.003902852535247803e-02
-5.286325541116660816e+02 -1.226565729099155533e+03 -7.101706809176120032e+02 2.279940000000000211e+01 1.863446272909641266e-02 -2.594537101686000824e-02 5.975146219134330750e-02 6.003902852535247803e-02
-5.271006969336386874e+02 -1.227560490519840641e+03 -7.095902750946676179e+02 2.280140000000000100e+01 3.620452433824539185e-02 -1.542317215353250504e-02 5.975146219134330750e-02 6.003902852535247803e-02
-5.255663239440439156e+02 -1.228552359081036229e+03 -7.090115663616087431e+02 2.280339999999999989e+01 3.611761331558227539e-02 -1.451827678829431534e-02 5.975146219134330750e-02 6.003902852535247803e-02
-5.241576433756416691e+02 -1.229459063553541910e+03 -7.084825548768388899e+02 2.280540000000000234e+01 1.647573709487915039e-02 -2.127862535417079926e-03 5.975146219134330750e-02 6.003902852535247803e-02
-5.196613868112692671e+02 -1.232327637592880592e+03 -7.068089542332505744e+02 2.280740000000000123e+01 1.386602818965911865e-01 7.139851897954940796e-02 5.975146219134330750e-02 6.003902852535247803e-02
-5.181149576797662348e+02 -1.233305457410249801e+03 -7.062384869523581301e+02 2.280940000000000012e+01 -6.136719882488250732e-02 -3.185018151998519897e-02 5.975146219134330750e-02 6.003902852535247803e-02
-5.165660557133493285e+02 -1.234280356891472138e+03 -7.056697327920381895e+02 2.281140000000000256e+01 1.006675213575363159e-01 7.485675159841775894e-03 5.975146219134330750e-02 6.003902852535247803e-02
-5.150146883516626986e+02 -1.235252331353995032e+03 -7.051026944840773467e+02 2.281340000000000146e+01 -1.693280972540378571e-02 2.692132070660591125e-02 5.975146219134330750e-02 6.003902852535247803e-02
-5.134608629759451333e+02 -1.236221376173317822e+03 -7.045373747263488440e+02 2.281540000000000035e+01 1.425702963024377823e-02 5.139802023768424988e-02 5.975146219134330750e-02 6.003902852535247803e-02
-5.119045870602574269e+02 -1.237187486688193076e+03 -7.039737762381182620e+02 2.281740000000000279e+01 -7.210905104875564575e-02 7.254860550165176392e-02 5.975146219134330750e-02 6.003902852535247803e-02
-5.103458680308926319e+02 -1.238150658288583600e+03 -7.034119017087317616e+02 2.281940000000000168e+01 -8.548688143491744995e-02 4.520865157246589661e-02 5.975146219134330750e-02 6.003902852535247803e-02
-5.089149333556422334e+02 -1.239031017416328950e+03 -7.028983447951504786e+02 2.282140000000000057e+01 1.043683737516403198e-01 -2.291557006537914276e-02 5.975146219134330750e-02 6.003902852535247803e-02
-5.196613868112692671e+02 -1.232327637592880592e+03 -7.068089542332505744e+02 2.282340000000000302e+01 7.402858138084411621e-02 3.298120573163032532e-02 5.975146219134330750e-02 6.003902852535247803e-02
-5.181149576797662348e+02 -1.233305457410249801e+03 -7.062384869523581301e+02 2.282540000000000191e+01 -2.713562455028295517e-03 -2.351371012628078461e-02 5.975146219134330750e-02 6.003902852535247803e-02
-5.165660557133493285e+02 -1.234280356891472138e+03 -7.056697327920381895e+02 2.282740000000000080e+01 -2.292379178106784821e-02 5.901171267032623291e-02 5.975146219134330750e-02 6.003902852535247803e-02
-5.150146883516626986e+02 -1.235252331353995032e+03 -7.051026944840773467e+02 2.282939999999999969e+01 1.435086689889431000e-02 1.266385614871978760e-01 5.975146219134330750e-02 6.003902852535247803e-02
-5.134608629759451333e+02 -1.236221376173317822e+03 -7.045373747263488440e+02 2.283140000000000214e+01 4.519283771514892578e-02 2.456550672650337219e-02 5.975146219134330750e-02 6.003902852535247803e-02
-5.119045870602574269e+02 -1.237187486688193076e+03 -7.039737762381182620e+02 2.283340000000000103e+01 5.481616407632827759e-02 -2.897922508418560028e-02 5.975146219134330750e-02 6.003902852535247803e-02
-5.103458680308926319e+02 -1.238150658288583600e+03 -7.034119017087317616e+02 2.283539999999999992e+01 -6.871641613543033600e-03 -4.595945775508880615e-02 5.975146219134330750e-02 6.003902852535247803e-02
-5.089149333556422334e+02 -1.239031017416328950e+03 -7.028983447951504786e+02 2.283740000000000236e+01 -1.133006662130355835e-01 8.992684632539749146e-02 5.975146219134330750e-02 6.003902852535247803e-02
-5.040867101923867040e+02 -1.241973863536597037e+03 -7.011816968529211636e+02 2.283940000000000126e+01 6.474483292549848557e-03 1.050444133579730988e-02 5.975146219134330750e-02 6.003902852535247803e-02
-5.025158877650571299e+02 -1.242922271677607569e+03 -7.006284823025754349e+02 2.284140000000000015e+01 -2.344943769276142120e-02 6.529953330755233765e-02 5.975146219134330750e-02 6.003902852535247803e-02
-5.009426671339745667e+02 -1.243867713472115611e+03 -7.000770077130682694e+02 2.284340000000000259e+01 2.838925458490848541e-02 4.209989309310913086e-02 5.975146219134330750e-02 6.003902852535247803e-02
-4.993670558774767301e+02 -1.244810184365850091e+03 -6.995272757408934012e+02 2.284540000000000148e+01 -1.087577939033508301e-01 1.644597202539443970e-02 5.975146219134330750e-02 6.003902852535247803e-02
-4.977890614976125221e+02 -1.245749679871372564e+03 -6.989792890035148503e+02 2.284740000000000038e+01 -1.689543947577476501e-02 -5.889699608087539673e-02 5.975146219134330750e-02 6.003902852535247803e-02
-4.962086915572044177e+02 -1.246686195485913004e+03 -6.984330501272935408e+02 2.284940000000000282e+01 -2.325125038623809814e-03 8.613201789557933807e-03 5.975146219134330750e-02 6.003902852535247803e-02
-4.946259536415218463e+02 -1.247619726714527587e+03 -6.978885617339772125e+02 2.285140000000000171e+01 -7.365896552801132202e-02 -8.756545931100845337e-02 5.975146219134330750e-02 6.003902852535247803e-02
-4.931730667668925321e+02 -1.248472876272478970e+03 -6.973909649941784892e+02 2.285340000000000060e+01 7.447366416454315186e-02 -7.046684157103300095e-03 5.975146219134330750e-02 6.003902852535247803e-02
-5.040867101923867040e+02 -1.241973863536597037e+03 -7.011816968529211636e+02 2.285540000000000305e+01 6.158991530537605286e-02 -1.097017154097557068e-02 5.975146219134330750e-02 6.003902852535247803e-02
-5.025158877650571299e+02 -1.242922271677607569e+03 -7.006284823025754349e+02 2.285740000000000194e+01 -4.458362236618995667e-02 -9.200999885797500610e-02 5.975146219134330750e-02 6.003902852535247803e-02
-5.009426671339745667e+02 -1.243867713472115611e+03 -7.000770077130682694e+02 2.285940000000000083e+01 -5.218261107802391052e-02 -3.778570890426635742e-02 5.975146219134330750e-02 6.003902852535247803e-02
-4.993670558774767301e+02 -1.244810184365850091e+03 -6.995272757408934012e+02 2.286139999999999972e+01 -3.088380955159664154e-02 1.105445548892021179e-01 5.975146219134330750e-02 6.003902852535247803e-02
-4.977890614976125221e+02 -1.245749679871372564e+03 -6.989792890035148503e+02 2.286340000000000217e+01 -2.101330645382404327e-02 5.050202831625938416e-02 5.975146219134330750e-02 6.003902852535247803e-02
-4.962086915572044177e+02 -1.246686195485913004e+03 -6.984330501272935408e+02 2.286540000000000106e+01 9.209189563989639282e-03 3.901084885001182556e-02 5.975146219134330750e-02 6.003902852535247803e-02
-4.946259536415218463e+02 -1.247619726714527587e+03 -6.978885617339772125e+02 2.286739999999999995e+01 3.067773766815662384e-02 1.144144497811794281e-02 5.975146219134330750e-02 6.003902852535247803e-02
-4.931730667668925321e+02 -1.248472876272478970e+03 -6.973909649941784892e+02 2.286940000000000239e+01 2.250220859423279762e-03 1.332581695169210434e-02 5.975146219134330750e-02 6.003902852535247803e-02
-4.882714737052588134e+02 -1.251323918739661394e+03 -6.957281649163516022e+02 2.287140000000000128e+01 -7.838091813027858734e-03 2.204120159149169922e-02 5.975146219134330750e-02 6.003902852535247803e-02
-4.866770096636204244e+02 -1.252242461366061661e+03 -6.951924678237849093e+02 2.287340000000000018e+01 7.971762679517269135e-03 1.148376166820526123e-01 5.975146219134330750e-02 6.003902852535247803e-02
-4.850802232630268236e+02 -1.253157993015948477e+03 -6.946585367225280834e+02 2.287540000000000262e+01 -1.759166456758975983e-02 -2.165031153708696365e-03 5.975146219134330750e-02 6.003902852535247803e-02
-4.834811221063647508e+02 -1.254070509330170808e+03 -6.941263741548008284e+02 2.287740000000000151e+01 2.823095023632049561e-02 -5.356018431484699249e-03 5.975146219134330750e-02 6.003902852535247803e-02
-4.818797138910628064e+02 -1.254980005916231448e+03 -6.935959826822203240e+02 2.287940000000000040e+01 -3.982216492295265198e-02 7.846505194902420044e-02 5.975146219134330750e-02 6.003902852535247803e-02
-4.802760062364674809e+02 -1.255886478446846695e+03 -6.930673648283199100e+02 2.288140000000000285e+01 4.759897664189338684e-02 -9.753237478435039520e-03 5.975146219134330750e-02 6.003902852535247803e-02
-4.786700068621598803e+02 -1.256789922558660464e+03 -6.925405231376330448e+02 2.288340000000000174e+01 7.794816512614488602e-03 -6.139538437128067017e-02 5.975146219134330750e-02 6.003902852535247803e-02
-4.771958630699597279e+02 -1.257615454270722921e+03 -6.920591246968904215e+02 2.288540000000000063e+01 -1.061142235994338989e-01 6.362714618444442749e-02 5.975146219134330750e-02 6.003902852535247803e-02
-4.882714737052588134e+02 -1.251323918739661394e+03 -6.957281649163516022e+02 2.288740000000000308e+01 1.603604294359683990e-02 6.820763647556304932e-02 5.975146219134330750e-02 6.003902852535247803e-02
-4.866770096636204244e+02 -1.252242461366061661e+03 -6.951924678237849093e+02 2.288940000000000197e+01 4.677921161055564880e-02 2.074072510004043579e-02 5.975146219134330750e-02 6.003902852535247803e-02
-4.850802232630268236e+02 -1.253157993015948477e+03 -6.946585367225280834e+02 2.289140000000000086e+01 -1.622652262449264526e-02 -6.630553305149078369e-02 5.975146219134330750e-02 6.003902852535247803e-02
-4.834811221063647508e+02 -1.254070509330170808e+03 -6.941263741548008284e+02 2.289339999999999975e+01 -1.842868886888027191e-02 2.248880825936794281e-02 5.975146219134330750e-02 6.003902852535247803e-02
-4.818797138910628064e+02 -1.254980005916231448e+03 -6.935959826822203240e+02 2.289540000000000219e+01 -4.254895448684692383e-02 -1.683405973017215729e-02 5.975146219134330750e-02 6.003902852535247803e-02
-4.802760062364674809e+02 -1.255886478446846695e+03 -6.930673648283199100e+02 2.289740000000000109e+01 -7.854814827442169189e-02 -5.243013426661491394e-02 5.975146219134330750e-02 6.003902852535247803e-02
-4.786700068621598803e+02 -1.256789922558660464e+03 -6.925405231376330448e+02 2.289939999999999998e+01 3.687300905585289001e-02 5.531148985028266907e-02 5.975146219134330750e-02 6.003902852535247803e-02
-4.771958630699597279e+02 -1.257615454270722921e+03 -6.920591246968904215e+02 2.290140000000000242e+01 4.809006676077842712e-02 4.415648989379405975e-03 5.975146219134330750e-02 6.003902852535247803e-02
-4.722232457752311348e+02 -1.260373328717227878e+03 -6.904509682156466397e+02 2.290340000000000131e+01 -3.993917256593704224e-02 -2.760536782443523407e-02 5.975146219134330750e-02 6.003902852535247803e-02
-4.706059031857834611e+02 -1.261261566240289312e+03 -6.899330449499673250e+02 2.290540000000000020e+01 -3.255020827054977417e-02 3.497239947319030762e-02 5.975146219134330750e-02 6.003902852535247803e-02
-4.689863151441595619e+02 -1.262146749627285544e+03 -6.894169128437150675e+02 2.290740000000000265e+01 -3.992519900202751160e-02 -8.654201030731201172e-02 5.975146219134330750e-02 6.003902852535247803e-02
-4.673644893730499348e+02 -1.263028874657338520e+03 -6.889025743579915115e+02 2.290940000000000154e+01 -7.344867568463087082e-03 -3.286991640925407410e-02 5.975146219134330750e-02 6.003902852535247803e-02
-4.657404336453498672e+02 -1.263907937102637334e+03 -6.883900319578907556e+02 2.291140000000000043e+01 -7.456730306148529053e-02 -4.941353574395179749e-02 5.975146219134330750e-02 6.003902852535247803e-02
-4.641141557616741125e+02 -1.264783932740951514e+03 -6.878792881052032726e+02 2.291340000000000288e+01 -9.511137381196022034e-03 1.510680746287107468e-02 5.975146219134330750e-02 6.003902852535247803e-02
-4.624856634596710023e+02 -1.265656857404437460e+03 -6.873703452299606624e+02 2.291540000000000177e+01 9.327446110546588898e-03 -8.899883367121219635e-03 5.975146219134330750e-02 6.003902852535247803e-02
-4.609909684632667677e+02 -1.266454376073053936e+03 -6.869053755422944505e+02 2.291740000000000066e+01 -4.433542862534523010e-02 1.165132671594619751e-01 5.975146219134330750e-02 6.003902852535247803e-02
-4.722232457752311348e+02 -1.260373328717227878e+03 -6.904509682156466397e+02 2.291940000000000310e+01 -4.465469345450401306e-02 -5.975859984755516052e-02 5.975146219134330750e-02 6.003902852535247803e-02
-4.706059031857834611e+02 -1.261261566240289312e+03 -6.899330449499673250e+02 2.292140000000000200e+01 -3.684709966182708740e-02 7.178807258605957031e-02 5.975146219134330750e-02 6.003902852535247803e-02
-4.689863151441595619e+02 -1.262146749627285544e+03 -6.894169128437150675e+02 2.292340000000000089e+01 4.976755008101463318e-02 3.984159603714942932e-02 5.975146219134330750e-02 6.003902852535247803e-02
-4.673644893730499348e+02 -1.263028874657338520e+03 -6.889025743579915115e+02 2.292539999999999978e+01 -4.261820018291473389e-02 2.533861063420772552e-02 5.975146219134330750e-02 6.003902852535247803e-02
-4.657404336453498672e+02 -1.263907937102637334e+03 -6.883900319578907556e+02 2.292740000000000222e+01 4.790435731410980225e-02 3.821372985839843750e-03 5.975146219134330750e-02 6.003902852535247803e-02
-4.641141557616741125e+02 -1.264783932740951514e+03 -6.878792881052032726e+02 2.292940000000000111e+01 -6.156669929623603821e-02 7.736998796463012695e-02 5.975146219134330750e-02 6.003902852535247803e-02
-4.624856634596710023e+02 -1.265656857404437460e+03 -6.873703452299606624e+02 2.293140000000000001e+01 -4.988503456115722656e-02 -2.924191206693649292e-02 5.975146219134330750e-02 6.003902852535247803e-02
-4.609909684632667677e+02 -1.266454376073053936e+03 -6.869053755422944505e+02 2.293340000000000245e+01 5.405166000127792358e-02 -3.774319961667060852e-02 5.975146219134330750e-02 6.003902852535247803e-02
