# Baseline: 10-11
# u [m], v [m], w [m], frequency [GHz], real, imag
2.373867995181016795e+03 -1.206511969217734304e+03 2.212884338996738279e+03 2.267940000000000000e+19 -2.302425680682063103e-03 -1.172485761344432831e-03
2.378585999867237661e+03 -1.202031528157730463e+03 2.210254812173914161e+03 2.268140000000000000e+19 1.605531084351241589e-03 1.235932111740112305e-03
2.383292628350840459e+03 -1.197542184400172800e+03 2.207620087881574818e+03 2.268340000000000000e+19 -3.771194256842136383e-03 -1.244762970600277185e-04
2.387987858140023036e+03 -1.193043959398688685e+03 2.204980178710519795e+03 2.268540000000000000e+19 4.581102170050144196e-03 -5.028824671171605587e-04
2.392671666764428664e+03 -1.188536874680430401e+03 2.202335097294568641e+03 2.268740000000000000e+19 -2.076323376968502998e-03 -2.752532716840505600e-03
2.397344031808628642e+03 -1.184020951815158924e+03 2.199684856292415589e+03 2.268940000000000000e+19 3.804515348747372627e-03 -7.580362726002931595e-03
2.402004930814468480e+03 -1.179496212509419593e+03 2.197029468442899542e+03 2.269140000000000000e+19 -3.652354935184121132e-03 -2.048292662948369980e-03
2.406267476594676737e+03 -1.175340919880592310e+03 2.194590917536463166e+03 2.269340000000000000e+19 -1.806229911744594574e-02 -4.794998560100793839e-03
2.373867995181016795e+03 -1.206511969217734304e+03 2.212884338996738279e+03 2.269540000000000000e+19 9.129161480814218521e-04 -2.282708883285522461e-03
2.378585999867237661e+03 -1.202031528157730463e+03 2.210254812173914161e+03 2.269740000000000000e+19 -6.278143730014562607e-03 1.685598399490118027e-03
2.383292628350840459e+03 -1.197542184400172800e+03 2.207620087881574818e+03 2.269940000000000000e+19 -1.415302976965904236e-02 -7.665368728339672089e-03
2.387987858140023036e+03 -1.193043959398688685e+03 2.204980178710519795e+03 2.270140000000000000e+19 7.168267038650810719e-04 4.004060756415128708e-03
2.392671666764428664e+03 -1.188536874680430401e+03 2.202335097294568641e+03 2.270340000000000000e+19 6.358633982017636299e-04 3.046225290745496750e-03
2.397344031808628642e+03 -1.184020951815158924e+03 2.199684856292415589e+03 2.270540000000000000e+19 7.916025817394256592e-03 3.003571182489395142e-03
2.402004930814468480e+03 -1.179496212509419593e+03 2.197029468442899542e+03 2.270740000000000000e+19 3.060566727072000504e-03 -1.705506630241870880e-02
2.406267476594676737e+03 -1.175340919880592310e+03 2.194590917536463166e+03 2.270940000000000000e+19 2.649511676281690598e-03 3.555658273398876190e-03
2.420533422171604343e+03 -1.161309523621472408e+03 2.186356702526941717e+03 2.271140000000000000e+19 6.060422165319323540e-04 -3.783662570640444756e-03
2.425136657987028684e+03 -1.156741027294634705e+03 2.183675771273933151e+03 2.271340000000000000e+19 1.522505749017000198e-02 4.810173064470291138e-03
2.429728294789334086e+03 -1.152163845051102953e+03 2.180989769770816565e+03 2.271540000000000000e+19 -2.204091846942901611e-02 1.015788782387971878e-02
2.434308310668263857e+03 -1.147577998732408332e+03 2.178298710834737903e+03 2.271740000000000000e+19 5.206598900258541107e-03 -9.261570870876312256e-03
2.438876683689151378e+03 -1.142983510301204660e+03 2.175602607353794156e+03 2.271940000000000000e+19 1.015100907534360886e-02 2.695139031857252121e-03
2.443433391988946823e+03 -1.138380401745489280e+03 2.172901472230826130e+03 2.272140000000000000e+19 -5.763630382716655731e-03 3.052949206903576851e-03
2.447978413744742284e+03 -1.133768695110691397e+03 2.170195318402245903e+03 2.272340000000000000e+19 2.371350303292274475e-03 6.340876687318086624e-03
2.452134548171276947e+03 -1.129533871914845577e+03 2.167710343209839266e+03 2.272540000000000000e+19 6.296290084719657898e-03 -1.789073273539543152e-02
2.420533422171604343e+03 -1.161309523621472408e+03 2.186356702526941717e+03 2.272740000000000000e+19 -8.129109628498554230e-03 4.911709576845169067e-03
2.425136657987028684e+03 -1.156741027294634705e+03 2.183675771273933151e+03 2.272940000000000000e+19 -1.522491220384836197e-03 2.373661659657955170e-02
2.429728294789334086e+03 -1.152163845051102953e+03 2.180989769770816565e+03 2.273140000000000000e+19 -8.339960128068923950e-03 -9.142109192907810211e-03
2.434308310668263857e+03 -1.147577998732408332e+03 2.178298710834737903e+03 2.273340000000000000e+19 1.464904192835092545e-02 -1.638359203934669495e-02
2.438876683689151378e+03 -1.142983510301204660e+03 2.175602607353794156e+03 2.273540000000000000e+19 -1.211120281368494034e-02 1.047798246145248413e-02
2.443433391988946823e+03 -1.138380401745489280e+03 2.172901472230826130e+03 2.273740000000000000e+19 -5.108647979795932770e-03 -6.711485330015420914e-03
2.447978413744742284e+03 -1.133768695110691397e+03 2.170195318402245903e+03 2.273940000000000000e+19 -7.595564238727092743e-03 1.841579191386699677e-02
2.452134548171276947e+03 -1.129533871914845577e+03 2.167710343209839266e+03 2.274140000000000000e+19 -2.831671154126524925e-03 1.124176103621721268e-02
2.466041201396161341e+03 -1.115236329546557727e+03 2.159320775258682716e+03 2.274340000000000000e+19 -1.506086066365242004e-02 3.443867899477481842e-03
2.470527465348865462e+03 -1.110581964327995820e+03 2.156589722606990563e+03 2.274540000000000000e+19 -1.064782496541738510e-03 1.626411802135407925e-03
2.475001913155299462e+03 -1.105919134001765315e+03 2.153853729275569549e+03 2.274740000000000000e+19 1.427089981734752655e-02 1.679072156548500061e-02
2.479464523324029415e+03 -1.101247860964159372e+03 2.151112808405823216e+03 2.274940000000000000e+19 -1.041235169395804405e-03 1.580442488193511963e-02
2.483915274591275193e+03 -1.096568167472930554e+03 2.148366973057741689e+03 2.275140000000000000e+19 -3.455151163507252932e-04 4.161919932812452316e-03
2.488354145517530924e+03 -1.091880076070647192e+03 2.145616236458304684e+03 2.275340000000000000e+19 1.557323522865772247e-02 -1.425021979957818985e-02
2.492781114967996018e+03 -1.087183609079156668e+03 2.142860611704858002e+03 2.275540000000000000e+19 9.183641523122787476e-03 -1.709507592022418976e-02
2.496828849054943021e+03 -1.082871281970316886e+03 2.140330401458586493e+03 2.275740000000000000e+19 -3.568245330825448036e-03 6.395232630893588066e-04
2.466041201396161341e+03 -1.115236329546557727e+03 2.159320775258682716e+03 2.275940000000000000e+19 -2.388454042375087738e-02 -3.957564011216163635e-02
2.470527465348865462e+03 -1.110581964327995820e+03 2.156589722606990563e+03 2.276140000000000000e+19 2.142844907939434052e-02 2.828238066285848618e-03
2.475001913155299462e+03 -1.105919134001765315e+03 2.153853729275569549e+03 2.276340000000000000e+19 -2.133210375905036926e-02 -8.529586717486381531e-03
2.479464523324029415e+03 -1.101247860964159372e+03 2.151112808405823216e+03 2.276540000000000000e+19 1.631061313673853874e-03 -3.897186368703842163e-02
2.483915274591275193e+03 -1.096568167472930554e+03 2.148366973057741689e+03 2.276740000000000000e+19 4.931509960442781448e-03 -2.087536826729774475e-02
2.488354145517530924e+03 -1.091880076070647192e+03 2.145616236458304684e+03 2.276940000000000000e+19 -1.487939991056919098e-02 -3.719705622643232346e-03
2.492781114967996018e+03 -1.087183609079156668e+03 2.142860611704858002e+03 2.277140000000000000e+19 3.492669202387332916e-03 -3.048459999263286591e-03
2.496828849054943021e+03 -1.082871281970316886e+03 2.140330401458586493e+03 2.277340000000000000e+19 1.199436490423977375e-03 -9.323295205831527710e-03
2.510369554833564962e+03 -1.068314435668186661e+03 2.131789495446422734e+03 2.277540000000000000e+19 7.722342852503061295e-03 3.553417976945638657e-03
2.514736700114102860e+03 -1.063576428816447105e+03 2.129009628290393266e+03 2.277740000000000000e+19 6.460419856011867523e-03 -9.725336916744709015e-03
2.519091817582628664e+03 -1.058830181911678437e+03 2.126224952503579971e+03 2.277940000000000000e+19 4.863910842686891556e-03 7.441513007506728172e-04
2.523434886502887366e+03 -1.054075717552459309e+03 2.123435481344826258e+03 2.278140000000000000e+19 1.600277610123157501e-02 -2.752190269529819489e-02
2.527765885969120518e+03 -1.049313058624908308e+03 2.120641228241552653e+03 2.278340000000000000e+19 -6.133409217000007629e-03 3.320357948541641235e-02
2.532084795375008525e+03 -1.044542227789173467e+03 2.117842206488480315e+03 2.278540000000000000e+19 3.736658394336700439e-02 9.111616760492324829e-03
2.536391593931075022e+03 -1.039763248010142888e+03 2.115038429558998814e+03 2.278740000000000000e+19 9.593905881047248840e-03 2.999602584168314934e-03
2.540328990778426032e+03 -1.035375480504627831e+03 2.112464195004865815e+03 2.278940000000000000e+19 3.073238395154476166e-02 2.688303403556346893e-02
2.510369554833564962e+03 -1.068314435668186661e+03 2.131789495446422734e+03 2.279140000000000000e+19 -1.081398129463195801e-02 1.558050140738487244e-02
2.514736700114102860e+03 -1.063576428816447105e+03 2.129009628290393266e+03 2.279340000000000000e+19 -5.970713682472705841e-03 -1.195222884416580200e-02
2.519091817582628664e+03 -1.058830181911678437e+03 2.126224952503579971e+03 2.279540000000000000e+19 -2.020666748285293579e-02 -2.894303388893604279e-02
2.523434886502887366e+03 -1.054075717552459309e+03 2.123435481344826258e+03 2.279740000000000000e+19 -1.739142276346683502e-02 1.078522391617298126e-02
2.527765885969120518e+03 -1.049313058624908308e+03 2.120641228241552653e+03 2.279940000000000000e+19 1.170909591019153595e-02 1.165383961051702499e-02
2.532084795375008525e+03 -1.044542227789173467e+03 2.117842206488480315e+03 2.280140000000000000e+19 -8.405603468418121338e-03 -2.719533629715442657e-02
2.536391593931075022e+03 -1.039763248010142888e+03 2.115038429558998814e+03 2.280340000000000000e+19 -1.353927981108427048e-02 4.334601107984781265e-03
2.540328990778426032e+03 -1.035375480504627831e+03 2.112464195004865815e+03 2.280540000000000000e+19 7.371030747890472412e-03 -2.805306948721408844e-02
2.552788424953310823e+03 -1.021368746367498716e+03 2.104246808137329481e+03 2.280740000000000000e+19 -6.132476497441530228e-03 2.161111449822783470e-03
2.557036398557446773e+03 -1.016550702773900412e+03 2.101420237203966735e+03 2.280940000000000000e+19 6.147844716906547546e-03 -4.741817247122526169e-03
2.561272141974937767e+03 -1.011724644113842373e+03 2.098588989636619772e+03 2.281140000000000000e+19 -6.142002064734697342e-03 3.744849527720361948e-04
2.565495634861041253e+03 -1.006890593567727592e+03 2.095753079034271195e+03 2.281340000000000000e+19 2.951917238533496857e-03 -1.307686557993292809e-03
2.569706857121058874e+03 -1.002048574135453237e+03 2.092912518889886542e+03 2.281540000000000000e+19 -1.861052820459008217e-03 2.276247832924127579e-03
2.573905788498420861e+03 -9.971986091076345247e+02 2.090067322866862924e+03 2.281740000000000000e+19 1.839714823290705681e-03 -8.755857707001268864e-04
2.578092408956887084e+03 -9.923407216275159044e+02 2.087217504542016286e+03 2.281940000000000000e+19 -1.322904042899608612e-02 3.004972822964191437e-03
2.581919469645271874e+03 -9.878808186518577941e+02 2.084601180706682953e+03 2.282140000000000000e+19 1.252302154898643494e-02 -5.540367681533098221e-03
2.552788424953310823e+03 -1.021368746367498716e+03 2.104246808137329481e+03 2.282340000000000000e+19 -2.061329782009124756e-03 -6.953958421945571899e-03
2.557036398557446773e+03 -1.016550702773900412e+03 2.101420237203966735e+03 2.282540000000000000e+19 3.308950690552592278e-03 -7.131111342459917068e-03
2.561272141974937767e+03 -1.011724644113842373e+03 2.098588989636619772e+03 2.282740000000000000e+19 -1.937966095283627510e-03 1.758774858899414539e-03
2.565495634861041253e+03 -1.006890593567727592e+03 2.095753079034271195e+03 2.282940000000000000e+19 -1.510409824550151825e-02 2.504273084923624992e-03
2.569706857121058874e+03 -1.002048574135453237e+03 2.092912518889886542e+03 2.283140000000000000e+19 -1.551179739180952311e-04 -4.416815470904111862e-03
2.573905788498420861e+03 -9.971986091076345247e+02 2.090067322866862924e+03 2.283340000000000000e+19 6.344357505440711975e-03 1.348865032196044922e-02
2.578092408956887084e+03 -9.923407216275159044e+02 2.087217504542016286e+03 2.283540000000000000e+19 7.067882455885410309e-03 -9.499174193479120731e-04
2.581919469645271874e+03 -9.878808186518577941e+02 2.084601180706682953e+03 2.283740000000000000e+19 1.205288060009479523e-02 -1.409675809554755688e-03
2.594715381634466212e+03 -9.728304128737154315e+02 2.075772281413681412e+03 2.283940000000000000e+19 -7.008155342191457748e-03 4.381689708679914474e-03
2.598840148023231450e+03 -9.679332627508343876e+02 2.072899556676808515e+03 2.284140000000000000e+19 1.444127876311540604e-02 3.032717853784561157e-03
2.602952484221146733e+03 -9.630283301635762427e+02 2.070022291758480605e+03 2.284340000000000000e+19 -1.041575893759727478e-02 -4.961654543876647949e-03
2.607052370418770806e+03 -9.581156387394225931e+02 2.067140500518737554e+03 2.284540000000000000e+19 -2.216081833466887474e-03 1.291192602366209030e-02
2.611139787095109114e+03 -9.531952118694611045e+02 2.064254196678827157e+03 2.284740000000000000e+19 -1.347204577177762985e-02 1.324702752754092216e-03
2.615214714660205573e+03 -9.482670731357193290e+02 2.061363394071884613e+03 2.284940000000000000e+19 -3.157547907903790474e-03 8.449562592431902885e-04
2.619277133555867294e+03 -9.433312461916933671e+02 2.058468106572846409e+03 2.285140000000000000e+19 -2.001142594963312149e-03 -1.547000557184219360e-02
2.622990172190195153e+03 -9.388001017079361645e+02 2.055810221743166949e+03 2.285340000000000000e+19 -2.240486210212111473e-03 -1.379736699163913727e-02
2.594715381634466212e+03 -9.728304128737154315e+02 2.075772281413681412e+03 2.285540000000000000e+19 1.143092289566993713e-02 -1.040317025035619736e-02
2.598840148023231450e+03 -9.679332627508343876e+02 2.072899556676808515e+03 2.285740000000000000e+19 -4.431575071066617966e-03 5.088438745588064194e-03
2.602952484221146733e+03 -9.630283301635762427e+02 2.070022291758480605e+03 2.285940000000000000e+19 9.267358109354972839e-03 5.588824278675019741e-04
2.607052370418770806e+03 -9.581156387394225931e+02 2.067140500518737554e+03 2.286140000000000000e+19 8.348038420081138611e-03 3.714621125254780054e-04
2.611139787095109114e+03 -9.531952118694611045e+02 2.064254196678827157e+03 2.286340000000000000e+19 1.110255718231201172e-03 1.151663996279239655e-02
2.615214714660205573e+03 -9.482670731357193290e+02 2.061363394071884613e+03 2.286540000000000000e+19 -9.813362732529640198e-03 -9.585216641426086426e-03
2.619277133555867294e+03 -9.433312461916933671e+02 2.058468106572846409e+03 2.286740000000000000e+19 -5.316114518791437149e-03 -2.999204210937023163e-03
2.622990172190195153e+03 -9.388001017079361645e+02 2.055810221743166949e+03 2.286940000000000000e+19 5.566828418523073196e-03 5.730285309255123138e-03
2.635401334980698721e+03 -9.235115287282070540e+02 2.046842384766400755e+03 2.287140000000000000e+19 -1.023596245795488358e-02 -1.605442166328430176e-02
2.639400920346604835e+03 -9.185376154967869979e+02 2.043924880904231259e+03 2.287340000000000000e+19 -1.403956394642591476e-02 1.236794982105493546e-02
2.643387881295374427e+03 -9.135561563331043544e+02 2.041002975606520295e+03 2.287540000000000000e+19 9.036285802721977234e-03 1.059777941554784775e-02
2.647362198843770784e+03 -9.085671749557241128e+02 2.038076682785542971e+03 2.287740000000000000e+19 1.626743003726005554e-02 1.272297091782093048e-02
2.651323853861003499e+03 -9.035706953795929621e+02 2.035146016527298343e+03 2.287940000000000000e+19 1.103056687861680984e-02 1.499406062066555023e-02
2.655272827498017705e+03 -8.985667413774549459e+02 2.032210990775554592e+03 2.288140000000000000e+19 1.800907216966152191e-02 1.248673722147941589e-02
2.659209100746178592e+03 -8.935553370362978285e+02 2.029271619658382178e+03 2.288340000000000000e+19 -2.099251374602317810e-02 1.060141436755657196e-02
2.662806340447522871e+03 -8.889551194326838868e+02 2.026573445770971830e+03 2.288540000000000000e+19 3.990198019891977310e-03 -3.664757823571562767e-03
2.635401334980698721e+03 -9.235115287282070540e+02 2.046842384766400755e+03 2.288740000000000000e+19 -1.858004368841648102e-02 4.930067807435989380e-03
2.639400920346604835e+03 -9.185376154967869979e+02 2.043924880904231259e+03 2.288940000000000000e+19 -1.677795313298702240e-02 -3.743859939277172089e-03
2.643387881295374427e+03 -9.135561563331043544e+02 2.041002975606520295e+03 2.289140000000000000e+19 -1.460598129779100418e-02 -6.020462606102228165e-03
2.647362198843770784e+03 -9.085671749557241128e+02 2.038076682785542971e+03 2.289340000000000000e+19 9.757047519087791443e-03 -9.537086822092533112e-03
2.651323853861003499e+03 -9.035706953795929621e+02 2.035146016527298343e+03 2.289540000000000000e+19 -1.866911165416240692e-02 5.182762164622545242e-03
2.655272827498017705e+03 -8.985667413774549459e+02 2.032210990775554592e+03 2.289740000000000000e+19 2.612661197781562805e-02 3.700172994285821915e-03
2.659209100746178592e+03 -8.935553370362978285e+02 2.029271619658382178e+03 2.289940000000000000e+19 1.132670231163501740e-02 -1.479030959308147430e-02
2.662806340447522871e+03 -8.889551194326838868e+02 2.026573445770971830e+03 2.290140000000000000e+19 -2.422012016177177429e-02 1.393124833703041077e-02
2.674826814677482162e+03 -8.734356956239922738e+02 2.017470962685808672e+03 2.290340000000000000e+19 2.500330284237861633e-02 -2.174543216824531555e-03
2.678699304933030817e+03 -8.683873996620560547e+02 2.014510075935966825e+03 2.290540000000000000e+19 -1.748528517782688141e-02 -5.265832412987947464e-03
2.682558982715134789e+03 -8.633317977571044821e+02 2.011544928512479373e+03 2.290740000000000000e+19 -5.815684329718351364e-03 1.608635415323078632e-03
2.686405829619470296e+03 -8.582689140157904149e+02 2.008575534554077194e+03 2.290940000000000000e+19 -8.394308388233184814e-03 -9.692343883216381073e-05
2.690239827209059968e+03 -8.531987727029063535e+02 2.005601908292128201e+03 2.291140000000000000e+19 3.384836018085479736e-03 1.279244665056467056e-02
2.694060957068816606e+03 -8.481213981712062377e+02 2.002624064009471795e+03 2.291340000000000000e+19 -6.493099033832550049e-03 4.017353989183902740e-03
2.697869201018441800e+03 -8.430368145782791771e+02 1.999642015874367416e+03 2.291540000000000000e+19 -1.210654247552156448e-02 5.404285620898008347e-03
2.701348919721400307e+03 -8.383697261069140723e+02 1.996904844620534732e+03 2.291740000000000000e+19 1.647334359586238861e-02 -3.734952583909034729e-02
2.674826814677482162e+03 -8.734356956239922738e+02 2.017470962685808672e+03 2.291940000000000000e+19 1.527099031955003738e-02 -1.036052778363227844e-02
2.678699304933030817e+03 -8.683873996620560547e+02 2.014510075935966825e+03 2.292140000000000000e+19 -3.111930098384618759e-03 -1.267306040972471237e-02
2.682558982715134789e+03 -8.633317977571044821e+02 2.011544928512479373e+03 2.292340000000000000e+19 -1.289224904030561447e-02 -2.598519623279571533e-02
2.686405829619470296e+03 -8.582689140157904149e+02 2.008575534554077194e+03 2.292540000000000000e+19 1.162766665220260620e-02 -1.517639961093664169e-02
2.690239827209059968e+03 -8.531987727029063535e+02 2.005601908292128201e+03 2.292740000000000000e+19 1.669394224882125854e-02 2.149087376892566681e-02
2.694060957068816606e+03 -8.481213981712062377e+02 2.002624064009471795e+03 2.292940000000000000e+19 1.306842826306819916e-02 -9.383368305861949921e-03
2.697869201018441800e+03 -8.430368145782791771e+02 1.999642015874367416e+03 2.293140000000000000e+19 -2.011618949472904205e-02 6.017133127897977829e-03
2.701348919721400307e+03 -8.383697261069140723e+02 1.996904844620534732e+03 2.293340000000000000e+19 -6.498656701296567917e-03 2.088944986462593079e-02
