# Baseline: 17-18
# u [m], v [m], w [m], frequency [GHz], real, imag
1.365702179927791803e+03 8.173739698821919774e+03 2.396574024289865520e+03 2.267940000000000000e+19 -7.675185054540634155e-02 -1.355437636375427246e-01
1.352917160113608361e+03 8.176299892496233952e+03 2.395091937294803756e+03 2.268140000000000000e+19 1.643943339586257935e-01 8.692043274641036987e-02
1.340125699492085459e+03 8.178835947560303794e+03 2.393623991924125221e+03 2.268340000000000000e+19 5.329165235161781311e-02 -1.148213669657707214e-01
1.327327859190743538e+03 8.181347851895088752e+03 2.392170195192658412e+03 2.268540000000000000e+19 -6.421396136283874512e-02 5.918850004673004150e-02
1.317725525018220878e+03 8.183216679386504438e+03 2.391088694336733170e+03 2.268740000000000000e+19 -2.366119250655174255e-02 -1.795421093702316284e-01
1.301713284566894572e+03 8.186299160405775183e+03 2.389305075410260088e+03 2.268940000000000000e+19 -3.858612477779388428e-02 -1.740259304642677307e-02
1.288896673096844097e+03 8.188738540835008280e+03 2.387893766100477023e+03 2.269140000000000000e+19 -2.081812471151351929e-01 -1.303272843360900879e-01
1.272867534260418779e+03 8.191754717321293356e+03 2.386148990689146558e+03 2.269340000000000000e+19 -3.298072516918182373e-02 -7.202536612749099731e-02
1.365702179927791803e+03 8.173739698821919774e+03 2.396574024289865520e+03 2.269540000000000000e+19 -8.761460334062576294e-02 -1.936127543449401855e-01
1.352917160113608361e+03 8.176299892496233952e+03 2.395091937294803756e+03 2.269740000000000000e+19 3.524264320731163025e-02 5.082270875573158264e-02
1.340125699492085459e+03 8.178835947560303794e+03 2.393623991924125221e+03 2.269940000000000000e+19 -1.055796071887016296e-02 -1.579133868217468262e-01
1.327327859190743538e+03 8.181347851895088752e+03 2.392170195192658412e+03 2.270140000000000000e+19 2.510108426213264465e-02 7.205783575773239136e-02
1.317725525018220878e+03 8.183216679386504438e+03 2.391088694336733170e+03 2.270340000000000000e+19 -5.311897769570350647e-02 5.839169491082429886e-03
1.301713284566894572e+03 8.186299160405775183e+03 2.389305075410260088e+03 2.270540000000000000e+19 4.651604592800140381e-02 4.381402581930160522e-02
1.288896673096844097e+03 8.188738540835008280e+03 2.387893766100477023e+03 2.270740000000000000e+19 3.329823911190032959e-02 1.653131213970482349e-03
1.272867534260418779e+03 8.191754717321293356e+03 2.386148990689146558e+03 2.270940000000000000e+19 -9.071437269449234009e-02 -1.060799583792686462e-01
1.237569495823609486e+03 8.198253966358126490e+03 2.382390355999729763e+03 2.271140000000000000e+19 -1.322970446199178696e-02 2.864288538694381714e-02
1.224722825749575122e+03 8.200572241758043674e+03 2.381049993186810752e+03 2.271340000000000000e+19 3.394538164138793945e-02 -1.720451563596725464e-02
1.211870328462465750e+03 8.202866262371870107e+03 2.379723839207504170e+03 2.271540000000000000e+19 -6.361231207847595215e-03 5.747946724295616150e-02
1.199012065291963609e+03 8.205136017253256796e+03 2.378411900389764469e+03 2.271740000000000000e+19 -7.534068077802658081e-02 -8.548250189051032066e-04
1.186148097819135501e+03 8.207381495531901237e+03 2.377114183016693460e+03 2.271940000000000000e+19 -2.819762006402015686e-02 -1.485633701086044312e-01
1.173278487607532270e+03 8.209602686461461417e+03 2.375830693298827555e+03 2.272140000000000000e+19 9.990719147026538849e-03 4.005486518144607544e-02
1.160403296292628966e+03 8.211799579404501856e+03 2.374561437382854820e+03 2.272340000000000000e+19 3.116375766694545746e-02 3.989365696907043457e-02
1.148596256780899012e+03 8.213792353475939308e+03 2.373410280603471165e+03 2.272540000000000000e+19 -1.013496220111846924e-01 8.678378909826278687e-02
1.237569495823609486e+03 8.198253966358126490e+03 2.382390355999729763e+03 2.272740000000000000e+19 2.023544162511825562e-02 -7.851013541221618652e-02
1.224722825749575122e+03 8.200572241758043674e+03 2.381049993186810752e+03 2.272940000000000000e+19 1.354830116033554077e-01 4.376480355858802795e-02
1.211870328462465750e+03 8.202866262371870107e+03 2.379723839207504170e+03 2.273140000000000000e+19 -7.533248513936996460e-02 -1.216507554054260254e-01
1.199012065291963609e+03 8.205136017253256796e+03 2.378411900389764469e+03 2.273340000000000000e+19 -3.762182965874671936e-02 -8.638779819011688232e-02
1.186148097819135501e+03 8.207381495531901237e+03 2.377114183016693460e+03 2.273540000000000000e+19 -3.675345703959465027e-02 -1.808095872402191162e-01
1.173278487607532270e+03 8.209602686461461417e+03 2.375830693298827555e+03 2.273740000000000000e+19 2.531642094254493713e-02 1.143092871643602848e-03
1.160403296292628966e+03 8.211799579404501856e+03 2.374561437382854820e+03 2.273940000000000000e+19 -1.030333489179611206e-01 -7.112245261669158936e-02
1.148596256780899012e+03 8.213792353475939308e+03 2.373410280603471165e+03 2.274140000000000000e+19 -1.107615008950233459e-01 -1.888401247560977936e-02
1.108847952022214258e+03 8.220343962902430576e+03 2.369626872131563232e+03 2.274340000000000000e+19 7.070191949605941772e-02 -3.952416405081748962e-02
1.095945779794702503e+03 8.222419210565392859e+03 2.368428874957874996e+03 2.274540000000000000e+19 -9.246186167001724243e-02 5.227278918027877808e-02
1.083038396378272864e+03 8.224470098934776615e+03 2.367245146992016089e+03 2.274740000000000000e+19 -4.995739832520484924e-02 -7.230505347251892090e-02
1.070125863769048010e+03 8.226496618159864738e+03 2.366075693919572586e+03 2.274940000000000000e+19 -2.114212885499000549e-02 2.647803537547588348e-02
1.057208243493097598e+03 8.228498758584262760e+03 2.364920521312973506e+03 2.275140000000000000e+19 4.301003739237785339e-02 3.987744078040122986e-02
1.044285597775731276e+03 8.230476510563741613e+03 2.363779634736600656e+03 2.275340000000000000e+19 -2.314596809446811676e-02 6.843421608209609985e-02
1.031357988146365187e+03 8.232429864682000698e+03 2.362653039622309734e+03 2.275540000000000000e+19 8.680123835802078247e-02 -8.486700803041458130e-02
1.019503433395824686e+03 8.234199309277706561e+03 2.361632704628193551e+03 2.275740000000000000e+19 2.691117860376834869e-02 8.566838502883911133e-02
1.108847952022214258e+03 8.220343962902430576e+03 2.369626872131563232e+03 2.275940000000000000e+19 4.091404378414154053e-03 4.121819511055946350e-02
1.095945779794702503e+03 8.222419210565392859e+03 2.368428874957874996e+03 2.276140000000000000e+19 -1.596934199333190918e-01 -2.463334798812866211e-02
1.083038396378272864e+03 8.224470098934776615e+03 2.367245146992016089e+03 2.276340000000000000e+19 6.291109323501586914e-02 3.140273690223693848e-02
1.070125863769048010e+03 8.226496618159864738e+03 2.366075693919572586e+03 2.276540000000000000e+19 2.878903783857822418e-02 5.752748250961303711e-02
1.057208243493097598e+03 8.228498758584262760e+03 2.364920521312973506e+03 2.276740000000000000e+19 1.892632059752941132e-02 -1.253342181444168091e-01
1.044285597775731276e+03 8.230476510563741613e+03 2.363779634736600656e+03 2.276940000000000000e+19 -8.846485614776611328e-02 6.109487265348434448e-02
1.031357988146365187e+03 8.232429864682000698e+03 2.362653039622309734e+03 2.277140000000000000e+19 -2.077645855024456978e-03 4.984397813677787781e-02
1.019503433395824686e+03 8.234199309277706561e+03 2.361632704628193551e+03 2.277340000000000000e+19 1.554860454052686691e-02 -1.818873919546604156e-02
9.795991491221270735e+02 8.239999117193256097e+03 2.358289680669648078e+03 2.277540000000000000e+19 6.780873239040374756e-02 -4.192550852894783020e-02
9.666476488246647705e+02 8.241830344056521426e+03 2.357234622406073868e+03 2.277740000000000000e+19 1.766435056924819946e-01 -5.720332264900207520e-02
9.536915563954348727e+02 8.243637118689644922e+03 2.356193886945791292e+03 2.277940000000000000e+19 -3.023387119174003601e-02 -1.163710281252861023e-01
9.407309335230099805e+02 8.245419432489914470e+03 2.355167479244078550e+03 2.278140000000000000e+19 -7.661598734557628632e-03 6.631334871053695679e-02
9.277658425946525540e+02 8.247177276878042903e+03 2.354155404241587348e+03 2.278340000000000000e+19 -4.215395078063011169e-02 -2.682015486061573029e-02
9.147963452966340583e+02 8.248910643490462462e+03 2.353157666753588273e+03 2.278540000000000000e+19 1.979349181056022644e-02 -6.152958376333117485e-04
9.018225040589328501e+02 8.250619523983459658e+03 2.352174271582744495e+03 2.278740000000000000e+19 -2.078080363571643829e-02 4.313782323151826859e-03
8.899261066559428173e+02 8.252164792400151782e+03 2.351285246614864718e+03 2.278940000000000000e+19 1.018471568822860718e-01 -4.337029904127120972e-02
9.795991491221270735e+02 8.239999117193256097e+03 2.358289680669648078e+03 2.279140000000000000e+19 -4.583026841282844543e-02 4.920119419693946838e-02
9.666476488246647705e+02 8.241830344056521426e+03 2.357234622406073868e+03 2.279340000000000000e+19 2.294621802866458893e-02 3.026430262252688408e-03
9.536915563954348727e+02 8.243637118689644922e+03 2.356193886945791292e+03 2.279540000000000000e+19 7.049734890460968018e-02 6.044057011604309082e-02
9.407309335230099805e+02 8.245419432489914470e+03 2.355167479244078550e+03 2.279740000000000000e+19 -8.169864118099212646e-02 -5.888505652546882629e-02
9.277658425946525540e+02 8.247177276878042903e+03 2.354155404241587348e+03 2.279940000000000000e+19 4.477383196353912354e-02 -8.481541648507118225e-03
9.147963452966340583e+02 8.248910643490462462e+03 2.353157666753588273e+03 2.280140000000000000e+19 -5.672692507505416870e-02 1.408351864665746689e-02
9.018225040589328501e+02 8.250619523983459658e+03 2.352174271582744495e+03 2.280340000000000000e+19 -1.245628967881202698e-01 9.734116494655609131e-02
8.899261066559428173e+02 8.252164792400151782e+03 2.351285246614864718e+03 2.280540000000000000e+19 3.967813029885292053e-02 3.214577957987785339e-02
8.520503209224632428e+02 8.256943250292933953e+03 2.348537539473714332e+03 2.280740000000000000e+19 -2.061201259493827820e-02 4.624268412590026855e-02
8.390563586206152422e+02 8.258533668164471237e+03 2.347623530532904169e+03 2.280940000000000000e+19 2.968819625675678253e-02 -1.007371842861175537e-01
8.260584146247546187e+02 8.260099553892894619e+03 2.346723890376953932e+03 2.281140000000000000e+19 9.533829241991043091e-02 7.594421505928039551e-02
8.130565513660217221e+02 8.261640899957337751e+03 2.345838623326746529e+03 2.281340000000000000e+19 -2.484353817999362946e-02 -8.593870699405670166e-02
8.000508307056805961e+02 8.263157699024539397e+03 2.344967733594082347e+03 2.281540000000000000e+19 -3.921307623386383057e-02 9.339122474193572998e-02
7.870413152027293791e+02 8.264649943798298409e+03 2.344111225368134455e+03 2.281740000000000000e+19 2.300727665424346924e-01 1.839779131114482880e-02
7.740280669361120545e+02 8.266117627158368123e+03 2.343269102735695924e+03 2.281940000000000000e+19 4.578320309519767761e-02 9.807662665843963623e-02
7.620960762227192618e+02 8.267441733909559844e+03 2.342509614537820653e+03 2.282140000000000000e+19 7.756277173757553101e-02 1.823679171502590179e-02
8.520503209224632428e+02 8.256943250292933953e+03 2.348537539473714332e+03 2.282340000000000000e+19 1.854997943155467510e-03 1.876703798770904541e-01
8.390563586206152422e+02 8.258533668164471237e+03 2.347623530532904169e+03 2.282540000000000000e+19 1.138393133878707886e-01 -1.063887178897857666e-01
8.260584146247546187e+02 8.260099553892894619e+03 2.346723890376953932e+03 2.282740000000000000e+19 -7.743474096059799194e-02 9.665413200855255127e-02
8.130565513660217221e+02 8.261640899957337751e+03 2.345838623326746529e+03 2.282940000000000000e+19 1.110263690352439880e-01 1.807149127125740051e-02
8.000508307056805961e+02 8.263157699024539397e+03 2.344967733594082347e+03 2.283140000000000000e+19 -1.727770082652568817e-02 -8.828759938478469849e-02
7.870413152027293791e+02 8.264649943798298409e+03 2.344111225368134455e+03 2.283340000000000000e+19 5.792609974741935730e-02 1.009750217199325562e-01
7.740280669361120545e+02 8.266117627158368123e+03 2.343269102735695924e+03 2.283540000000000000e+19 -1.655078232288360596e-01 -7.739055901765823364e-02
7.620960762227192618e+02 8.267441733909559844e+03 2.342509614537820653e+03 2.283740000000000000e+19 -1.362902522087097168e-01 6.123051792383193970e-02
7.219389924618657233e+02 8.271742607698970460e+03 2.340044547738194979e+03 2.283940000000000000e+19 -3.516551852226257324e-02 -3.009783290326595306e-02
7.089080152561375598e+02 8.273087380943528842e+03 2.339274412170754204e+03 2.284140000000000000e+19 8.425473235547542572e-03 5.639491230249404907e-02
6.958736790305183604e+02 8.274407552413340454e+03 2.338518685333859594e+03 2.284340000000000000e+19 -4.629551246762275696e-02 -3.569088503718376160e-02
6.828360465724852020e+02 8.275703115749049175e+03 2.337777370867862373e+03 2.284540000000000000e+19 7.486163824796676636e-02 1.363244503736495972e-01
6.697951799588486210e+02 8.276974064782032656e+03 2.337050472302381422e+03 2.284740000000000000e+19 1.686803065240383148e-02 4.988354817032814026e-02
6.567511416905510941e+02 8.278220393420628170e+03 2.336337993121417185e+03 2.284940000000000000e+19 1.357602775096893311e-01 -9.846831858158111572e-02
6.437039943746636936e+02 8.279442095683050866e+03 2.335639936744493298e+03 2.285140000000000000e+19 -3.449024260044097900e-02 1.156509146094322205e-01
6.317414693725525012e+02 8.280540664525784450e+03 2.335012540907239782e+03 2.285340000000000000e+19 -3.380082175135612488e-02 -6.092245131731033325e-02
7.219389924618657233e+02 8.271742607698970460e+03 2.340044547738194979e+03 2.285540000000000000e+19 -6.704105436801910400e-02 -1.063866317272186279e-01
7.089080152561375598e+02 8.273087380943528842e+03 2.339274412170754204e+03 2.285740000000000000e+19 6.462628394365310669e-02 2.085619419813156128e-02
6.958736790305183604e+02 8.274407552413340454e+03 2.338518685333859594e+03 2.285940000000000000e+19 -1.219884529709815979e-01 4.614507406949996948e-02
6.828360465724852020e+02 8.275703115749049175e+03 2.337777370867862373e+03 2.286140000000000000e+19 5.153727531433105469e-02 9.043654799461364746e-02
6.697951799588486210e+02 8.276974064782032656e+03 2.337050472302381422e+03 2.286340000000000000e+19 -7.953364402055740356e-02 -5.570188164710998535e-02
6.567511416905510941e+02 8.278220393420628170e+03 2.336337993121417185e+03 2.286540000000000000e+19 -3.221183316782116890e-03 -1.090407520532608032e-01
6.437039943746636936e+02 8.279442095683050866e+03 2.335639936744493298e+03 2.286740000000000000e+19 -3.078471170738339424e-03 2.049250900745391846e-02
6.317414693725525012e+02 8.280540664525784450e+03 2.335012540907239782e+03 2.286940000000000000e+19 -1.323802955448627472e-02 8.418269455432891846e-02
5.914855621574185989e+02 8.284082525950418130e+03 2.332992004971660663e+03 2.287140000000000000e+19 2.411857619881629944e-02 9.162215888500213623e-02
5.784238057216102789e+02 8.285181011063514234e+03 2.332366111301424553e+03 2.287340000000000000e+19 1.420754045248031616e-01 -1.011538505554199219e-01
5.653593150924308475e+02 8.286254836490767048e+03 2.331754659442224238e+03 2.287540000000000000e+19 -3.476696833968162537e-02 -1.188873052597045898e-01
5.522921524745858051e+02 8.287303997119488486e+03 2.331157652305266765e+03 2.287740000000000000e+19 -3.213861957192420959e-02 -2.020460553467273712e-02
5.392223807681555172e+02 8.288328487899376341e+03 2.330575092764302099e+03 2.287940000000000000e+19 4.460304602980613708e-02 -1.560200564563274384e-02
5.261500621577540642e+02 8.289328303956061063e+03 2.330006983591038988e+03 2.288140000000000000e+19 3.684403002262115479e-02 -9.091044962406158447e-02
5.130752595680093009e+02 8.290303440477026015e+03 2.329453327519969207e+03 2.288340000000000000e+19 -1.125872880220413208e-01 -2.014857903122901917e-02
5.010879249640052535e+02 8.291175945690963999e+03 2.328958324280585202e+03 2.288540000000000000e+19 -3.381467610597610474e-02 4.337967932224273682e-02
5.914855621574185989e+02 8.284082525950418130e+03 2.332992004971660663e+03 2.288740000000000000e+19 1.866447925567626953e-02 3.201049985364079475e-03
5.784238057216102789e+02 8.285181011063514234e+03 2.332366111301424553e+03 2.288940000000000000e+19 4.661690443754196167e-02 -3.757091984152793884e-02
5.653593150924308475e+02 8.286254836490767048e+03 2.331754659442224238e+03 2.289140000000000000e+19 1.006557494401931763e-01 4.544072970747947693e-02
5.522921524745858051e+02 8.287303997119488486e+03 2.331157652305266765e+03 2.289340000000000000e+19 -1.090357452630996704e-01 1.555904746055603027e-02
5.392223807681555172e+02 8.288328487899376341e+03 2.330575092764302099e+03 2.289540000000000000e+19 7.387317717075347900e-02 8.378596603870391846e-02
5.261500621577540642e+02 8.289328303956061063e+03 2.330006983591038988e+03 2.289740000000000000e+19 2.657494507730007172e-02 4.472044110298156738e-02
5.130752595680093009e+02 8.290303440477026015e+03 2.329453327519969207e+03 2.289940000000000000e+19 -1.340164989233016968e-02 -7.645186781883239746e-02
5.010879249640052535e+02 8.291175945690963999e+03 2.328958324280585202e+03 2.290140000000000000e+19 1.587366610765457153e-01 -5.435081198811531067e-03
4.607524588062667590e+02 8.293957099808743806e+03 2.327383286116762065e+03 2.290340000000000000e+19 -4.024333506822586060e-02 4.941018670797348022e-02
4.476661741333676900e+02 8.294808771088626600e+03 2.326901933874064071e+03 2.290540000000000000e+19 8.143723011016845703e-02 1.530691683292388916e-01
4.345777809933725280e+02 8.295635736613154222e+03 2.326435049588481434e+03 2.290740000000000000e+19 9.135910123586654663e-02 -3.644651174545288086e-02
4.214873417959181552e+02 8.296437992438797664e+03 2.325982635486412164e+03 2.290940000000000000e+19 -9.218191727995872498e-03 8.108600974082946777e-02
4.083949192795463432e+02 8.297215534720198775e+03 2.325544693736327190e+03 2.291140000000000000e+19 -5.348608642816543579e-02 5.714009329676628113e-02
3.953005763291594690e+02 8.297968359723023241e+03 2.325121226441506224e+03 2.291340000000000000e+19 -1.237202901393175125e-02 -1.634735167026519775e-01
3.822043752459930488e+02 8.298696463865695478e+03 2.324712235616565522e+03 2.291540000000000000e+19 3.334111347794532776e-02 6.265565752983093262e-02
3.701979696795867767e+02 8.299342487802761752e+03 2.324349861917782619e+03 2.291740000000000000e+19 9.133766591548919678e-02 8.944076299667358398e-02
4.607524588062667590e+02 8.293957099808743806e+03 2.327383286116762065e+03 2.291940000000000000e+19 -1.324074901640415192e-02 3.781740739941596985e-02
4.476661741333676900e+02 8.294808771088626600e+03 2.326901933874064071e+03 2.292140000000000000e+19 9.965458512306213379e-02 -2.329380996525287628e-02
4.345777809933725280e+02 8.295635736613154222e+03 2.326435049588481434e+03 2.292340000000000000e+19 -5.682194605469703674e-03 -8.285548537969589233e-02
4.214873417959181552e+02 8.296437992438797664e+03 2.325982635486412164e+03 2.292540000000000000e+19 -9.108878672122955322e-02 3.296708315610885620e-02
4.083949192795463432e+02 8.297215534720198775e+03 2.325544693736327190e+03 2.292740000000000000e+19 -5.145934969186782837e-02 -5.127041600644588470e-03
3.953005763291594690e+02 8.297968359723023241e+03 2.325121226441506224e+03 2.292940000000000000e+19 3.053204156458377838e-02 -7.256142795085906982e-02
3.822043752459930488e+02 8.298696463865695478e+03 2.324712235616565522e+03 2.293140000000000000e+19 1.653197780251502991e-02 8.150628954172134399e-02
3.701979696795867767e+02 8.299342487802761752e+03 2.324349861917782619e+03 2.293340000000000000e+19 1.820023916661739349e-02 7.985662668943405151e-03
