# Baseline: 12-25
# Entries: 128
# u [m], v [m], w [m], frequency [GHz], real, imag
-1.301306977013555752e+03 -8.236066386495749612e+02 -1.405122721145512060e+03 2.267940000000000000e+19 1.102424971759319305e-02 1.399855017662048340e-01
-1.301302149743460177e+03 -8.260598016818283895e+02 -1.403686405237875306e+03 2.268140000000000000e+19 -6.817782670259475708e-02 -1.165845394134521484e-01
-1.301291103679568778e+03 -8.285129533051366479e+02 -1.402250104232916101e+03 2.268340000000000000e+19 1.322325766086578369e-01 3.391338512301445007e-02
-1.301273838874722060e+03 -8.309660817964424950e+02 -1.400813824994387232e+03 2.268540000000000000e+19 2.453452534973621368e-02 -1.904617398977279663e-01
-1.301257003601176621e+03 -8.328059073137815176e+02 -1.399736632912915638e+03 2.268740000000000000e+19 1.270612776279449463e-01 6.060496345162391663e-02
-1.301220653402089056e+03 -8.358722224230837128e+02 -1.397941359311108727e+03 2.268940000000000000e+19 -6.183200329542160034e-02 1.132877990603446960e-01
-1.301184732989587474e+03 -8.383252110276483791e+02 -1.396505186643237721e+03 2.269140000000000000e+19 -6.217020750045776367e-02 3.004621565341949463e-01
-1.301131339992582753e+03 -8.413913503584038835e+02 -1.394710038494137279e+03 2.269340000000000000e+19 -8.840574324131011963e-02 -2.207767218351364136e-01
-1.301306977013555752e+03 -8.236066386495749612e+02 -1.405122721145512060e+03 2.269540000000000000e+19 -3.168034553527832031e-02 4.747069627046585083e-02
-1.301302149743460177e+03 -8.260598016818283895e+02 -1.403686405237875306e+03 2.269740000000000000e+19 -2.474352717399597168e-01 -1.355185955762863159e-01
-1.301291103679568778e+03 -8.285129533051366479e+02 -1.402250104232916101e+03 2.269940000000000000e+19 -3.924325108528137207e-02 -3.324887156486511230e-02
-1.301273838874722060e+03 -8.309660817964424950e+02 -1.400813824994387232e+03 2.270140000000000000e+19 1.326041878201067448e-03 -7.984972000122070312e-02
-1.301257003601176621e+03 -8.328059073137815176e+02 -1.399736632912915638e+03 2.270340000000000000e+19 9.472876787185668945e-02 1.999704539775848389e-01
-1.301220653402089056e+03 -8.358722224230837128e+02 -1.397941359311108727e+03 2.270540000000000000e+19 -7.504246383905410767e-02 -9.451308287680149078e-03
-1.301184732989587474e+03 -8.383252110276483791e+02 -1.396505186643237721e+03 2.270740000000000000e+19 5.015685036778450012e-02 3.573684021830558777e-02
-1.301131339992582753e+03 -8.413913503584038835e+02 -1.394710038494137279e+03 2.270940000000000000e+19 5.198443308472633362e-02 1.339685730636119843e-02
-1.300978871185898015e+03 -8.481363471656702586e+02 -1.390761057290445706e+03 2.271140000000000000e+19 -7.576027512550354004e-02 4.564915969967842102e-02
-1.300911861927959990e+03 -8.505888679296208466e+02 -1.389325199649308843e+03 2.271340000000000000e+19 -6.146646663546562195e-02 7.442670315504074097e-02
-1.300838635744924886e+03 -8.530412598778366373e+02 -1.387889425649805389e+03 2.271540000000000000e+19 -7.295320928096771240e-02 -1.228324603289365768e-02
-1.300759192986288554e+03 -8.554935113079774283e+02 -1.386453742143168711e+03 2.271740000000000000e+19 4.023549333214759827e-02 1.223123725503683090e-02
-1.300673534032539692e+03 -8.579456104756675359e+02 -1.385018156005203082e+03 2.271940000000000000e+19 -6.072209030389785767e-02 9.671560488641262054e-03
-1.300581659293607117e+03 -8.603975456458011877e+02 -1.383582674106245577e+03 2.272140000000000000e+19 1.089671701192855835e-01 4.644669964909553528e-02
-1.300483569209590996e+03 -8.628493050755182594e+02 -1.382147303321134359e+03 2.272340000000000000e+19 -3.301769495010375977e-02 -3.995858505368232727e-02
-1.300388272809281034e+03 -8.650965893653287822e+02 -1.380831648647668999e+03 2.272540000000000000e+19 6.748421490192413330e-02 1.479937322437763214e-02
-1.300978871185898015e+03 -8.481363471656702586e+02 -1.390761057290445706e+03 2.272740000000000000e+19 -8.256126940250396729e-02 -2.727785333991050720e-02
-1.300911861927959990e+03 -8.505888679296208466e+02 -1.389325199649308843e+03 2.272940000000000000e+19 -1.006478350609540939e-02 1.887303777039051056e-02
-1.300838635744924886e+03 -8.530412598778366373e+02 -1.387889425649805389e+03 2.273140000000000000e+19 6.099170818924903870e-02 2.936322242021560669e-02
-1.300759192986288554e+03 -8.554935113079774283e+02 -1.386453742143168711e+03 2.273340000000000000e+19 -2.627327293157577515e-02 6.892259418964385986e-02
-1.300673534032539692e+03 -8.579456104756675359e+02 -1.385018156005203082e+03 2.273540000000000000e+19 9.932607412338256836e-02 4.699982702732086182e-03
-1.300581659293607117e+03 -8.603975456458011877e+02 -1.383582674106245577e+03 2.273740000000000000e+19 -5.007196590304374695e-02 -2.752787992358207703e-02
-1.300483569209590996e+03 -8.628493050755182594e+02 -1.382147303321134359e+03 2.273940000000000000e+19 3.642442822456359863e-02 -1.168099977076053619e-02
-1.300388272809281034e+03 -8.650965893653287822e+02 -1.380831648647668999e+03 2.274140000000000000e+19 8.449099957942962646e-02 -4.013071954250335693e-02
-1.300029065251696011e+03 -8.726543508710343531e+02 -1.376407068616643073e+03 2.274340000000000000e+19 -6.535622477531433105e-02 -4.006067663431167603e-02
-1.299899906077500191e+03 -8.751050556494194552e+02 -1.374972356408580936e+03 2.274540000000000000e+19 -1.075661834329366684e-02 1.510202884674072266e-02
-1.299764534819287064e+03 -8.775555143352352161e+02 -1.373537796501089133e+03 2.274740000000000000e+19 -8.406776934862136841e-03 7.453717291355133057e-02
-1.299622952127273720e+03 -8.800057151585533575e+02 -1.372103395784576151e+03 2.274940000000000000e+19 3.083222731947898865e-02 2.701663412153720856e-02
-1.299475158675994862e+03 -8.824556464445522579e+02 -1.370669161093733464e+03 2.275140000000000000e+19 7.529593259096145630e-02 3.802431747317314148e-02
-1.299321155177453647e+03 -8.849052963917072248e+02 -1.369235099337386828e+03 2.275340000000000000e+19 2.736814506351947784e-02 9.193009138107299805e-02
-1.299160942365042956e+03 -8.873546533363636399e+02 -1.367801217343612734e+03 2.275540000000000000e+19 -3.741982579231262207e-02 4.080843180418014526e-02
-1.299008705602317605e+03 -8.895996337733377004e+02 -1.366486986860170873e+03 2.275740000000000000e+19 1.249752566218376160e-02 -5.116765573620796204e-02
-1.300029065251696011e+03 -8.726543508710343531e+02 -1.376407068616643073e+03 2.275940000000000000e+19 1.350841671228408813e-01 1.617924720048904419e-01
-1.299899906077500191e+03 -8.751050556494194552e+02 -1.374972356408580936e+03 2.276140000000000000e+19 -7.437020540237426758e-02 -1.093591935932636261e-02
-1.299764534819287064e+03 -8.775555143352352161e+02 -1.373537796501089133e+03 2.276340000000000000e+19 -7.577846944332122803e-02 1.015806347131729126e-01
-1.299622952127273720e+03 -8.800057151585533575e+02 -1.372103395784576151e+03 2.276540000000000000e+19 1.366657465696334839e-01 -9.426630288362503052e-02
-1.299475158675994862e+03 -8.824556464445522579e+02 -1.370669161093733464e+03 2.276740000000000000e+19 -1.199020668864250183e-01 1.960374601185321808e-02
-1.299321155177453647e+03 -8.849052963917072248e+02 -1.369235099337386828e+03 2.276940000000000000e+19 1.676087640225887299e-02 -4.995424300432205200e-02
-1.299160942365042956e+03 -8.873546533363636399e+02 -1.367801217343612734e+03 2.277140000000000000e+19 -1.370676420629024506e-02 4.370474815368652344e-02
-1.299008705602317605e+03 -8.895996337733377004e+02 -1.366486986860170873e+03 2.277340000000000000e+19 -5.690111592411994934e-02 2.298182249069213867e-02
-1.298458013768095498e+03 -8.971489165019411303e+02 -1.362067624324162352e+03 2.277540000000000000e+19 -1.462273895740509033e-01 -1.479037478566169739e-02
-1.298266766486463212e+03 -8.995966325575940346e+02 -1.360634744102569357e+03 2.277740000000000000e+19 4.817214235663414001e-02 2.224862016737461090e-02
-1.298069314940207732e+03 -9.020439852592204488e+02 -1.359202084827541057e+03 2.277940000000000000e+19 -3.207080811262130737e-02 -1.133701950311660767e-02
-1.297865660069470778e+03 -9.044909629540992455e+02 -1.357769653320478483e+03 2.278140000000000000e+19 2.331857569515705109e-02 -8.975626900792121887e-03
-1.297655802854584863e+03 -9.069375538634534450e+02 -1.356337456476533816e+03 2.278340000000000000e+19 1.109876856207847595e-01 4.242701828479766846e-02
-1.297439744294036927e+03 -9.093837463467103817e+02 -1.354905501109916031e+03 2.278540000000000000e+19 -6.015125662088394165e-02 -7.907446473836898804e-02
-1.297217485427860311e+03 -9.118295286288739590e+02 -1.353473794113486292e+03 2.278740000000000000e+19 -4.538398608565330505e-02 5.786608904600143433e-02
-1.297008381151642652e+03 -9.140711309552071953e+02 -1.352161616699400383e+03 2.278940000000000000e+19 -2.460345253348350525e-02 -8.459831587970256805e-03
-1.298458013768095498e+03 -8.971489165019411303e+02 -1.362067624324162352e+03 2.279140000000000000e+19 -8.958020061254501343e-02 2.335113659501075745e-02
-1.298266766486463212e+03 -8.995966325575940346e+02 -1.360634744102569357e+03 2.279340000000000000e+19 -3.058440051972866058e-02 2.047698386013507843e-02
-1.298069314940207732e+03 -9.020439852592204488e+02 -1.359202084827541057e+03 2.279540000000000000e+19 -1.606656238436698914e-02 1.392270810902118683e-02
-1.297865660069470778e+03 -9.044909629540992455e+02 -1.357769653320478483e+03 2.279740000000000000e+19 -1.136552076786756516e-02 5.284623429179191589e-02
-1.297655802854584863e+03 -9.069375538634534450e+02 -1.356337456476533816e+03 2.279940000000000000e+19 -1.041671335697174072e-01 2.221824228763580322e-02
-1.297439744294036927e+03 -9.093837463467103817e+02 -1.354905501109916031e+03 2.280140000000000000e+19 1.758359000086784363e-02 -1.017348170280456543e-01
-1.297217485427860311e+03 -9.118295286288739590e+02 -1.353473794113486292e+03 2.280340000000000000e+19 5.718515813350677490e-02 -3.762721642851829529e-02
-1.297008381151642652e+03 -9.140711309552071953e+02 -1.352161616699400383e+03 2.280540000000000000e+19 -1.267421543598175049e-01 5.480720195919275284e-03
-1.296308073670887552e+03 -9.212010168756495432e+02 -1.347988008023145312e+03 2.280740000000000000e+19 2.396320849657058716e-01 -1.097345724701881409e-01
-1.296055862173154082e+03 -9.236446517403337566e+02 -1.346557597939781772e+03 2.280940000000000000e+19 -2.109209150075912476e-01 -1.410156786441802979e-01
-1.295797456988802196e+03 -9.260878081975504301e+02 -1.345127476152538975e+03 2.281140000000000000e+19 6.815871596336364746e-02 -3.900324106216430664e-01
-1.295532859359076838e+03 -9.285304745124523151e+02 -1.343697649530505032e+03 2.281340000000000000e+19 -8.655898272991180420e-02 3.051300942897796631e-01
-1.295262070542974016e+03 -9.309726390631436743e+02 -1.342268124876609591e+03 2.281540000000000000e+19 -6.586565077304840088e-02 3.570002317428588867e-02
-1.294985091842969496e+03 -9.334142901025177252e+02 -1.340838909067035274e+03 2.281740000000000000e+19 -1.331525947898626328e-02 4.541676044464111328e-01
-1.294701924580871491e+03 -9.358554159794992984e+02 -1.339410008921715189e+03 2.281940000000000000e+19 2.984711229801177979e-01 -1.862407326698303223e-01
-1.294436998026754054e+03 -9.380926503277711390e+02 -1.338100462760180108e+03 2.282140000000000000e+19 -1.208149641752243042e-01 1.966460049152374268e-01
-1.296308073670887552e+03 -9.212010168756495432e+02 -1.347988008023145312e+03 2.282340000000000000e+19 -1.144334524869918823e-01 4.557273164391517639e-02
-1.296055862173154082e+03 -9.236446517403337566e+02 -1.346557597939781772e+03 2.282540000000000000e+19 4.943455010652542114e-02 3.991670161485671997e-02
-1.295797456988802196e+03 -9.260878081975504301e+02 -1.345127476152538975e+03 2.282740000000000000e+19 -9.535619756206870079e-04 2.413602918386459351e-02
-1.295532859359076838e+03 -9.285304745124523151e+02 -1.343697649530505032e+03 2.282940000000000000e+19 1.709420816041529179e-03 4.467732459306716919e-02
-1.295262070542974016e+03 -9.309726390631436743e+02 -1.342268124876609591e+03 2.283140000000000000e+19 -4.067245498299598694e-02 -4.583072848618030548e-03
-1.294985091842969496e+03 -9.334142901025177252e+02 -1.340838909067035274e+03 2.283340000000000000e+19 -1.127966213971376419e-02 9.452828019857406616e-02
-1.294701924580871491e+03 -9.358554159794992984e+02 -1.339410008921715189e+03 2.283540000000000000e+19 -4.219570662826299667e-03 -2.779777161777019501e-03
-1.294436998026754054e+03 -9.380926503277711390e+02 -1.338100462760180108e+03 2.283740000000000000e+19 7.025798410177230835e-02 1.121641024947166443e-01
-1.293507397467501050e+03 -9.456144341740175605e+02 -1.333697701771221091e+03 2.283940000000000000e+19 -1.024851724505424500e-01 1.260953582823276520e-02
-1.293193308322722260e+03 -9.480527589844190288e+02 -1.332270482530697791e+03 2.284140000000000000e+19 -9.624344855546951294e-02 4.104654304683208466e-03
-1.292873039186402821e+03 -9.504904886105074411e+02 -1.330843619940778353e+03 2.284340000000000000e+19 8.985185623168945312e-02 -1.305990517139434814e-01
-1.292546591601315640e+03 -9.529276113095346545e+02 -1.329417120874777765e+03 2.284540000000000000e+19 -1.458290591835975647e-02 2.631629118695855141e-03
-1.292213967121803307e+03 -9.553641154774868482e+02 -1.327990992124764261e+03 2.284740000000000000e+19 -5.112694948911666870e-02 7.904954254627227783e-02
-1.291875167341945598e+03 -9.577999894369128242e+02 -1.326565240525754234e+03 2.284940000000000000e+19 3.884135931730270386e-02 -3.156226500868797302e-02
-1.291530193887919268e+03 -9.602352214964258792e+02 -1.325139872920877679e+03 2.285140000000000000e+19 6.453996151685714722e-02 8.948556147515773773e-03
-1.291208624785910388e+03 -9.624669521884341066e+02 -1.323833624033631850e+03 2.285340000000000000e+19 -1.422733999788761139e-02 -1.283488329499959946e-02
-1.293507397467501050e+03 -9.456144341740175605e+02 -1.333697701771221091e+03 2.285540000000000000e+19 -2.024028077721595764e-02 4.137471318244934082e-02
-1.293193308322722260e+03 -9.480527589844190288e+02 -1.332270482530697791e+03 2.285740000000000000e+19 -1.444882713258266449e-02 -1.913505233824253082e-02
-1.292873039186402821e+03 -9.504904886105074411e+02 -1.330843619940778353e+03 2.285940000000000000e+19 -4.754949733614921570e-02 7.738134264945983887e-02
-1.292546591601315640e+03 -9.529276113095346545e+02 -1.329417120874777765e+03 2.286140000000000000e+19 -5.182399973273277283e-02 1.530802994966506958e-01
-1.292213967121803307e+03 -9.553641154774868482e+02 -1.327990992124764261e+03 2.286340000000000000e+19 -4.774972423911094666e-02 -4.797570779919624329e-02
-1.291875167341945598e+03 -9.577999894369128242e+02 -1.326565240525754234e+03 2.286540000000000000e+19 4.389498848468065262e-03 5.077457427978515625e-02
-1.291530193887919268e+03 -9.602352214964258792e+02 -1.325139872920877679e+03 2.286740000000000000e+19 1.276572048664093018e-01 -5.162373185157775879e-02
-1.291208624785910388e+03 -9.624669521884341066e+02 -1.323833624033631850e+03 2.286940000000000000e+19 -9.617563337087631226e-02 2.616435848176479340e-02
-1.290088596754032324e+03 -9.699694979749812092e+02 -1.319442378679208332e+03 2.287140000000000000e+19 -1.328329555690288544e-02 1.489227265119552612e-01
-1.289712780264317871e+03 -9.724013459268267070e+02 -1.318019033244168440e+03 2.287340000000000000e+19 9.806554764509201050e-02 7.740257680416107178e-02
-1.289330800449587286e+03 -9.748324821005472813e+02 -1.316596112703119161e+03 2.287540000000000000e+19 -6.328371167182922363e-02 8.420606143772602081e-03
-1.288942659128632386e+03 -9.772628949206389279e+02 -1.315173623831089117e+03 2.287740000000000000e+19 -4.647751525044441223e-02 -4.476367682218551636e-02
-1.288548358169800849e+03 -9.796925726880630236e+02 -1.313751573475369241e+03 2.287940000000000000e+19 -1.807899959385395050e-02 -1.056056562811136246e-02
-1.288147899449174929e+03 -9.821215038426666979e+02 -1.312329968401901851e+03 2.288140000000000000e+19 -5.566781014204025269e-02 5.945434048771858215e-02
-1.287741284894421369e+03 -9.845496766926008831e+02 -1.310908815453711668e+03 2.288340000000000000e+19 2.160460688173770905e-02 -6.371228396892547607e-02
-1.287363227132901557e+03 -9.867748357294952939e+02 -1.309606488948288870e+03 2.288540000000000000e+19 -7.511656731367111206e-02 5.978818610310554504e-02
-1.290088596754032324e+03 -9.699694979749812092e+02 -1.319442378679208332e+03 2.288740000000000000e+19 2.569192834198474884e-02 4.230390116572380066e-02
-1.289712780264317871e+03 -9.724013459268267070e+02 -1.318019033244168440e+03 2.288940000000000000e+19 -8.311263471841812134e-02 -6.120204180479049683e-02
-1.289330800449587286e+03 -9.748324821005472813e+02 -1.316596112703119161e+03 2.289140000000000000e+19 -1.521606277674436569e-02 -3.879758343100547791e-02
-1.288942659128632386e+03 -9.772628949206389279e+02 -1.315173623831089117e+03 2.289340000000000000e+19 9.656637161970138550e-02 -1.463647186756134033e-02
-1.288548358169800849e+03 -9.796925726880630236e+02 -1.313751573475369241e+03 2.289540000000000000e+19 2.458661235868930817e-02 8.094128221273422241e-02
-1.288147899449174929e+03 -9.821215038426666979e+02 -1.312329968401901851e+03 2.289740000000000000e+19 1.080608889460563660e-01 7.395040243864059448e-02
-1.287741284894421369e+03 -9.845496766926008831e+02 -1.310908815453711668e+03 2.289940000000000000e+19 -4.835622012615203857e-02 3.201685100793838501e-02
-1.287363227132901557e+03 -9.867748357294952939e+02 -1.309606488948288870e+03 2.290140000000000000e+19 7.738001644611358643e-02 -8.283321559429168701e-02
-1.286053307625760681e+03 -9.942545531039161233e+02 -1.305228860663238493e+03 2.290340000000000000e+19 1.178197469562292099e-02 -1.328011155128479004e-01
-1.285615943647642780e+03 -9.966787603821848052e+02 -1.303810070207031458e+03 2.290540000000000000e+19 2.352727949619293213e-02 -9.133527427911758423e-02
-1.285172435950280260e+03 -9.991021397055382067e+02 -1.302391772640149611e+03 2.290740000000000000e+19 1.133733093738555908e-01 -4.200290143489837646e-02
-1.284722786648392457e+03 -1.001524679518510652e+03 -1.300973974725496646e+03 2.290940000000000000e+19 7.078285515308380127e-02 -9.219973348081111908e-03
-1.284266997896926114e+03 -1.003946368210573496e+03 -1.299556683258161684e+03 2.291140000000000000e+19 -9.397421032190322876e-03 8.174246177077293396e-03
-1.283805071885188227e+03 -1.006367194149998454e+03 -1.298139905045601836e+03 2.291340000000000000e+19 1.016886085271835327e-01 3.065759502351284027e-02
-1.283337010811034816e+03 -1.008787145818809108e+03 -1.296723646828661003e+03 2.291540000000000000e+19 9.612813591957092285e-03 -3.338493034243583679e-02
-1.282902645386636777e+03 -1.011004667962500662e+03 -1.295425866160311216e+03 2.291740000000000000e+19 4.986516758799552917e-02 7.429136335849761963e-02
-1.286053307625760681e+03 -9.942545531039161233e+02 -1.305228860663238493e+03 2.291940000000000000e+19 -5.274336785078048706e-02 -1.006064340472221375e-01
-1.285615943647642780e+03 -9.966787603821848052e+02 -1.303810070207031458e+03 2.292140000000000000e+19 1.537798065692186356e-02 2.788556180894374847e-02
-1.285172435950280260e+03 -9.991021397055382067e+02 -1.302391772640149611e+03 2.292340000000000000e+19 1.082485020160675049e-01 2.480445429682731628e-02
-1.284722786648392457e+03 -1.001524679518510652e+03 -1.300973974725496646e+03 2.292540000000000000e+19 -5.088255181908607483e-02 -1.013713181018829346e-01
-1.284266997896926114e+03 -1.003946368210573496e+03 -1.299556683258161684e+03 2.292740000000000000e+19 7.628584653139114380e-02 2.822818979620933533e-02
-1.283805071885188227e+03 -1.006367194149998454e+03 -1.298139905045601836e+03 2.292940000000000000e+19 -5.725197494029998779e-02 2.566603571176528931e-02
-1.283337010811034816e+03 -1.008787145818809108e+03 -1.296723646828661003e+03 2.293140000000000000e+19 3.099575825035572052e-02 -4.799438267946243286e-02
-1.282902645386636777e+03 -1.011004667962500662e+03 -1.295425866160311216e+03 2.293340000000000000e+19 -1.498697232455015182e-02 2.876810915768146515e-02
