# Baseline: 8-23
# Entries: 128
# u [m], v [m], w [m], frequency [GHz], real, imag, std(real), std(imag)
4.573372979680800199e+03 3.171647398816913324e+02 4.618344905885892331e+03 2.267940000000000111e+01 -1.164915189146995544e-01 1.148182973265647888e-01 6.982506811618804932e-02 6.960599869489669800e-02
4.577868090127023606e+03 3.257913060644381744e+02 4.613288125351677081e+03 2.268140000000000001e+01 -6.450787186622619629e-02 -6.361104547977447510e-02 6.982506811618804932e-02 6.960599869489669800e-02
4.582341314728845646e+03 3.344263502734700637e+02 4.608226409888436137e+03 2.268340000000000245e+01 5.822701752185821533e-02 -4.364891722798347473e-02 6.982506811618804932e-02 6.960599869489669800e-02
4.586792632109936676e+03 3.430698312437988875e+02 4.603159783684999638e+03 2.268540000000000134e+01 -6.884101778268814087e-02 -8.133970946073532104e-02 6.982506811618804932e-02 6.960599869489669800e-02
4.590117416524877626e+03 3.495576924221589366e+02 4.599356758023610382e+03 2.268740000000000023e+01 -8.965947665274143219e-03 2.451832443475723267e-01 6.982506811618804932e-02 6.960599869489669800e-02
4.595629460102361918e+03 3.603819379668766487e+02 4.593011896070868715e+03 2.268940000000000268e+01 -3.078750893473625183e-02 1.922007463872432709e-02 6.982506811618804932e-02 6.960599869489669800e-02
4.600014928331324882e+03 3.690504806872571066e+02 4.587930683331502223e+03 2.269140000000000157e+01 -2.828539311885833740e-01 3.907628357410430908e-02 6.982506811618804932e-02 6.960599869489669800e-02
4.605466727271588752e+03 3.798974527389780178e+02 4.581572594712436512e+03 2.269340000000000046e+01 -8.221523463726043701e-02 2.857709303498268127e-02 6.982506811618804932e-02 6.960599869489669800e-02
4.573372979680800199e+03 3.171647398816913324e+02 4.618344905885892331e+03 2.269540000000000290e+01 6.636608392000198364e-02 5.422955006361007690e-02 6.982506811618804932e-02 6.960599869489669800e-02
4.577868090127023606e+03 3.257913060644381744e+02 4.613288125351677081e+03 2.269740000000000180e+01 -3.036147169768810272e-02 -1.538179367780685425e-01 6.982506811618804932e-02 6.960599869489669800e-02
4.582341314728845646e+03 3.344263502734700637e+02 4.608226409888436137e+03 2.269940000000000069e+01 5.759507045149803162e-02 -5.613768100738525391e-02 6.982506811618804932e-02 6.960599869489669800e-02
4.586792632109936676e+03 3.430698312437988875e+02 4.603159783684999638e+03 2.270140000000000313e+01 -7.728908210992813110e-03 7.352623343467712402e-02 6.982506811618804932e-02 6.960599869489669800e-02
4.590117416524877626e+03 3.495576924221589366e+02 4.599356758023610382e+03 2.270340000000000202e+01 -4.387370869517326355e-02 1.759540848433971405e-02 6.982506811618804932e-02 6.960599869489669800e-02
4.595629460102361918e+03 3.603819379668766487e+02 4.593011896070868715e+03 2.270540000000000092e+01 -6.493264436721801758e-02 -6.233116239309310913e-02 6.982506811618804932e-02 6.960599869489669800e-02
4.600014928331324882e+03 3.690504806872571066e+02 4.587930683331502223e+03 2.270739999999999981e+01 -6.084137409925460815e-02 1.691261678934097290e-01 6.982506811618804932e-02 6.960599869489669800e-02
4.605466727271588752e+03 3.798974527389780178e+02 4.581572594712436512e+03 2.270940000000000225e+01 3.840751945972442627e-02 -4.335003346204757690e-02 6.982506811618804932e-02 6.960599869489669800e-02
4.617336674960332857e+03 4.038069467754941684e+02 4.567557939755642110e+03 2.271140000000000114e+01 -8.558038622140884399e-02 -6.770525127649307251e-02 6.982506811618804932e-02 6.960599869489669800e-02
4.621611976408114060e+03 4.125164291500479408e+02 4.562452902597950015e+03 2.271340000000000003e+01 -4.684696905314922333e-03 -2.140954323112964630e-02 6.982506811618804932e-02 6.960599869489669800e-02
4.625865182636456666e+03 4.212339744459248436e+02 4.557343173831216518e+03 2.271540000000000248e+01 -4.188783466815948486e-02 6.651645898818969727e-02 6.982506811618804932e-02 6.960599869489669800e-02
4.630096273350147385e+03 4.299595410645866309e+02 4.552228777838135102e+03 2.271740000000000137e+01 -9.028621017932891846e-02 -1.259659826755523682e-01 6.982506811618804932e-02 6.960599869489669800e-02
4.634305228285640624e+03 4.386930872173416560e+02 4.547109739112698662e+03 2.271940000000000026e+01 -1.408011317253112793e-01 1.208632364869117737e-01 6.982506811618804932e-02 6.960599869489669800e-02
4.638492027299943402e+03 4.474345711077410783e+02 4.541986082153274765e+03 2.272140000000000271e+01 5.554975010454654694e-03 1.270083151757717133e-02 6.982506811618804932e-02 6.960599869489669800e-02
4.642656650341875320e+03 4.561839508707707864e+02 4.536857831498263295e+03 2.272340000000000160e+01 -5.397986620664596558e-02 1.169371232390403748e-02 6.982506811618804932e-02 6.960599869489669800e-02
4.646455006326626972e+03 4.642110167877037838e+02 4.532152978421155240e+03 2.272540000000000049e+01 7.828860729932785034e-02 -7.413119077682495117e-02 6.982506811618804932e-02 6.960599869489669800e-02
4.617336674960332857e+03 4.038069467754941684e+02 4.567557939755642110e+03 2.272740000000000293e+01 9.139406681060791016e-02 -1.205165311694145203e-01 6.982506811618804932e-02 6.960599869489669800e-02
4.621611976408114060e+03 4.125164291500479408e+02 4.562452902597950015e+03 2.272940000000000182e+01 6.579391658306121826e-02 -3.264676034450531006e-02 6.982506811618804932e-02 6.960599869489669800e-02
4.625865182636456666e+03 4.212339744459248436e+02 4.557343173831216518e+03 2.273140000000000072e+01 -2.368714660406112671e-02 4.295582324266433716e-02 6.982506811618804932e-02 6.960599869489669800e-02
4.630096273350147385e+03 4.299595410645866309e+02 4.552228777838135102e+03 2.273340000000000316e+01 1.282513234764337540e-02 -1.058168336749076843e-02 6.982506811618804932e-02 6.960599869489669800e-02
4.634305228285640624e+03 4.386930872173416560e+02 4.547109739112698662e+03 2.273540000000000205e+01 -3.086669370532035828e-02 -1.504494901746511459e-02 6.982506811618804932e-02 6.960599869489669800e-02
4.638492027299943402e+03 4.474345711077410783e+02 4.541986082153274765e+03 2.273740000000000094e+01 9.766375273466110229e-02 4.103179275989532471e-02 6.982506811618804932e-02 6.960599869489669800e-02
4.642656650341875320e+03 4.561839508707707864e+02 4.536857831498263295e+03 2.273939999999999984e+01 1.740326732397079468e-02 -7.726068049669265747e-02 6.982506811618804932e-02 6.960599869489669800e-02
4.646455006326626972e+03 4.642110167877037838e+02 4.532152978421155240e+03 2.274140000000000228e+01 -1.476708203554153442e-01 -2.328093349933624268e-02 6.982506811618804932e-02 6.960599869489669800e-02
4.659092985995002891e+03 4.912595911297559041e+02 4.516299382812943804e+03 2.274340000000000117e+01 -4.417636618018150330e-02 -3.565710503607988358e-03 6.982506811618804932e-02 6.960599869489669800e-02
4.663146432398195429e+03 5.000478215451341271e+02 4.511148532181325209e+03 2.274540000000000006e+01 1.563059985637664795e-01 7.773881405591964722e-02 6.982506811618804932e-02 6.960599869489669800e-02
4.667177584896623557e+03 5.088436961621235923e+02 4.505993235362934684e+03 2.274740000000000251e+01 -1.420037001371383667e-01 -4.139666445553302765e-03 6.982506811618804932e-02 6.960599869489669800e-02
4.671186424128084582e+03 5.176471727327862027e+02 4.500833517119455792e+03 2.274940000000000140e+01 -1.724700480699539185e-01 -4.261314868927001953e-02 6.982506811618804932e-02 6.960599869489669800e-02
4.675172930990799614e+03 5.264582093100633529e+02 4.495669402036067368e+03 2.275140000000000029e+01 8.580890297889709473e-02 3.670130670070648193e-02 6.982506811618804932e-02 6.960599869489669800e-02
4.679137086281686607e+03 5.352767634503657064e+02 4.490500914988796467e+03 2.275340000000000273e+01 -1.103635430335998535e-01 -8.127669990062713623e-02 6.982506811618804932e-02 6.960599869489669800e-02
4.683078871126445847e+03 5.441027931652508869e+02 4.485328080586750730e+03 2.275540000000000163e+01 -4.428832978010177612e-02 -7.030099630355834961e-02 6.982506811618804932e-02 6.960599869489669800e-02
4.686672791177047657e+03 5.521997571279830481e+02 4.480582572657819583e+03 2.275740000000000052e+01 1.132406219840049744e-01 3.166438639163970947e-02 6.982506811618804932e-02 6.960599869489669800e-02
4.659092985995002891e+03 4.912595911297559041e+02 4.516299382812943804e+03 2.275940000000000296e+01 5.560807511210441589e-02 6.893882155418395996e-02 6.982506811618804932e-02 6.960599869489669800e-02
4.663146432398195429e+03 5.000478215451341271e+02 4.511148532181325209e+03 2.276140000000000185e+01 9.294036775827407837e-02 2.745940163731575012e-02 6.982506811618804932e-02 6.960599869489669800e-02
4.667177584896623557e+03 5.088436961621235923e+02 4.505993235362934684e+03 2.276340000000000074e+01 4.812902584671974182e-02 -3.265014663338661194e-02 6.982506811618804932e-02 6.960599869489669800e-02
4.671186424128084582e+03 5.176471727327862027e+02 4.500833517119455792e+03 2.276540000000000319e+01 4.661592468619346619e-02 -6.115458905696868896e-02 6.982506811618804932e-02 6.960599869489669800e-02
4.675172930990799614e+03 5.264582093100633529e+02 4.495669402036067368e+03 2.276740000000000208e+01 -4.301829263567924500e-02 5.041312053799629211e-02 6.982506811618804932e-02 6.960599869489669800e-02
4.679137086281686607e+03 5.352767634503657064e+02 4.490500914988796467e+03 2.276940000000000097e+01 -1.493834406137466431e-01 6.503887474536895752e-03 6.982506811618804932e-02 6.960599869489669800e-02
4.683078871126445847e+03 5.441027931652508869e+02 4.485328080586750730e+03 2.277139999999999986e+01 -8.009345829486846924e-02 -9.829656220972537994e-03 6.982506811618804932e-02 6.960599869489669800e-02
4.686672791177047657e+03 5.521997571279830481e+02 4.480582572657819583e+03 2.277340000000000231e+01 -4.821109026670455933e-02 -6.784277409315109253e-02 6.982506811618804932e-02 6.960599869489669800e-02
4.698621930089983834e+03 5.794808218422951995e+02 4.464593765217246073e+03 2.277540000000000120e+01 -1.569751650094985962e-02 5.303918197751045227e-02 6.982506811618804932e-02 6.960599869489669800e-02
4.702451581759259170e+03 5.883435948591699116e+02 4.459399565952802732e+03 2.277740000000000009e+01 5.192102864384651184e-02 -1.316408067941665649e-01 6.982506811618804932e-02 6.960599869489669800e-02
4.706258751338281400e+03 5.972135893324717699e+02 4.454201168266874447e+03 2.277940000000000254e+01 4.621970653533935547e-02 -5.869571492075920105e-02 6.982506811618804932e-02 6.960599869489669800e-02
4.710043420699780654e+03 6.060907630289821100e+02 4.448998596910898414e+03 2.278140000000000143e+01 -6.027074903249740601e-02 -7.885597646236419678e-02 6.982506811618804932e-02 6.960599869489669800e-02
4.713805571625943230e+03 6.149750732175032226e+02 4.443791876927990415e+03 2.278340000000000032e+01 7.535375654697418213e-02 6.740731187164783478e-03 6.982506811618804932e-02 6.960599869489669800e-02
4.717545186216982984e+03 6.238664776275884378e+02 4.438581033091079917e+03 2.278540000000000276e+01 9.925863891839981079e-02 1.294672954827547073e-03 6.982506811618804932e-02 6.960599869489669800e-02
4.721262246471937942e+03 6.327649334595482742e+02 4.433366090483101289e+03 2.278740000000000165e+01 1.084452942013740540e-01 -1.110715493559837341e-01 6.982506811618804932e-02 6.960599869489669800e-02
4.724650010847523845e+03 6.409279209446416417e+02 4.428582198501999301e+03 2.278940000000000055e+01 -5.066823586821556091e-02 1.033938769251108170e-02 6.982506811618804932e-02 6.960599869489669800e-02
4.698621930089983834e+03 5.794808218422951995e+02 4.464593765217246073e+03 2.279140000000000299e+01 -2.879866957664489746e-02 -1.841075345873832703e-02 6.982506811618804932e-02 6.960599869489669800e-02
4.702451581759259170e+03 5.883435948591699116e+02 4.459399565952802732e+03 2.279340000000000188e+01 -1.614306718111038208e-01 4.894420504570007324e-02 6.982506811618804932e-02 6.960599869489669800e-02
4.706258751338281400e+03 5.972135893324717699e+02 4.454201168266874447e+03 2.279540000000000077e+01 1.805755123496055603e-02 5.711260251700878143e-03 6.982506811618804932e-02 6.960599869489669800e-02
4.710043420699780654e+03 6.060907630289821100e+02 4.448998596910898414e+03 2.279739999999999966e+01 -9.994610212743282318e-03 5.157683510333299637e-03 6.982506811618804932e-02 6.960599869489669800e-02
4.713805571625943230e+03 6.149750732175032226e+02 4.443791876927990415e+03 2.279940000000000211e+01 -2.715874090790748596e-02 -3.274314478039741516e-02 6.982506811618804932e-02 6.960599869489669800e-02
4.717545186216982984e+03 6.238664776275884378e+02 4.438581033091079917e+03 2.280140000000000100e+01 -1.941737905144691467e-02 1.966914385557174683e-01 6.982506811618804932e-02 6.960599869489669800e-02
4.721262246471937942e+03 6.327649334595482742e+02 4.433366090483101289e+03 2.280339999999999989e+01 3.614474833011627197e-02 8.357906341552734375e-02 6.982506811618804932e-02 6.960599869489669800e-02
4.724650010847523845e+03 6.409279209446416417e+02 4.428582198501999301e+03 2.280540000000000234e+01 -1.279242802411317825e-02 5.279311165213584900e-02 6.982506811618804932e-02 6.960599869489669800e-02
4.735301718098805395e+03 6.669402382251751078e+02 4.413337955610128120e+03 2.280740000000000123e+01 1.027380861341953278e-02 1.108673214912414551e-01 6.982506811618804932e-02 6.960599869489669800e-02
4.738909517193331340e+03 6.758721756798516935e+02 4.408103554048923797e+03 2.280940000000000012e+01 7.487577199935913086e-02 -1.802259832620620728e-01 6.982506811618804932e-02 6.960599869489669800e-02
4.742494659772392879e+03 6.848109158257476565e+02 4.402865199483055221e+03 2.281140000000000256e+01 -1.223274972289800644e-03 1.070659011602401733e-01 6.982506811618804932e-02 6.960599869489669800e-02
4.746057128616326736e+03 6.937564157286375348e+02 4.397622917073192184e+03 2.281340000000000146e+01 -8.940155059099197388e-02 -3.292470872402191162e-01 6.982506811618804932e-02 6.960599869489669800e-02
4.749596906775629577e+03 7.027086328268766238e+02 4.392376731761506562e+03 2.281540000000000035e+01 -3.232903778553009033e-02 8.092848211526870728e-02 6.982506811618804932e-02 6.960599869489669800e-02
4.753113977223370966e+03 7.116675240592976479e+02 4.387126668782732850e+03 2.281740000000000279e+01 -5.329961329698562622e-02 -1.088882982730865479e-01 6.982506811618804932e-02 6.960599869489669800e-02
4.756608323177219972e+03 7.206330466756819533e+02 4.381872753189233663e+03 2.281940000000000168e+01 -5.905152857303619385e-02 1.364260762929916382e-01 6.982506811618804932e-02 6.960599869489669800e-02
4.759791786201438299e+03 7.288571477770955198e+02 4.377053349444210653e+03 2.282140000000000057e+01 -1.034592092037200928e-01 -8.933044970035552979e-02 6.982506811618804932e-02 6.960599869489669800e-02
4.735301718098805395e+03 6.669402382251751078e+02 4.413337955610128120e+03 2.282340000000000302e+01 -4.252884164452552795e-02 8.595229685306549072e-02 6.982506811618804932e-02 6.960599869489669800e-02
4.738909517193331340e+03 6.758721756798516935e+02 4.408103554048923797e+03 2.282540000000000191e+01 2.969791530631482601e-04 6.739113479852676392e-02 6.982506811618804932e-02 6.960599869489669800e-02
4.742494659772392879e+03 6.848109158257476565e+02 4.402865199483055221e+03 2.282740000000000080e+01 -1.623622328042984009e-02 4.370966460555791855e-03 6.982506811618804932e-02 6.960599869489669800e-02
4.746057128616326736e+03 6.937564157286375348e+02 4.397622917073192184e+03 2.282939999999999969e+01 -2.258348464965820312e-02 -5.679244175553321838e-02 6.982506811618804932e-02 6.960599869489669800e-02
4.749596906775629577e+03 7.027086328268766238e+02 4.392376731761506562e+03 2.283140000000000214e+01 -1.035193819552659988e-02 3.258473798632621765e-02 6.982506811618804932e-02 6.960599869489669800e-02
4.753113977223370966e+03 7.116675240592976479e+02 4.387126668782732850e+03 2.283340000000000103e+01 -9.050375968217849731e-02 -7.587043195962905884e-02 6.982506811618804932e-02 6.960599869489669800e-02
4.756608323177219972e+03 7.206330466756819533e+02 4.381872753189233663e+03 2.283539999999999992e+01 -8.853725157678127289e-03 9.981704503297805786e-02 6.982506811618804932e-02 6.960599869489669800e-02
4.759791786201438299e+03 7.288571477770955198e+02 4.377053349444210653e+03 2.283740000000000236e+01 7.791168242692947388e-02 -3.187327459454536438e-02 6.982506811618804932e-02 6.960599869489669800e-02
4.770358129115612428e+03 7.565605920956387536e+02 4.360819067983723471e+03 2.283940000000000126e+01 -1.493745148181915283e-01 1.515380740165710449e-01 6.982506811618804932e-02 6.960599869489669800e-02
4.773738603836443872e+03 7.655586271545678301e+02 4.355546266985642433e+03 2.284140000000000015e+01 8.620175719261169434e-02 -1.776534318923950195e-01 6.982506811618804932e-02 6.960599869489669800e-02
4.777096255406178898e+03 7.745630358142198020e+02 4.350269764434846365e+03 2.284340000000000259e+01 -8.107710629701614380e-02 6.011611595749855042e-02 6.982506811618804932e-02 6.960599869489669800e-02
4.780431067650769364e+03 7.835737746995922635e+02 4.344989585748697209e+03 2.284540000000000148e+01 -8.079495280981063843e-02 3.147393092513084412e-02 6.982506811618804932e-02 6.960599869489669800e-02
4.783743024692029394e+03 7.925908009073269795e+02 4.339705756068016854e+03 2.284740000000000038e+01 -9.713578224182128906e-02 -6.315437611192464828e-03 6.982506811618804932e-02 6.960599869489669800e-02
4.787032110656395162e+03 8.016140712215884605e+02 4.334418300716579324e+03 2.284940000000000282e+01 3.483341261744499207e-02 -1.379911899566650391e-01 6.982506811618804932e-02 6.960599869489669800e-02
4.790298309757539755e+03 8.106435423336112081e+02 4.329127245072451842e+03 2.285140000000000171e+01 -7.161161303520202637e-02 -1.555874943733215332e-01 6.982506811618804932e-02 6.960599869489669800e-02
4.793272498573629491e+03 8.189258900466682007e+02 4.324274014764235289e+03 2.285340000000000060e+01 -5.827189981937408447e-02 -7.570604234933853149e-02 6.982506811618804932e-02 6.960599869489669800e-02
4.770358129115612428e+03 7.565605920956387536e+02 4.360819067983723471e+03 2.285540000000000305e+01 -1.792995631694793701e-02 -9.275201708078384399e-02 6.982506811618804932e-02 6.960599869489669800e-02
4.773738603836443872e+03 7.655586271545678301e+02 4.355546266985642433e+03 2.285740000000000194e+01 1.176651194691658020e-01 -3.953437879681587219e-02 6.982506811618804932e-02 6.960599869489669800e-02
4.777096255406178898e+03 7.745630358142198020e+02 4.350269764434846365e+03 2.285940000000000083e+01 5.619874224066734314e-02 -4.748215898871421814e-02 6.982506811618804932e-02 6.960599869489669800e-02
4.780431067650769364e+03 7.835737746995922635e+02 4.344989585748697209e+03 2.286139999999999972e+01 9.444420039653778076e-02 3.900306671857833862e-02 6.982506811618804932e-02 6.960599869489669800e-02
4.783743024692029394e+03 7.925908009073269795e+02 4.339705756068016854e+03 2.286340000000000217e+01 9.018735587596893311e-02 -8.408169448375701904e-02 6.982506811618804932e-02 6.960599869489669800e-02
4.787032110656395162e+03 8.016140712215884605e+02 4.334418300716579324e+03 2.286540000000000106e+01 -5.473234876990318298e-02 4.560922086238861084e-02 6.982506811618804932e-02 6.960599869489669800e-02
4.790298309757539755e+03 8.106435423336112081e+02 4.329127245072451842e+03 2.286739999999999995e+01 -8.122286945581436157e-02 2.093513123691082001e-02 6.982506811618804932e-02 6.960599869489669800e-02
4.793272498573629491e+03 8.189258900466682007e+02 4.324274014764235289e+03 2.286940000000000239e+01 -7.507586479187011719e-02 7.881189882755279541e-02 6.982506811618804932e-02 6.960599869489669800e-02
4.803133926931999667e+03 8.468225711012592001e+02 4.307927525649752170e+03 2.287140000000000128e+01 1.024527326226234436e-01 -2.456865645945072174e-02 6.982506811618804932e-02 6.960599869489669800e-02
4.806285459638599605e+03 8.558823979595988476e+02 4.302618848393693042e+03 2.287340000000000018e+01 3.982736915349960327e-02 -3.377071395516395569e-02 6.982506811618804932e-02 6.960599869489669800e-02
4.809414013342528960e+03 8.649481659012027421e+02 4.297306723029078967e+03 2.287540000000000262e+01 -6.255336105823516846e-02 2.277957834303379059e-02 6.982506811618804932e-02 6.960599869489669800e-02
4.812519573147819756e+03 8.740198317606661931e+02 4.291991174848866649e+03 2.287740000000000151e+01 4.185924679040908813e-02 -2.302266657352447510e-02 6.982506811618804932e-02 6.960599869489669800e-02
4.815602124105515941e+03 8.830973518706222194e+02 4.286672229439970579e+03 2.287940000000000040e+01 1.395455896854400635e-01 6.431070622056722641e-03 6.982506811618804932e-02 6.960599869489669800e-02
4.818661651549313319e+03 8.921806830411655937e+02 4.281349912109303659e+03 2.288140000000000285e+01 3.937109559774398804e-02 1.388279795646667480e-01 6.982506811618804932e-02 6.960599869489669800e-02
4.821698140752046129e+03 9.012697815489093500e+02 4.276024248476376670e+03 2.288340000000000174e+01 1.444938778877258301e-01 3.058331459760665894e-02 6.982506811618804932e-02 6.960599869489669800e-02
4.824461632060490047e+03 9.096064123401525876e+02 4.271139514127670736e+03 2.288540000000000063e+01 2.510195598006248474e-02 -1.315273530781269073e-02 6.982506811618804932e-02 6.960599869489669800e-02
4.803133926931999667e+03 8.468225711012592001e+02 4.307927525649752170e+03 2.288740000000000308e+01 -1.064886599779129028e-01 9.919421374797821045e-02 6.982506811618804932e-02 6.960599869489669800e-02
4.806285459638599605e+03 8.558823979595988476e+02 4.302618848393693042e+03 2.288940000000000197e+01 3.341983258724212646e-02 -1.017658412456512451e-01 6.982506811618804932e-02 6.960599869489669800e-02
4.809414013342528960e+03 8.649481659012027421e+02 4.297306723029078967e+03 2.289140000000000086e+01 -7.003697752952575684e-02 1.381069868803024292e-01 6.982506811618804932e-02 6.960599869489669800e-02
4.812519573147819756e+03 8.740198317606661931e+02 4.291991174848866649e+03 2.289339999999999975e+01 2.125922217965126038e-02 -1.328010950237512589e-02 6.982506811618804932e-02 6.960599869489669800e-02
4.815602124105515941e+03 8.830973518706222194e+02 4.286672229439970579e+03 2.289540000000000219e+01 5.807685106992721558e-02 -1.003928831778466702e-03 6.982506811618804932e-02 6.960599869489669800e-02
4.818661651549313319e+03 8.921806830411655937e+02 4.281349912109303659e+03 2.289740000000000109e+01 -4.413867369294166565e-02 -3.017891198396682739e-02 6.982506811618804932e-02 6.960599869489669800e-02
4.821698140752046129e+03 9.012697815489093500e+02 4.276024248476376670e+03 2.289939999999999998e+01 6.575266271829605103e-02 -1.525212526321411133e-01 6.982506811618804932e-02 6.960599869489669800e-02
4.824461632060490047e+03 9.096064123401525876e+02 4.271139514127670736e+03 2.290140000000000242e+01 1.115769147872924805e-01 -3.704163059592247009e-02 6.982506811618804932e-02 6.960599869489669800e-02
4.833613426690701090e+03 9.376829801330136434e+02 4.254688639995531958e+03 2.290340000000000131e+01 -8.086339384317398071e-02 -4.974284768104553223e-02 6.982506811618804932e-02 6.960599869489669800e-02
4.836534509152006649e+03 9.468002630077780850e+02 4.249346627067799091e+03 2.290540000000000020e+01 -1.824272423982620239e-02 -1.350074168294668198e-02 6.982506811618804932e-02 6.960599869489669800e-02
4.839432467860287034e+03 9.559230518876894394e+02 4.244001420960254109e+03 2.290740000000000265e+01 -5.366447567939758301e-02 9.306616336107254028e-02 6.982506811618804932e-02 6.960599869489669800e-02
4.842307288996889838e+03 9.650513032724112463e+02 4.238653047160524693e+03 2.290940000000000154e+01 -1.283735632896423340e-01 -5.406800284981727600e-02 6.982506811618804932e-02 6.960599869489669800e-02
4.845158958783324124e+03 9.741849734130208844e+02 4.233301531301732211e+03 2.291140000000000043e+01 -6.660050898790359497e-02 -2.341273128986358643e-01 6.982506811618804932e-02 6.960599869489669800e-02
4.847987463522907092e+03 9.833240184390396053e+02 4.227946899088062310e+03 2.291340000000000288e+01 1.884589157998561859e-02 6.314499769359827042e-04 6.982506811618804932e-02 6.960599869489669800e-02
4.850792789758245817e+03 9.924683948679817149e+02 4.222589175996215999e+03 2.291540000000000177e+01 -4.747790843248367310e-02 3.940090537071228027e-03 6.982506811618804932e-02 6.960599869489669800e-02
4.853344260648170348e+03 1.000855317773562888e+03 4.217675276057342671e+03 2.291740000000000066e+01 -2.575526013970375061e-02 -1.011164784431457520e-01 6.982506811618804932e-02 6.960599869489669800e-02
4.833613426690701090e+03 9.376829801330136434e+02 4.254688639995531958e+03 2.291940000000000310e+01 -5.400326848030090332e-02 1.263067312538623810e-02 6.982506811618804932e-02 6.960599869489669800e-02
4.836534509152006649e+03 9.468002630077780850e+02 4.249346627067799091e+03 2.292140000000000200e+01 1.479677949100732803e-02 9.613579139113426208e-03 6.982506811618804932e-02 6.960599869489669800e-02
4.839432467860287034e+03 9.559230518876894394e+02 4.244001420960254109e+03 2.292340000000000089e+01 -1.438949164003133774e-02 7.398367673158645630e-02 6.982506811618804932e-02 6.960599869489669800e-02
4.842307288996889838e+03 9.650513032724112463e+02 4.238653047160524693e+03 2.292539999999999978e+01 4.522090032696723938e-02 7.389277964830398560e-02 6.982506811618804932e-02 6.960599869489669800e-02
4.845158958783324124e+03 9.741849734130208844e+02 4.233301531301732211e+03 2.292740000000000222e+01 -1.954920589923858643e-02 5.231808498501777649e-02 6.982506811618804932e-02 6.960599869489669800e-02
4.847987463522907092e+03 9.833240184390396053e+02 4.227946899088062310e+03 2.292940000000000111e+01 -5.343895033001899719e-02 -8.627073839306831360e-03 6.982506811618804932e-02 6.960599869489669800e-02
4.850792789758245817e+03 9.924683948679817149e+02 4.222589175996215999e+03 2.293140000000000001e+01 -4.292937740683555603e-02 -1.401860383339226246e-03 6.982506811618804932e-02 6.960599869489669800e-02
4.853344260648170348e+03 1.000855317773562888e+03 4.217675276057342671e+03 2.293340000000000245e+01 1.061175614595413208e-01 -8.506347239017486572e-02 6.982506811618804932e-02 6.960599869489669800e-02
