# Baseline: 4-21
# u [m], v [m], w [m], frequency [GHz], real, imag
3.667499815553367171e+03 2.905553004750530363e+03 4.045903489383680608e+03 2.267940000000000000e+19 -5.594086050987243652e-01 5.546864867210388184e-02
3.666477875110765581e+03 2.912465637850345502e+03 4.041857506836464381e+03 2.268140000000000000e+19 3.688085377216339111e-01 -4.712416557595133781e-04
3.665438414961927720e+03 2.919376335209582066e+03 4.037812680826811174e+03 2.268340000000000000e+19 -1.944652348756790161e-01 -1.167875304818153381e-01
3.664381440074346301e+03 2.926285063803597041e+03 4.033769030684010431e+03 2.268540000000000000e+19 2.771254777908325195e-01 1.902287304401397705e-01
3.663577764946659954e+03 2.931465361763928286e+03 4.030737038533070063e+03 2.268740000000000000e+19 -2.515548281371593475e-02 2.778124809265136719e-01
3.662214966399429159e+03 2.940096482451945576e+03 4.025685335400695749e+03 2.268940000000000000e+19 3.651891946792602539e-01 -2.997985482215881348e-01
3.661105478003457847e+03 2.946999106264180227e+03 4.021645329031045094e+03 2.269140000000000000e+19 8.124601095914840698e-02 -3.073591589927673340e-01
3.659694725555638797e+03 2.955624514695497055e+03 4.016597033820240995e+03 2.269340000000000000e+19 -5.516892671585083008e-01 -5.683817341923713684e-02
3.667499815553367171e+03 2.905553004750530363e+03 4.045903489383680608e+03 2.269540000000000000e+19 -5.742532014846801758e-01 -1.532313227653503418e-01
3.666477875110765581e+03 2.912465637850345502e+03 4.041857506836464381e+03 2.269740000000000000e+19 -1.564759314060211182e-01 2.044930309057235718e-01
3.665438414961927720e+03 2.919376335209582066e+03 4.037812680826811174e+03 2.269940000000000000e+19 -2.411912381649017334e-01 2.177956402301788330e-01
3.664381440074346301e+03 2.926285063803597041e+03 4.033769030684010431e+03 2.270140000000000000e+19 -2.769674062728881836e-01 3.983119428157806396e-01
3.663577764946659954e+03 2.931465361763928286e+03 4.030737038533070063e+03 2.270340000000000000e+19 -1.113012805581092834e-01 -2.614048719406127930e-01
3.662214966399429159e+03 2.940096482451945576e+03 4.025685335400695749e+03 2.270540000000000000e+19 -1.925548464059829712e-01 -1.166558340191841125e-01
3.661105478003457847e+03 2.946999106264180227e+03 4.021645329031045094e+03 2.270740000000000000e+19 -2.643727362155914307e-01 8.690297603607177734e-02
3.659694725555638797e+03 2.955624514695497055e+03 4.016597033820240995e+03 2.270940000000000000e+19 -6.224358081817626953e-02 -8.330887556076049805e-02
3.656492638740435268e+03 2.974588261765427433e+03 4.005498029173297709e+03 2.271140000000000000e+19 -1.038867887109518051e-02 1.057090163230895996e-01
3.655295735102943581e+03 2.981480050636488158e+03 4.001464482224147559e+03 2.271340000000000000e+19 1.247116029262542725e-01 -1.385679543018341064e-01
3.654081365283508148e+03 2.988369573434120412e+03 3.997432285150965527e+03 2.271540000000000000e+19 -5.398442968726158142e-02 3.127564191818237305e-01
3.652849535077071778e+03 2.995256797282874686e+03 3.993401457194593149e+03 2.271740000000000000e+19 -7.721956819295883179e-02 8.948265016078948975e-02
3.651600250383198727e+03 3.002141689198312179e+03 3.989372017659546600e+03 2.271940000000000000e+19 -1.000923663377761841e-01 -3.404299169778823853e-02
3.650333517180601120e+03 3.009024216231135597e+03 3.985343985829665598e+03 2.272140000000000000e+19 2.607311606407165527e-01 1.432930678129196167e-01
3.649049341536201155e+03 3.015904345419427500e+03 3.981317380996058546e+03 2.272340000000000000e+19 5.899607762694358826e-02 -7.712220773100852966e-03
3.647857084978816602e+03 3.022209027352825160e+03 3.977627577918744464e+03 2.272540000000000000e+19 4.798922315239906311e-02 -8.195582032203674316e-02
3.656492638740435268e+03 2.974588261765427433e+03 4.005498029173297709e+03 2.272740000000000000e+19 -2.004884034395217896e-01 1.395408958196640015e-01
3.655295735102943581e+03 2.981480050636488158e+03 4.001464482224147559e+03 2.272940000000000000e+19 3.794568404555320740e-02 2.664669752120971680e-01
3.654081365283508148e+03 2.988369573434120412e+03 3.997432285150965527e+03 2.273140000000000000e+19 -4.354018345475196838e-02 -3.756738901138305664e-01
3.652849535077071778e+03 2.995256797282874686e+03 3.993401457194593149e+03 2.273340000000000000e+19 -7.774872705340385437e-03 2.312441021203994751e-01
3.651600250383198727e+03 3.002141689198312179e+03 3.989372017659546600e+03 2.273540000000000000e+19 -1.552004814147949219e-01 -1.618359982967376709e-02
3.650333517180601120e+03 3.009024216231135597e+03 3.985343985829665598e+03 2.273740000000000000e+19 2.321573533117771149e-02 -2.812896482646465302e-02
3.649049341536201155e+03 3.015904345419427500e+03 3.981317380996058546e+03 2.273940000000000000e+19 -1.140104234218597412e-01 -2.188998907804489136e-01
3.647857084978816602e+03 3.022209027352825160e+03 3.977627577918744464e+03 2.274140000000000000e+19 1.117798313498497009e-01 1.562321782112121582e-01
3.643738338634135289e+03 3.043400225755940028e+03 3.965225616701085528e+03 2.274340000000000000e+19 -1.198906265199184418e-02 -1.555257290601730347e-02
3.642367044617989450e+03 3.050267872155019631e+03 3.961206435706928460e+03 2.274540000000000000e+19 -1.988628506660461426e-01 2.550076544284820557e-01
3.640978346266866083e+03 3.057132923423939701e+03 3.957188797168966175e+03 2.274740000000000000e+19 -9.088061749935150146e-02 2.518854141235351562e-01
3.639572250250916113e+03 3.063995346588808843e+03 3.953172720384522108e+03 2.274940000000000000e+19 -4.892193153500556946e-02 -8.551781624555587769e-02
3.638148763269724441e+03 3.070855108951235252e+03 3.949158224489577606e+03 2.275140000000000000e+19 -3.996328264474868774e-02 9.337230771780014038e-02
3.636707892180542785e+03 3.077712177467186848e+03 3.945145328822274223e+03 2.275340000000000000e+19 -1.908676326274871826e-01 -1.120887920260429382e-01
3.635249643844227194e+03 3.084566519487756523e+03 3.941134052489405349e+03 2.275540000000000000e+19 -9.122252464294433594e-02 -1.843046098947525024e-01
3.633897877823254476e+03 3.090847278575635755e+03 3.937458467099801965e+03 2.275740000000000000e+19 1.534058339893817902e-02 2.523022517561912537e-02
3.643738338634135289e+03 3.043400225755940028e+03 3.965225616701085528e+03 2.275940000000000000e+19 2.268641293048858643e-01 -3.839350072667002678e-03
3.642367044617989450e+03 3.050267872155019631e+03 3.961206435706928460e+03 2.276140000000000000e+19 -2.466278709471225739e-02 -6.949357688426971436e-02
3.640978346266866083e+03 3.057132923423939701e+03 3.957188797168966175e+03 2.276340000000000000e+19 7.263845205307006836e-02 2.068838477134704590e-01
3.639572250250916113e+03 3.063995346588808843e+03 3.953172720384522108e+03 2.276540000000000000e+19 -9.920059889554977417e-02 1.778609305620193481e-01
3.638148763269724441e+03 3.070855108951235252e+03 3.949158224489577606e+03 2.276740000000000000e+19 -2.169859260320663452e-01 -1.142828986048698425e-01
3.636707892180542785e+03 3.077712177467186848e+03 3.945145328822274223e+03 2.276940000000000000e+19 4.734459891915321350e-02 -6.511831190437078476e-03
3.635249643844227194e+03 3.084566519487756523e+03 3.941134052489405349e+03 2.277140000000000000e+19 2.601016685366630554e-02 -2.109418362379074097e-01
3.633897877823254476e+03 3.090847278575635755e+03 3.937458467099801965e+03 2.277340000000000000e+19 -9.090693295001983643e-02 -1.408496201038360596e-01
3.629243018951348404e+03 3.111955966275891114e+03 3.925105524601766319e+03 2.277540000000000000e+19 -5.172904208302497864e-02 -2.507509663701057434e-02
3.627697990768671389e+03 3.118796183824731997e+03 3.921102632862290648e+03 2.277740000000000000e+19 -1.545330286026000977e-01 3.761007189750671387e-01
3.626135628484473273e+03 3.125633478141697196e+03 3.917101475588991889e+03 2.277940000000000000e+19 4.249102622270584106e-02 -1.642891205847263336e-02
3.624555939537727227e+03 3.132467816671977289e+03 3.913102071832802267e+03 2.278140000000000000e+19 -5.584527552127838135e-02 8.760336041450500488e-02
3.622958931532479255e+03 3.139299166517794220e+03 3.909104440845242152e+03 2.278340000000000000e+19 1.662021130323410034e-01 -2.585123479366302490e-01
3.621344612067126945e+03 3.146127495176444882e+03 3.905108601646529223e+03 2.278540000000000000e+19 -1.729378998279571533e-01 1.958408355712890625e-01
3.619712988912398487e+03 3.152952769779077698e+03 3.901114573471031235e+03 2.278740000000000000e+19 3.656450212001800537e-01 1.059795171022415161e-01
3.618202360272163787e+03 3.159206600581489056e+03 3.897454964592422584e+03 2.278940000000000000e+19 -3.009823858737945557e-01 -4.124908149242401123e-02
3.629243018951348404e+03 3.111955966275891114e+03 3.925105524601766319e+03 2.279140000000000000e+19 -2.253180295228958130e-01 2.867310047149658203e-01
3.627697990768671389e+03 3.118796183824731997e+03 3.921102632862290648e+03 2.279340000000000000e+19 1.345365643501281738e-01 2.309733256697654724e-02
3.626135628484473273e+03 3.125633478141697196e+03 3.917101475588991889e+03 2.279540000000000000e+19 3.485958278179168701e-01 4.232301190495491028e-02
3.624555939537727227e+03 3.132467816671977289e+03 3.913102071832802267e+03 2.279740000000000000e+19 -7.487511634826660156e-02 2.011571824550628662e-01
3.622958931532479255e+03 3.139299166517794220e+03 3.909104440845242152e+03 2.279940000000000000e+19 1.179649308323860168e-01 3.088696002960205078e-01
3.621344612067126945e+03 3.146127495176444882e+03 3.905108601646529223e+03 2.280140000000000000e+19 -5.174485966563224792e-02 -7.711642980575561523e-02
3.619712988912398487e+03 3.152952769779077698e+03 3.901114573471031235e+03 2.280340000000000000e+19 -3.775554001331329346e-01 2.800846099853515625e-02
3.618202360272163787e+03 3.159206600581489056e+03 3.897454964592422584e+03 2.280540000000000000e+19 3.779869154095649719e-02 4.868990927934646606e-02
3.613298275496977567e+03 3.179087442831826138e+03 3.885821252840392845e+03 2.280740000000000000e+19 -1.126555651426315308e-01 -6.891643255949020386e-02
3.611583129286827898e+03 3.185897496491496440e+03 3.881836246933477469e+03 2.280940000000000000e+19 -1.242334395647048950e-01 4.452802985906600952e-02
3.609850726074728755e+03 3.192704305885158192e+03 3.877853163355573997e+03 2.281140000000000000e+19 -1.212767586112022400e-01 -7.106654345989227295e-02
3.608101074181916829e+03 3.199507838318712402e+03 3.873872021238008074e+03 2.281340000000000000e+19 4.633976519107818604e-02 4.663051962852478027e-01
3.606334181933217678e+03 3.206308061421836101e+03 3.869892839522524810e+03 2.281540000000000000e+19 -3.056798316538333893e-02 1.290433704853057861e-01
3.604550057827449109e+03 3.213104942484619187e+03 3.865915637349463850e+03 2.281740000000000000e+19 2.738015055656433105e-01 2.479789592325687408e-02
3.602748710378439227e+03 3.219898449073722531e+03 3.861940433697220215e+03 2.281940000000000000e+19 1.128703728318214417e-02 -4.579881131649017334e-01
3.601082571435636055e+03 3.226122881650056115e+03 3.858298243041807837e+03 2.282140000000000000e+19 -2.130522131919860840e-01 -1.699447184801101685e-01
3.613298275496977567e+03 3.179087442831826138e+03 3.885821252840392845e+03 2.282340000000000000e+19 -3.214624226093292236e-01 -4.852864146232604980e-02
3.611583129286827898e+03 3.185897496491496440e+03 3.881836246933477469e+03 2.282540000000000000e+19 -4.300307333469390869e-01 -1.231211051344871521e-01
3.609850726074728755e+03 3.192704305885158192e+03 3.877853163355573997e+03 2.282740000000000000e+19 -1.329344063997268677e-01 2.985351383686065674e-01
3.608101074181916829e+03 3.199507838318712402e+03 3.873872021238008074e+03 2.282940000000000000e+19 -1.530600013211369514e-03 7.348520308732986450e-02
3.606334181933217678e+03 3.206308061421836101e+03 3.869892839522524810e+03 2.283140000000000000e+19 1.663459092378616333e-01 -1.345100551843643188e-01
3.604550057827449109e+03 3.213104942484619187e+03 3.865915637349463850e+03 2.283340000000000000e+19 -9.501828998327255249e-02 1.877502538263797760e-02
3.602748710378439227e+03 3.219898449073722531e+03 3.861940433697220215e+03 2.283540000000000000e+19 -5.124244838953018188e-02 -2.395467311143875122e-01
3.601082571435636055e+03 3.226122881650056115e+03 3.858298243041807837e+03 2.283740000000000000e+19 -2.807632647454738617e-02 2.186619117856025696e-02
3.595371260856571553e+03 3.247038080486781382e+03 3.846059984761236137e+03 2.283940000000000000e+19 4.170216992497444153e-02 8.502793312072753906e-02
3.593483927701147422e+03 3.253814227167610170e+03 3.842095058993374550e+03 2.284140000000000000e+19 -1.922634243965148926e-02 5.390825867652893066e-02
3.591579424135556565e+03 3.260586804645123721e+03 3.838132245690110722e+03 2.284340000000000000e+19 6.125743966549634933e-03 3.177066519856452942e-02
3.589657759333979357e+03 3.267355780295248678e+03 3.834171563940641136e+03 2.284540000000000000e+19 1.066308990120887756e-01 1.129934862256050110e-01
3.587718942446175333e+03 3.274121121888470498e+03 3.830213032603172906e+03 2.284740000000000000e+19 6.743516027927398682e-02 -4.011001288890838623e-01
3.585762982764060780e+03 3.280882797000454957e+03 3.826256670649800071e+03 2.284940000000000000e+19 -5.779556185007095337e-02 7.673826813697814941e-02
3.583789889675737413e+03 3.287640773177423398e+03 3.822302497069724268e+03 2.285140000000000000e+19 2.148864716291427612e-01 5.546240881085395813e-02
3.581966395735272727e+03 3.293832355592104250e+03 3.818679748177414695e+03 2.285340000000000000e+19 1.489104796200990677e-02 -8.138534426689147949e-02
3.595371260856571553e+03 3.247038080486781382e+03 3.846059984761236137e+03 2.285540000000000000e+19 2.830666601657867432e-01 4.319669902324676514e-01
3.593483927701147422e+03 3.253814227167610170e+03 3.842095058993374550e+03 2.285740000000000000e+19 -6.526017189025878906e-02 -6.577920168638229370e-02
3.591579424135556565e+03 3.260586804645123721e+03 3.838132245690110722e+03 2.285940000000000000e+19 -9.158588200807571411e-02 -5.375927314162254333e-02
3.589657759333979357e+03 3.267355780295248678e+03 3.834171563940641136e+03 2.286140000000000000e+19 -1.854487061500549316e-01 2.455209940671920776e-02
3.587718942446175333e+03 3.274121121888470498e+03 3.830213032603172906e+03 2.286340000000000000e+19 1.183833479881286621e-01 4.128059744834899902e-02
3.585762982764060780e+03 3.280882797000454957e+03 3.826256670649800071e+03 2.286540000000000000e+19 -2.741739749908447266e-01 -1.323906183242797852e-01
3.583789889675737413e+03 3.287640773177423398e+03 3.822302497069724268e+03 2.286740000000000000e+19 -1.894974708557128906e-01 3.052394688129425049e-01
3.581966395735272727e+03 3.293832355592104250e+03 3.818679748177414695e+03 2.286940000000000000e+19 -1.814203262329101562e-01 -1.336845010519027710e-01
3.575726373120738572e+03 3.314635042743374015e+03 3.806508064340991496e+03 2.287140000000000000e+19 1.764296293258666992e-01 1.108260974287986755e-01
3.573667756165259107e+03 3.321374039876631286e+03 3.802565116034862513e+03 2.287340000000000000e+19 2.730424702167510986e-01 8.448332548141479492e-02
3.571592063689622137e+03 3.328109144294701309e+03 3.798624469483353550e+03 2.287540000000000000e+19 2.703610360622406006e-01 -1.704185605049133301e-01
3.569499305577078758e+03 3.334840323929367514e+03 3.794686143449265273e+03 2.287740000000000000e+19 6.740720011293888092e-03 3.674625456333160400e-01
3.567389491901300516e+03 3.341567546379411851e+03 3.790750156890119342e+03 2.287940000000000000e+19 -6.405010074377059937e-02 -2.597829103469848633e-01
3.565262632700672839e+03 3.348290779637413380e+03 3.786816528532859138e+03 2.288140000000000000e+19 -1.515600979328155518e-01 -2.023608386516571045e-01
3.563118738213067900e+03 3.355009991340581564e+03 3.782885277312347625e+03 2.288340000000000000e+19 2.603543698787689209e-01 1.376115828752517700e-01
3.561138761913652615e+03 3.361165760600534213e+03 3.779283703855208387e+03 2.288540000000000000e+19 -1.442563384771347046e-01 -1.237393394112586975e-01
3.575726373120738572e+03 3.314635042743374015e+03 3.806508064340991496e+03 2.288740000000000000e+19 -2.479381710290908813e-01 1.642398685216903687e-01
3.573667756165259107e+03 3.321374039876631286e+03 3.802565116034862513e+03 2.288940000000000000e+19 1.082989275455474854e-01 1.790502667427062988e-01
3.571592063689622137e+03 3.328109144294701309e+03 3.798624469483353550e+03 2.289140000000000000e+19 1.683055460453033447e-01 -1.790454834699630737e-01
3.569499305577078758e+03 3.334840323929367514e+03 3.794686143449265273e+03 2.289340000000000000e+19 5.759093165397644043e-02 1.619216352701187134e-01
3.567389491901300516e+03 3.341567546379411851e+03 3.790750156890119342e+03 2.289540000000000000e+19 -2.669686265289783478e-02 -1.575460731983184814e-01
3.565262632700672839e+03 3.348290779637413380e+03 3.786816528532859138e+03 2.289740000000000000e+19 6.180893629789352417e-03 1.061988845467567444e-01
3.563118738213067900e+03 3.355009991340581564e+03 3.782885277312347625e+03 2.289940000000000000e+19 5.656442418694496155e-02 1.688934117555618286e-02
3.561138761913652615e+03 3.361165760600534213e+03 3.779283703855208387e+03 2.290140000000000000e+19 8.027622848749160767e-02 -2.736977068707346916e-03
3.554373013451938732e+03 3.381845980916638382e+03 3.767184419232645723e+03 2.290340000000000000e+19 -4.482501745223999023e-02 -1.073596626520156860e-02
3.552144097896509720e+03 3.388544603405312955e+03 3.763265335372740083e+03 2.290540000000000000e+19 -2.745206654071807861e-02 1.085952669382095337e-01
3.549898209822244098e+03 3.395239011741986815e+03 3.759348741331802103e+03 2.290740000000000000e+19 2.597364038228988647e-02 -1.396680772304534912e-01
3.547635359938067268e+03 3.401929174005508230e+03 3.755434655785433279e+03 2.290940000000000000e+19 1.771656610071659088e-02 -1.549721062183380127e-01
3.545355559088899554e+03 3.408615058131847036e+03 3.751523097492714442e+03 2.291140000000000000e+19 1.384857147932052612e-01 -1.006714999675750732e-01
3.543058818225204504e+03 3.415296632007738026e+03 3.747614085241410066e+03 2.291340000000000000e+19 1.515699326992034912e-01 -2.196244299411773682e-01
3.540745148274776511e+03 3.421973863843139497e+03 3.743707637630070167e+03 2.291540000000000000e+19 -1.650263369083404541e-02 -1.547179073095321655e-01
3.538609637510679022e+03 3.428090873034240303e+03 3.740128963766419474e+03 2.291740000000000000e+19 -8.860671520233154297e-02 1.032919213175773621e-01
3.554373013451938732e+03 3.381845980916638382e+03 3.767184419232645723e+03 2.291940000000000000e+19 1.756613999605178833e-01 7.369937002658843994e-02
3.552144097896509720e+03 3.388544603405312955e+03 3.763265335372740083e+03 2.292140000000000000e+19 -1.899510025978088379e-01 2.816899716854095459e-01
3.549898209822244098e+03 3.395239011741986815e+03 3.759348741331802103e+03 2.292340000000000000e+19 1.629666388034820557e-01 -1.300459802150726318e-01
3.547635359938067268e+03 3.401929174005508230e+03 3.755434655785433279e+03 2.292540000000000000e+19 5.545570328831672668e-02 -1.213193610310554504e-01
3.545355559088899554e+03 3.408615058131847036e+03 3.751523097492714442e+03 2.292740000000000000e+19 8.779758214950561523e-02 -3.465346619486808777e-02
3.543058818225204504e+03 3.415296632007738026e+03 3.747614085241410066e+03 2.292940000000000000e+19 8.698532730340957642e-02 1.123284026980400085e-01
3.540745148274776511e+03 3.421973863843139497e+03 3.743707637630070167e+03 2.293140000000000000e+19 -1.164934337139129639e-01 -6.044530496001243591e-02
3.538609637510679022e+03 3.428090873034240303e+03 3.740128963766419474e+03 2.293340000000000000e+19 -2.222554385662078857e-01 -8.276478201150894165e-02
