# Baseline: 9-25
# Entries: 128
# u [m], v [m], w [m], frequency [GHz], real, imag
-1.735393171904682504e+03 -6.784021898734749811e+02 -1.822299095120572929e+03 2.267940000000000000e+19 -1.174895390868186951e-01 -6.570158898830413818e-02
-1.736122548740025877e+03 -6.816744950765905742e+02 -1.820382202427374295e+03 2.268140000000000000e+19 -6.803377065807580948e-03 9.056508541107177734e-02
-1.736843627408580005e+03 -6.849481741722331662e+02 -1.818464516295045996e+03 2.268340000000000000e+19 -1.447023451328277588e-01 -1.173842325806617737e-01
-1.737556404464546631e+03 -6.882232115162204309e+02 -1.816546045887781020e+03 2.268540000000000000e+19 -2.228182367980480194e-02 1.334642618894577026e-01
-1.738085796888515233e+03 -6.906803298940341165e+02 -1.815106707910410478e+03 2.268740000000000000e+19 -5.629931762814521790e-02 -6.900706887245178223e-02
-1.738957040133364217e+03 -6.947772982489859714e+02 -1.812706788977294082e+03 2.268940000000000000e+19 1.158450022339820862e-01 2.970874905586242676e-01
-1.739644892028770300e+03 -6.980563162030930471e+02 -1.810786020887890345e+03 2.269140000000000000e+19 2.097947299480438232e-01 -3.468382656574249268e-01
-1.740493350543590168e+03 -7.021568570504483660e+02 -1.808384040394567819e+03 2.269340000000000000e+19 1.419681683182716370e-02 7.589548826217651367e-02
-1.735393171904682504e+03 -6.784021898734749811e+02 -1.822299095120572929e+03 2.269540000000000000e+19 -2.734032832086086273e-02 -2.079596370458602905e-01
-1.736122548740025877e+03 -6.816744950765905742e+02 -1.820382202427374295e+03 2.269740000000000000e+19 -5.948298424482345581e-02 2.125529050827026367e-01
-1.736843627408580005e+03 -6.849481741722331662e+02 -1.818464516295045996e+03 2.269940000000000000e+19 6.448914855718612671e-02 2.294981293380260468e-02
-1.737556404464546631e+03 -6.882232115162204309e+02 -1.816546045887781020e+03 2.270140000000000000e+19 5.584764853119850159e-02 9.981270134449005127e-02
-1.738085796888515233e+03 -6.906803298940341165e+02 -1.815106707910410478e+03 2.270340000000000000e+19 -7.972503453493118286e-02 -5.093339085578918457e-02
-1.738957040133364217e+03 -6.947772982489859714e+02 -1.812706788977294082e+03 2.270540000000000000e+19 3.405839204788208008e-02 4.938492923974990845e-02
-1.739644892028770300e+03 -6.980563162030930471e+02 -1.810786020887890345e+03 2.270740000000000000e+19 -1.281839562579989433e-03 -8.811485022306442261e-02
-1.740493350543590168e+03 -7.021568570504483660e+02 -1.808384040394567819e+03 2.270940000000000000e+19 -4.071709141135215759e-02 -2.505841292440891266e-02
-1.742313117106458094e+03 -7.111851861865987985e+02 -1.803095565216529621e+03 2.271140000000000000e+19 1.815837435424327850e-02 -9.591083042323589325e-03
-1.742959361785417286e+03 -7.144705246736560866e+02 -1.801171151482571759e+03 2.271340000000000000e+19 6.108936294913291931e-02 -6.732774525880813599e-02
-1.743597275574454670e+03 -7.177570800770400865e+02 -1.799246036261995414e+03 2.271540000000000000e+19 3.772229328751564026e-02 -2.884177863597869873e-02
-1.744226855429670422e+03 -7.210448367139281345e+02 -1.797320228741087703e+03 2.271740000000000000e+19 3.920512646436691284e-02 6.664818525314331055e-02
-1.744848098335894292e+03 -7.243337788385216527e+02 -1.795393738142966185e+03 2.271940000000000000e+19 7.027638703584671021e-02 6.158277392387390137e-02
-1.745461001320005380e+03 -7.276238907108070180e+02 -1.793466573687308710e+03 2.272140000000000000e+19 2.733829990029335022e-02 -1.306280642747879028e-01
-1.746065561446798711e+03 -7.309151565736914336e+02 -1.791538744603742543e+03 2.272340000000000000e+19 -6.376013159751892090e-02 1.197437942028045654e-01
-1.746612516416391827e+03 -7.339331363054880057e+02 -1.789771000182030548e+03 2.272540000000000000e+19 6.920823454856872559e-02 -7.725264132022857666e-02
-1.742313117106458094e+03 -7.111851861865987985e+02 -1.803095565216529621e+03 2.272740000000000000e+19 5.000064149498939514e-02 -2.642729133367538452e-02
-1.742959361785417286e+03 -7.144705246736560866e+02 -1.801171151482571759e+03 2.272940000000000000e+19 -5.147191695868968964e-03 4.305361583828926086e-02
-1.743597275574454670e+03 -7.177570800770400865e+02 -1.799246036261995414e+03 2.273140000000000000e+19 4.987530410289764404e-02 -1.008976846933364868e-01
-1.744226855429670422e+03 -7.210448367139281345e+02 -1.797320228741087703e+03 2.273340000000000000e+19 -5.068157613277435303e-02 4.011905938386917114e-02
-1.744848098335894292e+03 -7.243337788385216527e+02 -1.795393738142966185e+03 2.273540000000000000e+19 1.231748536229133606e-01 7.098270207643508911e-02
-1.745461001320005380e+03 -7.276238907108070180e+02 -1.793466573687308710e+03 2.273740000000000000e+19 5.462606996297836304e-02 6.226205825805664062e-02
-1.746065561446798711e+03 -7.309151565736914336e+02 -1.791538744603742543e+03 2.273940000000000000e+19 1.257903277873992920e-01 -4.905788227915763855e-02
-1.746612516416391827e+03 -7.339331363054880057e+02 -1.789771000182030548e+03 2.274140000000000000e+19 -8.731576055288314819e-02 4.375832900404930115e-02
-1.748400316147937929e+03 -7.440914450106801041e+02 -1.783820966451383356e+03 2.274340000000000000e+19 -1.573000475764274597e-02 -7.380674034357070923e-02
-1.748963119396983757e+03 -7.473882444974816508e+02 -1.781889952654773879e+03 2.274540000000000000e+19 1.073461174964904785e-01 -2.422918379306793213e-02
-1.749517563036572483e+03 -7.506861034337526917e+02 -1.779958329606042071e+03 2.274740000000000000e+19 8.948121964931488037e-02 2.908577024936676025e-02
-1.750063644403639046e+03 -7.539850059793711807e+02 -1.778026106583067303e+03 2.274940000000000000e+19 3.382074087858200073e-02 -5.189179629087448120e-02
-1.750601360896079996e+03 -7.572849364156049887e+02 -1.776093292792575312e+03 2.275140000000000000e+19 -5.871983990073204041e-02 -7.632461935281753540e-02
-1.751130709923764243e+03 -7.605858788463981455e+02 -1.774159897545098602e+03 2.275340000000000000e+19 8.628963679075241089e-02 -8.591075241565704346e-02
-1.751651688966443544e+03 -7.638878175547623641e+02 -1.772225930046235135e+03 2.275540000000000000e+19 7.451036572456359863e-02 3.102027624845504761e-02
-1.752122004773928893e+03 -7.669154440586273722e+02 -1.770452638794249651e+03 2.275740000000000000e+19 -3.508936613798141479e-02 4.834851622581481934e-02
-1.748400316147937929e+03 -7.440914450106801041e+02 -1.783820966451383356e+03 2.275940000000000000e+19 2.865752577781677246e-02 3.770138323307037354e-02
-1.748963119396983757e+03 -7.473882444974816508e+02 -1.781889952654773879e+03 2.276140000000000000e+19 -1.658554226160049438e-01 -1.341776847839355469e-01
-1.749517563036572483e+03 -7.506861034337526917e+02 -1.779958329606042071e+03 2.276340000000000000e+19 1.108059808611869812e-01 -4.668725654482841492e-02
-1.750063644403639046e+03 -7.539850059793711807e+02 -1.778026106583067303e+03 2.276540000000000000e+19 1.423834115266799927e-01 -3.028734959661960602e-02
-1.750601360896079996e+03 -7.572849364156049887e+02 -1.776093292792575312e+03 2.276740000000000000e+19 1.413100864738225937e-02 2.642235532402992249e-02
-1.751130709923764243e+03 -7.605858788463981455e+02 -1.774159897545098602e+03 2.276940000000000000e+19 4.016697034239768982e-02 -4.543790966272354126e-02
-1.751651688966443544e+03 -7.638878175547623641e+02 -1.772225930046235135e+03 2.277140000000000000e+19 -1.021931227296590805e-02 3.610938787460327148e-02
-1.752122004773928893e+03 -7.669154440586273722e+02 -1.770452638794249651e+03 2.277340000000000000e+19 6.233686953783035278e-02 7.486036419868469238e-02
-1.753651855986344344e+03 -7.771052188197168107e+02 -1.764484522820972416e+03 2.277540000000000000e+19 8.763211965560913086e-02 -2.021015249192714691e-02
-1.754130948490013225e+03 -7.804119016865207641e+02 -1.762547833010913564e+03 2.277740000000000000e+19 -3.586751967668533325e-02 -1.369715854525566101e-02
-1.754601656641833642e+03 -7.837194858911706206e+02 -1.760610626555476074e+03 2.277940000000000000e+19 7.853623479604721069e-02 -2.354758419096469879e-02
-1.755063978200603742e+03 -7.870279556850745166e+02 -1.758672912678390958e+03 2.278140000000000000e+19 8.296647667884826660e-02 1.134925186634063721e-01
-1.755517910940916636e+03 -7.903372951425727706e+02 -1.756734700707040929e+03 2.278340000000000000e+19 2.377567067742347717e-02 -8.001503348350524902e-02
-1.755963452703038456e+03 -7.936474885182407206e+02 -1.754795999863194311e+03 2.278540000000000000e+19 5.397125706076622009e-02 -6.218924745917320251e-02
-1.756400601342327036e+03 -7.969585198781253439e+02 -1.752856819478985017e+03 2.278740000000000000e+19 -9.239527583122253418e-02 -5.106544122099876404e-02
-1.756794052936177422e+03 -7.999943443878377138e+02 -1.751078829943918663e+03 2.278940000000000000e+19 -3.471419215202331543e-02 -8.169664442539215088e-02
-1.753651855986344344e+03 -7.771052188197168107e+02 -1.764484522820972416e+03 2.279140000000000000e+19 -6.527538597583770752e-02 1.227283291518688202e-02
-1.754130948490013225e+03 -7.804119016865207641e+02 -1.762547833010913564e+03 2.279340000000000000e+19 4.462321754544973373e-03 3.820040822029113770e-02
-1.754601656641833642e+03 -7.837194858911706206e+02 -1.760610626555476074e+03 2.279540000000000000e+19 -5.482567101716995239e-02 1.060649529099464417e-01
-1.755063978200603742e+03 -7.870279556850745166e+02 -1.758672912678390958e+03 2.279740000000000000e+19 2.279124036431312561e-02 7.664009928703308105e-02
-1.755517910940916636e+03 -7.903372951425727706e+02 -1.756734700707040929e+03 2.279940000000000000e+19 -1.819953671656548977e-03 2.641491405665874481e-02
-1.755963452703038456e+03 -7.936474885182407206e+02 -1.754795999863194311e+03 2.280140000000000000e+19 -5.290788412094116211e-02 2.163365669548511505e-02
-1.756400601342327036e+03 -7.969585198781253439e+02 -1.752856819478985017e+03 2.280340000000000000e+19 7.084062695503234863e-02 -2.002427540719509125e-02
-1.756794052936177422e+03 -7.999943443878377138e+02 -1.751078829943918663e+03 2.280540000000000000e+19 -8.143621683120727539e-02 2.015453204512596130e-02
-1.757998547730985592e+03 -8.096582847716795186e+02 -1.745419019167683928e+03 2.280740000000000000e+19 -5.432733148336410522e-02 -1.367867086082696915e-02
-1.758395100875854268e+03 -8.129731431954226082e+02 -1.743477651722189876e+03 2.280940000000000000e+19 1.327913999557495117e-01 -1.249142661690711975e-01
-1.758783249268255076e+03 -8.162887471735189138e+02 -1.741535858869200865e+03 2.281140000000000000e+19 -2.204183489084243774e-01 3.824535384774208069e-02
-1.759162991043970123e+03 -8.196050807806063858e+02 -1.739593649935448866e+03 2.281340000000000000e+19 3.908623009920120239e-02 1.087484974414110184e-02
-1.759534324396337070e+03 -8.229221282379759259e+02 -1.737651034161724283e+03 2.281540000000000000e+19 6.620344519615173340e-02 3.075054148212075233e-03
-1.759897247539129694e+03 -8.262398735902420412e+02 -1.735708020892232071e+03 2.281740000000000000e+19 2.097030431032180786e-01 1.123260557651519775e-01
-1.760251758740714422e+03 -8.295583010057526963e+02 -1.733764619398662035e+03 2.281940000000000000e+19 -8.837497979402542114e-02 3.249484300613403320e-02
-1.760569443369646024e+03 -8.326007700831775082e+02 -1.731982839664487983e+03 2.282140000000000000e+19 1.234361678361892700e-01 1.166685223579406738e-01
-1.757998547730985592e+03 -8.096582847716795186e+02 -1.745419019167683928e+03 2.282340000000000000e+19 2.121211588382720947e-02 1.634893864393234253e-01
-1.758395100875854268e+03 -8.129731431954226082e+02 -1.743477651722189876e+03 2.282540000000000000e+19 2.816702052950859070e-02 -1.704817265272140503e-01
-1.758783249268255076e+03 -8.162887471735189138e+02 -1.741535858869200865e+03 2.282740000000000000e+19 -3.875868767499923706e-02 4.989285767078399658e-02
-1.759162991043970123e+03 -8.196050807806063858e+02 -1.739593649935448866e+03 2.282940000000000000e+19 -6.102286279201507568e-04 -4.416277166455984116e-03
-1.759534324396337070e+03 -8.229221282379759259e+02 -1.737651034161724283e+03 2.283140000000000000e+19 6.729151308536529541e-02 -1.115300282835960388e-01
-1.759897247539129694e+03 -8.262398735902420412e+02 -1.735708020892232071e+03 2.283340000000000000e+19 -2.233667112886905670e-02 4.658005759119987488e-02
-1.760251758740714422e+03 -8.295583010057526963e+02 -1.733764619398662035e+03 2.283540000000000000e+19 -5.801521614193916321e-02 6.388980895280838013e-02
-1.760569443369646024e+03 -8.326007700831775082e+02 -1.731982839664487983e+03 2.283740000000000000e+19 1.080475673079490662e-01 1.350570842623710632e-02
-1.761585650795517495e+03 -8.428385135264004475e+02 -1.725987317283600760e+03 2.283940000000000000e+19 1.751716621220111847e-02 4.221673682332038879e-02
-1.761898077638104496e+03 -8.461601128861501593e+02 -1.724042114268533851e+03 2.284140000000000000e+19 2.056033164262771606e-02 3.809225559234619141e-02
-1.762202082968288323e+03 -8.494822990223807437e+02 -1.722096578832244404e+03 2.284340000000000000e+19 -1.609728485345840454e-01 -4.032696783542633057e-02
-1.762497665321664499e+03 -8.528050559318412525e+02 -1.720150720346538492e+03 2.284540000000000000e+19 6.534028053283691406e-02 7.030529528856277466e-02
-1.762784823290873646e+03 -8.561283677936954746e+02 -1.718204548076342235e+03 2.284740000000000000e+19 -6.025864928960800171e-02 -2.781292423605918884e-02
-1.763063555499530139e+03 -8.594522186803035311e+02 -1.716258071349076317e+03 2.284940000000000000e+19 -1.049065683037042618e-02 -1.797627098858356476e-02
-1.763333860609880503e+03 -8.627765926382749058e+02 -1.714311299507185140e+03 2.285140000000000000e+19 5.323803797364234924e-02 -1.299790740013122559e-01
-1.763574343540707105e+03 -8.658243751127395171e+02 -1.712526510868588048e+03 2.285340000000000000e+19 9.271475672721862793e-02 -1.510831061750650406e-02
-1.761585650795517495e+03 -8.428385135264004475e+02 -1.725987317283600760e+03 2.285540000000000000e+19 -4.490001499652862549e-02 5.566441640257835388e-02
-1.761898077638104496e+03 -8.461601128861501593e+02 -1.724042114268533851e+03 2.285740000000000000e+19 -6.726944446563720703e-02 -3.778776153922080994e-02
-1.762202082968288323e+03 -8.494822990223807437e+02 -1.722096578832244404e+03 2.285940000000000000e+19 -3.370946273207664490e-02 -1.088354662060737610e-01
-1.762497665321664499e+03 -8.528050559318412525e+02 -1.720150720346538492e+03 2.286140000000000000e+19 -2.669629175215959549e-03 -7.765561342239379883e-02
-1.762784823290873646e+03 -8.561283677936954746e+02 -1.718204548076342235e+03 2.286340000000000000e+19 5.190811306238174438e-02 -4.667707905173301697e-02
-1.763063555499530139e+03 -8.594522186803035311e+02 -1.716258071349076317e+03 2.286540000000000000e+19 -2.066307887434959412e-02 1.245420891791582108e-02
-1.763333860609880503e+03 -8.627765926382749058e+02 -1.714311299507185140e+03 2.286740000000000000e+19 2.812243998050689697e-02 -4.541188850998878479e-02
-1.763574343540707105e+03 -8.658243751127395171e+02 -1.712526510868588048e+03 2.286940000000000000e+19 -1.650545559823513031e-02 -1.004434302449226379e-01
-1.764330784834228098e+03 -8.760790013381470089e+02 -1.706521447124696124e+03 2.287140000000000000e+19 3.142504766583442688e-02 3.550090268254280090e-02
-1.764558935872641314e+03 -8.794057521585683617e+02 -1.704573339372197552e+03 2.287340000000000000e+19 5.942438170313835144e-02 -1.481420099735260010e-01
-1.764778652656988015e+03 -8.827329305579287393e+02 -1.702624992425147866e+03 2.287540000000000000e+19 -8.424696326255798340e-02 -4.582234472036361694e-02
-1.764989934141186950e+03 -8.860605206943387202e+02 -1.700676415560323903e+03 2.287740000000000000e+19 1.475227158516645432e-02 4.625239223241806030e-02
-1.765192779308202944e+03 -8.893885065501081044e+02 -1.698727618157393863e+03 2.287940000000000000e+19 -2.244708361104130745e-03 1.640110462903976440e-02
-1.765387187192973897e+03 -8.927168722910261067e+02 -1.696778609488499796e+03 2.288140000000000000e+19 -8.830396085977554321e-02 -1.388785894960165024e-02
-1.765573156859738674e+03 -8.960456018957340802e+02 -1.694829398935381050e+03 2.288340000000000000e+19 9.567358344793319702e-02 -1.002420932054519653e-01
-1.765736323010247133e+03 -8.990972392451934638e+02 -1.693042455506104716e+03 2.288540000000000000e+19 1.535169482231140137e-01 4.382720962166786194e-02
-1.764330784834228098e+03 -8.760790013381470089e+02 -1.706521447124696124e+03 2.288740000000000000e+19 2.259654225781559944e-03 6.191497668623924255e-02
-1.764558935872641314e+03 -8.794057521585683617e+02 -1.704573339372197552e+03 2.288940000000000000e+19 -7.756008207798004150e-02 1.563730463385581970e-02
-1.764778652656988015e+03 -8.827329305579287393e+02 -1.702624992425147866e+03 2.289140000000000000e+19 -1.982091367244720459e-02 -1.943515054881572723e-02
-1.764989934141186950e+03 -8.860605206943387202e+02 -1.700676415560323903e+03 2.289340000000000000e+19 -8.037083782255649567e-03 -5.973777547478675842e-02
-1.765192779308202944e+03 -8.893885065501081044e+02 -1.698727618157393863e+03 2.289540000000000000e+19 -1.002287864685058594e-01 4.845332354307174683e-02
-1.765387187192973897e+03 -8.927168722910261067e+02 -1.696778609488499796e+03 2.289740000000000000e+19 -5.219782516360282898e-02 -1.686084643006324768e-02
-1.765573156859738674e+03 -8.960456018957340802e+02 -1.694829398935381050e+03 2.289940000000000000e+19 1.365919969975948334e-02 4.529687389731407166e-02
-1.765736323010247133e+03 -8.990972392451934638e+02 -1.693042455506104716e+03 2.290140000000000000e+19 3.316966583952307701e-03 -5.167284607887268066e-02
-1.766232636184794274e+03 -9.093638408877576467e+02 -1.687030724129698910e+03 2.290340000000000000e+19 9.549387730658054352e-03 -9.627226740121841431e-03
-1.766376402234002626e+03 -9.126941510779630562e+02 -1.685080643949979958e+03 2.290540000000000000e+19 -7.642035186290740967e-02 -3.350880742073059082e-02
-1.766511725332989499e+03 -9.160247295491059276e+02 -1.683130417855850283e+03 2.290740000000000000e+19 7.244062726385891438e-05 -5.468492582440376282e-02
-1.766638604836396325e+03 -9.193555604199164009e+02 -1.681180055146612858e+03 2.290940000000000000e+19 -5.748102441430091858e-02 2.220081165432929993e-02
-1.766757040136006708e+03 -9.226866277267121177e+02 -1.679229565169773423e+03 2.291140000000000000e+19 -9.502758830785751343e-02 -7.082903385162353516e-02
-1.766867030663074956e+03 -9.260179154698664661e+02 -1.677278957293831581e+03 2.291340000000000000e+19 2.491427771747112274e-02 -2.194206230342388153e-02
-1.766968575894378773e+03 -9.293494077995287626e+02 -1.675328240799532978e+03 2.291540000000000000e+19 7.671291474252939224e-03 -6.198541726917028427e-03
-1.767054347167933656e+03 -9.324034391281081753e+02 -1.673539998034263590e+03 2.291740000000000000e+19 8.500698953866958618e-03 -5.446394160389900208e-02
-1.766232636184794274e+03 -9.093638408877576467e+02 -1.687030724129698910e+03 2.291940000000000000e+19 -4.866606369614601135e-02 -5.211450159549713135e-02
-1.766376402234002626e+03 -9.126941510779630562e+02 -1.685080643949979958e+03 2.292140000000000000e+19 2.561459876596927643e-02 4.649513587355613708e-02
-1.766511725332989499e+03 -9.160247295491059276e+02 -1.683130417855850283e+03 2.292340000000000000e+19 5.382299050688743591e-02 -1.253667753189802170e-02
-1.766638604836396325e+03 -9.193555604199164009e+02 -1.681180055146612858e+03 2.292540000000000000e+19 1.030578091740608215e-02 2.179073169827461243e-02
-1.766757040136006708e+03 -9.226866277267121177e+02 -1.679229565169773423e+03 2.292740000000000000e+19 5.477760732173919678e-02 -3.108854219317436218e-02
-1.766867030663074956e+03 -9.260179154698664661e+02 -1.677278957293831581e+03 2.292940000000000000e+19 -1.566437259316444397e-02 -2.110908925533294678e-02
-1.766968575894378773e+03 -9.293494077995287626e+02 -1.675328240799532978e+03 2.293140000000000000e+19 -3.640221804380416870e-02 3.865491598844528198e-02
-1.767054347167933656e+03 -9.324034391281081753e+02 -1.673539998034263590e+03 2.293340000000000000e+19 1.830480992794036865e-02 -1.422440111637115479e-01
