# Baseline: 16-20
# u [m], v [m], w [m], frequency [GHz], real, imag
1.084988002995297336e+02 -8.822800067578586095e+03 -9.909591733577224204e+02 2.267940000000000000e+19 8.546579629182815552e-03 -4.102315381169319153e-02
1.240592923585794551e+02 -8.822578076841184156e+03 -9.911097191605247190e+02 2.268140000000000000e+19 -1.431445591151714325e-02 7.257688045501708984e-02
1.396191616285383930e+02 -8.822326710418770745e+03 -9.912774635447275386e+02 2.268340000000000000e+19 5.212780088186264038e-02 -8.236038498580455780e-03
1.551783337523550870e+02 -8.822045969512793818e+03 -9.914624057085413824e+02 2.268540000000000000e+19 1.975609362125396729e-02 -7.155428826808929443e-02
1.668472365765427980e+02 -8.821817055504217933e+03 -9.916118604666361307e+02 2.268740000000000000e+19 2.146108821034431458e-02 1.096509955823421478e-02
1.862942887167896515e+02 -8.821396369763264374e+03 -9.918838797531875571e+02 2.268940000000000000e+19 8.632162585854530334e-03 -4.292058199644088745e-02
2.018509223195338507e+02 -8.821027514036204593e+03 -9.921204096119517999e+02 2.269140000000000000e+19 -3.663362562656402588e-02 -1.782547496259212494e-02
2.212953510180177830e+02 -8.820526335049875343e+03 -9.924395540637565318e+02 2.269340000000000000e+19 -2.063919976353645325e-02 -1.122688781470060349e-02
1.084988002995297336e+02 -8.822800067578586095e+03 -9.909591733577224204e+02 2.269540000000000000e+19 -1.405327022075653076e-01 5.319890379905700684e-02
1.240592923585794551e+02 -8.822578076841184156e+03 -9.911097191605247190e+02 2.269740000000000000e+19 -9.039819240570068359e-02 -3.470755741000175476e-02
1.396191616285383930e+02 -8.822326710418770745e+03 -9.912774635447275386e+02 2.269940000000000000e+19 1.432495117187500000e-01 1.094805635511875153e-02
1.551783337523550870e+02 -8.822045969512793818e+03 -9.914624057085413824e+02 2.270140000000000000e+19 -4.344199225306510925e-02 1.576298661530017853e-02
1.668472365765427980e+02 -8.821817055504217933e+03 -9.916118604666361307e+02 2.270340000000000000e+19 1.367902904748916626e-01 -2.876688726246356964e-02
1.862942887167896515e+02 -8.821396369763264374e+03 -9.918838797531875571e+02 2.270540000000000000e+19 4.411627352237701416e-02 -1.641103774309158325e-01
2.018509223195338507e+02 -8.821027514036204593e+03 -9.921204096119517999e+02 2.270740000000000000e+19 -1.027268171310424805e-01 3.031812794506549835e-02
2.212953510180177830e+02 -8.820526335049875343e+03 -9.924395540637565318e+02 2.270940000000000000e+19 -9.616775065660476685e-02 -5.607733502984046936e-02
2.640667627030967992e+02 -8.819258428225735770e+03 -9.932384539481786305e+02 2.271140000000000000e+19 -8.136166632175445557e-02 -8.835548534989356995e-03
2.796176770519257389e+02 -8.818742751630668863e+03 -9.935609395688503582e+02 2.271340000000000000e+19 -6.510095298290252686e-02 -2.163495868444442749e-03
2.951672240418950537e+02 -8.818197717710780125e+03 -9.939006120363665104e+02 2.271540000000000000e+19 -5.073369666934013367e-02 -1.311598271131515503e-01
3.107153294736081648e+02 -8.817623329067200757e+03 -9.942574697296390696e+02 2.271740000000000000e+19 1.101447939872741699e-01 1.150435134768486023e-01
3.262619188837794013e+02 -8.817019588450872106e+03 -9.946315109395238778e+02 2.271940000000000000e+19 4.428225010633468628e-02 6.264028698205947876e-02
3.418069178705194417e+02 -8.816386498751062391e+03 -9.950227338759610802e+02 2.272140000000000000e+19 -2.579935360699892044e-03 -3.850559517741203308e-02
3.573502519854375805e+02 -8.815724063000181559e+03 -9.954311366650226773e+02 2.272340000000000000e+19 9.428168833255767822e-02 6.866619735956192017e-02
3.715968053616446127e+02 -8.815091426775288710e+03 -9.958203775720021440e+02 2.272540000000000000e+19 5.381791293621063232e-02 -1.192804146558046341e-02
2.640667627030967992e+02 -8.819258428225735770e+03 -9.932384539481786305e+02 2.272740000000000000e+19 -1.470537334680557251e-01 -1.236799061298370361e-01
2.796176770519257389e+02 -8.818742751630668863e+03 -9.935609395688503582e+02 2.272940000000000000e+19 1.807406172156333923e-02 -6.543996185064315796e-02
2.951672240418950537e+02 -8.818197717710780125e+03 -9.939006120363665104e+02 2.273140000000000000e+19 4.846453294157981873e-02 -2.486762963235378265e-02
3.107153294736081648e+02 -8.817623329067200757e+03 -9.942574697296390696e+02 2.273340000000000000e+19 -3.734170272946357727e-02 5.042770504951477051e-02
3.262619188837794013e+02 -8.817019588450872106e+03 -9.946315109395238778e+02 2.273540000000000000e+19 -2.014412730932235718e-02 3.367263078689575195e-02
3.418069178705194417e+02 -8.816386498751062391e+03 -9.950227338759610802e+02 2.273740000000000000e+19 6.891936063766479492e-02 1.241958606988191605e-02
3.573502519854375805e+02 -8.815724063000181559e+03 -9.954311366650226773e+02 2.273940000000000000e+19 -1.237037475220859051e-03 9.651030600070953369e-02
3.715968053616446127e+02 -8.815091426775288710e+03 -9.958203775720021440e+02 2.274140000000000000e+19 -1.878596842288970947e-01 -4.428154230117797852e-02
4.195054529938471433e+02 -8.812780924958280593e+03 -9.972365060473877065e+02 2.274340000000000000e+19 3.418854251503944397e-02 7.760837674140930176e-03
4.350393473435075293e+02 -8.811971809305801798e+03 -9.977307771424226530e+02 2.274540000000000000e+19 -7.215139456093311310e-03 5.052823200821876526e-02
4.505711308519519207e+02 -8.811133368719218197e+03 -9.982422151363484772e+02 2.274740000000000000e+19 3.212516009807586670e-02 1.852634176611900330e-02
4.661007289176718587e+02 -8.810265607225697750e+03 -9.987708175726005493e+02 2.274940000000000000e+19 -1.301037496887147427e-03 2.082409523427486420e-02
4.816280675446062105e+02 -8.809368528959574178e+03 -9.993165819326811743e+02 2.275140000000000000e+19 -3.852052986621856689e-02 -1.755545847117900848e-02
4.971530719362954187e+02 -8.808442138242444344e+03 -9.998795055873803221e+02 2.275340000000000000e+19 1.795119047164916992e-02 1.720274426043033600e-02
5.126756681727179057e+02 -8.807486439485766823e+03 -1.000459585856043418e+03 2.275540000000000000e+19 3.244618698954582214e-02 -9.936318546533584595e-02
5.269025680012479143e+02 -8.806585012934812767e+03 -1.001006176971436730e+03 2.275740000000000000e+19 -3.451051190495491028e-02 5.232020467519760132e-02
4.195054529938471433e+02 -8.812780924958280593e+03 -9.972365060473877065e+02 2.275940000000000000e+19 1.166906580328941345e-01 -3.974596783518791199e-02
4.350393473435075293e+02 -8.811971809305801798e+03 -9.977307771424226530e+02 2.276140000000000000e+19 5.177946016192436218e-02 2.548841387033462524e-02
4.505711308519519207e+02 -8.811133368719218197e+03 -9.982422151363484772e+02 2.276340000000000000e+19 -1.089129894971847534e-01 2.361809089779853821e-02
4.661007289176718587e+02 -8.810265607225697750e+03 -9.987708175726005493e+02 2.276540000000000000e+19 -9.977836161851882935e-02 -4.912894964218139648e-02
4.816280675446062105e+02 -8.809368528959574178e+03 -9.993165819326811743e+02 2.276740000000000000e+19 8.200953900814056396e-02 -2.203962206840515137e-02
4.971530719362954187e+02 -8.808442138242444344e+03 -9.998795055873803221e+02 2.276940000000000000e+19 9.090557694435119629e-02 4.221239651087671518e-04
5.126756681727179057e+02 -8.807486439485766823e+03 -1.000459585856043418e+03 2.277140000000000000e+19 -4.321639612317085266e-02 2.521637268364429474e-02
5.269025680012479143e+02 -8.806585012934812767e+03 -1.001006176971436730e+03 2.277340000000000000e+19 2.631933800876140594e-02 7.849537767469882965e-03
5.747404849235924758e+02 -8.803370657706884231e+03 -1.002951416276264467e+03 2.277540000000000000e+19 -5.362629890441894531e-02 -5.335482303053140640e-03
5.902499258341443920e+02 -8.802268490191754609e+03 -1.003617236313190688e+03 2.277740000000000000e+19 4.919753596186637878e-02 4.842038452625274658e-02
6.057565127822728073e+02 -8.801137044201073877e+03 -1.004300195064840750e+03 2.277940000000000000e+19 -2.551952935755252838e-02 1.028100773692131042e-01
6.212601719356009653e+02 -8.799976325122055641e+03 -1.005000289279368644e+03 2.278140000000000000e+19 8.664973825216293335e-02 -3.644115477800369263e-02
6.367608286657298322e+02 -8.798786338542005979e+03 -1.005717515586720538e+03 2.278340000000000000e+19 5.902533233165740967e-02 -9.897442162036895752e-02
6.522584092225033601e+02 -8.797567090122778609e+03 -1.006451870574361124e+03 2.278540000000000000e+19 -7.905779778957366943e-02 -1.185504067689180374e-02
6.677528390067782311e+02 -8.796318585733379223e+03 -1.007203350707338927e+03 2.278740000000000000e+19 -7.546843960881233215e-03 -1.813880354166030884e-02
6.819532774995064983e+02 -8.795148800206887245e+03 -1.007907030473009058e+03 2.278940000000000000e+19 3.705559298396110535e-02 8.105643838644027710e-02
5.747404849235924758e+02 -8.803370657706884231e+03 -1.002951416276264467e+03 2.279140000000000000e+19 -1.165997013449668884e-01 7.851722836494445801e-02
5.902499258341443920e+02 -8.802268490191754609e+03 -1.003617236313190688e+03 2.279340000000000000e+19 5.627227574586868286e-02 -4.442936554551124573e-02
6.057565127822728073e+02 -8.801137044201073877e+03 -1.004300195064840750e+03 2.279540000000000000e+19 2.729148417711257935e-02 -4.037465155124664307e-02
6.212601719356009653e+02 -8.799976325122055641e+03 -1.005000289279368644e+03 2.279740000000000000e+19 -6.165087688714265823e-03 8.111251145601272583e-02
6.367608286657298322e+02 -8.798786338542005979e+03 -1.005717515586720538e+03 2.279940000000000000e+19 3.880711272358894348e-02 7.154741138219833374e-02
6.522584092225033601e+02 -8.797567090122778609e+03 -1.006451870574361124e+03 2.280140000000000000e+19 4.762026946991682053e-03 -5.283951759338378906e-02
6.677528390067782311e+02 -8.796318585733379223e+03 -1.007203350707338927e+03 2.280340000000000000e+19 -1.310909986495971680e-01 5.655984207987785339e-02
6.819532774995064983e+02 -8.795148800206887245e+03 -1.007907030473009058e+03 2.280540000000000000e+19 -1.651031197980046272e-03 1.162952482700347900e-01
7.271176316097700010e+02 -8.791261737412907678e+03 -1.010242604277463670e+03 2.280740000000000000e+19 -1.336842626333236694e-01 4.849095270037651062e-02
7.425957888074406128e+02 -8.789871915824563985e+03 -1.011076803828330981e+03 2.280940000000000000e+19 1.363459378480911255e-01 -7.470954209566116333e-02
7.580703631715429083e+02 -8.788452875071188828e+03 -1.011928106403802872e+03 2.281140000000000000e+19 -3.820106387138366699e-02 -3.499430418014526367e-02
7.735412803754151128e+02 -8.787004621969039363e+03 -1.012796507914683275e+03 2.281340000000000000e+19 3.378115594387054443e-03 -1.930429041385650635e-02
7.890084668104369712e+02 -8.785527163409047716e+03 -1.013682004228996107e+03 2.281540000000000000e+19 -1.549949049949645996e-01 1.069766357541084290e-01
8.044718480776136857e+02 -8.784020506497694441e+03 -1.014584591087515605e+03 2.281740000000000000e+19 -7.305867969989776611e-02 -1.020792722702026367e-01
8.199313503887781280e+02 -8.782484658425009911e+03 -1.015504264182914994e+03 2.281940000000000000e+19 5.133545771241188049e-02 5.666849017143249512e-02
8.340991411280620014e+02 -8.781051531824368794e+03 -1.016362086446118269e+03 2.282140000000000000e+19 7.577664405107498169e-02 1.134340614080429077e-01
7.271176316097700010e+02 -8.791261737412907678e+03 -1.010242604277463670e+03 2.282340000000000000e+19 1.440033167600631714e-01 -7.369573414325714111e-02
7.425957888074406128e+02 -8.789871915824563985e+03 -1.011076803828330981e+03 2.282540000000000000e+19 7.827465236186981201e-02 8.415746688842773438e-02
7.580703631715429083e+02 -8.788452875071188828e+03 -1.011928106403802872e+03 2.282740000000000000e+19 -9.473859518766403198e-02 -1.144634261727333069e-01
7.735412803754151128e+02 -8.787004621969039363e+03 -1.012796507914683275e+03 2.282940000000000000e+19 -2.295877970755100250e-02 7.680695503950119019e-02
7.890084668104369712e+02 -8.785527163409047716e+03 -1.013682004228996107e+03 2.283140000000000000e+19 -1.932492665946483612e-02 8.804932236671447754e-02
8.044718480776136857e+02 -8.784020506497694441e+03 -1.014584591087515605e+03 2.283340000000000000e+19 3.905417397618293762e-02 1.298633813858032227e-01
8.199313503887781280e+02 -8.782484658425009911e+03 -1.015504264182914994e+03 2.283540000000000000e+19 3.874956071376800537e-02 -1.039415411651134491e-02
8.340991411280620014e+02 -8.781051531824368794e+03 -1.016362086446118269e+03 2.283740000000000000e+19 8.261948823928833008e-02 -3.750247135758399963e-02
8.817290901724393279e+02 -8.776049503665166412e+03 -1.019353729652501897e+03 2.283940000000000000e+19 -1.163639593869447708e-03 -1.767438948154449463e-01
8.971680878801934114e+02 -8.774367812875061645e+03 -1.020358766251040606e+03 2.284140000000000000e+19 -8.284696936607360840e-02 4.786971025168895721e-03
9.126027632272279106e+02 -8.772656977094951799e+03 -1.021380861466842134e+03 2.284340000000000000e+19 2.732120081782341003e-02 -2.587758377194404602e-02
9.280330418634447369e+02 -8.770917004566099422e+03 -1.022420010376334517e+03 2.284540000000000000e+19 -5.956583470106124878e-02 -1.232175040058791637e-03
9.434588503198111766e+02 -8.769147903573162694e+03 -1.023476208031707529e+03 2.284740000000000000e+19 3.455253317952156067e-02 -5.044076964259147644e-02
9.588801146649531120e+02 -8.767349682594462138e+03 -1.024549449371149421e+03 2.284940000000000000e+19 -1.058469787240028381e-01 -1.111595928668975830e-01
9.742967608819665202e+02 -8.765522350261080646e+03 -1.025639729243288457e+03 2.285140000000000000e+19 -5.330994725227355957e-02 3.218943625688552856e-02
9.884246274285144409e+02 -8.763822099969460396e+03 -1.026653899095645784e+03 2.285340000000000000e+19 5.260769743472337723e-03 -3.293095389381051064e-03
8.817290901724393279e+02 -8.776049503665166412e+03 -1.019353729652501897e+03 2.285540000000000000e+19 -1.128788962960243225e-01 -1.904091052711009979e-02
8.971680878801934114e+02 -8.774367812875061645e+03 -1.020358766251040606e+03 2.285740000000000000e+19 -8.673445135354995728e-02 -1.572551392018795013e-02
9.126027632272279106e+02 -8.772656977094951799e+03 -1.021380861466842134e+03 2.285940000000000000e+19 -1.109150331467390060e-02 9.494844824075698853e-02
9.280330418634447369e+02 -8.770917004566099422e+03 -1.022420010376334517e+03 2.286140000000000000e+19 8.729746937751770020e-02 2.306490764021873474e-02
9.434588503198111766e+02 -8.769147903573162694e+03 -1.023476208031707529e+03 2.286340000000000000e+19 -7.406636327505111694e-02 -2.959694154560565948e-02
9.588801146649531120e+02 -8.767349682594462138e+03 -1.024549449371149421e+03 2.286540000000000000e+19 -3.042209427803754807e-03 6.786824762821197510e-02
9.742967608819665202e+02 -8.765522350261080646e+03 -1.025639729243288457e+03 2.286740000000000000e+19 -6.714635342359542847e-02 1.136741787195205688e-01
9.884246274285144409e+02 -8.763822099969460396e+03 -1.026653899095645784e+03 2.286940000000000000e+19 -6.283070147037506104e-02 -1.892191916704177856e-02
1.035915690980672025e+03 -8.757922084168840229e+03 -1.030171128601105465e+03 2.287140000000000000e+19 -6.968386471271514893e-02 -2.912952937185764313e-02
1.051308141224704059e+03 -8.755949328918546598e+03 -1.031346521302254587e+03 2.287340000000000000e+19 -7.402674853801727295e-02 -1.247055176645517349e-02
1.066695531004887016e+03 -8.753947516875057772e+03 -1.032538920005476939e+03 2.287540000000000000e+19 -1.278042495250701904e-01 4.740933421999216080e-03
1.082077787056423176e+03 -8.751916657569940071e+03 -1.033748319033177268e+03 2.287740000000000000e+19 -1.642391667701303959e-03 3.495959192514419556e-02
1.097454835335292728e+03 -8.749856760778866374e+03 -1.034974712563792764e+03 2.287940000000000000e+19 2.407559007406234741e-01 -7.493744138628244400e-03
1.112826602679153439e+03 -8.747767836302664364e+03 -1.036218094762245300e+03 2.288140000000000000e+19 1.296796947717666626e-01 7.424817234277725220e-02
1.128193015094835800e+03 -8.745649894196754758e+03 -1.037478459643212318e+03 2.288340000000000000e+19 2.016119658946990967e-01 1.983625069260597229e-02
1.142274196535187230e+03 -8.743683333874292657e+03 -1.038648491747153230e+03 2.288540000000000000e+19 -8.509085513651371002e-03 2.341266162693500519e-02
1.035915690980672025e+03 -8.757922084168840229e+03 -1.030171128601105465e+03 2.288740000000000000e+19 3.012743778526782990e-02 -1.154806166887283325e-01
1.051308141224704059e+03 -8.755949328918546598e+03 -1.031346521302254587e+03 2.288940000000000000e+19 1.822131499648094177e-02 -8.132418990135192871e-02
1.066695531004887016e+03 -8.753947516875057772e+03 -1.032538920005476939e+03 2.289140000000000000e+19 5.004109349101781845e-03 7.137300074100494385e-02
1.082077787056423176e+03 -8.751916657569940071e+03 -1.033748319033177268e+03 2.289340000000000000e+19 4.946030676364898682e-02 -5.715231597423553467e-02
1.097454835335292728e+03 -8.749856760778866374e+03 -1.034974712563792764e+03 2.289540000000000000e+19 -1.645794883370399475e-02 -5.989656224846839905e-02
1.112826602679153439e+03 -8.747767836302664364e+03 -1.036218094762245300e+03 2.289740000000000000e+19 5.183840170502662659e-02 -9.494054131209850311e-03
1.128193015094835800e+03 -8.745649894196754758e+03 -1.037478459643212318e+03 2.289940000000000000e+19 9.188055247068405151e-02 7.002631574869155884e-02
1.142274196535187230e+03 -8.743683333874292657e+03 -1.038648491747153230e+03 2.290140000000000000e+19 -6.416467577219009399e-02 5.312888324260711670e-02
1.189603647699912699e+03 -8.736888153916394003e+03 -1.042689624351483644e+03 2.290340000000000000e+19 -5.629499256610870361e-02 -5.002436786890029907e-02
1.204942184083731490e+03 -8.734625278315261312e+03 -1.044034810639195712e+03 2.290540000000000000e+19 -1.163272745907306671e-02 -3.360277041792869568e-02
1.220274924805974251e+03 -8.732333447968443579e+03 -1.045396942208088831e+03 2.290740000000000000e+19 3.508882969617843628e-02 1.654640585184097290e-02
1.235601796755144505e+03 -8.730012673803785219e+03 -1.046776012563251243e+03 2.290940000000000000e+19 7.453124225139617920e-02 -2.807898260653018951e-02
1.250922726474032288e+03 -8.727662966943613355e+03 -1.048172015095426787e+03 2.291140000000000000e+19 -1.162812486290931702e-01 -7.955453544855117798e-02
1.266237640373990644e+03 -8.725284338674318860e+03 -1.049584943099145903e+03 2.291340000000000000e+19 7.890930771827697754e-02 1.087583899497985840e-01
1.281546465588682850e+03 -8.722876800313419153e+03 -1.051014789851658179e+03 2.291540000000000000e+19 -3.062596730887889862e-02 -4.552787542343139648e-02
1.295574220920804237e+03 -8.720644871451228028e+03 -1.052340124051211660e+03 2.291740000000000000e+19 1.216385234147310257e-02 4.718968644738197327e-02
1.189603647699912699e+03 -8.736888153916394003e+03 -1.042689624351483644e+03 2.291940000000000000e+19 -1.330707818269729614e-01 -5.480784177780151367e-02
1.204942184083731490e+03 -8.734625278315261312e+03 -1.044034810639195712e+03 2.292140000000000000e+19 8.700436353683471680e-02 -6.185540184378623962e-02
1.220274924805974251e+03 -8.732333447968443579e+03 -1.045396942208088831e+03 2.292340000000000000e+19 -7.047373801469802856e-02 -1.466793846338987350e-02
1.235601796755144505e+03 -8.730012673803785219e+03 -1.046776012563251243e+03 2.292540000000000000e+19 5.596224218606948853e-02 -2.338099665939807892e-02
1.250922726474032288e+03 -8.727662966943613355e+03 -1.048172015095426787e+03 2.292740000000000000e+19 3.135523572564125061e-02 -1.037836521863937378e-01
1.266237640373990644e+03 -8.725284338674318860e+03 -1.049584943099145903e+03 2.292940000000000000e+19 -5.945606529712677002e-02 6.223754025995731354e-03
1.281546465588682850e+03 -8.722876800313419153e+03 -1.051014789851658179e+03 2.293140000000000000e+19 5.305090174078941345e-02 4.496581852436065674e-02
1.295574220920804237e+03 -8.720644871451228028e+03 -1.052340124051211660e+03 2.293340000000000000e+19 -3.456464037299156189e-02 1.336825732141733170e-02
