# Baseline: 0-8
# Entries: 128
# u [m], v [m], w [m], frequency [GHz], real, imag, std(real), std(imag)
-7.185102578927261447e+02 -1.221169418373507597e+03 -8.764684065925924870e+02 2.267940000000000111e+01 5.828395113348960876e-02 1.029776036739349365e-02 6.787538528442382812e-02 6.813501566648483276e-02
-7.171719482445968197e+02 -1.222522408386077359e+03 -8.756780027314185872e+02 2.268140000000000001e+01 -6.764667481184005737e-02 4.263704642653465271e-02 6.787538528442382812e-02 6.813501566648483276e-02
-7.158302139061692060e+02 -1.223872870603058800e+03 -8.748890834177865372e+02 2.268340000000000245e+01 5.974262580275535583e-02 -8.018685504794120789e-03 6.787538528442382812e-02 6.813501566648483276e-02
-7.144850612893142170e+02 -1.225220798570918078e+03 -8.741016524217463939e+02 2.268540000000000134e+01 -4.616981744766235352e-02 -1.098273508250713348e-02 6.787538528442382812e-02 6.813501566648483276e-02
-7.134740639075548643e+02 -1.226230157127243046e+03 -8.735120114259381126e+02 2.268740000000000023e+01 -4.213913902640342712e-02 -1.679155044257640839e-02 6.787538528442382812e-02 6.813501566648483276e-02
-7.117845269866542139e+02 -1.227909025967958542e+03 -8.725312704491243494e+02 2.268940000000000268e+01 -5.942437425255775452e-02 3.346285521984100342e-01 6.787538528442382812e-02 6.813501566648483276e-02
-7.104291582532210896e+02 -1.229249312503974352e+03 -8.717483270043345556e+02 2.269140000000000157e+01 2.399204969406127930e-01 2.583968266844749451e-02 6.787538528442382812e-02 6.813501566648483276e-02
-7.087303145427828213e+02 -1.230921174024379980e+03 -8.707717011053753140e+02 2.269340000000000046e+01 1.442831009626388550e-02 -7.890984416007995605e-02 6.787538528442382812e-02 6.813501566648483276e-02
-7.185102578927261447e+02 -1.221169418373507597e+03 -8.764684065925924870e+02 2.269540000000000290e+01 1.269581615924835205e-01 -4.640750586986541748e-02 6.787538528442382812e-02 6.813501566648483276e-02
-7.171719482445968197e+02 -1.222522408386077359e+03 -8.756780027314185872e+02 2.269740000000000180e+01 1.415154337882995605e-01 -8.045476675033569336e-02 6.787538528442382812e-02 6.813501566648483276e-02
-7.158302139061692060e+02 -1.223872870603058800e+03 -8.748890834177865372e+02 2.269940000000000069e+01 -3.970820922404527664e-03 7.841023057699203491e-02 6.787538528442382812e-02 6.813501566648483276e-02
-7.144850612893142170e+02 -1.225220798570918078e+03 -8.741016524217463939e+02 2.270140000000000313e+01 -9.867953509092330933e-02 -1.051526516675949097e-01 6.787538528442382812e-02 6.813501566648483276e-02
-7.134740639075548643e+02 -1.226230157127243046e+03 -8.735120114259381126e+02 2.270340000000000202e+01 -1.334914751350879669e-02 -1.303974986076354980e-01 6.787538528442382812e-02 6.813501566648483276e-02
-7.117845269866542139e+02 -1.227909025967958542e+03 -8.725312704491243494e+02 2.270540000000000092e+01 3.476851060986518860e-02 -8.511042594909667969e-02 6.787538528442382812e-02 6.813501566648483276e-02
-7.104291582532210896e+02 -1.229249312503974352e+03 -8.717483270043345556e+02 2.270739999999999981e+01 8.598864823579788208e-02 -7.389335427433252335e-03 6.787538528442382812e-02 6.813501566648483276e-02
-7.087303145427828213e+02 -1.230921174024379980e+03 -8.707717011053753140e+02 2.270940000000000225e+01 -1.172027066349983215e-01 1.511679440736770630e-01 6.787538528442382812e-02 6.813501566648483276e-02
-7.049738241138512649e+02 -1.234584794904942783e+03 -8.686316240654571175e+02 2.271140000000000114e+01 6.144966930150985718e-02 -2.699330449104309082e-02 6.787538528442382812e-02 6.813501566648483276e-02
-7.036015584169578005e+02 -1.235912217646843828e+03 -8.678562346882388283e+02 2.271340000000000003e+01 -5.570773407816886902e-02 -6.947063654661178589e-02 6.787538528442382812e-02 6.813501566648483276e-02
-7.022259329838689155e+02 -1.237237048503928008e+03 -8.670823672967680977e+02 2.271540000000000248e+01 -1.887499913573265076e-02 -1.159042865037918091e-01 6.787538528442382812e-02 6.813501566648483276e-02
-7.008469543788409055e+02 -1.238559281154388145e+03 -8.663100255837689474e+02 2.271740000000000137e+01 6.437388807535171509e-02 2.144353687763214111e-01 6.787538528442382812e-02 6.813501566648483276e-02
-6.994646292061164559e+02 -1.239878909265763923e+03 -8.655392132481492808e+02 2.271940000000000026e+01 2.474302649497985840e-01 2.456757277250289917e-01 6.787538528442382812e-02 6.813501566648483276e-02
-6.980789640811332220e+02 -1.241195926522653053e+03 -8.647699339788141515e+02 2.272140000000000271e+01 -1.867287904024124146e-01 1.535768993198871613e-02 6.787538528442382812e-02 6.813501566648483276e-02
-6.966899656401951688e+02 -1.242510326617604278e+03 -8.640021914599873298e+02 2.272340000000000160e+01 -1.087158694863319397e-01 -6.496496032923460007e-03 6.787538528442382812e-02 6.813501566648483276e-02
-6.954138367815465926e+02 -1.243712922382467696e+03 -8.632997609522370794e+02 2.272540000000000049e+01 -1.891914941370487213e-02 8.374565094709396362e-02 6.787538528442382812e-02 6.813501566648483276e-02
-7.049738241138512649e+02 -1.234584794904942783e+03 -8.686316240654571175e+02 2.272740000000000293e+01 6.154901161789894104e-02 1.248456016182899475e-01 6.787538528442382812e-02 6.813501566648483276e-02
-7.036015584169578005e+02 -1.235912217646843828e+03 -8.678562346882388283e+02 2.272940000000000182e+01 -5.757145700044929981e-04 -1.960458308458328247e-01 6.787538528442382812e-02 6.813501566648483276e-02
-7.022259329838689155e+02 -1.237237048503928008e+03 -8.670823672967680977e+02 2.273140000000000072e+01 -4.575883597135543823e-02 -2.515869215130805969e-02 6.787538528442382812e-02 6.813501566648483276e-02
-7.008469543788409055e+02 -1.238559281154388145e+03 -8.663100255837689474e+02 2.273340000000000316e+01 -1.892433688044548035e-02 1.713840067386627197e-01 6.787538528442382812e-02 6.813501566648483276e-02
-6.994646292061164559e+02 -1.239878909265763923e+03 -8.655392132481492808e+02 2.273540000000000205e+01 -5.407018586993217468e-03 -1.636403501033782959e-01 6.787538528442382812e-02 6.813501566648483276e-02
-6.980789640811332220e+02 -1.241195926522653053e+03 -8.647699339788141515e+02 2.273740000000000094e+01 1.236263662576675415e-02 9.824506193399429321e-02 6.787538528442382812e-02 6.813501566648483276e-02
-6.966899656401951688e+02 -1.242510326617604278e+03 -8.640021914599873298e+02 2.273939999999999984e+01 3.147673234343528748e-02 -8.438254892826080322e-02 6.787538528442382812e-02 6.813501566648483276e-02
-6.954138367815465926e+02 -1.243712922382467696e+03 -8.632997609522370794e+02 2.274140000000000228e+01 -2.327330783009529114e-02 -2.724665962159633636e-02 6.787538528442382812e-02 6.813501566648483276e-02
-6.911007718255549435e+02 -1.247741629832095668e+03 -8.609466622206032298e+02 2.274340000000000117e+01 4.644617903977632523e-03 -1.537734866142272949e-01 6.787538528442382812e-02 6.813501566648483276e-02
-6.896952068142912822e+02 -1.249042850031678881e+03 -8.601866584090201968e+02 2.274540000000000006e+01 -6.875333935022354126e-02 3.234738856554031372e-02 6.787538528442382812e-02 6.813501566648483276e-02
-6.882863485900387559e+02 -1.250341415534187718e+03 -8.594282132716521119e+02 2.274740000000000251e+01 5.627284198999404907e-02 8.053588867187500000e-02 6.787538528442382812e-02 6.813501566648483276e-02
-6.868742039197614986e+02 -1.251637320102414378e+03 -8.586713304514211131e+02 2.274940000000000140e+01 -1.076568514108657837e-01 -4.680737480521202087e-02 6.787538528442382812e-02 6.813501566648483276e-02
-6.854587795320571786e+02 -1.252930557561541264e+03 -8.579160135547717800e+02 2.275140000000000029e+01 -8.199896663427352905e-03 1.022245511412620544e-01 6.787538528442382812e-02 6.813501566648483276e-02
-6.840400822451790646e+02 -1.254221121681960994e+03 -8.571622662201094727e+02 2.275340000000000273e+01 -1.037912368774414062e-01 -3.281809389591217041e-02 6.787538528442382812e-02 6.813501566648483276e-02
-6.826181188141174516e+02 -1.255509006318888396e+03 -8.564100920362586749e+02 2.275540000000000163e+01 3.282488510012626648e-02 -1.005818322300910950e-01 6.787538528442382812e-02 6.813501566648483276e-02
-6.813118303700375691e+02 -1.256687242363384712e+03 -8.557219639739824970e+02 2.275740000000000052e+01 9.629287570714950562e-02 -8.545004762709140778e-03 6.787538528442382812e-02 6.813501566648483276e-02
-6.911007718255549435e+02 -1.247741629832095668e+03 -8.609466622206032298e+02 2.275940000000000296e+01 2.353022992610931396e-02 1.259414106607437134e-01 6.787538528442382812e-02 6.813501566648483276e-02
-6.896952068142912822e+02 -1.249042850031678881e+03 -8.601866584090201968e+02 2.276140000000000185e+01 1.427090615034103394e-01 -1.171213686466217041e-01 6.787538528442382812e-02 6.813501566648483276e-02
-6.882863485900387559e+02 -1.250341415534187718e+03 -8.594282132716521119e+02 2.276340000000000074e+01 -1.255398709326982498e-02 1.861244998872280121e-02 6.787538528442382812e-02 6.813501566648483276e-02
-6.868742039197614986e+02 -1.251637320102414378e+03 -8.586713304514211131e+02 2.276540000000000319e+01 -2.140299044549465179e-02 -1.768518611788749695e-02 6.787538528442382812e-02 6.813501566648483276e-02
-6.854587795320571786e+02 -1.252930557561541264e+03 -8.579160135547717800e+02 2.276740000000000208e+01 2.141676098108291626e-02 -2.082664705812931061e-02 6.787538528442382812e-02 6.813501566648483276e-02
-6.840400822451790646e+02 -1.254221121681960994e+03 -8.571622662201094727e+02 2.276940000000000097e+01 9.850774891674518585e-03 1.274770032614469528e-02 6.787538528442382812e-02 6.813501566648483276e-02
-6.826181188141174516e+02 -1.255509006318888396e+03 -8.564100920362586749e+02 2.277139999999999986e+01 6.879082322120666504e-02 -6.253344565629959106e-02 6.787538528442382812e-02 6.813501566648483276e-02
-6.813118303700375691e+02 -1.256687242363384712e+03 -8.557219639739824970e+02 2.277340000000000231e+01 -1.756889373064041138e-01 -1.388553809374570847e-02 6.787538528442382812e-02 6.813501566648483276e-02
-6.768977400836307652e+02 -1.260633626865237147e+03 -8.534171987422255370e+02 2.277540000000000120e+01 -9.049420058727264404e-02 -4.691037349402904510e-03 6.787538528442382812e-02 6.813501566648483276e-02
-6.754595483647674428e+02 -1.261908021849553279e+03 -8.526729441804502585e+02 2.277740000000000009e+01 -2.370126731693744659e-02 -1.730666458606719971e-01 6.787538528442382812e-02 6.813501566648483276e-02
-6.740181315908829447e+02 -1.263179700540628573e+03 -8.519302842671768303e+02 2.277940000000000254e+01 -5.506885796785354614e-02 1.114475429058074951e-01 6.787538528442382812e-02 6.813501566648483276e-02
-6.725734966250779507e+02 -1.264448656883544345e+03 -8.511892225384692665e+02 2.278140000000000143e+01 -9.577026963233947754e-02 1.189936175942420959e-01 6.787538528442382812e-02 6.813501566648483276e-02
-6.711256504212567506e+02 -1.265714884770057097e+03 -8.504497625614961862e+02 2.278340000000000032e+01 -1.995863318443298340e-01 4.494860395789146423e-02 6.787538528442382812e-02 6.813501566648483276e-02
-6.696745998680953562e+02 -1.266978378175616399e+03 -8.497119078545081265e+02 2.278540000000000276e+01 -1.255705254152417183e-03 -1.964136809110641479e-01 6.787538528442382812e-02 6.813501566648483276e-02
-6.682203519503775624e+02 -1.268239131018270882e+03 -8.489756619692370805e+02 2.278740000000000165e+01 1.024521663784980774e-01 -1.858468800783157349e-01 6.787538528442382812e-02 6.813501566648483276e-02
-6.668845290005050401e+02 -1.269392443538601583e+03 -8.483021656316984718e+02 2.278940000000000055e+01 7.818945497274398804e-02 5.001357942819595337e-02 6.787538528442382812e-02 6.813501566648483276e-02
-6.768977400836307652e+02 -1.260633626865237147e+03 -8.534171987422255370e+02 2.279140000000000299e+01 -1.030301079154014587e-01 -3.553128987550735474e-02 6.787538528442382812e-02 6.813501566648483276e-02
-6.754595483647674428e+02 -1.261908021849553279e+03 -8.526729441804502585e+02 2.279340000000000188e+01 -5.474256351590156555e-02 -9.741356968879699707e-02 6.787538528442382812e-02 6.813501566648483276e-02
-6.740181315908829447e+02 -1.263179700540628573e+03 -8.519302842671768303e+02 2.279540000000000077e+01 1.905282773077487946e-02 -9.723212569952011108e-02 6.787538528442382812e-02 6.813501566648483276e-02
-6.725734966250779507e+02 -1.264448656883544345e+03 -8.511892225384692665e+02 2.279739999999999966e+01 1.071613505482673645e-01 7.571381330490112305e-02 6.787538528442382812e-02 6.813501566648483276e-02
-6.711256504212567506e+02 -1.265714884770057097e+03 -8.504497625614961862e+02 2.279940000000000211e+01 -9.774233400821685791e-02 -1.218523979187011719e-01 6.787538528442382812e-02 6.813501566648483276e-02
-6.696745998680953562e+02 -1.266978378175616399e+03 -8.497119078545081265e+02 2.280140000000000100e+01 -8.123543113470077515e-02 -2.495208464097231627e-04 6.787538528442382812e-02 6.813501566648483276e-02
-6.682203519503775624e+02 -1.268239131018270882e+03 -8.489756619692370805e+02 2.280339999999999989e+01 5.790559574961662292e-03 1.417629867792129517e-01 6.787538528442382812e-02 6.813501566648483276e-02
-6.668845290005050401e+02 -1.269392443538601583e+03 -8.483021656316984718e+02 2.280540000000000234e+01 -4.996490478515625000e-02 -6.655886769294738770e-02 6.787538528442382812e-02 6.813501566648483276e-02
-6.626162402419395221e+02 -1.273046520319808906e+03 -8.461683532796623695e+02 2.280740000000000123e+01 -3.430796042084693909e-02 -1.082355156540870667e-01 6.787538528442382812e-02 6.813501566648483276e-02
-6.611466366689359120e+02 -1.274293942386323351e+03 -8.454399328406685754e+02 2.280940000000000012e+01 -4.529820010066032410e-02 7.045363634824752808e-02 6.787538528442382812e-02 6.813501566648483276e-02
-6.596738765186270257e+02 -1.275538588901491494e+03 -8.447131416551088705e+02 2.281140000000000256e+01 -8.471188694238662720e-02 -2.502318471670150757e-02 6.787538528442382812e-02 6.813501566648483276e-02
-6.581979668649463520e+02 -1.276780453887123713e+03 -8.439879832138462916e+02 2.281340000000000146e+01 -3.396100923418998718e-02 2.096218019723892212e-01 6.787538528442382812e-02 6.813501566648483276e-02
-6.567189147301222647e+02 -1.278019531434611281e+03 -8.432644609670713862e+02 2.281540000000000035e+01 -1.484493166208267212e-01 -8.182488381862640381e-02 6.787538528442382812e-02 6.813501566648483276e-02
-6.552367272285418949e+02 -1.279255815583819185e+03 -8.425425783950206551e+02 2.281740000000000279e+01 1.816511154174804688e-01 6.723262369632720947e-02 6.787538528442382812e-02 6.813501566648483276e-02
-6.537514114329763970e+02 -1.280489300435491032e+03 -8.418223389423437766e+02 2.281940000000000168e+01 4.014486819505691528e-02 1.789811402559280396e-01 6.787538528442382812e-02 6.813501566648483276e-02
-6.523871695745752959e+02 -1.281617566506267622e+03 -8.411635448268061737e+02 2.282140000000000057e+01 -1.564874798059463501e-01 9.357436746358871460e-02 6.787538528442382812e-02 6.813501566648483276e-02
-6.626162402419395221e+02 -1.273046520319808906e+03 -8.461683532796623695e+02 2.282340000000000302e+01 -2.765702903270721436e-01 5.915924161672592163e-02 6.787538528442382812e-02 6.813501566648483276e-02
-6.611466366689359120e+02 -1.274293942386323351e+03 -8.454399328406685754e+02 2.282540000000000191e+01 -6.140533834695816040e-02 -9.064707159996032715e-02 6.787538528442382812e-02 6.813501566648483276e-02
-6.596738765186270257e+02 -1.275538588901491494e+03 -8.447131416551088705e+02 2.282740000000000080e+01 -1.663388311862945557e-01 8.663225919008255005e-02 6.787538528442382812e-02 6.813501566648483276e-02
-6.581979668649463520e+02 -1.276780453887123713e+03 -8.439879832138462916e+02 2.282939999999999969e+01 9.800646454095840454e-02 9.480914473533630371e-02 6.787538528442382812e-02 6.813501566648483276e-02
-6.567189147301222647e+02 -1.278019531434611281e+03 -8.432644609670713862e+02 2.283140000000000214e+01 -5.686619505286216736e-02 -2.071895450353622437e-01 6.787538528442382812e-02 6.813501566648483276e-02
-6.552367272285418949e+02 -1.279255815583819185e+03 -8.425425783950206551e+02 2.283340000000000103e+01 -7.835530675947666168e-03 1.235831826925277710e-01 6.787538528442382812e-02 6.813501566648483276e-02
-6.537514114329763970e+02 -1.280489300435491032e+03 -8.418223389423437766e+02 2.283539999999999992e+01 1.091193035244941711e-01 4.939454048871994019e-02 6.787538528442382812e-02 6.813501566648483276e-02
-6.523871695745752959e+02 -1.281617566506267622e+03 -8.411635448268061737e+02 2.283740000000000236e+01 1.282894611358642578e-01 4.268357902765274048e-02 6.787538528442382812e-02 6.813501566648483276e-02
-6.477790077477030763e+02 -1.285395128966792981e+03 -8.389578811672116672e+02 2.283940000000000126e+01 -8.237996697425842285e-02 -1.280741989612579346e-01 6.787538528442382812e-02 6.813501566648483276e-02
-6.462781574469368024e+02 -1.286614529018418580e+03 -8.382459088766439663e+02 2.284140000000000015e+01 3.255927190184593201e-02 -8.281154185533523560e-02 6.787538528442382812e-02 6.813501566648483276e-02
-6.447742217045894222e+02 -1.287831094572570692e+03 -8.375356002582649353e+02 2.284340000000000259e+01 1.643226668238639832e-02 -1.991384103894233704e-02 6.787538528442382812e-02 6.813501566648483276e-02
-6.432672077652490543e+02 -1.289044819768954312e+03 -8.368269587336858422e+02 2.284540000000000148e+01 1.499704867601394653e-01 -3.108442015945911407e-02 6.787538528442382812e-02 6.813501566648483276e-02
-6.417571228043493647e+02 -1.290255698828590539e+03 -8.361199876769952652e+02 2.284740000000000038e+01 4.185338318347930908e-02 4.992773011326789856e-02 6.787538528442382812e-02 6.813501566648483276e-02
-6.402439740592328690e+02 -1.291463725948051206e+03 -8.354146904765181034e+02 2.284940000000000282e+01 9.586731344461441040e-02 -8.098588883876800537e-02 6.787538528442382812e-02 6.813501566648483276e-02
-6.387277687925358123e+02 -1.292668895329225506e+03 -8.347110705174295617e+02 2.285140000000000171e+01 -6.441857665777206421e-02 -1.224994361400604248e-01 6.787538528442382812e-02 6.813501566648483276e-02
-6.373352738133413595e+02 -1.293771155095365202e+03 -8.340675403976641746e+02 2.285340000000000060e+01 -4.799789562821388245e-02 -3.822001628577709198e-03 6.787538528442382812e-02 6.813501566648483276e-02
-6.477790077477030763e+02 -1.285395128966792981e+03 -8.389578811672116672e+02 2.285540000000000305e+01 -2.504554577171802521e-02 1.393012329936027527e-02 6.787538528442382812e-02 6.813501566648483276e-02
-6.462781574469368024e+02 -1.286614529018418580e+03 -8.382459088766439663e+02 2.285740000000000194e+01 1.521879285573959351e-01 2.845488302409648895e-02 6.787538528442382812e-02 6.813501566648483276e-02
-6.447742217045894222e+02 -1.287831094572570692e+03 -8.375356002582649353e+02 2.285940000000000083e+01 8.494103699922561646e-02 1.273745149374008179e-01 6.787538528442382812e-02 6.813501566648483276e-02
-6.432672077652490543e+02 -1.289044819768954312e+03 -8.368269587336858422e+02 2.286139999999999972e+01 -3.152686730027198792e-02 -4.663807526230812073e-02 6.787538528442382812e-02 6.813501566648483276e-02
-6.417571228043493647e+02 -1.290255698828590539e+03 -8.361199876769952652e+02 2.286340000000000217e+01 -3.940991684794425964e-02 1.240240111947059631e-01 6.787538528442382812e-02 6.813501566648483276e-02
-6.402439740592328690e+02 -1.291463725948051206e+03 -8.354146904765181034e+02 2.286540000000000106e+01 -6.264743953943252563e-02 7.126666605472564697e-03 6.787538528442382812e-02 6.813501566648483276e-02
-6.387277687925358123e+02 -1.292668895329225506e+03 -8.347110705174295617e+02 2.286739999999999995e+01 -5.101018026471138000e-02 -9.746468858793377876e-04 6.787538528442382812e-02 6.813501566648483276e-02
-6.373352738133413595e+02 -1.293771155095365202e+03 -8.340675403976641746e+02 2.286940000000000239e+01 -6.636737287044525146e-02 -1.262341737747192383e-01 6.787538528442382812e-02 6.813501566648483276e-02
-6.326325276782690707e+02 -1.297460880463442663e+03 -8.319134302397005740e+02 2.287140000000000128e+01 -3.656530752778053284e-02 6.006876379251480103e-02 6.787538528442382812e-02 6.813501566648483276e-02
-6.311011488479392710e+02 -1.298651674984930878e+03 -8.312182467946778388e+02 2.287340000000000018e+01 3.745001181960105896e-02 -1.344958841800689697e-01 6.787538528442382812e-02 6.813501566648483276e-02
-6.295667572514424819e+02 -1.299839577368727532e+03 -8.305247606739559387e+02 2.287540000000000262e+01 -7.563546299934387207e-02 -1.261430233716964722e-01 6.787538528442382812e-02 6.813501566648483276e-02
-6.280293601945870705e+02 -1.301024581958825138e+03 -8.298329751794540243e+02 2.287740000000000151e+01 6.568910926580429077e-02 3.125884011387825012e-02 6.787538528442382812e-02 6.813501566648483276e-02
-6.264889650777819270e+02 -1.302206683051078244e+03 -8.291428936411504083e+02 2.287940000000000040e+01 -1.171544194221496582e-01 -8.004958182573318481e-02 6.787538528442382812e-02 6.813501566648483276e-02
-6.249455792300844905e+02 -1.303385875021177526e+03 -8.284545193423641649e+02 2.288140000000000285e+01 -3.082721307873725891e-02 6.757976859807968140e-02 6.787538528442382812e-02 6.813501566648483276e-02
-6.233992100807146244e+02 -1.304562152193009524e+03 -8.277678555966316480e+02 2.288340000000000174e+01 1.719115115702152252e-02 -4.582203924655914307e-02 6.787538528442382812e-02 6.813501566648483276e-02
-6.219791283619983915e+02 -1.305637878166252221e+03 -8.271398974346037676e+02 2.288540000000000063e+01 1.110227480530738831e-01 -2.256417460739612579e-02 6.787538528442382812e-02 6.813501566648483276e-02
-6.326325276782690707e+02 -1.297460880463442663e+03 -8.319134302397005740e+02 2.288740000000000308e+01 5.969393253326416016e-02 1.077740490436553955e-01 6.787538528442382812e-02 6.813501566648483276e-02
-6.311011488479392710e+02 -1.298651674984930878e+03 -8.312182467946778388e+02 2.288940000000000197e+01 -2.796364203095436096e-02 1.832970231771469116e-01 6.787538528442382812e-02 6.813501566648483276e-02
-6.295667572514424819e+02 -1.299839577368727532e+03 -8.305247606739559387e+02 2.289140000000000086e+01 -3.024146519601345062e-02 2.714681625366210938e-02 6.787538528442382812e-02 6.813501566648483276e-02
-6.280293601945870705e+02 -1.301024581958825138e+03 -8.298329751794540243e+02 2.289339999999999975e+01 7.095181196928024292e-02 -1.094923168420791626e-02 6.787538528442382812e-02 6.813501566648483276e-02
-6.264889650777819270e+02 -1.302206683051078244e+03 -8.291428936411504083e+02 2.289540000000000219e+01 1.443863064050674438e-01 3.617830947041511536e-02 6.787538528442382812e-02 6.813501566648483276e-02
-6.249455792300844905e+02 -1.303385875021177526e+03 -8.284545193423641649e+02 2.289740000000000109e+01 4.444993287324905396e-02 8.288744837045669556e-02 6.787538528442382812e-02 6.813501566648483276e-02
-6.233992100807146244e+02 -1.304562152193009524e+03 -8.277678555966316480e+02 2.289939999999999998e+01 -1.891737058758735657e-02 4.910003021359443665e-02 6.787538528442382812e-02 6.813501566648483276e-02
-6.219791283619983915e+02 -1.305637878166252221e+03 -8.271398974346037676e+02 2.290140000000000242e+01 3.153935307636857033e-03 6.591305136680603027e-02 6.787538528442382812e-02 6.813501566648483276e-02
-6.171840484263452709e+02 -1.309238000721400113e+03 -8.250383716275575807e+02 2.290340000000000131e+01 -3.691931068897247314e-02 -7.274535298347473145e-02 6.787538528442382812e-02 6.813501566648483276e-02
-6.156228739422671197e+02 -1.310399619831790233e+03 -8.243603097229396326e+02 2.290540000000000020e+01 1.491435617208480835e-01 -4.299695044755935669e-02 6.787538528442382812e-02 6.813501566648483276e-02
-6.140587607619637538e+02 -1.311558290586359135e+03 -8.236839779602602221e+02 2.290740000000000265e+01 -6.153939664363861084e-02 -9.797293692827224731e-02 6.787538528442382812e-02 6.813501566648483276e-02
-6.124917163435965222e+02 -1.312714007460155017e+03 -8.230093795645042292e+02 2.290940000000000154e+01 2.301718294620513916e-01 2.305667102336883545e-02 6.787538528442382812e-02 6.813501566648483276e-02
-6.109217481975007331e+02 -1.313866764914124133e+03 -8.223365177688425547e+02 2.291140000000000043e+01 -5.733110383152961731e-02 -5.026703327894210815e-02 6.787538528442382812e-02 6.813501566648483276e-02
-6.093488638645089850e+02 -1.315016557411435542e+03 -8.216653958051053905e+02 2.291340000000000288e+01 1.117897629737854004e-01 -1.086250022053718567e-01 6.787538528442382812e-02 6.813501566648483276e-02
-6.077730708282382466e+02 -1.316163379481552738e+03 -8.209960168663832292e+02 2.291540000000000177e+01 2.179670892655849457e-02 2.822820469737052917e-02 6.787538528442382812e-02 6.813501566648483276e-02
-6.063260822037420894e+02 -1.317212056689885912e+03 -8.203839312780248747e+02 2.291740000000000066e+01 -5.061260983347892761e-02 -1.863986998796463013e-01 6.787538528442382812e-02 6.813501566648483276e-02
-6.171840484263452709e+02 -1.309238000721400113e+03 -8.250383716275575807e+02 2.291940000000000310e+01 1.040693670511245728e-01 5.762581154704093933e-02 6.787538528442382812e-02 6.813501566648483276e-02
-6.156228739422671197e+02 -1.310399619831790233e+03 -8.243603097229396326e+02 2.292140000000000200e+01 5.891110282391309738e-03 1.196818426251411438e-01 6.787538528442382812e-02 6.813501566648483276e-02
-6.140587607619637538e+02 -1.311558290586359135e+03 -8.236839779602602221e+02 2.292340000000000089e+01 1.298961695283651352e-02 1.615561693906784058e-01 6.787538528442382812e-02 6.813501566648483276e-02
-6.124917163435965222e+02 -1.312714007460155017e+03 -8.230093795645042292e+02 2.292539999999999978e+01 8.960916846990585327e-02 6.626058369874954224e-02 6.787538528442382812e-02 6.813501566648483276e-02
-6.109217481975007331e+02 -1.313866764914124133e+03 -8.223365177688425547e+02 2.292740000000000222e+01 4.193094000220298767e-02 -5.267769843339920044e-02 6.787538528442382812e-02 6.813501566648483276e-02
-6.093488638645089850e+02 -1.315016557411435542e+03 -8.216653958051053905e+02 2.292940000000000111e+01 -7.418549805879592896e-02 -3.593185916543006897e-02 6.787538528442382812e-02 6.813501566648483276e-02
-6.077730708282382466e+02 -1.316163379481552738e+03 -8.209960168663832292e+02 2.293140000000000001e+01 -3.718823194503784180e-02 -4.664540290832519531e-02 6.787538528442382812e-02 6.813501566648483276e-02
-6.063260822037420894e+02 -1.317212056689885912e+03 -8.203839312780248747e+02 2.293340000000000245e+01 3.804416209459304810e-02 5.842717736959457397e-02 6.787538528442382812e-02 6.813501566648483276e-02
