# Baseline: 20-23
# Entries: 128
# u [m], v [m], w [m], frequency [GHz], real, imag, std(real), std(imag)
5.281339506431389964e+03 1.521173890587047254e+03 5.482818497813494105e+03 2.267940000000000111e+01 -7.652249932289123535e-02 5.187009647488594055e-02 6.288242340087890625e-02 6.323093175888061523e-02
5.284515470137655939e+03 1.531133589807360750e+03 5.476982914306229759e+03 2.268140000000000001e+01 5.988015979528427124e-02 -3.526485711336135864e-02 6.288242340087890625e-02 6.323093175888061523e-02
5.287666173573069500e+03 1.541099275453673954e+03 5.471143859158742998e+03 2.268340000000000245e+01 -4.313015565276145935e-02 8.876518905162811279e-02 6.288242340087890625e-02 6.323093175888061523e-02
5.290791601681360589e+03 1.551070899902181282e+03 5.465301360274580475e+03 2.268540000000000134e+01 -6.291766464710235596e-02 -5.200704559683799744e-02 6.288242340087890625e-02 6.323093175888061523e-02
5.293119867529912881e+03 1.558553304002444520e+03 5.460917349002443189e+03 2.268740000000000023e+01 -1.196176279336214066e-02 6.858222186565399170e-02 6.288242340087890625e-02 6.323093175888061523e-02
5.296966572206342789e+03 1.571031774291560623e+03 5.453606143155075188e+03 2.268940000000000268e+01 7.697489112615585327e-02 -4.051546379923820496e-02 6.288242340087890625e-02 6.323093175888061523e-02
5.300016085007530819e+03 1.581020928496153601e+03 5.447753481012288830e+03 2.269140000000000157e+01 -1.215629801154136658e-01 4.738515242934226990e-02 6.288242340087890625e-02 6.323093175888061523e-02
5.303793374880296142e+03 1.593515218337706528e+03 5.440433104631862079e+03 2.269340000000000046e+01 4.793296381831169128e-02 -1.390188932418823242e-01 6.288242340087890625e-02 6.323093175888061523e-02
5.281339506431389964e+03 1.521173890587047254e+03 5.482818497813494105e+03 2.269540000000000290e+01 8.886476606130599976e-02 1.801315695047378540e-01 6.288242340087890625e-02 6.323093175888061523e-02
5.284515470137655939e+03 1.531133589807360750e+03 5.476982914306229759e+03 2.269740000000000180e+01 8.132796734571456909e-02 -8.610174804925918579e-02 6.288242340087890625e-02 6.323093175888061523e-02
5.287666173573069500e+03 1.541099275453673954e+03 5.471143859158742998e+03 2.269940000000000069e+01 -8.163041621446609497e-02 -8.138909004628658295e-03 6.288242340087890625e-02 6.323093175888061523e-02
5.290791601681360589e+03 1.551070899902181282e+03 5.465301360274580475e+03 2.270140000000000313e+01 -1.011037454009056091e-02 -1.819172650575637817e-01 6.288242340087890625e-02 6.323093175888061523e-02
5.293119867529912881e+03 1.558553304002444520e+03 5.460917349002443189e+03 2.270340000000000202e+01 2.599642239511013031e-02 -6.110179424285888672e-02 6.288242340087890625e-02 6.323093175888061523e-02
5.296966572206342789e+03 1.571031774291560623e+03 5.453606143155075188e+03 2.270540000000000092e+01 -1.651913970708847046e-01 8.175390958786010742e-02 6.288242340087890625e-02 6.323093175888061523e-02
5.300016085007530819e+03 1.581020928496153601e+03 5.447753481012288830e+03 2.270739999999999981e+01 -8.335472643375396729e-02 1.373354811221361160e-02 6.288242340087890625e-02 6.323093175888061523e-02
5.303793374880296142e+03 1.593515218337706528e+03 5.440433104631862079e+03 2.270940000000000225e+01 6.253853440284729004e-02 4.112962260842323303e-02 6.288242340087890625e-02 6.323093175888061523e-02
5.311960647805706685e+03 1.621034544394043451e+03 5.424309794767392304e+03 2.271140000000000114e+01 -4.459910839796066284e-02 4.665761813521385193e-02 6.288242340087890625e-02 6.323093175888061523e-02
5.314883344937627953e+03 1.631051958735313519e+03 5.418440754052246120e+03 2.271340000000000003e+01 -9.637937694787979126e-02 1.753587508574128151e-03 6.288242340087890625e-02 6.323093175888061523e-02
5.317780636447380857e+03 1.641074881249226110e+03 5.412568521905440321e+03 2.271540000000000248e+01 1.522130519151687622e-01 -8.650734275579452515e-02 6.288242340087890625e-02 6.323093175888061523e-02
5.320652508509954714e+03 1.651103264108263602e+03 5.406693126348168335e+03 2.271740000000000137e+01 6.604435294866561890e-02 -3.353731706738471985e-02 6.288242340087890625e-02 6.323093175888061523e-02
5.323498947371406757e+03 1.661137059284264296e+03 5.400814595519009345e+03 2.271940000000000026e+01 -2.566112577915191650e-02 2.999982796609401703e-02 6.288242340087890625e-02 6.323093175888061523e-02
5.326319939409384460e+03 1.671176218758121195e+03 5.394932957551062827e+03 2.272140000000000271e+01 -5.993580818176269531e-02 4.436482861638069153e-02 6.288242340087890625e-02 6.323093175888061523e-02
5.329115471113901549e+03 1.681220694449998064e+03 5.389048240612840345e+03 2.272340000000000160e+01 3.287764266133308411e-02 -3.140449523925781250e-02 6.288242340087890625e-02 6.323093175888061523e-02
5.331655988721640824e+03 1.690432693194267586e+03 5.383651274464532435e+03 2.272540000000000049e+01 4.694420844316482544e-02 -6.323145329952239990e-02 6.288242340087890625e-02 6.323093175888061523e-02
5.311960647805706685e+03 1.621034544394043451e+03 5.424309794767392304e+03 2.272740000000000293e+01 1.297247707843780518e-01 7.786489278078079224e-02 6.288242340087890625e-02 6.323093175888061523e-02
5.314883344937627953e+03 1.631051958735313519e+03 5.418440754052246120e+03 2.272940000000000182e+01 7.662615925073623657e-02 6.906333565711975098e-02 6.288242340087890625e-02 6.323093175888061523e-02
5.317780636447380857e+03 1.641074881249226110e+03 5.412568521905440321e+03 2.273140000000000072e+01 -5.079250317066907883e-03 -9.817797690629959106e-02 6.288242340087890625e-02 6.323093175888061523e-02
5.320652508509954714e+03 1.651103264108263602e+03 5.406693126348168335e+03 2.273340000000000316e+01 -1.271910369396209717e-01 1.620122790336608887e-02 6.288242340087890625e-02 6.323093175888061523e-02
5.323498947371406757e+03 1.661137059284264296e+03 5.400814595519009345e+03 2.273540000000000205e+01 -9.581644833087921143e-02 4.348690435290336609e-02 6.288242340087890625e-02 6.323093175888061523e-02
5.326319939409384460e+03 1.671176218758121195e+03 5.394932957551062827e+03 2.273740000000000094e+01 2.365112118422985077e-02 4.245917871594429016e-02 6.288242340087890625e-02 6.323093175888061523e-02
5.329115471113901549e+03 1.681220694449998064e+03 5.389048240612840345e+03 2.273939999999999984e+01 -4.345954209566116333e-02 6.006496772170066833e-02 6.288242340087890625e-02 6.323093175888061523e-02
5.331655988721640824e+03 1.690432693194267586e+03 5.383651274464532435e+03 2.274140000000000228e+01 9.949716739356517792e-03 4.140168428421020508e-02 6.288242340087890625e-02 6.323093175888061523e-02
5.340042729007373964e+03 1.721450798176265153e+03 5.365479146301556284e+03 2.274340000000000117e+01 -2.190772071480751038e-02 -1.821528747677803040e-02 6.288242340087890625e-02 6.323093175888061523e-02
5.342710760843719072e+03 1.731521133543661790e+03 5.359579457160790298e+03 2.274540000000000006e+01 9.055749978870153427e-04 -1.242184713482856750e-01 6.288242340087890625e-02 6.323093175888061523e-02
5.345353253942342235e+03 1.741596496474255900e+03 5.353676858160229131e+03 2.274740000000000251e+01 -4.162050038576126099e-02 6.024317443370819092e-02 6.288242340087890625e-02 6.323093175888061523e-02
5.347970195610981136e+03 1.751676838574533349e+03 5.347771377650955401e+03 2.274940000000000140e+01 6.859240680932998657e-02 5.103229079395532608e-03 6.288242340087890625e-02 6.323093175888061523e-02
5.350561573379984111e+03 1.761762111813337015e+03 5.341863043771605589e+03 2.275140000000000029e+01 -7.481811195611953735e-02 -6.876748055219650269e-02 6.288242340087890625e-02 6.323093175888061523e-02
5.353127374766755565e+03 1.771852267608997181e+03 5.335951884983148375e+03 2.275340000000000273e+01 5.708514153957366943e-02 -7.358118891716003418e-02 6.288242340087890625e-02 6.323093175888061523e-02
5.355667587555127284e+03 1.781947257918573086e+03 5.330037929430785880e+03 2.275540000000000163e+01 8.889513462781906128e-02 -2.833189815282821655e-02 6.288242340087890625e-02 6.323093175888061523e-02
5.357973952722360991e+03 1.791205144226738184e+03 5.324614405811855249e+03 2.275740000000000052e+01 7.639604806900024414e-02 7.113084197044372559e-02 6.288242340087890625e-02 6.323093175888061523e-02
5.340042729007373964e+03 1.721450798176265153e+03 5.365479146301556284e+03 2.275940000000000296e+01 2.196181751787662506e-02 1.980489585548639297e-03 6.288242340087890625e-02 6.323093175888061523e-02
5.342710760843719072e+03 1.731521133543661790e+03 5.359579457160790298e+03 2.276140000000000185e+01 5.240041646175086498e-04 -1.464587263762950897e-02 6.288242340087890625e-02 6.323093175888061523e-02
5.345353253942342235e+03 1.741596496474255900e+03 5.353676858160229131e+03 2.276340000000000074e+01 -9.699188917875289917e-02 9.592536091804504395e-02 6.288242340087890625e-02 6.323093175888061523e-02
5.347970195610981136e+03 1.751676838574533349e+03 5.347771377650955401e+03 2.276540000000000319e+01 -8.429508656263351440e-03 -4.714363440871238708e-02 6.288242340087890625e-02 6.323093175888061523e-02
5.350561573379984111e+03 1.761762111813337015e+03 5.341863043771605589e+03 2.276740000000000208e+01 2.575192041695117950e-02 1.388718560338020325e-02 6.288242340087890625e-02 6.323093175888061523e-02
5.353127374766755565e+03 1.771852267608997181e+03 5.335951884983148375e+03 2.276940000000000097e+01 4.079775512218475342e-02 8.069850504398345947e-02 6.288242340087890625e-02 6.323093175888061523e-02
5.355667587555127284e+03 1.781947257918573086e+03 5.330037929430785880e+03 2.277139999999999986e+01 -7.474032696336507797e-03 -8.375924080610275269e-02 6.288242340087890625e-02 6.323093175888061523e-02
5.357973952722360991e+03 1.791205144226738184e+03 5.324614405811855249e+03 2.277340000000000231e+01 -4.892644658684730530e-02 1.582652144134044647e-02 6.288242340087890625e-02 6.323093175888061523e-02
5.365572311249342420e+03 1.822374597011134938e+03 5.306354706244864246e+03 2.277540000000000120e+01 -2.320165000855922699e-02 -1.472202874720096588e-02 6.288242340087890625e-02 6.323093175888061523e-02
5.367984401064937629e+03 1.832493034439599114e+03 5.300427191860829225e+03 2.277740000000000009e+01 -2.828065492212772369e-02 -1.094028446823358536e-02 6.288242340087890625e-02 6.323093175888061523e-02
5.370370831137855021e+03 1.842616015995021826e+03 5.294497050827924795e+03 2.277940000000000254e+01 2.681099623441696167e-02 -8.697416633367538452e-02 6.288242340087890625e-02 6.323093175888061523e-02
5.372731590105470787e+03 1.852743493478264782e+03 5.288564311381673178e+03 2.278140000000000143e+01 8.463978022336959839e-02 -5.966894701123237610e-02 6.288242340087890625e-02 6.323093175888061523e-02
5.375066666604117927e+03 1.862875418139668682e+03 5.282629002079921520e+03 2.278340000000000032e+01 -2.409420348703861237e-02 6.957674771547317505e-02 6.288242340087890625e-02 6.323093175888061523e-02
5.377376049523853908e+03 1.873011741772799724e+03 5.276691151162127426e+03 2.278540000000000276e+01 -3.916798159480094910e-03 -5.225279554724693298e-02 6.288242340087890625e-02 6.323093175888061523e-02
5.379659727748288788e+03 1.883152415585425160e+03 5.270750787210743511e+03 2.278740000000000165e+01 -1.110055074095726013e-01 3.814423084259033203e-02 6.288242340087890625e-02 6.323093175888061523e-02
5.381730836849488696e+03 1.892451759415116612e+03 5.265303301361189369e+03 2.278940000000000055e+01 3.804685920476913452e-02 -5.770814418792724609e-02 6.288242340087890625e-02 6.323093175888061523e-02
5.365572311249342420e+03 1.822374597011134938e+03 5.306354706244864246e+03 2.279140000000000299e+01 3.223466500639915466e-02 -2.449822798371315002e-02 6.288242340087890625e-02 6.323093175888061523e-02
5.367984401064937629e+03 1.832493034439599114e+03 5.300427191860829225e+03 2.279340000000000188e+01 1.246264576911926270e-01 -8.126752823591232300e-02 6.288242340087890625e-02 6.323093175888061523e-02
5.370370831137855021e+03 1.842616015995021826e+03 5.294497050827924795e+03 2.279540000000000077e+01 -3.586346982046961784e-03 1.656796783208847046e-01 6.288242340087890625e-02 6.323093175888061523e-02
5.372731590105470787e+03 1.852743493478264782e+03 5.288564311381673178e+03 2.279739999999999966e+01 1.785291731357574463e-02 1.131619885563850403e-01 6.288242340087890625e-02 6.323093175888061523e-02
5.375066666604117927e+03 1.862875418139668682e+03 5.282629002079921520e+03 2.279940000000000211e+01 1.463649515062570572e-02 -1.007152139209210873e-03 6.288242340087890625e-02 6.323093175888061523e-02
5.377376049523853908e+03 1.873011741772799724e+03 5.276691151162127426e+03 2.280140000000000100e+01 -3.210555389523506165e-02 -3.145998716354370117e-02 6.288242340087890625e-02 6.323093175888061523e-02
5.379659727748288788e+03 1.883152415585425160e+03 5.270750787210743511e+03 2.280339999999999989e+01 6.351739913225173950e-02 3.105799667537212372e-02 6.288242340087890625e-02 6.323093175888061523e-02
5.381730836849488696e+03 1.892451759415116612e+03 5.265303301361189369e+03 2.280540000000000234e+01 9.802424348890781403e-03 2.247033454477787018e-02 6.288242340087890625e-02 6.323093175888061523e-02
5.388175507221420958e+03 1.922064425201858285e+03 5.247956622945434901e+03 2.280740000000000123e+01 3.892408683896064758e-02 -2.416972257196903229e-02 6.288242340087890625e-02 6.323093175888061523e-02
5.390334794412468909e+03 1.932225441155879707e+03 5.242004513185835094e+03 2.280940000000000012e+01 -3.594855964183807373e-02 -4.364194348454475403e-02 6.288242340087890625e-02 6.323093175888061523e-02
5.392468314930785709e+03 1.942390524084743220e+03 5.236050056290331668e+03 2.281140000000000256e+01 1.255438011139631271e-02 6.842490751296281815e-03 6.288242340087890625e-02 6.323093175888061523e-02
5.394576058529112743e+03 1.952559625163950386e+03 5.230093280859120568e+03 2.281340000000000146e+01 -2.768966602161526680e-03 -2.111239172518253326e-02 6.288242340087890625e-02 6.323093175888061523e-02
5.396658015179379618e+03 1.962732696010142945e+03 5.224134215233816576e+03 2.281540000000000035e+01 1.314316689968109131e-01 5.231180787086486816e-02 6.288242340087890625e-02 6.323093175888061523e-02
5.398714174866924623e+03 1.972909687689679004e+03 5.218172888078204778e+03 2.281740000000000279e+01 -1.300587803125381470e-01 1.462647318840026855e-01 6.288242340087890625e-02 6.323093175888061523e-02
5.400744527780653698e+03 1.983090551639849537e+03 5.212209327838624631e+03 2.281940000000000168e+01 -7.076427340507507324e-02 -3.267480432987213135e-02 6.288242340087890625e-02 6.323093175888061523e-02
5.402583334557004491e+03 1.992426322115315770e+03 5.206740821420308748e+03 2.282140000000000057e+01 -7.927570492029190063e-02 -4.109831526875495911e-02 6.288242340087890625e-02 6.323093175888061523e-02
5.388175507221420958e+03 1.922064425201858285e+03 5.247956622945434901e+03 2.282340000000000302e+01 -2.476175874471664429e-02 -1.834295392036437988e-01 6.288242340087890625e-02 6.323093175888061523e-02
5.390334794412468909e+03 1.932225441155879707e+03 5.242004513185835094e+03 2.282540000000000191e+01 -7.851704210042953491e-02 5.438966676592826843e-02 6.288242340087890625e-02 6.323093175888061523e-02
5.392468314930785709e+03 1.942390524084743220e+03 5.236050056290331668e+03 2.282740000000000080e+01 4.977744072675704956e-02 1.221194583922624588e-02 6.288242340087890625e-02 6.323093175888061523e-02
5.394576058529112743e+03 1.952559625163950386e+03 5.230093280859120568e+03 2.282939999999999969e+01 -9.492819756269454956e-02 4.205834865570068359e-02 6.288242340087890625e-02 6.323093175888061523e-02
5.396658015179379618e+03 1.962732696010142945e+03 5.224134215233816576e+03 2.283140000000000214e+01 3.599748015403747559e-02 1.255023628473281860e-01 6.288242340087890625e-02 6.323093175888061523e-02
5.398714174866924623e+03 1.972909687689679004e+03 5.218172888078204778e+03 2.283340000000000103e+01 3.336771950125694275e-02 7.329281419515609741e-02 6.288242340087890625e-02 6.323093175888061523e-02
5.400744527780653698e+03 1.983090551639849537e+03 5.212209327838624631e+03 2.283539999999999992e+01 -8.636049181222915649e-02 8.012670278549194336e-02 6.288242340087890625e-02 6.323093175888061523e-02
5.402583334557004491e+03 1.992426322115315770e+03 5.206740821420308748e+03 2.283740000000000236e+01 6.009603664278984070e-02 -1.129564549773931503e-02 6.288242340087890625e-02 6.323093175888061523e-02
5.408607679151345110e+03 2.023851755095931821e+03 5.188333327185518101e+03 2.283940000000000126e+01 -1.546201668679714203e-02 -1.463479129597544670e-03 6.288242340087890625e-02 6.323093175888061523e-02
5.410508854861518557e+03 2.034051248908738671e+03 5.182359030001809515e+03 2.284140000000000015e+01 1.175115182995796204e-01 -2.296490408480167389e-02 6.288242340087890625e-02 6.323093175888061523e-02
5.412384167377822450e+03 2.044254322526836177e+03 5.176382671046586438e+03 2.284340000000000259e+01 3.691208735108375549e-02 4.279341548681259155e-02 6.288242340087890625e-02 6.323093175888061523e-02
5.414233607666767057e+03 2.054460926801154983e+03 5.170404279108468472e+03 2.284540000000000148e+01 -6.024980917572975159e-02 -6.127607822418212891e-02 6.288242340087890625e-02 6.323093175888061523e-02
5.416057166922551914e+03 2.064671013134394798e+03 5.164423882652717111e+03 2.284740000000000038e+01 4.878307878971099854e-02 5.180689971894025803e-03 6.288242340087890625e-02 6.323093175888061523e-02
5.417854836405014794e+03 2.074884532592693176e+03 5.158441510341565845e+03 2.284940000000000282e+01 -3.313761949539184570e-02 1.358454208821058273e-02 6.288242340087890625e-02 6.323093175888061523e-02
5.419626607486160538e+03 2.085101436154502608e+03 5.152457190888433615e+03 2.285140000000000171e+01 -1.019728407263755798e-01 -3.710786253213882446e-02 6.288242340087890625e-02 6.323093175888061523e-02
5.421228302656995766e+03 2.094469820383665592e+03 5.146969902700734565e+03 2.285340000000000060e+01 6.724946945905685425e-02 -5.279834195971488953e-02 6.288242340087890625e-02 6.323093175888061523e-02
5.408607679151345110e+03 2.023851755095931821e+03 5.188333327185518101e+03 2.285540000000000305e+01 4.065915942192077637e-02 1.045394390821456909e-01 6.288242340087890625e-02 6.323093175888061523e-02
5.410508854861518557e+03 2.034051248908738671e+03 5.182359030001809515e+03 2.285740000000000194e+01 -1.614011824131011963e-02 -6.651445478200912476e-02 6.288242340087890625e-02 6.323093175888061523e-02
5.412384167377822450e+03 2.044254322526836177e+03 5.176382671046586438e+03 2.285940000000000083e+01 4.461526498198509216e-02 2.524619735777378082e-02 6.288242340087890625e-02 6.323093175888061523e-02
5.414233607666767057e+03 2.054460926801154983e+03 5.170404279108468472e+03 2.286139999999999972e+01 2.092861756682395935e-02 -2.822625078260898590e-02 6.288242340087890625e-02 6.323093175888061523e-02
5.416057166922551914e+03 2.064671013134394798e+03 5.164423882652717111e+03 2.286340000000000217e+01 -5.100466683506965637e-02 -2.088645473122596741e-02 6.288242340087890625e-02 6.323093175888061523e-02
5.417854836405014794e+03 2.074884532592693176e+03 5.158441510341565845e+03 2.286540000000000106e+01 2.427562139928340912e-02 4.994082450866699219e-02 6.288242340087890625e-02 6.323093175888061523e-02
5.419626607486160538e+03 2.085101436154502608e+03 5.152457190888433615e+03 2.286739999999999995e+01 -1.307379361242055893e-02 1.279672384262084961e-01 6.288242340087890625e-02 6.323093175888061523e-02
5.421228302656995766e+03 2.094469820383665592e+03 5.146969902700734565e+03 2.286940000000000239e+01 -2.897682227194309235e-02 6.802080571651458740e-02 6.288242340087890625e-02 6.323093175888061523e-02
5.426454540282842572e+03 2.126001914463862249e+03 5.128501013893255731e+03 2.287140000000000128e+01 1.181824505329132080e-01 -7.752271741628646851e-02 6.288242340087890625e-02 6.323093175888061523e-02
5.428096694756918623e+03 2.136235005400750651e+03 5.122507388148370410e+03 2.287340000000000018e+01 2.287902869284152985e-02 3.589163348078727722e-02 6.288242340087890625e-02 6.323093175888061523e-02
5.429712901817102647e+03 2.146471186833589400e+03 5.116511987232921456e+03 2.287540000000000262e+01 5.118971318006515503e-02 -3.139598667621612549e-02 6.288242340087890625e-02 6.323093175888061523e-02
5.431303153768272750e+03 2.156710410024237262e+03 5.110514839693169961e+03 2.287740000000000151e+01 3.875912353396415710e-02 1.596964546479284763e-03 6.288242340087890625e-02 6.323093175888061523e-02
5.432867442955550359e+03 2.166952625685165458e+03 5.104515974396977072e+03 2.287940000000000040e+01 -2.300177002325654030e-03 2.272892557084560394e-02 6.288242340087890625e-02 6.323093175888061523e-02
5.434405761936384806e+03 2.177197785084974385e+03 5.098515419886223754e+03 2.288140000000000285e+01 1.307477336376905441e-02 -1.219414249062538147e-01 6.288242340087890625e-02 6.323093175888061523e-02
5.435918103306073135e+03 2.187445838907743564e+03 5.092513205045163886e+03 2.288340000000000174e+01 -1.340167820453643799e-01 -5.896427109837532043e-02 6.288242340087890625e-02 6.323093175888061523e-02
5.437281920381466989e+03 2.196842353632548111e+03 5.087009761039802470e+03 2.288540000000000063e+01 -2.045496832579374313e-03 -2.646737359464168549e-02 6.288242340087890625e-02 6.323093175888061523e-02
5.426454540282842572e+03 2.126001914463862249e+03 5.128501013893255731e+03 2.288740000000000308e+01 -2.147083356976509094e-02 7.421458576573058963e-05 6.288242340087890625e-02 6.323093175888061523e-02
5.428096694756918623e+03 2.136235005400750651e+03 5.122507388148370410e+03 2.288940000000000197e+01 2.613798156380653381e-02 -7.160149980336427689e-03 6.288242340087890625e-02 6.323093175888061523e-02
5.429712901817102647e+03 2.146471186833589400e+03 5.116511987232921456e+03 2.289140000000000086e+01 -8.383584022521972656e-02 3.671879693865776062e-02 6.288242340087890625e-02 6.323093175888061523e-02
5.431303153768272750e+03 2.156710410024237262e+03 5.110514839693169961e+03 2.289339999999999975e+01 1.801669970154762268e-02 1.105968356132507324e-01 6.288242340087890625e-02 6.323093175888061523e-02
5.432867442955550359e+03 2.166952625685165458e+03 5.104515974396977072e+03 2.289540000000000219e+01 3.242667764425277710e-02 -1.129932552576065063e-01 6.288242340087890625e-02 6.323093175888061523e-02
5.434405761936384806e+03 2.177197785084974385e+03 5.098515419886223754e+03 2.289740000000000109e+01 2.109416946768760681e-02 3.241867199540138245e-02 6.288242340087890625e-02 6.323093175888061523e-02
5.435918103306073135e+03 2.187445838907743564e+03 5.092513205045163886e+03 2.289939999999999998e+01 -5.309122800827026367e-02 -5.749633908271789551e-02 6.288242340087890625e-02 6.323093175888061523e-02
5.437281920381466989e+03 2.196842353632548111e+03 5.087009761039802470e+03 2.290140000000000242e+01 4.061059281229972839e-02 3.580353409051895142e-02 6.288242340087890625e-02 6.323093175888061523e-02
5.441707550045324751e+03 2.228466019085273274e+03 5.068488315970218537e+03 2.290340000000000131e+01 1.740690693259239197e-02 3.754054009914398193e-02 6.288242340087890625e-02 6.323093175888061523e-02
5.443089897399173424e+03 2.238727809871876161e+03 5.062478230047165198e+03 2.290540000000000020e+01 1.781686209142208099e-02 2.005396038293838501e-02 6.288242340087890625e-02 6.323093175888061523e-02
5.444446225594306270e+03 2.248992200686075194e+03 5.056466656216604861e+03 2.290740000000000265e+01 2.420955710113048553e-02 9.148447774350643158e-03 6.288242340087890625e-02 6.323093175888061523e-02
5.445776528163031799e+03 2.259259142583973698e+03 5.050453623143641380e+03 2.290940000000000154e+01 2.229718677699565887e-02 -1.399307996034622192e-01 6.288242340087890625e-02 6.323093175888061523e-02
5.447080798729230992e+03 2.269528586359197107e+03 5.044439159646931330e+03 2.291140000000000043e+01 6.875713914632797241e-02 2.780375815927982330e-02 6.288242340087890625e-02 6.323093175888061523e-02
5.448359031028656318e+03 2.279800482686010582e+03 5.038423294614869519e+03 2.291340000000000288e+01 -1.379979252815246582e-01 6.561805307865142822e-02 6.288242340087890625e-02 6.323093175888061523e-02
5.449611218979940531e+03 2.290074782691996916e+03 5.032406056670198268e+03 2.291540000000000177e+01 -8.067313581705093384e-03 7.779597491025924683e-02 6.288242340087890625e-02 6.323093175888061523e-02
5.450736505113115527e+03 2.299494929560491983e+03 5.026889091485983954e+03 2.291740000000000066e+01 1.155015230178833008e-01 2.200396172702312469e-02 6.288242340087890625e-02 6.323093175888061523e-02
5.441707550045324751e+03 2.228466019085273274e+03 5.068488315970218537e+03 2.291940000000000310e+01 -5.767999961972236633e-02 9.210828691720962524e-02 6.288242340087890625e-02 6.323093175888061523e-02
5.443089897399173424e+03 2.238727809871876161e+03 5.062478230047165198e+03 2.292140000000000200e+01 2.988433465361595154e-02 -1.892478577792644501e-02 6.288242340087890625e-02 6.323093175888061523e-02
5.444446225594306270e+03 2.248992200686075194e+03 5.056466656216604861e+03 2.292340000000000089e+01 1.465894188731908798e-02 -1.933465711772441864e-02 6.288242340087890625e-02 6.323093175888061523e-02
5.445776528163031799e+03 2.259259142583973698e+03 5.050453623143641380e+03 2.292539999999999978e+01 4.617479280568659306e-04 1.751016452908515930e-02 6.288242340087890625e-02 6.323093175888061523e-02
5.447080798729230992e+03 2.269528586359197107e+03 5.044439159646931330e+03 2.292740000000000222e+01 -5.870552267879247665e-04 -3.497474268078804016e-02 6.288242340087890625e-02 6.323093175888061523e-02
5.448359031028656318e+03 2.279800482686010582e+03 5.038423294614869519e+03 2.292940000000000111e+01 -6.349881179630756378e-03 -4.595934972167015076e-02 6.288242340087890625e-02 6.323093175888061523e-02
5.449611218979940531e+03 2.290074782691996916e+03 5.032406056670198268e+03 2.293140000000000001e+01 2.271737158298492432e-02 1.456274837255477905e-02 6.288242340087890625e-02 6.323093175888061523e-02
5.450736505113115527e+03 2.299494929560491983e+03 5.026889091485983954e+03 2.293340000000000245e+01 -1.192940119653940201e-02 5.916597321629524231e-03 6.288242340087890625e-02 6.323093175888061523e-02
