# Baseline: 18-22
# Entries: 128
# u [m], v [m], w [m], frequency [GHz], real, imag
1.221989691072905089e+03 -3.983336886864285134e+03 7.362783670181970592e+02 2.267940000000000000e+19 3.602781333029270172e-03 -1.580178388394415379e-03
1.230320528917271076e+03 -3.981023925592828164e+03 7.349131193981444312e+02 2.268140000000000000e+19 -8.322547189891338348e-03 -5.333786364644765854e-03
1.238645471219497040e+03 -3.978695239104170014e+03 7.335386724901860589e+02 2.268340000000000000e+19 3.664801130071282387e-03 5.174917634576559067e-03
1.246964478196638311e+03 -3.976350838526697771e+03 7.321550328625838802e+02 2.268540000000000000e+19 -7.327736355364322662e-03 -4.692279268056154251e-03
1.255277510036000422e+03 -3.973990735079785281e+03 7.307622071369088417e+02 2.268740000000000000e+19 5.137920845299959183e-03 3.350061131641268730e-03
1.263584526953624163e+03 -3.971614940058324919e+03 7.293602019789130964e+02 2.268940000000000000e+19 -7.898042909801006317e-03 2.914196578785777092e-03
1.271885489020819705e+03 -3.969223464882155895e+03 7.279490241276949973e+02 2.269140000000000000e+19 4.064470529556274414e-03 -5.224213469773530960e-03
1.279489429623895830e+03 -3.967017713772225306e+03 7.266475088133769304e+02 2.269340000000000000e+19 1.462082262150943279e-03 -7.868713699281215668e-03
1.221989691072905089e+03 -3.983336886864285134e+03 7.362783670181970592e+02 2.269540000000000000e+19 -1.771971292328089476e-04 6.769712199456989765e-04
1.230320528917271076e+03 -3.981023925592828164e+03 7.349131193981444312e+02 2.269740000000000000e+19 5.945887416601181030e-03 -9.069157531484961510e-04
1.238645471219497040e+03 -3.978695239104170014e+03 7.335386724901860589e+02 2.269940000000000000e+19 -3.478804603219032288e-03 4.578230436891317368e-03
1.246964478196638311e+03 -3.976350838526697771e+03 7.321550328625838802e+02 2.270140000000000000e+19 -1.849513687193393707e-02 -1.721075532259419560e-04
1.255277510036000422e+03 -3.973990735079785281e+03 7.307622071369088417e+02 2.270340000000000000e+19 4.128601402044296265e-03 3.977227897848933935e-04
1.263584526953624163e+03 -3.971614940058324919e+03 7.293602019789130964e+02 2.270540000000000000e+19 -9.832493960857391357e-03 1.229634974151849747e-02
1.271885489020819705e+03 -3.969223464882155895e+03 7.279490241276949973e+02 2.270740000000000000e+19 2.029689727351069450e-03 1.095919311046600342e-02
1.279489429623895830e+03 -3.967017713772225306e+03 7.266475088133769304e+02 2.270940000000000000e+19 7.761604152619838715e-03 1.098514534533023834e-03
1.305027996493251749e+03 -3.959500992140855942e+03 7.222127212162885144e+02 2.271140000000000000e+19 -5.680655129253864288e-03 9.117250330746173859e-03
1.313298089868893840e+03 -3.957031289115633172e+03 7.207557819320276167e+02 2.271340000000000000e+19 -7.181669585406780243e-03 -1.098614837974309921e-02
1.321561890536416058e+03 -3.954545975713832831e+03 7.192897111240610002e+02 2.271540000000000000e+19 7.567406282760202885e-04 -1.650428958237171173e-02
1.329819359062647209e+03 -3.952045063795072565e+03 7.178145157883200227e+02 2.271740000000000000e+19 -1.239496376365423203e-02 1.409089425578713417e-03
1.338070455900775187e+03 -3.949528565336807787e+03 7.163302029898796945e+02 2.271940000000000000e+19 1.982314512133598328e-02 1.169398985803127289e-02
1.346315141563211000e+03 -3.946996492382299039e+03 7.148367798322682347e+02 2.272140000000000000e+19 -1.464067958295345306e-02 -2.005735179409384727e-03
1.354553376564437485e+03 -3.944448857058423982e+03 7.133342534679658229e+02 2.272340000000000000e+19 -7.938875816762447357e-03 -8.796330541372299194e-03
1.362099474759457053e+03 -3.942100061786786682e+03 7.119490625654555060e+02 2.272540000000000000e+19 -7.784044370055198669e-03 -3.371459431946277618e-03
1.305027996493251749e+03 -3.959500992140855942e+03 7.222127212162885144e+02 2.272740000000000000e+19 1.508495584130287170e-02 6.889691576361656189e-03
1.313298089868893840e+03 -3.957031289115633172e+03 7.207557819320276167e+02 2.272940000000000000e+19 -1.839321106672286987e-02 -1.762137934565544128e-02
1.321561890536416058e+03 -3.954545975713832831e+03 7.192897111240610002e+02 2.273140000000000000e+19 5.876489914953708649e-03 2.328207716345787048e-03
1.329819359062647209e+03 -3.952045063795072565e+03 7.178145157883200227e+02 2.273340000000000000e+19 -1.266277302056550980e-02 7.926251739263534546e-03
1.338070455900775187e+03 -3.949528565336807787e+03 7.163302029898796945e+02 2.273540000000000000e+19 1.276662107557058334e-02 -1.101388689130544662e-02
1.346315141563211000e+03 -3.946996492382299039e+03 7.148367798322682347e+02 2.273740000000000000e+19 1.246556919068098068e-02 -7.609377149492502213e-03
1.354553376564437485e+03 -3.944448857058423982e+03 7.133342534679658229e+02 2.273940000000000000e+19 2.532674465328454971e-03 -2.215478196740150452e-02
1.362099474759457053e+03 -3.942100061786786682e+03 7.119490625654555060e+02 2.274140000000000000e+19 -1.645085029304027557e-02 -9.857286699116230011e-03
1.387441022362548438e+03 -3.934102936888506065e+03 7.072332603265975877e+02 2.274340000000000000e+19 2.369552291929721832e-02 -5.375229753553867340e-03
1.395646413406463807e+03 -3.931477674055087391e+03 7.056853266390739918e+02 2.274540000000000000e+19 3.853352973237633705e-04 2.542090788483619690e-02
1.403845117817189703e+03 -3.928836923085101716e+03 7.041283335200801048e+02 2.274740000000000000e+19 3.444683505222201347e-03 2.086897147819399834e-03
1.412037096215116662e+03 -3.926180696662485843e+03 7.025622884481157371e+02 2.274940000000000000e+19 -1.342051755636930466e-02 -2.090893313288688660e-02
1.420222309566696140e+03 -3.923509007443515202e+03 7.009871988850242133e+02 2.275140000000000000e+19 -2.394646219909191132e-02 8.788798935711383820e-03
1.428400718443149117e+03 -3.920821868298102345e+03 6.994030724182584891e+02 2.275340000000000000e+19 1.996541861444711685e-03 3.542256774380803108e-03
1.436572283904301003e+03 -3.918119292020987359e+03 6.978099165906077133e+02 2.275540000000000000e+19 1.111964602023363113e-02 -2.033465309068560600e-03
1.444056928375629468e+03 -3.915628576652173251e+03 6.963417130133027513e+02 2.275740000000000000e+19 1.614562980830669403e-02 7.438395638018846512e-03
1.387441022362548438e+03 -3.934102936888506065e+03 7.072332603265975877e+02 2.275940000000000000e+19 -2.377570979297161102e-02 1.167112682014703751e-02
1.395646413406463807e+03 -3.931477674055087391e+03 7.056853266390739918e+02 2.276140000000000000e+19 2.595203369855880737e-02 4.544883593916893005e-02
1.403845117817189703e+03 -3.928836923085101716e+03 7.041283335200801048e+02 2.276340000000000000e+19 -1.559345610439777374e-02 -2.209492772817611694e-02
1.412037096215116662e+03 -3.926180696662485843e+03 7.025622884481157371e+02 2.276540000000000000e+19 -3.884420730173587799e-03 -2.682856284081935883e-02
1.420222309566696140e+03 -3.923509007443515202e+03 7.009871988850242133e+02 2.276740000000000000e+19 5.885791964828968048e-03 -1.289325207471847534e-02
1.428400718443149117e+03 -3.920821868298102345e+03 6.994030724182584891e+02 2.276940000000000000e+19 4.236530046910047531e-03 3.289733780547976494e-03
1.436572283904301003e+03 -3.918119292020987359e+03 6.978099165906077133e+02 2.277140000000000000e+19 9.372454136610031128e-03 1.297016628086566925e-02
1.444056928375629468e+03 -3.915628576652173251e+03 6.963417130133027513e+02 2.277340000000000000e+19 -2.857425250113010406e-02 2.294873818755149841e-02
1.469189329382486903e+03 -3.907154875566442115e+03 6.913471529180848165e+02 2.277540000000000000e+19 5.159866530448198318e-03 4.071755334734916687e-02
1.477326091568003903e+03 -3.904375309197748265e+03 6.897089655652930560e+02 2.277740000000000000e+19 -1.681704074144363403e-02 2.285916358232498169e-03
1.485455776052450119e+03 -3.901580384454338855e+03 6.880617952735092331e+02 2.277940000000000000e+19 1.126738917082548141e-02 7.579813711345195770e-03
1.493578344127507762e+03 -3.898770114643846682e+03 6.864056498855185282e+02 2.278140000000000000e+19 -1.197312120348215103e-02 5.845953244715929031e-03
1.501693756694409558e+03 -3.895944513293829459e+03 6.847405373733836313e+02 2.278340000000000000e+19 2.153706178069114685e-02 -2.745077013969421387e-03
1.509801975141063849e+03 -3.893103593848167293e+03 6.830664656595330371e+02 2.278540000000000000e+19 1.904533244669437408e-02 9.409195743501186371e-03
1.517902960437770162e+03 -3.890247369981932479e+03 6.813834428023089913e+02 2.278740000000000000e+19 -8.180539123713970184e-03 2.027017250657081604e-02
1.525322569670273197e+03 -3.887615926363846484e+03 6.798329291112059991e+02 2.278940000000000000e+19 -3.665180131793022156e-02 9.096954949200153351e-03
1.469189329382486903e+03 -3.907154875566442115e+03 6.913471529180848165e+02 2.279140000000000000e+19 3.277047351002693176e-02 -1.931302249431610107e-02
1.477326091568003903e+03 -3.904375309197748265e+03 6.897089655652930560e+02 2.279340000000000000e+19 8.940271101891994476e-03 7.482013199478387833e-03
1.485455776052450119e+03 -3.901580384454338855e+03 6.880617952735092331e+02 2.279540000000000000e+19 -2.112017944455146790e-02 2.289797645062208176e-03
1.493578344127507762e+03 -3.898770114643846682e+03 6.864056498855185282e+02 2.279740000000000000e+19 3.634711354970932007e-02 -3.065250627696514130e-02
1.501693756694409558e+03 -3.895944513293829459e+03 6.847405373733836313e+02 2.279940000000000000e+19 -1.658696308732032776e-02 2.275537326931953430e-02
1.509801975141063849e+03 -3.893103593848167293e+03 6.830664656595330371e+02 2.280140000000000000e+19 2.574937185272574425e-03 5.340079311281442642e-03
1.517902960437770162e+03 -3.890247369981932479e+03 6.813834428023089913e+02 2.280340000000000000e+19 1.620345562696456909e-02 1.922585070133209229e-02
1.525322569670273197e+03 -3.887615926363846484e+03 6.798329291112059991e+02 2.280540000000000000e+19 -2.864267490804195404e-02 6.229793187230825424e-03
1.548889033632168093e+03 -3.879156980102357466e+03 6.748490781642381080e+02 2.280740000000000000e+19 -2.107849577441811562e-03 -4.760750569403171539e-03
1.556954513426252788e+03 -3.876226978662973579e+03 6.731229056338726195e+02 2.280940000000000000e+19 5.628453101962804794e-03 2.499692607671022415e-03
1.565012534551825638e+03 -3.873281753520235270e+03 6.713878295181419844e+02 2.281140000000000000e+19 -4.687786102294921875e-03 -6.656383164227008820e-03
1.573063058305101777e+03 -3.870321318820706892e+03 6.696438581510172980e+02 2.281340000000000000e+19 -1.783598447218537331e-03 6.364753935486078262e-03
1.581106046382796421e+03 -3.867345688649937074e+03 6.678909998302115127e+02 2.281540000000000000e+19 -4.390596412122249603e-03 -3.902557946275919676e-04
1.589141460097142044e+03 -3.864354877320922242e+03 6.661292629871205691e+02 2.281740000000000000e+19 2.895192243158817291e-03 5.855040159076452255e-03
1.597169261104858151e+03 -3.861348899105520104e+03 6.643586560285931455e+02 2.281940000000000000e+19 -1.935248379595577717e-03 -8.631617762148380280e-03
1.604521456106604091e+03 -3.858580300447703394e+03 6.627279274770463644e+02 2.282140000000000000e+19 2.374731237068772316e-03 3.616777714341878891e-03
1.548889033632168093e+03 -3.879156980102357466e+03 6.748490781642381080e+02 2.282340000000000000e+19 -9.374400600790977478e-03 -2.874492900446057320e-03
1.556954513426252788e+03 -3.876226978662973579e+03 6.731229056338726195e+02 2.282540000000000000e+19 8.076352067291736603e-03 2.835845807567238808e-04
1.565012534551825638e+03 -3.873281753520235270e+03 6.713878295181419844e+02 2.282740000000000000e+19 -6.015840452164411545e-03 1.546549843624234200e-03
1.573063058305101777e+03 -3.870321318820706892e+03 6.696438581510172980e+02 2.282940000000000000e+19 4.765029996633529663e-03 5.990496370941400528e-03
1.581106046382796421e+03 -3.867345688649937074e+03 6.678909998302115127e+02 2.283140000000000000e+19 -1.437024562619626522e-03 1.067884825170040131e-02
1.589141460097142044e+03 -3.864354877320922242e+03 6.661292629871205691e+02 2.283340000000000000e+19 1.343221124261617661e-02 1.279915962368249893e-02
1.597169261104858151e+03 -3.861348899105520104e+03 6.643586560285931455e+02 2.283540000000000000e+19 -1.435926649719476700e-02 -8.705665357410907745e-03
1.604521456106604091e+03 -3.858580300447703394e+03 6.627279274770463644e+02 2.283740000000000000e+19 -5.751226563006639481e-03 -3.145632334053516388e-03
1.629203569988996833e+03 -3.849173606277044655e+03 6.571876972045021148e+02 2.283940000000000000e+19 -4.925464745610952377e-03 -6.062369720893912017e-05
1.637192731691317704e+03 -3.846092010950726035e+03 6.553728676712521519e+02 2.284140000000000000e+19 1.553865615278482437e-03 7.694069296121597290e-03
1.645174050837507821e+03 -3.842995336096121264e+03 6.535492194745248753e+02 2.284340000000000000e+19 -2.162854187190532684e-03 4.856439772993326187e-03
1.653147488980908065e+03 -3.839883596630188549e+03 6.517167613990145583e+02 2.284540000000000000e+19 -6.850587669759988785e-03 6.882218644022941589e-03
1.661113008157157992e+03 -3.836756807369046783e+03 6.498755021697335224e+02 2.284740000000000000e+19 1.101281214505434036e-02 -1.771837845444679260e-02
1.669070570189778664e+03 -3.833614983298231891e+03 6.480254506111701858e+02 2.284940000000000000e+19 -1.047317776829004288e-02 -4.644096828997135162e-03
1.677020136885184684e+03 -3.830458139497577122e+03 6.461666156030452157e+02 2.285140000000000000e+19 -9.465567767620086670e-03 6.892019882798194885e-03
1.684300286318835106e+03 -3.827551375321122578e+03 6.444550866822087301e+02 2.285340000000000000e+19 -9.850262664258480072e-03 -1.065777498297393322e-03
1.629203569988996833e+03 -3.849173606277044655e+03 6.571876972045021148e+02 2.285540000000000000e+19 -8.514756336808204651e-03 -4.257182299625128508e-04
1.637192731691317704e+03 -3.846092010950726035e+03 6.553728676712521519e+02 2.285740000000000000e+19 2.264327928423881531e-02 -4.304801987018436193e-04
1.645174050837507821e+03 -3.842995336096121264e+03 6.535492194745248753e+02 2.285940000000000000e+19 -1.284464821219444275e-02 -1.243541482836008072e-02
1.653147488980908065e+03 -3.839883596630188549e+03 6.517167613990145583e+02 2.286140000000000000e+19 5.220199003815650940e-03 -3.438116051256656647e-03
1.661113008157157992e+03 -3.836756807369046783e+03 6.498755021697335224e+02 2.286340000000000000e+19 -3.680253634229302406e-03 -5.884518846869468689e-03
1.669070570189778664e+03 -3.833614983298231891e+03 6.480254506111701858e+02 2.286540000000000000e+19 -4.853555932641029358e-03 6.440022960305213928e-03
1.677020136885184684e+03 -3.830458139497577122e+03 6.461666156030452157e+02 2.286740000000000000e+19 -2.082997380057349801e-04 1.958087086677551270e-02
1.684300286318835106e+03 -3.827551375321122578e+03 6.444550866822087301e+02 2.286940000000000000e+19 -6.574931088835000992e-03 -1.918522827327251434e-02
1.708737690897469520e+03 -3.817680869870325751e+03 6.386436194111769282e+02 2.287140000000000000e+19 -2.510494925081729889e-02 -9.650455787777900696e-03
1.716646711482056162e+03 -3.814449155287466056e+03 6.367410013239463069e+02 2.287340000000000000e+19 -8.230835199356079102e-03 3.146012080833315849e-03
1.724547509043276705e+03 -3.811202512698626379e+03 6.348296537923943106e+02 2.287540000000000000e+19 -3.324492136016488075e-04 2.740762755274772644e-02
1.732440045962692238e+03 -3.807940957562343556e+03 6.329095859172085738e+02 2.287740000000000000e+19 8.726932574063539505e-04 4.141987010370939970e-04
1.740324284248780486e+03 -3.804664505578404714e+03 6.309808069408262554e+02 2.287940000000000000e+19 1.853610388934612274e-02 -3.810753673315048218e-02
1.748200186389220789e+03 -3.801373172335857362e+03 6.290433260401697453e+02 2.288140000000000000e+19 -1.833924651145935059e-02 1.808674633502960205e-02
1.756067714472784928e+03 -3.798066973677906844e+03 6.270971525415784527e+02 2.288340000000000000e+19 1.173934806138277054e-02 5.914233624935150146e-03
1.763272334411881729e+03 -3.795023435021375917e+03 6.253056423090517910e+02 2.288540000000000000e+19 -2.747638151049613953e-02 2.568062627688050270e-04
1.708737690897469520e+03 -3.817680869870325751e+03 6.386436194111769282e+02 2.288740000000000000e+19 -1.282672211527824402e-02 3.494077548384666443e-02
1.716646711482056162e+03 -3.814449155287466056e+03 6.367410013239463069e+02 2.288940000000000000e+19 -1.508390065282583237e-03 1.394025515764951706e-02
1.724547509043276705e+03 -3.811202512698626379e+03 6.348296537923943106e+02 2.289140000000000000e+19 -3.336698934435844421e-02 1.957685127854347229e-02
1.732440045962692238e+03 -3.807940957562343556e+03 6.329095859172085738e+02 2.289340000000000000e+19 -3.201991319656372070e-03 1.342348009347915649e-02
1.740324284248780486e+03 -3.804664505578404714e+03 6.309808069408262554e+02 2.289540000000000000e+19 -3.658988047391176224e-03 2.303722500801086426e-02
1.748200186389220789e+03 -3.801373172335857362e+03 6.290433260401697453e+02 2.289740000000000000e+19 -1.038530096411705017e-02 1.246820110827684402e-02
1.756067714472784928e+03 -3.798066973677906844e+03 6.270971525415784527e+02 2.289940000000000000e+19 -8.807218982838094234e-04 1.107600517570972443e-03
1.763272334411881729e+03 -3.795023435021375917e+03 6.253056423090517910e+02 2.290140000000000000e+19 1.279888767749071121e-02 -1.858634315431118011e-02
1.787453335148858969e+03 -3.784693841845920815e+03 6.192257191371936642e+02 2.290340000000000000e+19 -1.260331831872463226e-02 2.843082323670387268e-02
1.795278429580632292e+03 -3.781313554617352111e+03 6.172362230390192508e+02 2.290540000000000000e+19 -2.879494801163673401e-02 1.479393150657415390e-02
1.803094924706910433e+03 -3.777918497951412519e+03 6.152380908357359885e+02 2.290740000000000000e+19 -1.015862636268138885e-02 2.643264597281813622e-03
1.810902783256038674e+03 -3.774508688036652529e+03 6.132313320549939135e+02 2.290940000000000000e+19 1.700334250926971436e-02 -6.280907429754734039e-03
1.818701967807156507e+03 -3.771084141215053023e+03 6.112159563144799677e+02 2.291140000000000000e+19 3.104659169912338257e-02 -1.463551260530948639e-02
1.826492440899726716e+03 -3.767644873935426858e+03 6.091919732944792258e+02 2.291340000000000000e+19 -1.294334977865219116e-02 2.585860714316368103e-02
1.834274165467772946e+03 -3.764190902561533221e+03 6.071593926249565811e+02 2.291540000000000000e+19 2.882793173193931580e-02 -4.399218596518039703e-03
1.841399806896597511e+03 -3.761012046468451445e+03 6.052887587379068464e+02 2.291740000000000000e+19 -5.113072693347930908e-04 6.654240656644105911e-03
1.787453335148858969e+03 -3.784693841845920815e+03 6.192257191371936642e+02 2.291940000000000000e+19 2.458128891885280609e-02 8.936372585594654083e-03
1.795278429580632292e+03 -3.781313554617352111e+03 6.172362230390192508e+02 2.292140000000000000e+19 -3.937231749296188354e-02 -2.295347861945629120e-02
1.803094924706910433e+03 -3.777918497951412519e+03 6.152380908357359885e+02 2.292340000000000000e+19 -1.295066624879837036e-02 2.105713076889514923e-02
1.810902783256038674e+03 -3.774508688036652529e+03 6.132313320549939135e+02 2.292540000000000000e+19 1.467496156692504883e-02 -8.620596490800380707e-03
1.818701967807156507e+03 -3.771084141215053023e+03 6.112159563144799677e+02 2.292740000000000000e+19 -9.173096157610416412e-03 1.068243570625782013e-02
1.826492440899726716e+03 -3.767644873935426858e+03 6.091919732944792258e+02 2.292940000000000000e+19 -6.379311904311180115e-03 1.784336194396018982e-02
1.834274165467772946e+03 -3.764190902561533221e+03 6.071593926249565811e+02 2.293140000000000000e+19 3.607616573572158813e-02 -1.843867078423500061e-02
1.841399806896597511e+03 -3.761012046468451445e+03 6.052887587379068464e+02 2.293340000000000000e+19 2.579411678016185760e-02 -1.041233446449041367e-02
