# Baseline: 16-18
# Entries: 128
# u [m], v [m], w [m], frequency [GHz], real, imag
6.049584164368166057e+02 -2.128859710706724400e+03 3.417533822868603579e+02 2.267940000000000000e+19 -5.358683411031961441e-03 1.234301850199699402e-01
6.093536807422062793e+02 -2.127714343144429677e+03 3.410769613093542603e+02 2.268140000000000000e+19 1.470737252384424210e-02 -8.933726698160171509e-02
6.137460245615371832e+02 -2.126560679049265673e+03 3.403956865900248090e+02 2.268340000000000000e+19 -5.723348259925842285e-02 1.799854934215545654e-01
6.181354269048267724e+02 -2.125398723934395548e+03 3.397095613845780235e+02 2.268540000000000000e+19 -1.738976314663887024e-02 -9.402084350585937500e-02
6.214256287987392398e+02 -2.124522078736933054e+03 3.391919377135223499e+02 2.268740000000000000e+19 -1.106647178530693054e-01 1.115366667509078979e-01
6.269053231512014008e+02 -2.123049962927974320e+03 3.383227726727612321e+02 2.268940000000000000e+19 -8.534652180969715118e-03 -1.396403610706329346e-01
6.312857749923290385e+02 -2.121863168301772475e+03 3.376221158178555584e+02 2.269140000000000000e+19 -2.622901275753974915e-02 2.688955068588256836e-01
6.367572066112626317e+02 -2.120368382678407215e+03 3.367396885714706514e+02 2.269340000000000000e+19 1.431402862071990967e-01 -1.177656650543212891e-01
6.049584164368166057e+02 -2.128859710706724400e+03 3.417533822868603579e+02 2.269540000000000000e+19 6.689561158418655396e-02 1.175418570637702942e-01
6.093536807422062793e+02 -2.127714343144429677e+03 3.410769613093542603e+02 2.269740000000000000e+19 4.290134087204933167e-02 -2.514762058854103088e-02
6.137460245615371832e+02 -2.126560679049265673e+03 3.403956865900248090e+02 2.269940000000000000e+19 1.824866631068289280e-03 -8.683895692229270935e-03
6.181354269048267724e+02 -2.125398723934395548e+03 3.397095613845780235e+02 2.270140000000000000e+19 -3.205956891179084778e-02 4.873597994446754456e-02
6.214256287987392398e+02 -2.124522078736933054e+03 3.391919377135223499e+02 2.270340000000000000e+19 -1.354643725790083408e-03 -3.918509185314178467e-02
6.269053231512014008e+02 -2.123049962927974320e+03 3.383227726727612321e+02 2.270540000000000000e+19 1.123131532222032547e-02 -1.414779201149940491e-02
6.312857749923290385e+02 -2.121863168301772475e+03 3.376221158178555584e+02 2.270740000000000000e+19 -1.258570980280637741e-02 -1.806837134063243866e-02
6.367572066112626317e+02 -2.120368382678407215e+03 3.367396885714706514e+02 2.270940000000000000e+19 -2.802145900204777718e-03 -2.226593671366572380e-03
6.487771188015423149e+02 -2.117033361792298820e+03 3.347711501471573001e+02 2.271140000000000000e+19 6.469792127609252930e-02 -5.087715759873390198e-02
6.531422342133922712e+02 -2.115805282060327045e+03 3.340463412239923855e+02 2.271340000000000000e+19 1.629486382007598877e-01 5.901320278644561768e-02
6.575042195484813874e+02 -2.114568962798186476e+03 3.333167122111522644e+02 2.271540000000000000e+19 -2.588657476007938385e-02 -8.322735130786895752e-02
6.618630539922995695e+02 -2.113324409905448192e+03 3.325822665903505140e+02 2.271740000000000000e+19 -1.028913185000419617e-01 1.580102555453777313e-02
6.662187166694437792e+02 -2.112071629342570304e+03 3.318430078790312336e+02 2.271940000000000000e+19 6.269440799951553345e-02 2.050377987325191498e-02
6.705711867348509259e+02 -2.110810627105012827e+03 3.310989396150904440e+02 2.272140000000000000e+19 6.827966868877410889e-02 -1.410249024629592896e-01
6.749204433436340196e+02 -2.109541409232106616e+03 3.303500653621105130e+02 2.272340000000000000e+19 -1.230213120579719543e-01 -3.916574642062187195e-02
6.789044626587912035e+02 -2.108370851929650144e+03 3.296594395210432253e+02 2.272540000000000000e+19 4.474225267767906189e-02 -1.370960026979446411e-01
6.487771188015423149e+02 -2.117033361792298820e+03 3.347711501471573001e+02 2.272740000000000000e+19 -1.187803745269775391e-01 -4.724909737706184387e-02
6.531422342133922712e+02 -2.115805282060327045e+03 3.340463412239923855e+02 2.272940000000000000e+19 7.270784676074981689e-02 8.491079509258270264e-02
6.575042195484813874e+02 -2.114568962798186476e+03 3.333167122111522644e+02 2.273140000000000000e+19 -1.168857607990503311e-02 -5.224112793803215027e-02
6.618630539922995695e+02 -2.113324409905448192e+03 3.325822665903505140e+02 2.273340000000000000e+19 6.860870122909545898e-02 -7.848136872053146362e-02
6.662187166694437792e+02 -2.112071629342570304e+03 3.318430078790312336e+02 2.273540000000000000e+19 -1.081716120243072510e-01 -5.839498713612556458e-02
6.705711867348509259e+02 -2.110810627105012827e+03 3.310989396150904440e+02 2.273740000000000000e+19 8.265763521194458008e-02 -6.713028997182846069e-02
6.749204433436340196e+02 -2.109541409232106616e+03 3.303500653621105130e+02 2.273940000000000000e+19 -6.009114161133766174e-02 -1.835534907877445221e-02
6.789044626587912035e+02 -2.108370851929650144e+03 3.296594395210432253e+02 2.274140000000000000e+19 1.973822899162769318e-02 -3.653327748179435730e-02
6.922849193995513133e+02 -2.104382503387790621e+03 3.273065804409354769e+02 2.274340000000000000e+19 -1.502481400966644287e-01 8.661922812461853027e-02
6.966177968810543462e+02 -2.103072299218261378e+03 3.265337304507986573e+02 2.274540000000000000e+19 -3.905700892210006714e-02 3.861091565340757370e-03
7.009473363141725031e+02 -2.101753916428938282e+03 3.257560963089243842e+02 2.274740000000000000e+19 -1.042622886598110199e-02 -1.901328004896640778e-02
7.052735169034738192e+02 -2.100427361352219577e+03 3.249736817504231681e+02 2.274940000000000000e+19 -1.012452691793441772e-01 1.131533682346343994e-01
7.095963180353601274e+02 -2.099092640308813770e+03 3.241864905033177138e+02 2.275140000000000000e+19 1.358503997325897217e-01 4.811924323439598083e-02
7.139157188865752914e+02 -2.097749759728269055e+03 3.233945263596327209e+02 2.275340000000000000e+19 4.100130870938301086e-02 -4.234033823013305664e-02
7.182316988909855127e+02 -2.096398726004680611e+03 3.225977930902968751e+02 2.275540000000000000e+19 -9.208871424198150635e-02 -4.210308194160461426e-02
7.221850351218853348e+02 -2.095153225301749444e+03 3.218633286094342338e+02 2.275740000000000000e+19 3.094893693923950195e-02 -1.755350036546587944e-03
6.922849193995513133e+02 -2.104382503387790621e+03 3.273065804409354769e+02 2.275940000000000000e+19 2.211018837988376617e-02 1.174287521280348301e-03
6.966177968810543462e+02 -2.103072299218261378e+03 3.265337304507986573e+02 2.276140000000000000e+19 -1.611465215682983398e-01 2.231768891215324402e-02
7.009473363141725031e+02 -2.101753916428938282e+03 3.257560963089243842e+02 2.276340000000000000e+19 1.558392196893692017e-01 -5.298403650522232056e-02
7.052735169034738192e+02 -2.100427361352219577e+03 3.249736817504231681e+02 2.276540000000000000e+19 3.248003125190734863e-02 -9.777383506298065186e-02
7.095963180353601274e+02 -2.099092640308813770e+03 3.241864905033177138e+02 2.276740000000000000e+19 -4.256945475935935974e-02 -2.645058324560523033e-03
7.139157188865752914e+02 -2.097749759728269055e+03 3.233945263596327209e+02 2.276940000000000000e+19 -4.308407381176948547e-02 -4.823755100369453430e-02
7.182316988909855127e+02 -2.096398726004680611e+03 3.225977930902968751e+02 2.277140000000000000e+19 -1.344450265169143677e-01 7.312937523238360882e-04
7.221850351218853348e+02 -2.095153225301749444e+03 3.218633286094342338e+02 2.277340000000000000e+19 3.778732614591717720e-03 3.558156313374638557e-03
7.354609972846187702e+02 -2.090913189672192857e+03 3.193632454130645328e+02 2.277540000000000000e+19 1.313008815050125122e-01 6.784670054912567139e-02
7.397595634233748569e+02 -2.089521488040174063e+03 3.185427241906293716e+02 2.277740000000000000e+19 3.972615301609039307e-02 4.500884935259819031e-02
7.440545849585731730e+02 -2.088121672667519306e+03 3.177174570762403505e+02 2.277940000000000000e+19 9.512612968683242798e-02 5.428091809153556824e-02
7.483460414400911986e+02 -2.086713750219251324e+03 3.168874479992970237e+02 2.278140000000000000e+19 5.137151852250099182e-02 7.319251447916030884e-02
7.526339122105865727e+02 -2.085297727472568113e+03 3.160527009551541369e+02 2.278340000000000000e+19 6.991604715585708618e-02 -6.640472263097763062e-02
7.569181768689212504e+02 -2.083873611164739486e+03 3.152132199154495424e+02 2.278540000000000000e+19 -5.782854929566383362e-02 1.979428343474864960e-02
7.611988147923658516e+02 -2.082441408150903953e+03 3.143690089211270902e+02 2.278740000000000000e+19 2.107612490653991699e-01 -6.812564283609390259e-02
7.651195762080270697e+02 -2.081121560039948235e+03 3.135910572546071080e+02 2.278940000000000000e+19 -1.175387427210807800e-01 1.060720086097717285e-01
7.354609972846187702e+02 -2.090913189672192857e+03 3.193632454130645328e+02 2.279140000000000000e+19 -6.019909679889678955e-02 5.231693759560585022e-02
7.397595634233748569e+02 -2.089521488040174063e+03 3.185427241906293716e+02 2.279340000000000000e+19 9.570924937725067139e-02 -4.237733036279678345e-02
7.440545849585731730e+02 -2.088121672667519306e+03 3.177174570762403505e+02 2.279540000000000000e+19 3.753320872783660889e-02 9.511591494083404541e-02
7.483460414400911986e+02 -2.086713750219251324e+03 3.168874479992970237e+02 2.279740000000000000e+19 1.790568418800830841e-02 5.083812400698661804e-02
7.526339122105865727e+02 -2.085297727472568113e+03 3.160527009551541369e+02 2.279940000000000000e+19 -1.403395552188158035e-02 7.925479114055633545e-02
7.569181768689212504e+02 -2.083873611164739486e+03 3.152132199154495424e+02 2.280140000000000000e+19 5.554944276809692383e-02 -1.401672810316085815e-01
7.611988147923658516e+02 -2.082441408150903953e+03 3.143690089211270902e+02 2.280340000000000000e+19 7.137981802225112915e-02 -1.177297756075859070e-01
7.651195762080270697e+02 -2.081121560039948235e+03 3.135910572546071080e+02 2.280540000000000000e+19 -6.404054909944534302e-02 -4.993250593543052673e-02
7.775739610194849547e+02 -2.076876505993593128e+03 3.110891219395272742e+02 2.280740000000000000e+19 -8.929339796304702759e-02 4.732847958803176880e-02
7.818367815774223573e+02 -2.075405314443702537e+03 3.102221067949938629e+02 2.280940000000000000e+19 8.476728200912475586e-02 -4.850574769079685211e-03
7.860958562211326353e+02 -2.073926076689857837e+03 3.093503855673235421e+02 2.281140000000000000e+19 -7.165557146072387695e-02 -4.777559544891119003e-03
7.903511644936904759e+02 -2.072438799837168972e+03 3.084739624435962924e+02 2.281340000000000000e+19 5.234430730342864990e-02 -2.692582458257675171e-02
7.946026861489237945e+02 -2.070943490962007218e+03 3.075928415937877389e+02 2.281540000000000000e+19 -1.335277855396270752e-01 -5.491372570395469666e-02
7.988504007364894051e+02 -2.069440157256909060e+03 3.067070272561581987e+02 2.281740000000000000e+19 -1.281171850860118866e-02 -1.086345091462135315e-01
8.030942879871935247e+02 -2.067928805895644018e+03 3.058165236577425503e+02 2.281940000000000000e+19 -2.939591649919748306e-03 -1.422327309846878052e-01
8.069811875908210368e+02 -2.066536465285009854e+03 3.049961725527932117e+02 2.282140000000000000e+19 1.423937231302261353e-01 4.254536330699920654e-02
7.775739610194849547e+02 -2.076876505993593128e+03 3.110891219395272742e+02 2.282340000000000000e+19 6.413783878087997437e-02 -4.049823805689811707e-02
7.818367815774223573e+02 -2.075405314443702537e+03 3.102221067949938629e+02 2.282540000000000000e+19 6.121015176177024841e-02 -5.443219095468521118e-02
7.860958562211326353e+02 -2.073926076689857837e+03 3.093503855673235421e+02 2.282740000000000000e+19 1.079887058585882187e-02 -1.029815524816513062e-01
7.903511644936904759e+02 -2.072438799837168972e+03 3.084739624435962924e+02 2.282940000000000000e+19 1.291010379791259766e-01 -3.396520914975553751e-04
7.946026861489237945e+02 -2.070943490962007218e+03 3.075928415937877389e+02 2.283140000000000000e+19 -5.578011274337768555e-02 -6.481321901082992554e-02
7.988504007364894051e+02 -2.069440157256909060e+03 3.067070272561581987e+02 2.283340000000000000e+19 1.070606186985969543e-01 2.076959609985351562e-02
8.030942879871935247e+02 -2.067928805895644018e+03 3.058165236577425503e+02 2.283540000000000000e+19 4.701061174273490906e-02 -3.101457096636295319e-02
8.069811875908210368e+02 -2.066536465285009854e+03 3.049961725527932117e+02 2.283740000000000000e+19 4.705593734979629517e-02 1.302700340747833252e-01
8.200311575624849638e+02 -2.061803369169210328e+03 3.022077022545125260e+02 2.283940000000000000e+19 6.238443776965141296e-03 -2.548667415976524353e-02
8.242556037287116624e+02 -2.060252038829717549e+03 3.012938167511691177e+02 2.284140000000000000e+19 -3.443676978349685669e-04 -5.809842795133590698e-02
8.284761010342853069e+02 -2.058692734784236563e+03 3.003752678804895027e+02 2.284340000000000000e+19 3.315771371126174927e-02 -2.386229671537876129e-02
8.326926291487277467e+02 -2.057125464544071292e+03 2.994520600672129831e+02 2.284540000000000000e+19 -1.112714689224958420e-02 8.310924470424652100e-02
8.369051679956580756e+02 -2.055550235571564826e+03 2.985241977070754160e+02 2.284740000000000000e+19 -4.223724827170372009e-02 -3.701778501272201538e-02
8.411136973855723227e+02 -2.053967055416198036e+03 2.975916852469832747e+02 2.284940000000000000e+19 -7.500858604907989502e-02 3.798022493720054626e-02
8.453181971189603701e+02 -2.052375931676770051e+03 2.966545271627319380e+02 2.285140000000000000e+19 -3.492107987403869629e-02 -3.146751224994659424e-02
8.491688165864057964e+02 -2.050910530797956653e+03 2.957914473900636949e+02 2.285340000000000000e+19 2.657367102801799774e-02 -9.250291436910629272e-02
8.200311575624849638e+02 -2.061803369169210328e+03 3.022077022545125260e+02 2.285540000000000000e+19 -1.299340650439262390e-02 2.865752950310707092e-02
8.242556037287116624e+02 -2.060252038829717549e+03 3.012938167511691177e+02 2.285740000000000000e+19 -4.811476543545722961e-02 7.315149903297424316e-02
8.284761010342853069e+02 -2.058692734784236563e+03 3.003752678804895027e+02 2.285940000000000000e+19 4.950945731252431870e-03 -1.622786372900009155e-02
8.326926291487277467e+02 -2.057125464544071292e+03 2.994520600672129831e+02 2.286140000000000000e+19 -4.555614292621612549e-02 6.517577171325683594e-02
8.369051679956580756e+02 -2.055550235571564826e+03 2.985241977070754160e+02 2.286340000000000000e+19 2.305811829864978790e-02 9.132385998964309692e-02
8.411136973855723227e+02 -2.053967055416198036e+03 2.975916852469832747e+02 2.286540000000000000e+19 -7.123691495507955551e-03 6.527650170028209686e-03
8.453181971189603701e+02 -2.052375931676770051e+03 2.966545271627319380e+02 2.286740000000000000e+19 -6.242424994707107544e-02 -8.641517162322998047e-02
8.491688165864057964e+02 -2.050910530797956653e+03 2.957914473900636949e+02 2.286940000000000000e+19 -1.523187500424683094e-03 -1.996635086834430695e-02
8.620954978302514746e+02 -2.045932153560871257e+03 2.928595285105478183e+02 2.287140000000000000e+19 1.841837912797927856e-02 -8.886867016553878784e-02
8.662795480950632054e+02 -2.044301426787252467e+03 2.918992099693894033e+02 2.287340000000000000e+19 -6.696327775716781616e-02 -1.526626292616128922e-02
8.704594482665878559e+02 -2.042662802687389785e+03 2.909342730472005769e+02 2.287540000000000000e+19 3.007569350302219391e-02 -2.019596844911575317e-02
8.746351784428640030e+02 -2.041016289063417162e+03 2.899647223384357630e+02 2.287740000000000000e+19 3.771372139453887939e-02 -2.344388328492641449e-02
8.788067185235973966e+02 -2.039361893840976563e+03 2.889905625101226860e+02 2.287940000000000000e+19 -9.510015370324254036e-04 5.153425782918930054e-02
8.829740486610666039e+02 -2.037699624891520898e+03 2.880117981972076109e+02 2.288140000000000000e+19 -5.291408300399780273e-02 -3.185404092073440552e-02
8.871371487955233306e+02 -2.036029490216573549e+03 2.870284341111171216e+02 2.288340000000000000e+19 2.396155335009098053e-02 4.559605941176414490e-02
8.909496454070143727e+02 -2.034491730340510458e+03 2.861230387003560622e+02 2.288540000000000000e+19 -2.616397291421890259e-02 -2.602026425302028656e-02
8.620954978302514746e+02 -2.045932153560871257e+03 2.928595285105478183e+02 2.288740000000000000e+19 9.641514159739017487e-03 -2.063260674476623535e-01
8.662795480950632054e+02 -2.044301426787252467e+03 2.918992099693894033e+02 2.288940000000000000e+19 7.371505349874496460e-02 6.895202398300170898e-02
8.704594482665878559e+02 -2.042662802687389785e+03 2.909342730472005769e+02 2.289140000000000000e+19 2.347061596810817719e-02 1.113928332924842834e-01
8.746351784428640030e+02 -2.041016289063417162e+03 2.899647223384357630e+02 2.289340000000000000e+19 -1.013658824376761913e-03 -2.893181517720222473e-02
8.788067185235973966e+02 -2.039361893840976563e+03 2.889905625101226860e+02 2.289540000000000000e+19 -4.525205120444297791e-02 -5.485118180513381958e-02
8.829740486610666039e+02 -2.037699624891520898e+03 2.880117981972076109e+02 2.289740000000000000e+19 8.103070780634880066e-03 5.235343426465988159e-02
8.871371487955233306e+02 -2.036029490216573549e+03 2.870284341111171216e+02 2.289940000000000000e+19 -6.235943734645843506e-02 5.519548431038856506e-02
8.909496454070143727e+02 -2.034491730340510458e+03 2.861230387003560622e+02 2.290140000000000000e+19 2.964994870126247406e-02 -6.182520091533660889e-02
9.037468518500296568e+02 -2.029270454397522599e+03 2.830490743198021164e+02 2.290340000000000000e+19 -3.840233385562896729e-02 1.220448315143585205e-02
9.078885038444667543e+02 -2.027561111611362321e+03 2.820427823241246870e+02 2.290540000000000000e+19 -5.108473822474479675e-02 -2.715796232223510742e-02
9.120258066311984066e+02 -2.025843951608869247e+03 2.810319191149271205e+02 2.290740000000000000e+19 2.587663568556308746e-02 1.109899505972862244e-01
9.161587404821888185e+02 -2.024118982577921997e+03 2.800164895122854318e+02 2.290940000000000000e+19 7.370924204587936401e-02 4.439926519989967346e-02
9.202872855894556778e+02 -2.022386212785663474e+03 2.789964983827905485e+02 2.291140000000000000e+19 -2.227347157895565033e-02 -7.478801906108856201e-02
9.244114221230378234e+02 -2.020645650554957911e+03 2.779719506256848263e+02 2.291340000000000000e+19 -9.320180863142013550e-03 1.222634911537170410e-01
9.285311304608702585e+02 -2.018897304167263201e+03 2.769428511156943955e+02 2.291540000000000000e+19 9.823630005121231079e-02 1.782277133315801620e-03
9.323036790870562527e+02 -2.017287921471524214e+03 2.759955735109571151e+02 2.291740000000000000e+19 -7.387306541204452515e-02 1.056623905897140503e-01
9.037468518500296568e+02 -2.029270454397522599e+03 2.830490743198021164e+02 2.291940000000000000e+19 6.074993312358856201e-02 5.578510835766792297e-02
9.078885038444667543e+02 -2.027561111611362321e+03 2.820427823241246870e+02 2.292140000000000000e+19 -6.729651987552642822e-02 -1.477001234889030457e-02
9.120258066311984066e+02 -2.025843951608869247e+03 2.810319191149271205e+02 2.292340000000000000e+19 1.057896986603736877e-01 1.563575002364814281e-03
9.161587404821888185e+02 -2.024118982577921997e+03 2.800164895122854318e+02 2.292540000000000000e+19 -4.450740665197372437e-02 -1.832055859267711639e-02
9.202872855894556778e+02 -2.022386212785663474e+03 2.789964983827905485e+02 2.292740000000000000e+19 9.762094169855117798e-02 -5.904201790690422058e-02
9.244114221230378234e+02 -2.020645650554957911e+03 2.779719506256848263e+02 2.292940000000000000e+19 -3.460848331451416016e-02 -5.886591970920562744e-02
9.285311304608702585e+02 -2.018897304167263201e+03 2.769428511156943955e+02 2.293140000000000000e+19 -3.701733425259590149e-02 -9.311781823635101318e-02
9.323036790870562527e+02 -2.017287921471524214e+03 2.759955735109571151e+02 2.293340000000000000e+19 -5.371578969061374664e-03 1.251024287194013596e-02
