# Baseline: 12-14
# u [m], v [m], w [m], frequency [GHz], real, imag
-7.402717417100196826e+02 1.284296973309929228e+02 -7.227825725125258032e+02 2.267940000000000000e+19 -5.008497238159179688e-01 1.217836365103721619e-01
-7.413113418286101250e+02 1.270329967400907520e+02 -7.219634326434064633e+02 2.268140000000000000e+19 2.244845628738403320e-01 2.985586524009704590e-01
-7.423473972748860206e+02 1.256343348460085707e+02 -7.211431491221147780e+02 2.268340000000000000e+19 -9.931534528732299805e-02 -3.193906545639038086e-01
-7.433799030978065048e+02 1.242337183326500849e+02 -7.203217258686108835e+02 2.268540000000000000e+19 5.093926787376403809e-01 1.966630369424819946e-01
-7.441520612583287857e+02 1.231820379604652373e+02 -7.197049482364087680e+02 2.268740000000000000e+19 -4.652976095676422119e-01 -3.561377227306365967e-01
-7.454342461251958412e+02 1.214266482692553382e+02 -7.186754758948105746e+02 2.268940000000000000e+19 4.011558592319488525e-01 3.779833018779754639e-02
-7.464560734767665053e+02 1.200202081825130591e+02 -7.178506570702755880e+02 2.269140000000000000e+19 -3.306623101234436035e-01 -6.234738826751708984e-01
-7.477284826558047826e+02 1.182595256663394707e+02 -7.168180987160883433e+02 2.269340000000000000e+19 2.624638378620147705e-01 -1.998580396175384521e-01
-7.402717417100196826e+02 1.284296973309929228e+02 -7.227825725125258032e+02 2.269540000000000000e+19 -1.569510400295257568e-01 -5.055055767297744751e-02
-7.413113418286101250e+02 1.270329967400907520e+02 -7.219634326434064633e+02 2.269740000000000000e+19 -2.103089094161987305e-01 2.293089032173156738e-01
-7.423473972748860206e+02 1.256343348460085707e+02 -7.211431491221147780e+02 2.269940000000000000e+19 -8.115728199481964111e-02 -8.743850141763687134e-02
-7.433799030978065048e+02 1.242337183326500849e+02 -7.203217258686108835e+02 2.270140000000000000e+19 1.120986491441726685e-01 1.419551670551300049e-01
-7.441520612583287857e+02 1.231820379604652373e+02 -7.197049482364087680e+02 2.270340000000000000e+19 1.162592880427837372e-02 4.796769842505455017e-02
-7.454342461251958412e+02 1.214266482692553382e+02 -7.186754758948105746e+02 2.270540000000000000e+19 2.532781064510345459e-01 -1.214664801955223083e-01
-7.464560734767665053e+02 1.200202081825130591e+02 -7.178506570702755880e+02 2.270740000000000000e+19 4.161954671144485474e-02 -1.409817636013031006e-01
-7.477284826558047826e+02 1.182595256663394707e+02 -7.168180987160883433e+02 2.270940000000000000e+19 2.187543362379074097e-02 1.082777008414268494e-01
-7.505076413806099254e+02 1.143752377571190380e+02 -7.145401815686187774e+02 2.271140000000000000e+19 8.705575019121170044e-02 -6.318547576665878296e-02
-7.515115737400898297e+02 1.129592264051967163e+02 -7.137097824490095945e+02 2.271340000000000000e+19 1.447003483772277832e-01 2.225930802524089813e-02
-7.525119126048753060e+02 1.115413211134635958e+02 -7.128782791829073631e+02 2.271540000000000000e+19 -1.703263819217681885e-01 1.132590994238853455e-01
-7.535086532015864123e+02 1.101215286479119300e+02 -7.120456757380998170e+02 2.271740000000000000e+19 1.900910735130310059e-01 9.356358647346496582e-02
-7.545017907566253825e+02 1.086998558082470225e+02 -7.112119761021128852e+02 2.271940000000000000e+19 -6.407709419727325439e-02 4.010583832859992981e-02
-7.554913205170901165e+02 1.072763093982183449e+02 -7.103771842648129677e+02 2.272140000000000000e+19 -7.766924798488616943e-02 -1.520830988883972168e-01
-7.564772377439584261e+02 1.058508962355316640e+02 -7.095413042242206529e+02 2.272340000000000000e+19 4.418022930622100830e-03 -4.384773224592208862e-02
-7.573778637798584441e+02 1.045426570232877168e+02 -7.087741420614944445e+02 2.272540000000000000e+19 1.619051992893218994e-01 -6.919179111719131470e-03
-7.505076413806099254e+02 1.143752377571190380e+02 -7.145401815686187774e+02 2.272740000000000000e+19 2.079977467656135559e-02 3.096220083534717560e-02
-7.515115737400898297e+02 1.129592264051967163e+02 -7.137097824490095945e+02 2.272940000000000000e+19 3.567020874470472336e-03 -6.709435582160949707e-02
-7.525119126048753060e+02 1.115413211134635958e+02 -7.128782791829073631e+02 2.273140000000000000e+19 -3.571243211627006531e-02 1.092341146431863308e-03
-7.535086532015864123e+02 1.101215286479119300e+02 -7.120456757380998170e+02 2.273340000000000000e+19 5.216192826628684998e-02 4.095621779561042786e-02
-7.545017907566253825e+02 1.086998558082470225e+02 -7.112119761021128852e+02 2.273540000000000000e+19 -8.812538534402847290e-02 9.644599631428718567e-03
-7.554913205170901165e+02 1.072763093982183449e+02 -7.103771842648129677e+02 2.273740000000000000e+19 3.972058370709419250e-02 1.304145604372024536e-01
-7.564772377439584261e+02 1.058508962355316640e+02 -7.095413042242206529e+02 2.273940000000000000e+19 -4.950675368309020996e-02 -4.187288507819175720e-02
-7.573778637798584441e+02 1.045426570232877168e+02 -7.087741420614944445e+02 2.274140000000000000e+19 -5.155497416853904724e-02 3.510440140962600708e-02
-7.603846872632178702e+02 1.001307125450672686e+02 -7.061869820660765527e+02 2.274340000000000000e+19 -1.420812308788299561e-01 -5.825754255056381226e-02
-7.613524714074625308e+02 9.869606810165295485e+01 -7.053457211054678737e+02 2.274540000000000000e+19 1.045269444584846497e-01 -1.369216293096542358e-02
-7.623166149817706128e+02 9.725959794842974304e+01 -7.045033960091462859e+02 2.274740000000000000e+19 -2.344955876469612122e-02 5.477662011981010437e-02
-7.632771133552187166e+02 9.582130898498505189e+01 -7.036600108229297348e+02 2.274940000000000000e+19 -7.376034278422594070e-03 8.800556510686874390e-02
-7.642339619511382125e+02 9.438120806451119904e+01 -7.028155695654007786e+02 2.275140000000000000e+19 1.934891343116760254e-01 2.314656600356101990e-02
-7.651871561603505825e+02 9.293930212411537184e+01 -7.019700763043167626e+02 2.275340000000000000e+19 -1.945686526596546173e-02 -8.895108848810195923e-02
-7.661366914444333815e+02 9.149559802926378893e+01 -7.011235350653953446e+02 2.275540000000000000e+19 8.546125143766403198e-03 -2.480844967067241669e-02
-7.670039273217272466e+02 9.017065162873878137e+01 -7.003466350273469061e+02 2.275740000000000000e+19 8.819094300270080566e-02 8.521488308906555176e-02
-7.603846872632178702e+02 1.001307125450672686e+02 -7.061869820660765527e+02 2.275940000000000000e+19 -7.190097868442535400e-02 5.483710765838623047e-02
-7.613524714074625308e+02 9.869606810165295485e+01 -7.053457211054678737e+02 2.276140000000000000e+19 -1.173784285783767700e-01 3.905164450407028198e-02
-7.623166149817706128e+02 9.725959794842974304e+01 -7.045033960091462859e+02 2.276340000000000000e+19 4.192171245813369751e-02 1.518716961145401001e-01
-7.632771133552187166e+02 9.582130898498505189e+01 -7.036600108229297348e+02 2.276540000000000000e+19 5.624456703662872314e-02 -1.222341228276491165e-02
-7.642339619511382125e+02 9.438120806451119904e+01 -7.028155695654007786e+02 2.276740000000000000e+19 5.360799282789230347e-02 -3.240576758980751038e-02
-7.651871561603505825e+02 9.293930212411537184e+01 -7.019700763043167626e+02 2.276940000000000000e+19 3.286327049136161804e-02 8.087368309497833252e-02
-7.661366914444333815e+02 9.149559802926378893e+01 -7.011235350653953446e+02 2.277140000000000000e+19 1.587752625346183777e-02 -6.863690167665481567e-02
-7.670039273217272466e+02 9.017065162873878137e+01 -7.003466350273469061e+02 2.277340000000000000e+19 2.400716394186019897e-02 4.767914116382598877e-02
-7.698981526418363046e+02 8.570293851798710705e+01 -6.977269714916104704e+02 2.277540000000000000e+19 1.860731653869152069e-02 4.914129152894020081e-02
-7.708293254580178200e+02 8.425034750485873758e+01 -6.968752512595240205e+02 2.277740000000000000e+19 1.564373821020126343e-02 -2.123775333166122437e-02
-7.717568123308525401e+02 8.279599994559548293e+01 -6.960225074469162792e+02 2.277940000000000000e+19 -4.117673728615045547e-03 -4.733211919665336609e-02
-7.726806088442484679e+02 8.133990276486647986e+01 -6.951687441140062447e+02 2.278140000000000000e+19 8.119095116853713989e-02 -1.498173549771308899e-02
-7.736007105514304385e+02 7.988206297174818360e+01 -6.943139653704747616e+02 2.278340000000000000e+19 1.602013781666755676e-02 -8.607189357280731201e-02
-7.745171130746787185e+02 7.842248750246241684e+01 -6.934581752832536949e+02 2.278540000000000000e+19 1.459866948425769806e-02 2.627599425613880157e-02
-7.754298120028063295e+02 7.696118338282622062e+01 -6.926013779717789021e+02 2.278740000000000000e+19 3.761688247323036194e-02 -5.925084277987480164e-02
-7.762632427366668253e+02 7.562016380159904827e+01 -6.918151118173242367e+02 2.278940000000000000e+19 -2.169807907193899155e-03 1.242036819458007812e-01
-7.698981526418363046e+02 8.570293851798710705e+01 -6.977269714916104704e+02 2.279140000000000000e+19 -1.075361296534538269e-02 4.148948192596435547e-02
-7.708293254580178200e+02 8.425034750485873758e+01 -6.968752512595240205e+02 2.279340000000000000e+19 -1.097764298319816589e-01 6.368520669639110565e-03
-7.717568123308525401e+02 8.279599994559548293e+01 -6.960225074469162792e+02 2.279540000000000000e+19 6.520330905914306641e-02 -5.299121141433715820e-02
-7.726806088442484679e+02 8.133990276486647986e+01 -6.951687441140062447e+02 2.279740000000000000e+19 -1.004389151930809021e-01 7.211351394653320312e-02
-7.736007105514304385e+02 7.988206297174818360e+01 -6.943139653704747616e+02 2.279940000000000000e+19 4.921445250511169434e-02 -1.074236258864402771e-02
-7.745171130746787185e+02 7.842248750246241684e+01 -6.934581752832536949e+02 2.280140000000000000e+19 4.009304940700531006e-02 2.991398982703685760e-02
-7.754298120028063295e+02 7.696118338282622062e+01 -6.926013779717789021e+02 2.280340000000000000e+19 6.147293373942375183e-02 7.499154657125473022e-02
-7.762632427366668253e+02 7.562016380159904827e+01 -6.918151118173242367e+02 2.280540000000000000e+19 6.913206726312637329e-02 -1.324913557618856430e-02
-7.788941032189920861e+02 7.134362942292639787e+01 -6.893077312566821320e+02 2.280740000000000000e+19 3.293580710887908936e-01 1.591771990060806274e-01
-7.797888402527670451e+02 6.987406878214130757e+01 -6.884461235186572594e+02 2.280940000000000000e+19 -7.866452932357788086e-01 -2.588585019111633301e-01
-7.806798484782101468e+02 6.840282037604168863e+01 -6.875835325278242181e+02 2.281140000000000000e+19 1.579631716012954712e-01 5.591211095452308655e-02
-7.815671236157271551e+02 6.692989127128075211e+01 -6.867199624273538348e+02 2.281340000000000000e+19 4.999041557312011719e-03 -1.732413321733474731e-01
-7.824506614438188308e+02 6.545528847588980170e+01 -6.858554173260160951e+02 2.281540000000000000e+19 -6.962539628148078918e-03 8.006399124860763550e-02
-7.833304577125363721e+02 6.397901908286838335e+01 -6.849899013823674068e+02 2.281740000000000000e+19 1.504846215248107910e-01 2.196786403656005859e-01
-7.842065082237357956e+02 6.250109013671883673e+01 -6.841234187265021092e+02 2.281940000000000000e+19 7.578100077807903290e-03 2.860834896564483643e-01
-7.850063081828900522e+02 6.114489107652772759e+01 -6.833283094856878961e+02 2.282140000000000000e+19 -5.765474867075681686e-03 -5.801196396350860596e-02
-7.788941032189920861e+02 7.134362942292639787e+01 -6.893077312566821320e+02 2.282340000000000000e+19 -2.230927497148513794e-01 -1.691532135009765625e-01
-7.797888402527670451e+02 6.987406878214130757e+01 -6.884461235186572594e+02 2.282540000000000000e+19 -5.990036576986312866e-02 1.784635633230209351e-01
-7.806798484782101468e+02 6.840282037604168863e+01 -6.875835325278242181e+02 2.282740000000000000e+19 2.401922941207885742e-01 -2.545939199626445770e-02
-7.815671236157271551e+02 6.692989127128075211e+01 -6.867199624273538348e+02 2.282940000000000000e+19 -1.599892042577266693e-02 -5.546996369957923889e-02
-7.824506614438188308e+02 6.545528847588980170e+01 -6.858554173260160951e+02 2.283140000000000000e+19 3.218363597989082336e-02 -9.853353351354598999e-02
-7.833304577125363721e+02 6.397901908286838335e+01 -6.849899013823674068e+02 2.283340000000000000e+19 1.549539715051651001e-01 -1.069713160395622253e-01
-7.842065082237357956e+02 6.250109013671883673e+01 -6.841234187265021092e+02 2.283540000000000000e+19 -7.022438198328018188e-02 5.156069993972778320e-02
-7.850063081828900522e+02 6.114489107652772759e+01 -6.833283094856878961e+02 2.283740000000000000e+19 -1.350484192371368408e-01 5.954556912183761597e-02
-7.876731690840837246e+02 5.657292044510392515e+01 -6.806479040121434991e+02 2.283940000000000000e+19 -1.451507061719894409e-01 5.553394183516502380e-02
-7.885304282545106389e+02 5.508680002693674282e+01 -6.797766501126072853e+02 2.284140000000000000e+19 -4.781972989439964294e-02 -5.153852980583906174e-03
-7.893839167936295098e+02 5.359906259074178791e+01 -6.789044544379599984e+02 2.284340000000000000e+19 9.085570275783538818e-02 8.080885559320449829e-02
-7.902336305901218338e+02 5.210971530307698174e+01 -6.780313211896435632e+02 2.284540000000000000e+19 9.787886589765548706e-02 5.341933108866214752e-03
-7.910795655982046810e+02 5.061876525525955373e+01 -6.771572545249588302e+02 2.284740000000000000e+19 -1.441285461187362671e-01 7.618862390518188477e-02
-7.919217177635080134e+02 4.912621959294548901e+01 -6.762822586330350987e+02 2.284940000000000000e+19 -1.478285808116197586e-02 6.498831510543823242e-02
-7.927600830440120490e+02 4.763208547987373720e+01 -6.754063377135710198e+02 2.285140000000000000e+19 -6.157822534441947937e-02 1.112949326634407043e-01
-7.935253027703349744e+02 4.626109327298287610e+01 -6.746026128385983611e+02 2.285340000000000000e+19 4.603425040841102600e-02 7.341419905424118042e-02
-7.876731690840837246e+02 5.657292044510392515e+01 -6.806479040121434991e+02 2.285540000000000000e+19 -3.913940116763114929e-02 -7.817748188972473145e-02
-7.885304282545106389e+02 5.508680002693674282e+01 -6.797766501126072853e+02 2.285740000000000000e+19 4.208713397383689880e-02 1.220475230365991592e-02
-7.893839167936295098e+02 5.359906259074178791e+01 -6.789044544379599984e+02 2.285940000000000000e+19 1.651153154671192169e-02 -2.226415555924177170e-03
-7.902336305901218338e+02 5.210971530307698174e+01 -6.780313211896435632e+02 2.286140000000000000e+19 1.144582405686378479e-02 -4.946778994053602219e-03
-7.910795655982046810e+02 5.061876525525955373e+01 -6.771572545249588302e+02 2.286340000000000000e+19 -1.288504805415868759e-02 2.004795372486114502e-01
-7.919217177635080134e+02 4.912621959294548901e+01 -6.762822586330350987e+02 2.286540000000000000e+19 -7.784587144851684570e-02 -7.313924282789230347e-02
-7.927600830440120490e+02 4.763208547987373720e+01 -6.754063377135710198e+02 2.286740000000000000e+19 1.056710183620452881e-01 6.732030771672725677e-03
-7.935253027703349744e+02 4.626109327298287610e+01 -6.746026128385983611e+02 2.286940000000000000e+19 3.796198591589927673e-02 -6.673356983810663223e-03
-7.960755954436599495e+02 4.163980747263631343e+01 -6.718934875644057456e+02 2.287140000000000000e+19 2.001413889229297638e-02 2.432987559586763382e-03
-7.968949665304220389e+02 4.013783842631767129e+01 -6.710130044222347578e+02 2.287340000000000000e+19 4.942413046956062317e-02 -5.368020758032798767e-02
-7.977105269320607022e+02 3.863432394540782866e+01 -6.701316214698730391e+02 2.287540000000000000e+19 -8.822616189718246460e-02 -1.256333291530609131e-01
-7.985222727654335131e+02 3.712927118868800846e+01 -6.692493429039076318e+02 2.287740000000000000e+19 1.565103977918624878e-01 -9.262113273143768311e-02
-7.993302001231157874e+02 3.562268740087785091e+01 -6.683661729712737269e+02 2.287940000000000000e+19 4.133375361561775208e-02 -7.692460715770721436e-02
-8.001343051610988368e+02 3.411457975014916855e+01 -6.674821158739894145e+02 2.288140000000000000e+19 -1.209782715886831284e-02 -3.181811794638633728e-02
-8.009345840087779607e+02 3.260495549591023945e+01 -6.665971758675563024e+02 2.288340000000000000e+19 -2.454802766442298889e-02 7.785428315401077271e-02
-8.016648573056719442e+02 3.121982623332387874e+01 -6.657852199826046444e+02 2.288540000000000000e+19 1.506479531526565552e-01 -3.011305630207061768e-02
-7.960755954436599495e+02 4.163980747263631343e+01 -6.718934875644057456e+02 2.288740000000000000e+19 -1.791241019964218140e-01 3.484565392136573792e-02
-7.968949665304220389e+02 4.013783842631767129e+01 -6.710130044222347578e+02 2.288940000000000000e+19 -7.603514194488525391e-02 9.321036934852600098e-02
-7.977105269320607022e+02 3.863432394540782866e+01 -6.701316214698730391e+02 2.289140000000000000e+19 7.436759769916534424e-02 -7.033984176814556122e-03
-7.985222727654335131e+02 3.712927118868800846e+01 -6.692493429039076318e+02 2.289340000000000000e+19 -5.857039242982864380e-02 6.069043278694152832e-02
-7.993302001231157874e+02 3.562268740087785091e+01 -6.683661729712737269e+02 2.289540000000000000e+19 -2.075149491429328918e-02 -2.363037131726741791e-02
-8.001343051610988368e+02 3.411457975014916855e+01 -6.674821158739894145e+02 2.289740000000000000e+19 -7.533962279558181763e-02 6.418942660093307495e-02
-8.009345840087779607e+02 3.260495549591023945e+01 -6.665971758675563024e+02 2.289940000000000000e+19 -2.006276547908782959e-01 -8.006846159696578979e-02
-8.016648573056719442e+02 3.121982623332387874e+01 -6.657852199826046444e+02 2.290140000000000000e+19 1.357159577310085297e-02 -2.332809939980506897e-02
-8.040973613099146178e+02 2.655143678763638704e+01 -6.630486713641369079e+02 2.290340000000000000e+19 3.007382340729236603e-02 5.184770002961158752e-02
-8.048784521856231322e+02 2.503433791414460430e+01 -6.621593803543560171e+02 2.290540000000000000e+19 -2.613776922225952148e-02 7.077963650226593018e-02
-8.056556941726443029e+02 2.351576588238355470e+01 -6.612692319025408096e+02 2.290740000000000000e+19 -2.442370867356657982e-03 -9.144929796457290649e-02
-8.064290835647972244e+02 2.199572793337744159e+01 -6.603782302531964206e+02 2.290940000000000000e+19 -7.749005220830440521e-03 3.932733088731765747e-02
-8.071986166554013380e+02 2.047423135219553814e+01 -6.594863796766172754e+02 2.291140000000000000e+19 1.455927491188049316e-01 5.131479352712631226e-02
-8.079642897483269053e+02 1.895128344683632449e+01 -6.585936844565096635e+02 2.291340000000000000e+19 8.976633101701736450e-02 -4.782484099268913269e-02
-8.087260992006440574e+02 1.742689146331069594e+01 -6.577001488402142968e+02 2.291540000000000000e+19 9.138353168964385986e-02 -9.566957503557205200e-02
-8.094210764749560667e+02 1.602828824369220584e+01 -6.568803506504641518e+02 2.291740000000000000e+19 4.693945869803428650e-02 -4.896047525107860565e-03
-8.040973613099146178e+02 2.655143678763638704e+01 -6.630486713641369079e+02 2.291940000000000000e+19 2.873726747930049896e-02 3.682032600045204163e-02
-8.048784521856231322e+02 2.503433791414460430e+01 -6.621593803543560171e+02 2.292140000000000000e+19 8.546191453933715820e-02 7.874935865402221680e-02
-8.056556941726443029e+02 2.351576588238355470e+01 -6.612692319025408096e+02 2.292340000000000000e+19 1.486709062010049820e-02 1.030706800520420074e-02
-8.064290835647972244e+02 2.199572793337744159e+01 -6.603782302531964206e+02 2.292540000000000000e+19 -1.700306497514247894e-02 -5.779724568128585815e-02
-8.071986166554013380e+02 2.047423135219553814e+01 -6.594863796766172754e+02 2.292740000000000000e+19 1.167475283145904541e-01 -6.424205750226974487e-02
-8.079642897483269053e+02 1.895128344683632449e+01 -6.585936844565096635e+02 2.292940000000000000e+19 1.347207464277744293e-02 1.245175860822200775e-02
-8.087260992006440574e+02 1.742689146331069594e+01 -6.577001488402142968e+02 2.293140000000000000e+19 4.453926160931587219e-02 -1.205344684422016144e-02
-8.094210764749560667e+02 1.602828824369220584e+01 -6.568803506504641518e+02 2.293340000000000000e+19 -3.173023462295532227e-02 6.470540165901184082e-02
