# Baseline: 1-15
# Entries: 128
# u [m], v [m], w [m], frequency [GHz], real, imag
3.635519760943981851e+02 -1.294561026995461134e+03 2.118790222473479901e+02 2.267940000000000000e+19 4.815837834030389786e-03 -5.496112164109945297e-03
3.662292356940046716e+02 -1.293872696492702062e+03 2.114724667655106032e+02 2.268140000000000000e+19 -2.892587799578905106e-03 2.320171915926039219e-04
3.689047400334563349e+02 -1.293179312366506565e+03 2.110629547181313512e+02 2.268340000000000000e+19 8.203133940696716309e-03 -2.105078237946145236e-06
3.715784763271444717e+02 -1.292480877930440556e+03 2.106504880622051132e+02 2.268540000000000000e+19 -4.822130315005779266e-03 5.072794854640960693e-03
3.742504317792364077e+02 -1.291777396526927305e+03 2.102350687716357243e+02 2.268740000000000000e+19 5.361774936318397522e-03 -4.560148343443870544e-03
3.769205936024629295e+02 -1.291068871522661766e+03 2.098166988345284096e+02 2.268940000000000000e+19 -8.656219579279422760e-03 5.968666169792413712e-03
3.795889489623637019e+02 -1.290355306323349168e+03 2.093953802618898692e+02 2.269140000000000000e+19 3.780394094064831734e-03 -1.838827319443225861e-02
3.820333669370377834e+02 -1.289696844198232156e+03 2.090066204754142802e+02 2.269340000000000000e+19 -7.002630736678838730e-03 3.251133020967245102e-03
3.635519760943981851e+02 -1.294561026995461134e+03 2.118790222473479901e+02 2.269540000000000000e+19 -2.285609371028840542e-04 -1.003508735448122025e-02
3.662292356940046716e+02 -1.293872696492702062e+03 2.114724667655106032e+02 2.269740000000000000e+19 -1.139691472053527832e-02 -1.308512873947620392e-03
3.689047400334563349e+02 -1.293179312366506565e+03 2.110629547181313512e+02 2.269940000000000000e+19 2.377509837970137596e-03 1.287463959306478500e-02
3.715784763271444717e+02 -1.292480877930440556e+03 2.106504880622051132e+02 2.270140000000000000e+19 1.526181004010140896e-03 4.261553287506103516e-03
3.742504317792364077e+02 -1.291777396526927305e+03 2.102350687716357243e+02 2.270340000000000000e+19 -2.965730382129549980e-03 -4.707898478955030441e-04
3.769205936024629295e+02 -1.291068871522661766e+03 2.098166988345284096e+02 2.270540000000000000e+19 2.680950798094272614e-03 -2.917704172432422638e-03
3.795889489623637019e+02 -1.290355306323349168e+03 2.093953802618898692e+02 2.270740000000000000e+19 -8.927095681428909302e-03 -2.581291599199175835e-03
3.820333669370377834e+02 -1.289696844198232156e+03 2.090066204754142802e+02 2.270940000000000000e+19 3.818160621449351311e-03 3.015561029314994812e-03
3.902440510752937257e+02 -1.287450712082676773e+03 2.076806600635855773e+02 2.271140000000000000e+19 -3.936521243304014206e-03 -1.039122976362705231e-02
3.929031830218241339e+02 -1.286711997539734739e+03 2.072446287962125950e+02 2.271340000000000000e+19 -7.267284672707319260e-03 -1.231657620519399643e-02
3.955604320353024264e+02 -1.285968263648036327e+03 2.068056611998994185e+02 2.271540000000000000e+19 1.286575384438037872e-02 4.916548728942871094e-03
3.982157854358762847e+02 -1.285219513956594483e+03 2.063637593693545114e+02 2.271740000000000000e+19 -2.134407311677932739e-02 2.825654577463865280e-03
4.008692305064813013e+02 -1.284465752051347636e+03 2.059189254209554747e+02 2.271940000000000000e+19 -2.556129475124180317e-04 2.047221176326274872e-03
4.035207545484240654e+02 -1.283706981539590515e+03 2.054711614835603939e+02 2.272140000000000000e+19 4.579733125865459442e-03 -2.166687481803819537e-04
4.061703448630017306e+02 -1.282943206055312658e+03 2.050204697016569355e+02 2.272340000000000000e+19 -1.223754696547985077e-02 -1.489237695932388306e-02
4.085974513860541038e+02 -1.282238748543080874e+03 2.046048025981819478e+02 2.272540000000000000e+19 1.726117450743913651e-03 -3.088289638981223106e-03
3.902440510752937257e+02 -1.287450712082676773e+03 2.076806600635855773e+02 2.272740000000000000e+19 8.987218607217073441e-04 1.682052202522754669e-02
3.929031830218241339e+02 -1.286711997539734739e+03 2.072446287962125950e+02 2.272940000000000000e+19 1.466207951307296753e-02 1.315559539943933487e-02
3.955604320353024264e+02 -1.285968263648036327e+03 2.068056611998994185e+02 2.273140000000000000e+19 2.996746043208986521e-04 -4.640295170247554779e-03
3.982157854358762847e+02 -1.285219513956594483e+03 2.063637593693545114e+02 2.273340000000000000e+19 -7.670688442885875702e-03 2.683797385543584824e-03
4.008692305064813013e+02 -1.284465752051347636e+03 2.059189254209554747e+02 2.273540000000000000e+19 -1.144089084118604660e-02 -1.121612545102834702e-02
4.035207545484240654e+02 -1.283706981539590515e+03 2.054711614835603939e+02 2.273740000000000000e+19 6.107832305133342743e-03 8.109242655336856842e-03
4.061703448630017306e+02 -1.282943206055312658e+03 2.050204697016569355e+02 2.273940000000000000e+19 1.510066632181406021e-02 -6.070313509553670883e-03
4.085974513860541038e+02 -1.282238748543080874e+03 2.046048025981819478e+02 2.274140000000000000e+19 -6.263961549848318100e-03 -2.103570289909839630e-02
4.167491155304645076e+02 -1.279838127813614619e+03 2.031884674515848417e+02 2.274340000000000000e+19 9.084746241569519043e-03 2.040966646745800972e-03
4.193888472288015805e+02 -1.279049382763149197e+03 2.027231690743199408e+02 2.274540000000000000e+19 -2.043302403762936592e-03 4.847648378927260637e-04
4.220265692960911679e+02 -1.278255655019341930e+03 2.022549559973415398e+02 2.274740000000000000e+19 -5.117679480463266373e-03 2.250532619655132294e-03
4.246622690629567956e+02 -1.277456948394591564e+03 2.017838304695569320e+02 2.274940000000000000e+19 -1.174698024988174438e-02 -9.008710272610187531e-03
4.272959339706870310e+02 -1.276653266694537024e+03 2.013097947357674400e+02 2.275140000000000000e+19 -2.161499112844467163e-02 -1.973638124763965607e-02
4.299275513327202702e+02 -1.275844613790632820e+03 2.008328510794802071e+02 2.275340000000000000e+19 -1.289587840437889099e-02 1.030000858008861542e-02
4.325571086190325332e+02 -1.275030993533263427e+03 2.003530017716580005e+02 2.275540000000000000e+19 3.692739177495241165e-03 -9.159425273537635803e-03
4.349657421566432163e+02 -1.274280877766764434e+03 1.999106262778902305e+02 2.275740000000000000e+19 -8.567941375076770782e-03 9.101004339754581451e-03
4.167491155304645076e+02 -1.279838127813614619e+03 2.031884674515848417e+02 2.275940000000000000e+19 1.024395599961280823e-02 9.060239419341087341e-03
4.193888472288015805e+02 -1.279049382763149197e+03 2.027231690743199408e+02 2.276140000000000000e+19 5.230360198765993118e-03 -5.833644885569810867e-03
4.220265692960911679e+02 -1.278255655019341930e+03 2.022549559973415398e+02 2.276340000000000000e+19 -2.145847305655479431e-02 -7.902257144451141357e-03
4.246622690629567956e+02 -1.277456948394591564e+03 2.017838304695569320e+02 2.276540000000000000e+19 8.325845003128051758e-03 -7.849646732211112976e-03
4.272959339706870310e+02 -1.276653266694537024e+03 2.013097947357674400e+02 2.276740000000000000e+19 5.746461916714906693e-03 -1.806758344173431396e-03
4.299275513327202702e+02 -1.275844613790632820e+03 2.008328510794802071e+02 2.276940000000000000e+19 1.766029559075832367e-02 1.187271904200315475e-02
4.325571086190325332e+02 -1.275030993533263427e+03 2.003530017716580005e+02 2.277140000000000000e+19 5.903923418372869492e-03 -4.124305211007595062e-03
4.349657421566432163e+02 -1.274280877766764434e+03 1.999106262778902305e+02 2.277340000000000000e+19 -2.133762836456298828e-02 -4.955633543431758881e-03
4.430544852856251055e+02 -1.271726917257272135e+03 1.984045941954612999e+02 2.277540000000000000e+19 1.545434817671775818e-02 -3.713233396410942078e-03
4.456735535446210292e+02 -1.270888519139316259e+03 1.979102513692243122e+02 2.277740000000000000e+19 5.584706086665391922e-03 1.022967882454395294e-02
4.482904863260300203e+02 -1.270045177400955936e+03 1.974130168868285864e+02 2.277940000000000000e+19 -2.120215632021427155e-02 -8.493454195559024811e-03
4.509052711697045766e+02 -1.269196896057642562e+03 1.969128931157908085e+02 2.278140000000000000e+19 -4.829710815101861954e-04 -2.149847522377967834e-02
4.535178954891241005e+02 -1.268343679192676746e+03 1.964098824635204892e+02 2.278340000000000000e+19 -7.681915536522865295e-03 -5.388516001403331757e-03
4.561283468537582735e+02 -1.267485530865564215e+03 1.959039873232896696e+02 2.278540000000000000e+19 3.014777554199099541e-03 -1.719587296247482300e-02
4.587366126979436558e+02 -1.266622455207095300e+03 1.953952101302844255e+02 2.278740000000000000e+19 2.140327356755733490e-02 -1.657427055761218071e-03
4.611256206826486164e+02 -1.265827040128995577e+03 1.949263379306709965e+02 2.278940000000000000e+19 1.945562660694122314e-02 -9.818873368203639984e-03
4.430544852856251055e+02 -1.271726917257272135e+03 1.984045941954612999e+02 2.279140000000000000e+19 5.342477001249790192e-03 -9.353226982057094574e-03
4.456735535446210292e+02 -1.270888519139316259e+03 1.979102513692243122e+02 2.279340000000000000e+19 -8.834918844513595104e-04 -4.166656290180981159e-04
4.482904863260300203e+02 -1.270045177400955936e+03 1.974130168868285864e+02 2.279540000000000000e+19 7.209009490907192230e-03 9.018182172439992428e-04
4.509052711697045766e+02 -1.269196896057642562e+03 1.969128931157908085e+02 2.279740000000000000e+19 -3.698393004015088081e-03 -1.854848675429821014e-02
4.535178954891241005e+02 -1.268343679192676746e+03 1.964098824635204892e+02 2.279940000000000000e+19 1.639141514897346497e-02 -6.350974552333354950e-03
4.561283468537582735e+02 -1.267485530865564215e+03 1.959039873232896696e+02 2.280140000000000000e+19 2.083745598793029785e-02 5.033894907683134079e-03
4.587366126979436558e+02 -1.266622455207095300e+03 1.953952101302844255e+02 2.280340000000000000e+19 -3.086535958573222160e-03 8.100156264845281839e-05
4.611256206826486164e+02 -1.265827040128995577e+03 1.949263379306709965e+02 2.280540000000000000e+19 -8.746689185500144958e-03 2.027175202965736389e-02
4.687144943643022543e+02 -1.263268426838729283e+03 1.934182424992094127e+02 2.280740000000000000e+19 9.055806323885917664e-03 -3.743743058294057846e-03
4.713120212847341577e+02 -1.262381594330615826e+03 1.928955699181981061e+02 2.280940000000000000e+19 4.564662813208997250e-04 3.433833131566643715e-03
4.739072900650699012e+02 -1.261489858902184778e+03 1.923700296730645505e+02 2.281140000000000000e+19 -2.995323622599244118e-03 -3.125303424894809723e-03
4.765002882398730435e+02 -1.260593224836644822e+03 1.918416242881023379e+02 2.281340000000000000e+19 8.350459393113851547e-04 1.550172339193522930e-03
4.790910034720143926e+02 -1.259691696400121600e+03 1.913103562774364264e+02 2.281540000000000000e+19 2.771266037598252296e-03 4.966865759342908859e-03
4.816794232998337861e+02 -1.258785277929029462e+03 1.907762281965078728e+02 2.281740000000000000e+19 3.652731422334909439e-03 3.827175358310341835e-03
4.842655353719414393e+02 -1.257873973748714661e+03 1.902392425941326053e+02 2.281940000000000000e+19 4.477437585592269897e-03 -9.766888106241822243e-04
4.866341298913665696e+02 -1.257034385453050618e+03 1.897445340565226957e+02 2.282140000000000000e+19 7.738593034446239471e-03 1.269693113863468170e-02
4.687144943643022543e+02 -1.263268426838729283e+03 1.934182424992094127e+02 2.282340000000000000e+19 1.020544581115245819e-02 -6.603485438972711563e-03
4.713120212847341577e+02 -1.262381594330615826e+03 1.928955699181981061e+02 2.282540000000000000e+19 -1.113216206431388855e-02 -9.803333319723606110e-03
4.739072900650699012e+02 -1.261489858902184778e+03 1.923700296730645505e+02 2.282740000000000000e+19 -5.115985404700040817e-03 3.796841949224472046e-03
4.765002882398730435e+02 -1.260593224836644822e+03 1.918416242881023379e+02 2.282940000000000000e+19 1.510691177099943161e-02 7.703198934905230999e-04
4.790910034720143926e+02 -1.259691696400121600e+03 1.913103562774364264e+02 2.283140000000000000e+19 1.972162863239645958e-03 4.312130331527441740e-04
4.816794232998337861e+02 -1.258785277929029462e+03 1.907762281965078728e+02 2.283340000000000000e+19 2.714243717491626740e-03 1.135758822783827782e-03
4.842655353719414393e+02 -1.257873973748714661e+03 1.902392425941326053e+02 2.283540000000000000e+19 6.433635484427213669e-03 -7.944260723888874054e-03
4.866341298913665696e+02 -1.257034385453050618e+03 1.897445340565226957e+02 2.283740000000000000e+19 -7.815392687916755676e-03 -1.473489310592412949e-02
4.945866586599781272e+02 -1.254179987539006788e+03 1.880627765892332661e+02 2.283940000000000000e+19 -3.948420286178588867e-03 -2.999674994498491287e-03
4.971610464578022857e+02 -1.253244320724015552e+03 1.875115422159484240e+02 2.284140000000000000e+19 -3.487300360575318336e-03 9.066666825674474239e-05
4.997330524447867788e+02 -1.252303794704251459e+03 1.869574659374538612e+02 2.284340000000000000e+19 5.761852022260427475e-03 8.255990222096443176e-03
5.023026642313713523e+02 -1.251358414010312799e+03 1.864005504227900190e+02 2.284540000000000000e+19 4.774987697601318359e-03 -1.773776113986968994e-02
5.048698695827244478e+02 -1.250408183143498036e+03 1.858407983236385235e+02 2.284740000000000000e+19 -5.605485290288925171e-03 8.520636707544326782e-03
5.074346561949600414e+02 -1.249453106657906801e+03 1.852782123226865849e+02 2.284940000000000000e+19 6.906884256750345230e-03 1.095826853998005390e-03
5.099970117579745761e+02 -1.248493189137627951e+03 1.847127951201886447e+02 2.285140000000000000e+19 4.185666795819997787e-03 -1.030270848423242569e-02
5.123437228851430518e+02 -1.247609077463843050e+03 1.841920471701319570e+02 2.285340000000000000e+19 2.247114107012748718e-02 2.401035977527499199e-03
4.945866586599781272e+02 -1.254179987539006788e+03 1.880627765892332661e+02 2.285540000000000000e+19 -1.988411648198962212e-03 3.035406814888119698e-03
4.971610464578022857e+02 -1.253244320724015552e+03 1.875115422159484240e+02 2.285740000000000000e+19 1.900257356464862823e-02 8.578908629715442657e-03
4.997330524447867788e+02 -1.252303794704251459e+03 1.869574659374538612e+02 2.285940000000000000e+19 1.591145992279052734e-03 1.858518086373806000e-02
5.023026642313713523e+02 -1.251358414010312799e+03 1.864005504227900190e+02 2.286140000000000000e+19 -1.997010596096515656e-02 -3.274867194704711437e-04
5.048698695827244478e+02 -1.250408183143498036e+03 1.858407983236385235e+02 2.286340000000000000e+19 -2.768657635897397995e-03 -2.222255058586597443e-02
5.074346561949600414e+02 -1.249453106657906801e+03 1.852782123226865849e+02 2.286540000000000000e+19 -3.664616029709577560e-03 4.707038402557373047e-03
5.099970117579745761e+02 -1.248493189137627951e+03 1.847127951201886447e+02 2.286740000000000000e+19 7.836042786948382854e-04 6.120029371231794357e-03
5.123437228851430518e+02 -1.247609077463843050e+03 1.841920471701319570e+02 2.286940000000000000e+19 1.243486069142818451e-02 -1.272665150463581085e-02
5.202218787335106072e+02 -1.244605200825718612e+03 1.824228685522331546e+02 2.287140000000000000e+19 -1.044077798724174500e-02 -3.894236404448747635e-03
5.227718954957729238e+02 -1.243621147446915529e+03 1.818433361684900262e+02 2.287340000000000000e+19 1.007761713117361069e-02 4.307630006223917007e-03
5.253194078090496077e+02 -1.242632280944050081e+03 1.812609890218831481e+02 2.287540000000000000e+19 3.404211718589067459e-03 -5.874933674931526184e-03
5.278644035437492903e+02 -1.241638606025504259e+03 1.806758298852022335e+02 2.287740000000000000e+19 -6.715941708534955978e-03 -1.177001651376485825e-02
5.304068704492777897e+02 -1.240640127474419842e+03 1.800878615751668406e+02 2.287940000000000000e+19 1.817576959729194641e-02 -1.685257535427808762e-03
5.329467964288630810e+02 -1.239636850041463731e+03 1.794970868892683029e+02 2.288140000000000000e+19 -1.748265326023101807e-02 -4.783574491739273071e-03
5.354841692563857123e+02 -1.238628778556028010e+03 1.789035086712864029e+02 2.288340000000000000e+19 1.295684184879064560e-02 -1.213641371577978134e-02
5.378078739691345618e+02 -1.237700566597783791e+03 1.783569705144145132e+02 2.288540000000000000e+19 -2.503382042050361633e-03 -2.911145857069641352e-04
5.202218787335106072e+02 -1.244605200825718612e+03 1.824228685522331546e+02 2.288740000000000000e+19 1.015169895254075527e-03 -3.907714970409870148e-03
5.227718954957729238e+02 -1.243621147446915529e+03 1.818433361684900262e+02 2.288940000000000000e+19 -1.106037013232707977e-02 1.168100349605083466e-02
5.253194078090496077e+02 -1.242632280944050081e+03 1.812609890218831481e+02 2.289140000000000000e+19 -2.453318331390619278e-03 3.856955096125602722e-03
5.278644035437492903e+02 -1.241638606025504259e+03 1.806758298852022335e+02 2.289340000000000000e+19 1.549151632934808731e-02 -6.426594685763120651e-03
5.304068704492777897e+02 -1.240640127474419842e+03 1.800878615751668406e+02 2.289540000000000000e+19 -2.411700598895549774e-02 3.763533430173993111e-03
5.329467964288630810e+02 -1.239636850041463731e+03 1.794970868892683029e+02 2.289740000000000000e+19 2.744326740503311157e-02 1.384241785854101181e-02
5.354841692563857123e+02 -1.238628778556028010e+03 1.789035086712864029e+02 2.289940000000000000e+19 -5.020264070481061935e-03 -1.858004741370677948e-02
5.378078739691345618e+02 -1.237700566597783791e+03 1.783569705144145132e+02 2.290140000000000000e+19 -2.383971214294433594e-02 -1.305738743394613266e-02
5.456078867998340911e+02 -1.234548648748608230e+03 1.765012173926650405e+02 2.290340000000000000e+19 9.821346029639244080e-04 -1.143038831651210785e-02
5.481323121601147932e+02 -1.233516679747248190e+03 1.758936643474931145e+02 2.290540000000000000e+19 1.319409441202878952e-02 -1.726758852601051331e-02
5.506541117123275626e+02 -1.232479945976236650e+03 1.752833250113592101e+02 2.290740000000000000e+19 5.698544904589653015e-03 -7.706631440669298172e-03
5.531732734316932465e+02 -1.231438452378997681e+03 1.746702022945287354e+02 2.290940000000000000e+19 -3.117897920310497284e-02 1.742682792246341705e-02
5.556897852445835042e+02 -1.230392203947028747e+03 1.740542991354815001e+02 2.291140000000000000e+19 -2.867280505597591400e-02 1.100707799196243286e-03
5.582036350638493332e+02 -1.229341205705682341e+03 1.734356184925355819e+02 2.291340000000000000e+19 -4.172583285253494978e-04 1.828643144108355045e-03
5.607148109289458944e+02 -1.228285462655526999e+03 1.728141633093307803e+02 2.291540000000000000e+19 -2.774210087954998016e-02 -4.551881924271583557e-03
5.630143968166211152e+02 -1.227313594779309369e+03 1.722420965924263783e+02 2.291740000000000000e+19 9.648734703660011292e-03 9.347520768642425537e-03
5.456078867998340911e+02 -1.234548648748608230e+03 1.765012173926650405e+02 2.291940000000000000e+19 -2.122173085808753967e-02 -2.719023823738098145e-02
5.481323121601147932e+02 -1.233516679747248190e+03 1.758936643474931145e+02 2.292140000000000000e+19 6.326330360025167465e-03 9.639142081141471863e-03
5.506541117123275626e+02 -1.232479945976236650e+03 1.752833250113592101e+02 2.292340000000000000e+19 2.080081030726432800e-02 1.833730004727840424e-02
5.531732734316932465e+02 -1.231438452378997681e+03 1.746702022945287354e+02 2.292540000000000000e+19 6.293171551078557968e-03 1.548726856708526611e-02
5.556897852445835042e+02 -1.230392203947028747e+03 1.740542991354815001e+02 2.292740000000000000e+19 -4.984939936548471451e-03 -1.930130086839199066e-02
5.582036350638493332e+02 -1.229341205705682341e+03 1.734356184925355819e+02 2.292940000000000000e+19 4.976546857506036758e-03 -2.566136186942458153e-03
5.607148109289458944e+02 -1.228285462655526999e+03 1.728141633093307803e+02 2.293140000000000000e+19 2.056875079870223999e-02 1.242816261947154999e-02
5.630143968166211152e+02 -1.227313594779309369e+03 1.722420965924263783e+02 2.293340000000000000e+19 -3.533917246386408806e-03 -4.558240529149770737e-03
