# Baseline: 9-13
# u [m], v [m], w [m], frequency [GHz], real, imag
3.365236519617438717e+03 -1.126325682878046564e+03 3.236435056903127588e+03 2.267940000000000000e+19 1.245493348687887192e-02 -1.309402436017990112e-01
3.370932137792940466e+03 -1.119975316922337925e+03 3.232709400225888658e+03 2.268140000000000000e+19 6.996883451938629150e-02 -9.035993367433547974e-02
3.376611635700520765e+03 -1.113614204430280779e+03 3.228977472788016712e+03 2.268340000000000000e+19 -1.058104634284973145e-01 -9.383294731378555298e-03
3.382274986199297473e+03 -1.107242375800274203e+03 3.225239292423602365e+03 2.268540000000000000e+19 3.306706622242927551e-02 -6.600570678710937500e-02
3.386512392177690799e+03 -1.102456823345439034e+03 3.222431758812271255e+03 2.268740000000000000e+19 6.250666826963424683e-02 6.618211418390274048e-02
3.393553136633751365e+03 -1.094466692152580890e+03 3.217744244504492144e+03 2.268940000000000000e+19 8.215416222810745239e-03 6.616339832544326782e-02
3.399167882477840976e+03 -1.088062898409795025e+03 3.213987412897658942e+03 2.269140000000000000e+19 -5.925156921148300171e-02 1.897990703582763672e-01
3.406164112582348935e+03 -1.080043689596867807e+03 3.209282932560306108e+03 2.269340000000000000e+19 1.170791164040565491e-01 1.240482460707426071e-02
3.365236519617438717e+03 -1.126325682878046564e+03 3.236435056903127588e+03 2.269540000000000000e+19 -3.373391553759574890e-02 -1.334786042571067810e-02
3.370932137792940466e+03 -1.119975316922337925e+03 3.232709400225888658e+03 2.269740000000000000e+19 6.263708346523344517e-04 -3.079903312027454376e-02
3.376611635700520765e+03 -1.113614204430280779e+03 3.228977472788016712e+03 2.269940000000000000e+19 -1.030666828155517578e-01 1.799633726477622986e-02
3.382274986199297473e+03 -1.107242375800274203e+03 3.225239292423602365e+03 2.270140000000000000e+19 8.096075803041458130e-02 -1.476418823003768921e-01
3.386512392177690799e+03 -1.102456823345439034e+03 3.222431758812271255e+03 2.270340000000000000e+19 6.390282884240150452e-03 1.625827513635158539e-02
3.393553136633751365e+03 -1.094466692152580890e+03 3.217744244504492144e+03 2.270540000000000000e+19 1.187978535890579224e-01 6.848666816949844360e-03
3.399167882477840976e+03 -1.088062898409795025e+03 3.213987412897658942e+03 2.270740000000000000e+19 -6.543795764446258545e-02 -6.280594319105148315e-02
3.406164112582348935e+03 -1.080043689596867807e+03 3.209282932560306108e+03 2.270940000000000000e+19 8.924907073378562927e-03 1.158361658453941345e-01
3.421464044783508143e+03 -1.062342092061523090e+03 3.198898454799480078e+03 2.271140000000000000e+19 1.308879163116216660e-02 7.057192176580429077e-02
3.426997246692595127e+03 -1.055885636518466754e+03 3.195110897634918729e+03 2.271340000000000000e+19 6.502189487218856812e-02 3.695343807339668274e-02
3.432514059983442166e+03 -1.049418741201144940e+03 3.191317249673174501e+03 2.271540000000000000e+19 -1.287730783224105835e-01 5.898443982005119324e-02
3.438014458331088463e+03 -1.042941436968456856e+03 3.187517529016881326e+03 2.271740000000000000e+19 6.963943690061569214e-02 -1.025542896240949631e-02
3.443498415392969946e+03 -1.036453754841671753e+03 3.183711753863767626e+03 2.271940000000000000e+19 -7.938639074563980103e-02 -1.006292700767517090e-01
3.448965904924279585e+03 -1.029955725869111347e+03 3.179899942427267433e+03 2.272140000000000000e+19 -9.135209769010543823e-02 -3.653863444924354553e-02
3.454416900740251549e+03 -1.023447381171423331e+03 3.176082112963084001e+03 2.272340000000000000e+19 4.679927602410316467e-02 2.301173284649848938e-02
3.459399346036369479e+03 -1.017472493558454630e+03 3.172577241019391295e+03 2.272540000000000000e+19 -1.410405635833740234e-01 3.260055556893348694e-02
3.421464044783508143e+03 -1.062342092061523090e+03 3.198898454799480078e+03 2.272740000000000000e+19 1.064654886722564697e-01 -1.121556013822555542e-02
3.426997246692595127e+03 -1.055885636518466754e+03 3.195110897634918729e+03 2.272940000000000000e+19 1.557513326406478882e-01 6.461387127637863159e-02
3.432514059983442166e+03 -1.049418741201144940e+03 3.191317249673174501e+03 2.273140000000000000e+19 6.365002691745758057e-02 -7.506548613309860229e-02
3.438014458331088463e+03 -1.042941436968456856e+03 3.187517529016881326e+03 2.273340000000000000e+19 -2.472323179244995117e-02 -5.742886662483215332e-02
3.443498415392969946e+03 -1.036453754841671753e+03 3.183711753863767626e+03 2.273540000000000000e+19 -5.768361315131187439e-02 -1.101533975452184677e-02
3.448965904924279585e+03 -1.029955725869111347e+03 3.179899942427267433e+03 2.273740000000000000e+19 -1.236102283000946045e-01 -5.171680450439453125e-02
3.454416900740251549e+03 -1.023447381171423331e+03 3.176082112963084001e+03 2.273940000000000000e+19 -1.477473825216293335e-01 1.132834479212760925e-01
3.459399346036369479e+03 -1.017472493558454630e+03 3.172577241019391295e+03 2.274140000000000000e+19 5.243129562586545944e-03 8.400446921586990356e-02
3.476055426599688872e+03 -9.973114684481587346e+02 3.160750980469384103e+03 2.274340000000000000e+19 2.196754515171051025e-02 7.769780606031417847e-02
3.481423564193261427e+03 -9.907520132252186613e+02 3.156903335453886484e+03 2.274540000000000000e+19 6.835081148892641068e-03 7.043193280696868896e-02
3.486775052812939975e+03 -9.841824298047311004e+02 3.153049782413040248e+03 2.274740000000000000e+19 -5.592690035700798035e-02 -6.069109216332435608e-02
3.492109866754731229e+03 -9.776027497414189611e+02 3.149190339856059836e+03 2.274940000000000000e+19 1.950427144765853882e-02 1.372795403003692627e-01
3.497427980598883096e+03 -9.710130043862676530e+02 3.145325026172501111e+03 2.275140000000000000e+19 9.497721493244171143e-02 3.276802599430084229e-02
3.502729368727786095e+03 -9.644132254827412680e+02 3.141453859981976166e+03 2.275340000000000000e+19 2.114948816597461700e-02 3.147389506921172142e-03
3.508014005899984568e+03 -9.578034444549534783e+02 3.137576859716616127e+03 2.275540000000000000e+19 1.189582888036966324e-02 -7.916162163019180298e-02
3.512843733585532391e+03 -9.517358456160256992e+02 3.134017907465980443e+03 2.275740000000000000e+19 1.774725131690502167e-02 -9.043627977371215820e-02
3.476055426599688872e+03 -9.973114684481587346e+02 3.160750980469384103e+03 2.275940000000000000e+19 -5.684641376137733459e-02 -1.101954560726881027e-02
3.481423564193261427e+03 -9.907520132252186613e+02 3.156903335453886484e+03 2.276140000000000000e+19 2.115712501108646393e-02 1.362583488225936890e-01
3.486775052812939975e+03 -9.841824298047311004e+02 3.153049782413040248e+03 2.276340000000000000e+19 4.282859340310096741e-02 4.237373918294906616e-02
3.492109866754731229e+03 -9.776027497414189611e+02 3.149190339856059836e+03 2.276540000000000000e+19 -1.865784823894500732e-02 1.913666538894176483e-02
3.497427980598883096e+03 -9.710130043862676530e+02 3.145325026172501111e+03 2.276740000000000000e+19 -9.735535085201263428e-02 -5.416386201977729797e-02
3.502729368727786095e+03 -9.644132254827412680e+02 3.141453859981976166e+03 2.276940000000000000e+19 -4.137285053730010986e-02 4.771128669381141663e-02
3.508014005899984568e+03 -9.578034444549534783e+02 3.137576859716616127e+03 2.277140000000000000e+19 -1.772835291922092438e-02 -4.806413501501083374e-02
3.512843733585532391e+03 -9.517358456160256992e+02 3.134017907465980443e+03 2.277340000000000000e+19 8.950108289718627930e-02 1.586171425879001617e-02
3.528984540040604315e+03 -9.312649329296915539e+02 3.122010889679924730e+03 2.277540000000000000e+19 -4.381638765335083008e-02 2.033909596502780914e-02
3.534185044507606108e+03 -9.246056169297519318e+02 3.118104998031773903e+03 2.277740000000000000e+19 -9.172831475734710693e-02 1.825337857007980347e-02
3.539368647388461341e+03 -9.179364894300989590e+02 3.114193384118265840e+03 2.277940000000000000e+19 1.359012629836797714e-02 2.013063803315162659e-02
3.544535324002205471e+03 -9.112575821848371334e+02 3.110276066564003486e+03 2.278140000000000000e+19 -5.210630968213081360e-02 2.849609032273292542e-02
3.549685049478581277e+03 -9.045689273435875748e+02 3.106353064225413164e+03 2.278340000000000000e+19 1.638902118429541588e-03 9.975426830351352692e-03
3.554817799315880166e+03 -8.978705567301500423e+02 3.102424395767663555e+03 2.278540000000000000e+19 -8.310610055923461914e-02 -1.648957468569278717e-02
3.559933548807136503e+03 -8.911625025878236102e+02 3.098490080101817512e+03 2.278740000000000000e+19 6.815967708826065063e-02 -2.407178841531276703e-02
3.564608247787251457e+03 -8.850050959641379222e+02 3.094878750559358650e+03 2.278940000000000000e+19 -1.545079331845045090e-02 -3.225075080990791321e-02
3.528984540040604315e+03 -9.312649329296915539e+02 3.122010889679924730e+03 2.279140000000000000e+19 7.422604248858988285e-04 7.673638314008712769e-02
3.534185044507606108e+03 -9.246056169297519318e+02 3.118104998031773903e+03 2.279340000000000000e+19 7.760484516620635986e-02 -5.287434160709381104e-02
3.539368647388461341e+03 -9.179364894300989590e+02 3.114193384118265840e+03 2.279540000000000000e+19 1.665705069899559021e-02 3.033709339797496796e-02
3.544535324002205471e+03 -9.112575821848371334e+02 3.110276066564003486e+03 2.279740000000000000e+19 2.387274987995624542e-02 -9.192741662263870239e-02
3.549685049478581277e+03 -9.045689273435875748e+02 3.106353064225413164e+03 2.279940000000000000e+19 -1.980980485677719116e-02 -4.910481348633766174e-02
3.554817799315880166e+03 -8.978705567301500423e+02 3.102424395767663555e+03 2.280140000000000000e+19 7.361564040184020996e-02 6.439193617552518845e-03
3.559933548807136503e+03 -8.911625025878236102e+02 3.098490080101817512e+03 2.280340000000000000e+19 1.468776259571313858e-02 -9.049525111913681030e-02
3.564608247787251457e+03 -8.850050959641379222e+02 3.094878750559358650e+03 2.280540000000000000e+19 -1.818792195990681648e-03 9.023145586252212524e-02
3.579385993350444551e+03 -8.653591657538671598e+02 3.083356560516909667e+03 2.280740000000000000e+19 2.082820609211921692e-02 1.237354129552841187e-01
3.584419231233687242e+03 -8.586047607604349423e+02 3.079395215621401348e+03 2.280940000000000000e+19 5.155938863754272461e-02 -7.469428330659866333e-02
3.589435327195285026e+03 -8.518408600370562453e+02 3.075428333660912358e+03 2.281140000000000000e+19 -3.062877990305423737e-02 2.527047134935855865e-02
3.594434257142412662e+03 -8.450674960719056799e+02 3.071455933689058838e+03 2.281340000000000000e+19 -3.299100324511528015e-02 -1.810735091567039490e-02
3.599415997290997893e+03 -8.382847010919072090e+02 3.067478034606094297e+03 2.281540000000000000e+19 2.585404738783836365e-02 -1.310805417597293854e-02
3.604380523678152258e+03 -8.314925077230249144e+02 3.063494655546139711e+03 2.281740000000000000e+19 -1.579823158681392670e-02 -2.100207209587097168e-01
3.609327812614461891e+03 -8.246909483764669631e+02 3.059505815517219162e+03 2.281940000000000000e+19 2.199925854802131653e-02 2.799044921994209290e-02
3.613847884612727739e+03 -8.184481042084569253e+02 3.055844666919000247e+03 2.282140000000000000e+19 3.103913739323616028e-02 4.317950829863548279e-02
3.579385993350444551e+03 -8.653591657538671598e+02 3.083356560516909667e+03 2.282340000000000000e+19 1.094171032309532166e-02 -5.275963619351387024e-02
3.584419231233687242e+03 -8.586047607604349423e+02 3.079395215621401348e+03 2.282540000000000000e+19 -1.094969734549522400e-01 -3.465733677148818970e-02
3.589435327195285026e+03 -8.518408600370562453e+02 3.075428333660912358e+03 2.282740000000000000e+19 -7.294923067092895508e-02 -4.988334700465202332e-02
3.594434257142412662e+03 -8.450674960719056799e+02 3.071455933689058838e+03 2.282940000000000000e+19 1.548432856798171997e-01 -4.639805480837821960e-02
3.599415997290997893e+03 -8.382847010919072090e+02 3.067478034606094297e+03 2.283140000000000000e+19 1.686845272779464722e-01 5.700898170471191406e-02
3.604380523678152258e+03 -8.314925077230249144e+02 3.063494655546139711e+03 2.283340000000000000e+19 1.011342089623212814e-02 -1.549293845891952515e-01
3.609327812614461891e+03 -8.246909483764669631e+02 3.059505815517219162e+03 2.283540000000000000e+19 2.799458801746368408e-02 1.653981804847717285e-01
3.613847884612727739e+03 -8.184481042084569253e+02 3.055844666919000247e+03 2.283740000000000000e+19 8.400652557611465454e-02 -3.171724500134587288e-03
3.628944121406663726e+03 -7.973917031047756154e+02 3.043496228017649173e+03 2.283940000000000000e+19 1.161147002130746841e-02 5.384320765733718872e-02
3.633804869459359907e+03 -7.905438032079739514e+02 3.039480370118006249e+03 2.284140000000000000e+19 8.293300122022628784e-02 7.412208616733551025e-02
3.638648239311560246e+03 -7.836867332077124502e+02 3.035459166119479050e+03 2.284340000000000000e+19 -2.796208262443542480e-01 1.005804091691970825e-01
3.643474207632379148e+03 -7.768205261350832416e+02 3.031432635392550765e+03 2.284540000000000000e+19 -1.833849959075450897e-02 -3.980667516589164734e-02
3.648282751443701727e+03 -7.699452146825640284e+02 3.027400797108988627e+03 2.284740000000000000e+19 4.969004914164543152e-02 -1.499285995960235596e-01
3.653073847699344242e+03 -7.630608318013428288e+02 3.023363670592119433e+03 2.284940000000000000e+19 -5.159046035259962082e-03 2.366818301379680634e-02
3.657847473403786353e+03 -7.561674105342516441e+02 3.019321275218865139e+03 2.285140000000000000e+19 1.638240367174148560e-01 1.095251366496086121e-01
3.662208153092702105e+03 -7.498406434376385050e+02 3.015611200670479775e+03 2.285340000000000000e+19 -2.392751723527908325e-02 8.123541920213028789e-05
3.628944121406663726e+03 -7.973917031047756154e+02 3.043496228017649173e+03 2.285540000000000000e+19 3.824711218476295471e-02 -1.476825866848230362e-02
3.633804869459359907e+03 -7.905438032079739514e+02 3.039480370118006249e+03 2.285740000000000000e+19 -3.552446514368057251e-02 1.049766875803470612e-02
3.638648239311560246e+03 -7.836867332077124502e+02 3.035459166119479050e+03 2.285940000000000000e+19 8.047937601804733276e-02 -3.639316558837890625e-02
3.643474207632379148e+03 -7.768205261350832416e+02 3.031432635392550765e+03 2.286140000000000000e+19 -6.289681047201156616e-02 -9.167820215225219727e-02
3.648282751443701727e+03 -7.699452146825640284e+02 3.027400797108988627e+03 2.286340000000000000e+19 9.350469708442687988e-02 -5.096600577235221863e-02
3.653073847699344242e+03 -7.630608318013428288e+02 3.023363670592119433e+03 2.286540000000000000e+19 -2.034092508256435394e-02 1.108289659023284912e-01
3.657847473403786353e+03 -7.561674105342516441e+02 3.019321275218865139e+03 2.286740000000000000e+19 2.094293944537639618e-02 4.521029815077781677e-02
3.662208153092702105e+03 -7.498406434376385050e+02 3.015611200670479775e+03 2.286940000000000000e+19 -1.680855453014373779e-01 -8.080004900693893433e-02
3.676766815612595110e+03 -7.285040012646136347e+02 3.003099391991862831e+03 2.287140000000000000e+19 9.842276573181152344e-02 1.773160509765148163e-02
3.681452747841869041e+03 -7.215658833720898429e+02 2.999030942786663218e+03 2.287340000000000000e+19 -3.297658264636993408e-02 1.245023310184478760e-01
3.686121073707543474e+03 -7.146189256783854944e+02 2.994957341175601414e+03 2.287540000000000000e+19 -4.738802462816238403e-02 3.234781324863433838e-02
3.690771770982204089e+03 -7.076631612605139026e+02 2.990878606554591897e+03 2.287740000000000000e+19 2.248772047460079193e-02 1.057782582938671112e-02
3.695404817279229519e+03 -7.006986236007289790e+02 2.986794758557030036e+03 2.287940000000000000e+19 5.163500085473060608e-02 -5.796139687299728394e-02
3.700020190555192130e+03 -6.937253458355926341e+02 2.982705816613385196e+03 2.288140000000000000e+19 -6.980270892381668091e-02 2.775406278669834137e-02
3.704617868593707499e+03 -6.867433615315999305e+02 2.978611800406219118e+03 2.288340000000000000e+19 -2.245805598795413971e-02 5.451842024922370911e-02
3.708817069165396333e+03 -6.803356991932927258e+02 2.974854575371698502e+03 2.288540000000000000e+19 9.236250072717666626e-02 9.172160923480987549e-02
3.676766815612595110e+03 -7.285040012646136347e+02 3.003099391991862831e+03 2.288740000000000000e+19 -7.925092428922653198e-02 9.198191016912460327e-02
3.681452747841869041e+03 -7.215658833720898429e+02 2.999030942786663218e+03 2.288940000000000000e+19 -9.064032696187496185e-03 3.740850463509559631e-02
3.686121073707543474e+03 -7.146189256783854944e+02 2.994957341175601414e+03 2.289140000000000000e+19 5.407020822167396545e-02 5.142416805028915405e-02
3.690771770982204089e+03 -7.076631612605139026e+02 2.990878606554591897e+03 2.289340000000000000e+19 1.133487075567245483e-01 -6.764387339353561401e-02
3.695404817279229519e+03 -7.006986236007289790e+02 2.986794758557030036e+03 2.289540000000000000e+19 -1.347077786922454834e-01 -3.344128653407096863e-02
3.700020190555192130e+03 -6.937253458355926341e+02 2.982705816613385196e+03 2.289740000000000000e+19 8.322603069245815277e-03 -2.132140696048736572e-01
3.704617868593707499e+03 -6.867433615315999305e+02 2.978611800406219118e+03 2.289940000000000000e+19 -8.762659132480621338e-02 1.201134100556373596e-01
3.708817069165396333e+03 -6.803356991932927258e+02 2.974854575371698502e+03 2.290140000000000000e+19 -1.708535850048065186e-02 4.158144071698188782e-02
3.722831190366457577e+03 -6.587290266359848374e+02 2.962185384464055915e+03 2.290340000000000000e+19 1.868368498980998993e-02 1.067932881414890289e-02
3.727340064219336000e+03 -6.517040111398872568e+02 2.958066291001577611e+03 2.290540000000000000e+19 -3.366950154304504395e-02 2.210676297545433044e-02
3.731831112122382820e+03 -6.446704901599647428e+02 2.953942241165737414e+03 2.290740000000000000e+19 5.631000921130180359e-02 -3.509818390011787415e-02
3.736304312660639425e+03 -6.376284972342149331e+02 2.949813254621277792e+03 2.290940000000000000e+19 1.193201318383216858e-01 -3.161181230098009109e-03
3.740759644395136092e+03 -6.305780661126952964e+02 2.945679351157140445e+03 2.291140000000000000e+19 4.398318380117416382e-02 -6.717116385698318481e-02
3.745197085926489308e+03 -6.235192306598088408e+02 2.941540550629160407e+03 2.291340000000000000e+19 4.240903258323669434e-02 -3.916635364294052124e-02
3.749616616142126986e+03 -6.164520244606994765e+02 2.937396872729288134e+03 2.291540000000000000e+19 4.992805793881416321e-02 -1.410497128963470459e-01
3.753652327366462941e+03 -6.099665344040271293e+02 2.933594295895487448e+03 2.291740000000000000e+19 -1.406843215227127075e-02 2.714117988944053650e-02
3.722831190366457577e+03 -6.587290266359848374e+02 2.962185384464055915e+03 2.291940000000000000e+19 -2.228305116295814514e-02 1.812802404165267944e-01
3.727340064219336000e+03 -6.517040111398872568e+02 2.958066291001577611e+03 2.292140000000000000e+19 2.140577733516693115e-01 7.922637276351451874e-03
3.731831112122382820e+03 -6.446704901599647428e+02 2.953942241165737414e+03 2.292340000000000000e+19 -3.250523284077644348e-02 -4.817569628357887268e-02
3.736304312660639425e+03 -6.376284972342149331e+02 2.949813254621277792e+03 2.292540000000000000e+19 6.507316604256629944e-03 2.628181874752044678e-02
3.740759644395136092e+03 -6.305780661126952964e+02 2.945679351157140445e+03 2.292740000000000000e+19 -8.498004823923110962e-02 -7.662691920995712280e-02
3.745197085926489308e+03 -6.235192306598088408e+02 2.941540550629160407e+03 2.292940000000000000e+19 -1.984292082488536835e-02 6.863228976726531982e-03
3.749616616142126986e+03 -6.164520244606994765e+02 2.937396872729288134e+03 2.293140000000000000e+19 -3.570324927568435669e-02 -1.625075787305831909e-01
3.753652327366462941e+03 -6.099665344040271293e+02 2.933594295895487448e+03 2.293340000000000000e+19 -5.730889737606048584e-03 -3.036892414093017578e-02
