# Baseline: 20-23
# Entries: 128
# u [m], v [m], w [m], frequency [GHz], real, imag
5.281339506431389964e+03 1.521173890587047254e+03 5.482818497813494105e+03 2.267940000000000000e+19 6.566464155912399292e-02 -1.373821198940277100e-01
5.284515470137655939e+03 1.531133589807360750e+03 5.476982914306229759e+03 2.268140000000000000e+19 -4.943275451660156250e-02 1.408404707908630371e-01
5.287666173573069500e+03 1.541099275453673954e+03 5.471143859158742998e+03 2.268340000000000000e+19 1.082312986254692078e-01 -2.045799940824508667e-01
5.290791601681360589e+03 1.551070899902181282e+03 5.465301360274580475e+03 2.268540000000000000e+19 -1.143976822495460510e-01 9.408302605152130127e-02
5.293119867529912881e+03 1.558553304002444520e+03 5.460917349002443189e+03 2.268740000000000000e+19 -5.512993782758712769e-02 -1.467942595481872559e-01
5.296966572206342789e+03 1.571031774291560623e+03 5.453606143155075188e+03 2.268940000000000000e+19 1.687792837619781494e-01 2.561690211296081543e-01
5.300016085007530819e+03 1.581020928496153601e+03 5.447753481012288830e+03 2.269140000000000000e+19 -1.929809153079986572e-01 -1.558727473020553589e-01
5.303793374880296142e+03 1.593515218337706528e+03 5.440433104631862079e+03 2.269340000000000000e+19 -8.840530365705490112e-02 1.293513029813766479e-01
5.281339506431389964e+03 1.521173890587047254e+03 5.482818497813494105e+03 2.269540000000000000e+19 2.011667378246784210e-02 -5.646123364567756653e-02
5.284515470137655939e+03 1.531133589807360750e+03 5.476982914306229759e+03 2.269740000000000000e+19 8.506460487842559814e-02 1.022859588265419006e-01
5.287666173573069500e+03 1.541099275453673954e+03 5.471143859158742998e+03 2.269940000000000000e+19 5.698294192552566528e-02 1.500035375356674194e-01
5.290791601681360589e+03 1.551070899902181282e+03 5.465301360274580475e+03 2.270140000000000000e+19 -8.757528662681579590e-02 1.668507307767868042e-01
5.293119867529912881e+03 1.558553304002444520e+03 5.460917349002443189e+03 2.270340000000000000e+19 1.396553963422775269e-01 -7.472833245992660522e-02
5.296966572206342789e+03 1.571031774291560623e+03 5.453606143155075188e+03 2.270540000000000000e+19 3.121835924685001373e-02 4.756315797567367554e-02
5.300016085007530819e+03 1.581020928496153601e+03 5.447753481012288830e+03 2.270740000000000000e+19 -7.763112429529428482e-03 -4.438978433609008789e-02
5.303793374880296142e+03 1.593515218337706528e+03 5.440433104631862079e+03 2.270940000000000000e+19 -1.619107089936733246e-02 1.242395415902137756e-01
5.311960647805706685e+03 1.621034544394043451e+03 5.424309794767392304e+03 2.271140000000000000e+19 4.473808780312538147e-02 1.133111491799354553e-02
5.314883344937627953e+03 1.631051958735313519e+03 5.418440754052246120e+03 2.271340000000000000e+19 5.262456089258193970e-02 -1.267775893211364746e-01
5.317780636447380857e+03 1.641074881249226110e+03 5.412568521905440321e+03 2.271540000000000000e+19 6.345381587743759155e-02 -1.040738150477409363e-01
5.320652508509954714e+03 1.651103264108263602e+03 5.406693126348168335e+03 2.271740000000000000e+19 5.276539921760559082e-02 -2.607962489128112793e-02
5.323498947371406757e+03 1.661137059284264296e+03 5.400814595519009345e+03 2.271940000000000000e+19 -2.952063269913196564e-02 5.075340718030929565e-02
5.326319939409384460e+03 1.671176218758121195e+03 5.394932957551062827e+03 2.272140000000000000e+19 2.193520963191986084e-02 1.907315477728843689e-02
5.329115471113901549e+03 1.681220694449998064e+03 5.389048240612840345e+03 2.272340000000000000e+19 -4.804614931344985962e-02 -8.833598345518112183e-02
5.331655988721640824e+03 1.690432693194267586e+03 5.383651274464532435e+03 2.272540000000000000e+19 -1.914436742663383484e-02 -1.064819004386663437e-02
5.311960647805706685e+03 1.621034544394043451e+03 5.424309794767392304e+03 2.272740000000000000e+19 -3.411041200160980225e-02 6.520015001296997070e-02
5.314883344937627953e+03 1.631051958735313519e+03 5.418440754052246120e+03 2.272940000000000000e+19 1.004687510430812836e-02 -4.576652124524116516e-02
5.317780636447380857e+03 1.641074881249226110e+03 5.412568521905440321e+03 2.273140000000000000e+19 5.757030099630355835e-03 -7.367032766342163086e-02
5.320652508509954714e+03 1.651103264108263602e+03 5.406693126348168335e+03 2.273340000000000000e+19 4.869898781180381775e-02 4.471179563552141190e-03
5.323498947371406757e+03 1.661137059284264296e+03 5.400814595519009345e+03 2.273540000000000000e+19 1.690041720867156982e-01 -7.294478267431259155e-02
5.326319939409384460e+03 1.671176218758121195e+03 5.394932957551062827e+03 2.273740000000000000e+19 3.757519274950027466e-02 7.412739098072052002e-02
5.329115471113901549e+03 1.681220694449998064e+03 5.389048240612840345e+03 2.273940000000000000e+19 5.159918218851089478e-02 4.113105684518814087e-02
5.331655988721640824e+03 1.690432693194267586e+03 5.383651274464532435e+03 2.274140000000000000e+19 -6.918475031852722168e-02 -9.469660371541976929e-02
5.340042729007373964e+03 1.721450798176265153e+03 5.365479146301556284e+03 2.274340000000000000e+19 4.008257761597633362e-02 3.670242801308631897e-02
5.342710760843719072e+03 1.731521133543661790e+03 5.359579457160790298e+03 2.274540000000000000e+19 6.806692481040954590e-02 -1.201592832803726196e-01
5.345353253942342235e+03 1.741596496474255900e+03 5.353676858160229131e+03 2.274740000000000000e+19 -5.367140471935272217e-02 5.687709897756576538e-02
5.347970195610981136e+03 1.751676838574533349e+03 5.347771377650955401e+03 2.274940000000000000e+19 -4.136784002184867859e-02 7.235643267631530762e-02
5.350561573379984111e+03 1.761762111813337015e+03 5.341863043771605589e+03 2.275140000000000000e+19 -2.389273373410105705e-03 -4.814973473548889160e-02
5.353127374766755565e+03 1.771852267608997181e+03 5.335951884983148375e+03 2.275340000000000000e+19 1.267530918121337891e-01 -1.228151656687259674e-02
5.355667587555127284e+03 1.781947257918573086e+03 5.330037929430785880e+03 2.275540000000000000e+19 -5.242137610912322998e-02 -1.299041230231523514e-02
5.357973952722360991e+03 1.791205144226738184e+03 5.324614405811855249e+03 2.275740000000000000e+19 6.327146291732788086e-02 9.534830600023269653e-02
5.340042729007373964e+03 1.721450798176265153e+03 5.365479146301556284e+03 2.275940000000000000e+19 -9.007560089230537415e-03 1.311062574386596680e-01
5.342710760843719072e+03 1.731521133543661790e+03 5.359579457160790298e+03 2.276140000000000000e+19 -5.086775496602058411e-02 -9.168981760740280151e-02
5.345353253942342235e+03 1.741596496474255900e+03 5.353676858160229131e+03 2.276340000000000000e+19 6.138650700449943542e-02 -7.062618434429168701e-02
5.347970195610981136e+03 1.751676838574533349e+03 5.347771377650955401e+03 2.276540000000000000e+19 -1.526366919279098511e-02 4.136658087372779846e-02
5.350561573379984111e+03 1.761762111813337015e+03 5.341863043771605589e+03 2.276740000000000000e+19 7.318587042391300201e-03 8.134493976831436157e-02
5.353127374766755565e+03 1.771852267608997181e+03 5.335951884983148375e+03 2.276940000000000000e+19 -1.837488822638988495e-02 2.375849708914756775e-02
5.355667587555127284e+03 1.781947257918573086e+03 5.330037929430785880e+03 2.277140000000000000e+19 1.933408714830875397e-02 -9.150296449661254883e-02
5.357973952722360991e+03 1.791205144226738184e+03 5.324614405811855249e+03 2.277340000000000000e+19 2.192691341042518616e-02 6.225470453500747681e-02
5.365572311249342420e+03 1.822374597011134938e+03 5.306354706244864246e+03 2.277540000000000000e+19 -1.299493461847305298e-01 8.979616314172744751e-02
5.367984401064937629e+03 1.832493034439599114e+03 5.300427191860829225e+03 2.277740000000000000e+19 2.115988358855247498e-02 -2.214258722960948944e-02
5.370370831137855021e+03 1.842616015995021826e+03 5.294497050827924795e+03 2.277940000000000000e+19 -8.018237352371215820e-02 -2.939918823540210724e-02
5.372731590105470787e+03 1.852743493478264782e+03 5.288564311381673178e+03 2.278140000000000000e+19 1.041272729635238647e-01 1.153153926134109497e-02
5.375066666604117927e+03 1.862875418139668682e+03 5.282629002079921520e+03 2.278340000000000000e+19 -1.625382006168365479e-01 6.297141779214143753e-03
5.377376049523853908e+03 1.873011741772799724e+03 5.276691151162127426e+03 2.278540000000000000e+19 5.602359026670455933e-02 5.450410768389701843e-02
5.379659727748288788e+03 1.883152415585425160e+03 5.270750787210743511e+03 2.278740000000000000e+19 4.140882566571235657e-02 1.954730786383152008e-02
5.381730836849488696e+03 1.892451759415116612e+03 5.265303301361189369e+03 2.278940000000000000e+19 8.604937233030796051e-03 -5.003362894058227539e-02
5.365572311249342420e+03 1.822374597011134938e+03 5.306354706244864246e+03 2.279140000000000000e+19 2.042338810861110687e-02 3.452352434396743774e-02
5.367984401064937629e+03 1.832493034439599114e+03 5.300427191860829225e+03 2.279340000000000000e+19 -6.498099118471145630e-02 -4.099300131201744080e-03
5.370370831137855021e+03 1.842616015995021826e+03 5.294497050827924795e+03 2.279540000000000000e+19 6.210634484887123108e-03 4.948370903730392456e-02
5.372731590105470787e+03 1.852743493478264782e+03 5.288564311381673178e+03 2.279740000000000000e+19 -1.048406660556793213e-01 -2.873211726546287537e-02
5.375066666604117927e+03 1.862875418139668682e+03 5.282629002079921520e+03 2.279940000000000000e+19 1.104704588651657104e-01 -3.354159370064735413e-02
5.377376049523853908e+03 1.873011741772799724e+03 5.276691151162127426e+03 2.280140000000000000e+19 5.737144872546195984e-02 8.398416452109813690e-03
5.379659727748288788e+03 1.883152415585425160e+03 5.270750787210743511e+03 2.280340000000000000e+19 5.427434667944908142e-02 -8.156390488147735596e-02
5.381730836849488696e+03 1.892451759415116612e+03 5.265303301361189369e+03 2.280540000000000000e+19 -7.001928240060806274e-02 -2.600292302668094635e-02
5.388175507221420958e+03 1.922064425201858285e+03 5.247956622945434901e+03 2.280740000000000000e+19 -8.090031892061233521e-02 -6.127641536295413971e-03
5.390334794412468909e+03 1.932225441155879707e+03 5.242004513185835094e+03 2.280940000000000000e+19 4.144920036196708679e-02 7.561556994915008545e-02
5.392468314930785709e+03 1.942390524084743220e+03 5.236050056290331668e+03 2.281140000000000000e+19 -6.532965600490570068e-02 -3.750293329358100891e-02
5.394576058529112743e+03 1.952559625163950386e+03 5.230093280859120568e+03 2.281340000000000000e+19 -3.825603425502777100e-02 -5.071249231696128845e-02
5.396658015179379618e+03 1.962732696010142945e+03 5.224134215233816576e+03 2.281540000000000000e+19 -3.615447506308555603e-02 -8.375336974859237671e-02
5.398714174866924623e+03 1.972909687689679004e+03 5.218172888078204778e+03 2.281740000000000000e+19 -8.643276989459991455e-02 1.716461032629013062e-01
5.400744527780653698e+03 1.983090551639849537e+03 5.212209327838624631e+03 2.281940000000000000e+19 1.815742999315261841e-02 -1.994359642267227173e-01
5.402583334557004491e+03 1.992426322115315770e+03 5.206740821420308748e+03 2.282140000000000000e+19 1.221066862344741821e-01 2.879083389416337013e-03
5.388175507221420958e+03 1.922064425201858285e+03 5.247956622945434901e+03 2.282340000000000000e+19 4.362967610359191895e-02 -4.367619007825851440e-02
5.390334794412468909e+03 1.932225441155879707e+03 5.242004513185835094e+03 2.282540000000000000e+19 -7.043316960334777832e-02 7.890605926513671875e-02
5.392468314930785709e+03 1.942390524084743220e+03 5.236050056290331668e+03 2.282740000000000000e+19 -1.234631687402725220e-01 9.073313325643539429e-02
5.394576058529112743e+03 1.952559625163950386e+03 5.230093280859120568e+03 2.282940000000000000e+19 1.822092980146408081e-01 9.518466889858245850e-02
5.396658015179379618e+03 1.962732696010142945e+03 5.224134215233816576e+03 2.283140000000000000e+19 1.341532543301582336e-02 1.026896312832832336e-01
5.398714174866924623e+03 1.972909687689679004e+03 5.218172888078204778e+03 2.283340000000000000e+19 -6.127741932868957520e-02 3.781836852431297302e-02
5.400744527780653698e+03 1.983090551639849537e+03 5.212209327838624631e+03 2.283540000000000000e+19 -7.819052785634994507e-02 -5.880142748355865479e-02
5.402583334557004491e+03 1.992426322115315770e+03 5.206740821420308748e+03 2.283740000000000000e+19 -1.397015452384948730e-01 -2.797770872712135315e-02
5.408607679151345110e+03 2.023851755095931821e+03 5.188333327185518101e+03 2.283940000000000000e+19 -1.343284398317337036e-01 3.771532326936721802e-02
5.410508854861518557e+03 2.034051248908738671e+03 5.182359030001809515e+03 2.284140000000000000e+19 8.317869901657104492e-02 4.250495508313179016e-02
5.412384167377822450e+03 2.044254322526836177e+03 5.176382671046586438e+03 2.284340000000000000e+19 -7.478060573339462280e-02 1.379339769482612610e-02
5.414233607666767057e+03 2.054460926801154983e+03 5.170404279108468472e+03 2.284540000000000000e+19 -6.485092639923095703e-02 1.406217459589242935e-02
5.416057166922551914e+03 2.064671013134394798e+03 5.164423882652717111e+03 2.284740000000000000e+19 4.225834086537361145e-02 -5.813941732048988342e-02
5.417854836405014794e+03 2.074884532592693176e+03 5.158441510341565845e+03 2.284940000000000000e+19 -1.330548524856567383e-01 -1.798310875892639160e-02
5.419626607486160538e+03 2.085101436154502608e+03 5.152457190888433615e+03 2.285140000000000000e+19 2.802272886037826538e-02 6.717868894338607788e-02
5.421228302656995766e+03 2.094469820383665592e+03 5.146969902700734565e+03 2.285340000000000000e+19 5.640802159905433655e-02 3.499325737357139587e-02
5.408607679151345110e+03 2.023851755095931821e+03 5.188333327185518101e+03 2.285540000000000000e+19 -2.553162537515163422e-02 -3.870643675327301025e-03
5.410508854861518557e+03 2.034051248908738671e+03 5.182359030001809515e+03 2.285740000000000000e+19 1.346429735422134399e-01 -8.895145729184150696e-03
5.412384167377822450e+03 2.044254322526836177e+03 5.176382671046586438e+03 2.285940000000000000e+19 9.661705046892166138e-02 -1.836155913770198822e-02
5.414233607666767057e+03 2.054460926801154983e+03 5.170404279108468472e+03 2.286140000000000000e+19 -2.899495884776115417e-03 -8.758076466619968414e-03
5.416057166922551914e+03 2.064671013134394798e+03 5.164423882652717111e+03 2.286340000000000000e+19 -1.109738741070032120e-02 -3.987272735685110092e-03
5.417854836405014794e+03 2.074884532592693176e+03 5.158441510341565845e+03 2.286540000000000000e+19 -8.737462572753429413e-03 2.361195348203182220e-02
5.419626607486160538e+03 2.085101436154502608e+03 5.152457190888433615e+03 2.286740000000000000e+19 -7.521222531795501709e-02 -4.543688148260116577e-02
5.421228302656995766e+03 2.094469820383665592e+03 5.146969902700734565e+03 2.286940000000000000e+19 6.616418063640594482e-02 6.013824045658111572e-02
5.426454540282842572e+03 2.126001914463862249e+03 5.128501013893255731e+03 2.287140000000000000e+19 3.224342688918113708e-02 1.891050022095441818e-03
5.428096694756918623e+03 2.136235005400750651e+03 5.122507388148370410e+03 2.287340000000000000e+19 4.511489719152450562e-02 -3.625178337097167969e-02
5.429712901817102647e+03 2.146471186833589400e+03 5.116511987232921456e+03 2.287540000000000000e+19 3.934796841349452734e-04 -1.581928692758083344e-02
5.431303153768272750e+03 2.156710410024237262e+03 5.110514839693169961e+03 2.287740000000000000e+19 3.794910758733749390e-02 6.422452162951231003e-03
5.432867442955550359e+03 2.166952625685165458e+03 5.104515974396977072e+03 2.287940000000000000e+19 7.362841069698333740e-02 -8.619278669357299805e-02
5.434405761936384806e+03 2.177197785084974385e+03 5.098515419886223754e+03 2.288140000000000000e+19 5.554307252168655396e-03 -6.403021514415740967e-02
5.435918103306073135e+03 2.187445838907743564e+03 5.092513205045163886e+03 2.288340000000000000e+19 2.959878742694854736e-02 -6.266392022371292114e-02
5.437281920381466989e+03 2.196842353632548111e+03 5.087009761039802470e+03 2.288540000000000000e+19 6.036869436502456665e-02 2.231533406302332878e-03
5.426454540282842572e+03 2.126001914463862249e+03 5.128501013893255731e+03 2.288740000000000000e+19 4.997219145298004150e-02 3.305682912468910217e-02
5.428096694756918623e+03 2.136235005400750651e+03 5.122507388148370410e+03 2.288940000000000000e+19 -2.126148156821727753e-02 3.114386647939682007e-02
5.429712901817102647e+03 2.146471186833589400e+03 5.116511987232921456e+03 2.289140000000000000e+19 -3.138006851077079773e-02 -1.685895770788192749e-02
5.431303153768272750e+03 2.156710410024237262e+03 5.110514839693169961e+03 2.289340000000000000e+19 4.576612729579210281e-03 -2.799914591014385223e-02
5.432867442955550359e+03 2.166952625685165458e+03 5.104515974396977072e+03 2.289540000000000000e+19 1.820587515830993652e-01 -6.932301912456750870e-03
5.434405761936384806e+03 2.177197785084974385e+03 5.098515419886223754e+03 2.289740000000000000e+19 -5.277536064386367798e-02 -3.247727826237678528e-02
5.435918103306073135e+03 2.187445838907743564e+03 5.092513205045163886e+03 2.289940000000000000e+19 6.208670884370803833e-02 -3.073384799063205719e-02
5.437281920381466989e+03 2.196842353632548111e+03 5.087009761039802470e+03 2.290140000000000000e+19 -4.961805790662765503e-02 1.131106913089752197e-01
5.441707550045324751e+03 2.228466019085273274e+03 5.068488315970218537e+03 2.290340000000000000e+19 -6.904258579015731812e-02 3.254525735974311829e-02
5.443089897399173424e+03 2.238727809871876161e+03 5.062478230047165198e+03 2.290540000000000000e+19 4.465899895876646042e-03 -5.688613746315240860e-03
5.444446225594306270e+03 2.248992200686075194e+03 5.056466656216604861e+03 2.290740000000000000e+19 5.366768687963485718e-03 4.640437662601470947e-02
5.445776528163031799e+03 2.259259142583973698e+03 5.050453623143641380e+03 2.290940000000000000e+19 6.779297720640897751e-03 -1.106890812516212463e-01
5.447080798729230992e+03 2.269528586359197107e+03 5.044439159646931330e+03 2.291140000000000000e+19 1.906552538275718689e-02 -2.548559755086898804e-02
5.448359031028656318e+03 2.279800482686010582e+03 5.038423294614869519e+03 2.291340000000000000e+19 -5.690721422433853149e-02 -7.171462476253509521e-02
5.449611218979940531e+03 2.290074782691996916e+03 5.032406056670198268e+03 2.291540000000000000e+19 3.718920052051544189e-02 1.355207059532403946e-02
5.450736505113115527e+03 2.299494929560491983e+03 5.026889091485983954e+03 2.291740000000000000e+19 2.126150019466876984e-02 1.019882224500179291e-02
5.441707550045324751e+03 2.228466019085273274e+03 5.068488315970218537e+03 2.291940000000000000e+19 5.834716930985450745e-02 1.211476698517799377e-01
5.443089897399173424e+03 2.238727809871876161e+03 5.062478230047165198e+03 2.292140000000000000e+19 -8.838774636387825012e-03 -2.624307572841644287e-02
5.444446225594306270e+03 2.248992200686075194e+03 5.056466656216604861e+03 2.292340000000000000e+19 -3.437708364799618721e-03 5.973515659570693970e-02
5.445776528163031799e+03 2.259259142583973698e+03 5.050453623143641380e+03 2.292540000000000000e+19 1.119055822491645813e-01 -1.640994660556316376e-02
5.447080798729230992e+03 2.269528586359197107e+03 5.044439159646931330e+03 2.292740000000000000e+19 -1.006038188934326172e-01 6.967949122190475464e-02
5.448359031028656318e+03 2.279800482686010582e+03 5.038423294614869519e+03 2.292940000000000000e+19 -4.975172132253646851e-02 -2.504456415772438049e-02
5.449611218979940531e+03 2.290074782691996916e+03 5.032406056670198268e+03 2.293140000000000000e+19 -9.583028405904769897e-02 3.228312358260154724e-02
5.450736505113115527e+03 2.299494929560491983e+03 5.026889091485983954e+03 2.293340000000000000e+19 4.556937515735626221e-02 -3.796277195215225220e-02
