# Baseline: 9-25
# u [m], v [m], w [m], frequency [GHz], real, imag
-1.735393171904682504e+03 -6.784021898734749811e+02 -1.822299095120572929e+03 2.267940000000000000e+19 1.126384884119033813e-01 -5.590436980128288269e-02
-1.736122548740025877e+03 -6.816744950765905742e+02 -1.820382202427374295e+03 2.268140000000000000e+19 -6.568749813595786691e-05 3.344014659523963928e-02
-1.736843627408580005e+03 -6.849481741722331662e+02 -1.818464516295045996e+03 2.268340000000000000e+19 8.813785016536712646e-02 -1.054153442382812500e-01
-1.737556404464546631e+03 -6.882232115162204309e+02 -1.816546045887781020e+03 2.268540000000000000e+19 -1.288676448166370392e-02 5.101938173174858093e-02
-1.738085796888515233e+03 -6.906803298940341165e+02 -1.815106707910410478e+03 2.268740000000000000e+19 6.795910745859146118e-02 3.617758397012948990e-03
-1.738957040133364217e+03 -6.947772982489859714e+02 -1.812706788977294082e+03 2.268940000000000000e+19 -2.653098702430725098e-01 1.569059789180755615e-01
-1.739644892028770300e+03 -6.980563162030930471e+02 -1.810786020887890345e+03 2.269140000000000000e+19 2.913043275475502014e-02 -1.935464739799499512e-01
-1.740493350543590168e+03 -7.021568570504483660e+02 -1.808384040394567819e+03 2.269340000000000000e+19 -6.618299335241317749e-02 1.603134348988533020e-02
-1.735393171904682504e+03 -6.784021898734749811e+02 -1.822299095120572929e+03 2.269540000000000000e+19 1.956072300672531128e-01 -1.683113537728786469e-02
-1.736122548740025877e+03 -6.816744950765905742e+02 -1.820382202427374295e+03 2.269740000000000000e+19 -7.328950613737106323e-02 5.318081751465797424e-02
-1.736843627408580005e+03 -6.849481741722331662e+02 -1.818464516295045996e+03 2.269940000000000000e+19 -5.354991182684898376e-02 -6.841212161816656590e-04
-1.737556404464546631e+03 -6.882232115162204309e+02 -1.816546045887781020e+03 2.270140000000000000e+19 8.693741634488105774e-03 3.595254570245742798e-02
-1.738085796888515233e+03 -6.906803298940341165e+02 -1.815106707910410478e+03 2.270340000000000000e+19 1.033918559551239014e-01 2.754998207092285156e-02
-1.738957040133364217e+03 -6.947772982489859714e+02 -1.812706788977294082e+03 2.270540000000000000e+19 -1.074856966733932495e-01 -3.382737562060356140e-02
-1.739644892028770300e+03 -6.980563162030930471e+02 -1.810786020887890345e+03 2.270740000000000000e+19 1.035722345113754272e-01 -6.326646357774734497e-02
-1.740493350543590168e+03 -7.021568570504483660e+02 -1.808384040394567819e+03 2.270940000000000000e+19 2.354890666902065277e-02 -2.737956494092941284e-02
-1.742313117106458094e+03 -7.111851861865987985e+02 -1.803095565216529621e+03 2.271140000000000000e+19 3.929125890135765076e-02 -1.387091428041458130e-01
-1.742959361785417286e+03 -7.144705246736560866e+02 -1.801171151482571759e+03 2.271340000000000000e+19 1.486962102353572845e-02 9.890083968639373779e-02
-1.743597275574454670e+03 -7.177570800770400865e+02 -1.799246036261995414e+03 2.271540000000000000e+19 8.179944753646850586e-02 3.223675116896629333e-02
-1.744226855429670422e+03 -7.210448367139281345e+02 -1.797320228741087703e+03 2.271740000000000000e+19 4.517370462417602539e-02 8.203158527612686157e-02
-1.744848098335894292e+03 -7.243337788385216527e+02 -1.795393738142966185e+03 2.271940000000000000e+19 -4.695364832878112793e-02 7.871432602405548096e-02
-1.745461001320005380e+03 -7.276238907108070180e+02 -1.793466573687308710e+03 2.272140000000000000e+19 -2.621819451451301575e-02 6.092277914285659790e-02
-1.746065561446798711e+03 -7.309151565736914336e+02 -1.791538744603742543e+03 2.272340000000000000e+19 -3.191362693905830383e-02 3.913564980030059814e-02
-1.746612516416391827e+03 -7.339331363054880057e+02 -1.789771000182030548e+03 2.272540000000000000e+19 -8.188718557357788086e-02 -3.526391088962554932e-02
-1.742313117106458094e+03 -7.111851861865987985e+02 -1.803095565216529621e+03 2.272740000000000000e+19 -2.935166703537106514e-04 9.381327778100967407e-02
-1.742959361785417286e+03 -7.144705246736560866e+02 -1.801171151482571759e+03 2.272940000000000000e+19 -6.806851923465728760e-02 7.187281548976898193e-02
-1.743597275574454670e+03 -7.177570800770400865e+02 -1.799246036261995414e+03 2.273140000000000000e+19 3.595645353198051453e-02 2.775523811578750610e-02
-1.744226855429670422e+03 -7.210448367139281345e+02 -1.797320228741087703e+03 2.273340000000000000e+19 -7.656749337911605835e-02 -2.043775841593742371e-02
-1.744848098335894292e+03 -7.243337788385216527e+02 -1.795393738142966185e+03 2.273540000000000000e+19 3.948069736361503601e-02 -1.721040457487106323e-01
-1.745461001320005380e+03 -7.276238907108070180e+02 -1.793466573687308710e+03 2.273740000000000000e+19 1.431135833263397217e-01 -9.344003349542617798e-02
-1.746065561446798711e+03 -7.309151565736914336e+02 -1.791538744603742543e+03 2.273940000000000000e+19 -2.370831742882728577e-02 -1.988951675593852997e-02
-1.746612516416391827e+03 -7.339331363054880057e+02 -1.789771000182030548e+03 2.274140000000000000e+19 -1.355426665395498276e-02 1.345157921314239502e-01
-1.748400316147937929e+03 -7.440914450106801041e+02 -1.783820966451383356e+03 2.274340000000000000e+19 7.810541987419128418e-02 2.586209215223789215e-02
-1.748963119396983757e+03 -7.473882444974816508e+02 -1.781889952654773879e+03 2.274540000000000000e+19 9.741912595927715302e-03 -3.758813068270683289e-02
-1.749517563036572483e+03 -7.506861034337526917e+02 -1.779958329606042071e+03 2.274740000000000000e+19 -3.745645750313997269e-03 2.744087763130664825e-02
-1.750063644403639046e+03 -7.539850059793711807e+02 -1.778026106583067303e+03 2.274940000000000000e+19 -5.160027742385864258e-02 6.380591541528701782e-02
-1.750601360896079996e+03 -7.572849364156049887e+02 -1.776093292792575312e+03 2.275140000000000000e+19 1.128716580569744110e-02 4.485508427023887634e-02
-1.751130709923764243e+03 -7.605858788463981455e+02 -1.774159897545098602e+03 2.275340000000000000e+19 5.148680135607719421e-02 5.203374102711677551e-02
-1.751651688966443544e+03 -7.638878175547623641e+02 -1.772225930046235135e+03 2.275540000000000000e+19 -5.871215462684631348e-02 4.068302735686302185e-02
-1.752122004773928893e+03 -7.669154440586273722e+02 -1.770452638794249651e+03 2.275740000000000000e+19 -1.088047549128532410e-01 5.778291076421737671e-02
-1.748400316147937929e+03 -7.440914450106801041e+02 -1.783820966451383356e+03 2.275940000000000000e+19 -5.680868029594421387e-02 -7.377475500106811523e-02
-1.748963119396983757e+03 -7.473882444974816508e+02 -1.781889952654773879e+03 2.276140000000000000e+19 -4.356814548373222351e-03 7.312837988138198853e-02
-1.749517563036572483e+03 -7.506861034337526917e+02 -1.779958329606042071e+03 2.276340000000000000e+19 1.107083167880773544e-02 5.506290495395660400e-02
-1.750063644403639046e+03 -7.539850059793711807e+02 -1.778026106583067303e+03 2.276540000000000000e+19 2.775621600449085236e-02 -4.061449319124221802e-02
-1.750601360896079996e+03 -7.572849364156049887e+02 -1.776093292792575312e+03 2.276740000000000000e+19 -7.878149859607219696e-03 -5.165212601423263550e-02
-1.751130709923764243e+03 -7.605858788463981455e+02 -1.774159897545098602e+03 2.276940000000000000e+19 8.774131536483764648e-02 -6.544012576341629028e-03
-1.751651688966443544e+03 -7.638878175547623641e+02 -1.772225930046235135e+03 2.277140000000000000e+19 -5.197114497423171997e-02 -4.272708320058882236e-04
-1.752122004773928893e+03 -7.669154440586273722e+02 -1.770452638794249651e+03 2.277340000000000000e+19 2.647578902542591095e-02 4.358134418725967407e-02
-1.753651855986344344e+03 -7.771052188197168107e+02 -1.764484522820972416e+03 2.277540000000000000e+19 -9.988245368003845215e-02 -4.989087209105491638e-02
-1.754130948490013225e+03 -7.804119016865207641e+02 -1.762547833010913564e+03 2.277740000000000000e+19 2.131656371057033539e-02 -5.473805125802755356e-03
-1.754601656641833642e+03 -7.837194858911706206e+02 -1.760610626555476074e+03 2.277940000000000000e+19 -8.479940891265869141e-02 -6.553649902343750000e-02
-1.755063978200603742e+03 -7.870279556850745166e+02 -1.758672912678390958e+03 2.278140000000000000e+19 -7.981606572866439819e-02 9.856504201889038086e-02
-1.755517910940916636e+03 -7.903372951425727706e+02 -1.756734700707040929e+03 2.278340000000000000e+19 7.057897001504898071e-02 7.064506411552429199e-02
-1.755963452703038456e+03 -7.936474885182407206e+02 -1.754795999863194311e+03 2.278540000000000000e+19 9.221147000789642334e-02 -1.785654760897159576e-02
-1.756400601342327036e+03 -7.969585198781253439e+02 -1.752856819478985017e+03 2.278740000000000000e+19 -1.155885029584169388e-02 5.919295549392700195e-02
-1.756794052936177422e+03 -7.999943443878377138e+02 -1.751078829943918663e+03 2.278940000000000000e+19 -1.398526430130004883e-01 -8.321495354175567627e-02
-1.753651855986344344e+03 -7.771052188197168107e+02 -1.764484522820972416e+03 2.279140000000000000e+19 4.554231837391853333e-02 1.367881447076797485e-01
-1.754130948490013225e+03 -7.804119016865207641e+02 -1.762547833010913564e+03 2.279340000000000000e+19 -7.456628978252410889e-02 3.819087147712707520e-02
-1.754601656641833642e+03 -7.837194858911706206e+02 -1.760610626555476074e+03 2.279540000000000000e+19 -6.992977857589721680e-02 -2.228043787181377411e-02
-1.755063978200603742e+03 -7.870279556850745166e+02 -1.758672912678390958e+03 2.279740000000000000e+19 1.280667074024677277e-02 -9.061843156814575195e-02
-1.755517910940916636e+03 -7.903372951425727706e+02 -1.756734700707040929e+03 2.279940000000000000e+19 -2.313757874071598053e-02 -8.341486006975173950e-02
-1.755963452703038456e+03 -7.936474885182407206e+02 -1.754795999863194311e+03 2.280140000000000000e+19 9.350432455539703369e-02 4.662403091788291931e-02
-1.756400601342327036e+03 -7.969585198781253439e+02 -1.752856819478985017e+03 2.280340000000000000e+19 1.759275794029235840e-02 -7.504509389400482178e-02
-1.756794052936177422e+03 -7.999943443878377138e+02 -1.751078829943918663e+03 2.280540000000000000e+19 -2.457411587238311768e-02 3.196628019213676453e-02
-1.757998547730985592e+03 -8.096582847716795186e+02 -1.745419019167683928e+03 2.280740000000000000e+19 -7.371515780687332153e-02 8.956010639667510986e-02
-1.758395100875854268e+03 -8.129731431954226082e+02 -1.743477651722189876e+03 2.280940000000000000e+19 3.185699507594108582e-02 1.625916175544261932e-02
-1.758783249268255076e+03 -8.162887471735189138e+02 -1.741535858869200865e+03 2.281140000000000000e+19 -1.185092180967330933e-01 9.015401452779769897e-02
-1.759162991043970123e+03 -8.196050807806063858e+02 -1.739593649935448866e+03 2.281340000000000000e+19 7.052506506443023682e-02 -2.520861662924289703e-02
-1.759534324396337070e+03 -8.229221282379759259e+02 -1.737651034161724283e+03 2.281540000000000000e+19 -1.229971572756767273e-01 8.415823429822921753e-02
-1.759897247539129694e+03 -8.262398735902420412e+02 -1.735708020892232071e+03 2.281740000000000000e+19 3.601943328976631165e-02 -1.201011687517166138e-01
-1.760251758740714422e+03 -8.295583010057526963e+02 -1.733764619398662035e+03 2.281940000000000000e+19 -2.020041458308696747e-02 1.357520222663879395e-01
-1.760569443369646024e+03 -8.326007700831775082e+02 -1.731982839664487983e+03 2.282140000000000000e+19 -2.564341388642787933e-02 1.882564090192317963e-02
-1.757998547730985592e+03 -8.096582847716795186e+02 -1.745419019167683928e+03 2.282340000000000000e+19 -1.217532530426979065e-01 -7.406918704509735107e-02
-1.758395100875854268e+03 -8.129731431954226082e+02 -1.743477651722189876e+03 2.282540000000000000e+19 -2.906357496976852417e-02 -9.164331853389739990e-02
-1.758783249268255076e+03 -8.162887471735189138e+02 -1.741535858869200865e+03 2.282740000000000000e+19 -2.079359628260135651e-02 -1.122972182929515839e-02
-1.759162991043970123e+03 -8.196050807806063858e+02 -1.739593649935448866e+03 2.282940000000000000e+19 -4.996264725923538208e-02 -1.535512804985046387e-01
-1.759534324396337070e+03 -8.229221282379759259e+02 -1.737651034161724283e+03 2.283140000000000000e+19 1.491327118128538132e-02 7.952973246574401855e-02
-1.759897247539129694e+03 -8.262398735902420412e+02 -1.735708020892232071e+03 2.283340000000000000e+19 5.401237402111291885e-03 3.167574480175971985e-02
-1.760251758740714422e+03 -8.295583010057526963e+02 -1.733764619398662035e+03 2.283540000000000000e+19 6.542278081178665161e-02 -1.048188656568527222e-01
-1.760569443369646024e+03 -8.326007700831775082e+02 -1.731982839664487983e+03 2.283740000000000000e+19 4.742657393217086792e-02 -3.462994471192359924e-02
-1.761585650795517495e+03 -8.428385135264004475e+02 -1.725987317283600760e+03 2.283940000000000000e+19 9.299474768340587616e-03 -3.021179512143135071e-02
-1.761898077638104496e+03 -8.461601128861501593e+02 -1.724042114268533851e+03 2.284140000000000000e+19 -1.015004515647888184e-01 1.795284636318683624e-02
-1.762202082968288323e+03 -8.494822990223807437e+02 -1.722096578832244404e+03 2.284340000000000000e+19 -2.536994032561779022e-02 -3.982408717274665833e-02
-1.762497665321664499e+03 -8.528050559318412525e+02 -1.720150720346538492e+03 2.284540000000000000e+19 5.960599984973669052e-03 -9.746598079800605774e-03
-1.762784823290873646e+03 -8.561283677936954746e+02 -1.718204548076342235e+03 2.284740000000000000e+19 5.526985600590705872e-02 -4.520420730113983154e-02
-1.763063555499530139e+03 -8.594522186803035311e+02 -1.716258071349076317e+03 2.284940000000000000e+19 4.646356403827667236e-02 -1.397801470011472702e-02
-1.763333860609880503e+03 -8.627765926382749058e+02 -1.714311299507185140e+03 2.285140000000000000e+19 -5.277941748499870300e-02 1.913714036345481873e-02
-1.763574343540707105e+03 -8.658243751127395171e+02 -1.712526510868588048e+03 2.285340000000000000e+19 -9.394031018018722534e-03 -4.839614033699035645e-02
-1.761585650795517495e+03 -8.428385135264004475e+02 -1.725987317283600760e+03 2.285540000000000000e+19 1.345116645097732544e-03 1.952645834535360336e-03
-1.761898077638104496e+03 -8.461601128861501593e+02 -1.724042114268533851e+03 2.285740000000000000e+19 6.540833413600921631e-02 1.944474130868911743e-02
-1.762202082968288323e+03 -8.494822990223807437e+02 -1.722096578832244404e+03 2.285940000000000000e+19 -3.516167402267456055e-02 -1.730546541512012482e-02
-1.762497665321664499e+03 -8.528050559318412525e+02 -1.720150720346538492e+03 2.286140000000000000e+19 5.863599479198455811e-02 -1.081639714539051056e-02
-1.762784823290873646e+03 -8.561283677936954746e+02 -1.718204548076342235e+03 2.286340000000000000e+19 1.423129113391041756e-03 5.212676525115966797e-02
-1.763063555499530139e+03 -8.594522186803035311e+02 -1.716258071349076317e+03 2.286540000000000000e+19 3.097671642899513245e-02 -7.123840600252151489e-02
-1.763333860609880503e+03 -8.627765926382749058e+02 -1.714311299507185140e+03 2.286740000000000000e+19 -1.189391240477561951e-01 -1.297990046441555023e-02
-1.763574343540707105e+03 -8.658243751127395171e+02 -1.712526510868588048e+03 2.286940000000000000e+19 8.098747581243515015e-02 -1.405818760395050049e-02
-1.764330784834228098e+03 -8.760790013381470089e+02 -1.706521447124696124e+03 2.287140000000000000e+19 1.273385137319564819e-01 -1.976474886760115623e-03
-1.764558935872641314e+03 -8.794057521585683617e+02 -1.704573339372197552e+03 2.287340000000000000e+19 -4.387803003191947937e-02 -9.092594683170318604e-02
-1.764778652656988015e+03 -8.827329305579287393e+02 -1.702624992425147866e+03 2.287540000000000000e+19 -8.395605534315109253e-02 9.690928459167480469e-02
-1.764989934141186950e+03 -8.860605206943387202e+02 -1.700676415560323903e+03 2.287740000000000000e+19 -1.411519479006528854e-02 -4.057308286428451538e-02
-1.765192779308202944e+03 -8.893885065501081044e+02 -1.698727618157393863e+03 2.287940000000000000e+19 -2.582328394055366516e-02 3.142333403229713440e-02
-1.765387187192973897e+03 -8.927168722910261067e+02 -1.696778609488499796e+03 2.288140000000000000e+19 9.378302842378616333e-02 9.430526755750179291e-03
-1.765573156859738674e+03 -8.960456018957340802e+02 -1.694829398935381050e+03 2.288340000000000000e+19 -3.885343670845031738e-02 -2.633081190288066864e-02
-1.765736323010247133e+03 -8.990972392451934638e+02 -1.693042455506104716e+03 2.288540000000000000e+19 -1.224544178694486618e-02 -4.111793264746665955e-02
-1.764330784834228098e+03 -8.760790013381470089e+02 -1.706521447124696124e+03 2.288740000000000000e+19 -1.383349299430847168e-01 1.484777079895138741e-03
-1.764558935872641314e+03 -8.794057521585683617e+02 -1.704573339372197552e+03 2.288940000000000000e+19 7.983160763978958130e-02 4.925325140357017517e-02
-1.764778652656988015e+03 -8.827329305579287393e+02 -1.702624992425147866e+03 2.289140000000000000e+19 8.423673361539840698e-02 -9.329273365437984467e-03
-1.764989934141186950e+03 -8.860605206943387202e+02 -1.700676415560323903e+03 2.289340000000000000e+19 -2.554642781615257263e-02 3.884331136941909790e-02
-1.765192779308202944e+03 -8.893885065501081044e+02 -1.698727618157393863e+03 2.289540000000000000e+19 1.647459715604782104e-02 -5.555168166756629944e-02
-1.765387187192973897e+03 -8.927168722910261067e+02 -1.696778609488499796e+03 2.289740000000000000e+19 -3.276599571108818054e-02 -1.703645437955856323e-01
-1.765573156859738674e+03 -8.960456018957340802e+02 -1.694829398935381050e+03 2.289940000000000000e+19 -6.643741577863693237e-02 2.245030179619789124e-02
-1.765736323010247133e+03 -8.990972392451934638e+02 -1.693042455506104716e+03 2.290140000000000000e+19 3.481599688529968262e-02 1.084878668189048767e-02
-1.766232636184794274e+03 -9.093638408877576467e+02 -1.687030724129698910e+03 2.290340000000000000e+19 9.568025171756744385e-02 -4.359538480639457703e-02
-1.766376402234002626e+03 -9.126941510779630562e+02 -1.685080643949979958e+03 2.290540000000000000e+19 -9.584994055330753326e-03 -4.721980169415473938e-02
-1.766511725332989499e+03 -9.160247295491059276e+02 -1.683130417855850283e+03 2.290740000000000000e+19 4.902046546339988708e-02 8.840524405241012573e-02
-1.766638604836396325e+03 -9.193555604199164009e+02 -1.681180055146612858e+03 2.290940000000000000e+19 1.066664159297943115e-01 7.135462015867233276e-02
-1.766757040136006708e+03 -9.226866277267121177e+02 -1.679229565169773423e+03 2.291140000000000000e+19 -1.091165468096733093e-01 -2.079838141798973083e-02
-1.766867030663074956e+03 -9.260179154698664661e+02 -1.677278957293831581e+03 2.291340000000000000e+19 1.091021224856376648e-01 -3.857414051890373230e-02
-1.766968575894378773e+03 -9.293494077995287626e+02 -1.675328240799532978e+03 2.291540000000000000e+19 9.567749802954494953e-04 7.924250094220042229e-04
-1.767054347167933656e+03 -9.324034391281081753e+02 -1.673539998034263590e+03 2.291740000000000000e+19 -1.477157883346080780e-02 -1.046285852789878845e-01
-1.766232636184794274e+03 -9.093638408877576467e+02 -1.687030724129698910e+03 2.291940000000000000e+19 4.724359884858131409e-02 -1.267152139917016029e-03
-1.766376402234002626e+03 -9.126941510779630562e+02 -1.685080643949979958e+03 2.292140000000000000e+19 5.355226993560791016e-02 6.733804196119308472e-02
-1.766511725332989499e+03 -9.160247295491059276e+02 -1.683130417855850283e+03 2.292340000000000000e+19 2.120872959494590759e-02 7.265455275774002075e-02
-1.766638604836396325e+03 -9.193555604199164009e+02 -1.681180055146612858e+03 2.292540000000000000e+19 -5.305604077875614166e-03 7.148066908121109009e-02
-1.766757040136006708e+03 -9.226866277267121177e+02 -1.679229565169773423e+03 2.292740000000000000e+19 5.969664454460144043e-02 3.409138321876525879e-02
-1.766867030663074956e+03 -9.260179154698664661e+02 -1.677278957293831581e+03 2.292940000000000000e+19 -5.848793778568506241e-03 -8.948389440774917603e-02
-1.766968575894378773e+03 -9.293494077995287626e+02 -1.675328240799532978e+03 2.293140000000000000e+19 1.274576634168624878e-01 4.320485144853591919e-02
-1.767054347167933656e+03 -9.324034391281081753e+02 -1.673539998034263590e+03 2.293340000000000000e+19 -8.989451080560684204e-02 9.551221877336502075e-02
