# Baseline: 13-25
# Entries: 128
# u [m], v [m], w [m], frequency [GHz], real, imag, std(real), std(imag)
-5.100629691522120993e+03 4.479234930045716396e+02 -5.058734152023699608e+03 2.267940000000000111e+01 4.490217193961143494e-02 -1.739165373146533966e-02 6.525968760251998901e-02 6.443219631910324097e-02
-5.107054686532967025e+03 4.383008218457472367e+02 -5.053091602653262271e+03 2.268140000000000001e+01 -7.414919883012771606e-02 1.119520068168640137e-01 6.525968760251998901e-02 6.443219631910324097e-02
-5.113455263109100088e+03 4.286660302580476696e+02 -5.047441989083063163e+03 2.268340000000000245e+01 1.164567992091178894e-01 3.969921916723251343e-02 6.525968760251998901e-02 6.443219631910324097e-02
-5.119831390663844104e+03 4.190191642840539998e+02 -5.041785338311383384e+03 2.268540000000000134e+01 -1.561800390481948853e-01 3.987338393926620483e-02 6.525968760251998901e-02 6.443219631910324097e-02
-5.124598189066206032e+03 4.117764934514049742e+02 -5.037538466722681733e+03 2.268740000000000023e+01 1.041383668780326843e-01 -4.367949068546295166e-02 6.525968760251998901e-02 6.443219631910324097e-02
-5.132510176767115809e+03 3.996893939035947483e+02 -5.030451033481785998e+03 2.268940000000000268e+01 -5.624745786190032959e-02 -4.186275973916053772e-02 6.525968760251998901e-02 6.443219631910324097e-02
-5.138812774506611277e+03 3.900065822067019212e+02 -5.024773433785548150e+03 2.269140000000000157e+01 3.359394073486328125e-01 -1.184552069753408432e-02 6.525968760251998901e-02 6.443219631910324097e-02
-5.146657463125939103e+03 3.778868325464193276e+02 -5.017666972954873927e+03 2.269340000000000046e+01 1.099694892764091492e-02 1.955936700105667114e-01 6.525968760251998901e-02 6.443219631910324097e-02
-5.100629691522120993e+03 4.479234930045716396e+02 -5.058734152023699608e+03 2.269540000000000290e+01 6.356646865606307983e-02 -5.702162161469459534e-02 6.525968760251998901e-02 6.443219631910324097e-02
-5.107054686532967025e+03 4.383008218457472367e+02 -5.053091602653262271e+03 2.269740000000000180e+01 6.807315349578857422e-02 1.020357012748718262e-01 6.525968760251998901e-02 6.443219631910324097e-02
-5.113455263109100088e+03 4.286660302580476696e+02 -5.047441989083063163e+03 2.269940000000000069e+01 1.874575763940811157e-01 1.536448001861572266e-01 6.525968760251998901e-02 6.443219631910324097e-02
-5.119831390663844104e+03 4.190191642840539998e+02 -5.041785338311383384e+03 2.270140000000000313e+01 1.383539140224456787e-01 1.235093176364898682e-01 6.525968760251998901e-02 6.443219631910324097e-02
-5.124598189066206032e+03 4.117764934514049742e+02 -5.037538466722681733e+03 2.270340000000000202e+01 2.057199180126190186e-01 -7.395293563604354858e-02 6.525968760251998901e-02 6.443219631910324097e-02
-5.132510176767115809e+03 3.996893939035947483e+02 -5.030451033481785998e+03 2.270540000000000092e+01 -1.025395244359970093e-01 4.333729669451713562e-02 6.525968760251998901e-02 6.443219631910324097e-02
-5.138812774506611277e+03 3.900065822067019212e+02 -5.024773433785548150e+03 2.270739999999999981e+01 -1.183809898793697357e-02 -1.016133930534124374e-02 6.525968760251998901e-02 6.443219631910324097e-02
-5.146657463125939103e+03 3.778868325464193276e+02 -5.017666972954873927e+03 2.270940000000000225e+01 -6.591225042939186096e-03 1.250555217266082764e-01 6.525968760251998901e-02 6.443219631910324097e-02
-5.163777161889966010e+03 3.511569058749243482e+02 -5.001994020016009927e+03 2.271140000000000114e+01 -2.080893702805042267e-02 5.383516848087310791e-02 6.525968760251998901e-02 6.443219631910324097e-02
-5.169956608478011731e+03 3.414151118448106104e+02 -4.996282049117490715e+03 2.271340000000000003e+01 3.629215434193611145e-02 5.163448676466941833e-02 6.525968760251998901e-02 6.443219631910324097e-02
-5.176111335557897291e+03 3.316616611241050236e+02 -4.990563285935170825e+03 2.271540000000000248e+01 -4.290431737899780273e-02 -1.501615941524505615e-01 6.525968760251998901e-02 6.443219631910324097e-02
-5.182241313760759112e+03 3.218966002545286642e+02 -4.984837757757969484e+03 2.271740000000000137e+01 -9.047464281320571899e-02 -1.533599384129047394e-02 6.525968760251998901e-02 6.443219631910324097e-02
-5.188346513728864920e+03 3.121199760031499295e+02 -4.979105492006733584e+03 2.271940000000000026e+01 -9.270194917917251587e-02 3.070469759404659271e-02 6.525968760251998901e-02 6.443219631910324097e-02
-5.194426906244285419e+03 3.023318351583043295e+02 -4.973366516114576370e+03 2.272140000000000271e+01 -1.367744654417037964e-01 -2.116029337048530579e-02 6.525968760251998901e-02 6.443219631910324097e-02
-5.200482462187050260e+03 2.925322245977321245e+02 -4.967620857566826089e+03 2.272340000000000160e+01 6.849836558103561401e-02 2.719081193208694458e-02 6.525968760251998901e-02 6.443219631910324097e-02
-5.206011862452761306e+03 2.835393572529665676e+02 -4.962348241201421843e+03 2.272540000000000049e+01 -2.395880781114101410e-02 -7.023550570011138916e-02 6.525968760251998901e-02 6.443219631910324097e-02
-5.163777161889966010e+03 3.511569058749243482e+02 -5.001994020016009927e+03 2.272740000000000293e+01 4.266126826405525208e-02 5.126722902059555054e-02 6.525968760251998901e-02 6.443219631910324097e-02
-5.169956608478011731e+03 3.414151118448106104e+02 -4.996282049117490715e+03 2.272940000000000182e+01 1.061691343784332275e-01 1.048076897859573364e-01 6.525968760251998901e-02 6.443219631910324097e-02
-5.176111335557897291e+03 3.316616611241050236e+02 -4.990563285935170825e+03 2.273140000000000072e+01 4.280435293912887573e-02 -1.168098747730255127e-01 6.525968760251998901e-02 6.443219631910324097e-02
-5.182241313760759112e+03 3.218966002545286642e+02 -4.984837757757969484e+03 2.273340000000000316e+01 8.388529717922210693e-02 9.280437976121902466e-02 6.525968760251998901e-02 6.443219631910324097e-02
-5.188346513728864920e+03 3.121199760031499295e+02 -4.979105492006733584e+03 2.273540000000000205e+01 -2.293201163411140442e-02 -5.218497943133115768e-03 6.525968760251998901e-02 6.443219631910324097e-02
-5.194426906244285419e+03 3.023318351583043295e+02 -4.973366516114576370e+03 2.273740000000000094e+01 -1.508303731679916382e-02 1.448591351509094238e-01 6.525968760251998901e-02 6.443219631910324097e-02
-5.200482462187050260e+03 2.925322245977321245e+02 -4.967620857566826089e+03 2.273939999999999984e+01 -5.479426123201847076e-03 -2.458061650395393372e-02 6.525968760251998901e-02 6.443219631910324097e-02
-5.206011862452761306e+03 2.835393572529665676e+02 -4.962348241201421843e+03 2.274140000000000228e+01 4.580854251980781555e-02 -4.989490658044815063e-02 6.525968760251998901e-02 6.443219631910324097e-02
-5.224455742747627482e+03 2.532200234374785168e+02 -4.944571946920767004e+03 2.274340000000000117e+01 -8.753212541341781616e-02 8.792368322610855103e-02 6.525968760251998901e-02 6.443219631910324097e-02
-5.230386683590244502e+03 2.433637687277369253e+02 -4.938793288108660818e+03 2.274540000000000006e+01 1.230117529630661011e-01 -2.115665748715400696e-02 6.525968760251998901e-02 6.443219631910324097e-02
-5.236292615849512003e+03 2.334963263709783234e+02 -4.933008112019081636e+03 2.274740000000000251e+01 -3.420597687363624573e-02 2.613908611238002777e-02 6.525968760251998901e-02 6.443219631910324097e-02
-5.242173511158370275e+03 2.236177437620478372e+02 -4.927216446439128049e+03 2.274940000000000140e+01 1.099857166409492493e-01 6.618270650506019592e-03 6.525968760251998901e-02 6.443219631910324097e-02
-5.248029341494963774e+03 2.137280679706626074e+02 -4.921418318965075741e+03 2.275140000000000029e+01 1.047613024711608887e-01 2.689878083765506744e-02 6.525968760251998901e-02 6.443219631910324097e-02
-5.253860078651549884e+03 2.038273466363429520e+02 -4.915613757527074995e+03 2.275340000000000273e+01 -2.640540339052677155e-02 -6.881324201822280884e-02 6.525968760251998901e-02 6.443219631910324097e-02
-5.259665694866428566e+03 1.939156269001910573e+02 -4.909802789762851717e+03 2.275540000000000163e+01 -9.778208332136273384e-04 3.177532553672790527e-02 6.525968760251998901e-02 6.443219631910324097e-02
-5.264965738359460374e+03 1.848204015573982133e+02 -4.904470546260229639e+03 2.275740000000000052e+01 6.995803117752075195e-02 6.160695850849151611e-02 6.525968760251998901e-02 6.443219631910324097e-02
-5.224455742747627482e+03 2.532200234374785168e+02 -4.944571946920767004e+03 2.275940000000000296e+01 -7.587913423776626587e-02 4.633796215057373047e-02 6.525968760251998901e-02 6.443219631910324097e-02
-5.230386683590244502e+03 2.433637687277369253e+02 -4.938793288108660818e+03 2.276140000000000185e+01 1.248134393244981766e-02 3.034391999244689941e-02 6.525968760251998901e-02 6.443219631910324097e-02
-5.236292615849512003e+03 2.334963263709783234e+02 -4.933008112019081636e+03 2.276340000000000074e+01 -1.901100762188434601e-02 -6.782796978950500488e-02 6.525968760251998901e-02 6.443219631910324097e-02
-5.242173511158370275e+03 2.236177437620478372e+02 -4.927216446439128049e+03 2.276540000000000319e+01 -6.837420910596847534e-02 8.147000521421432495e-02 6.525968760251998901e-02 6.443219631910324097e-02
-5.248029341494963774e+03 2.137280679706626074e+02 -4.921418318965075741e+03 2.276740000000000208e+01 -6.715819705277681351e-03 1.332280635833740234e-01 6.525968760251998901e-02 6.443219631910324097e-02
-5.253860078651549884e+03 2.038273466363429520e+02 -4.915613757527074995e+03 2.276940000000000097e+01 6.719824671745300293e-02 5.552657321095466614e-02 6.525968760251998901e-02 6.443219631910324097e-02
-5.259665694866428566e+03 1.939156269001910573e+02 -4.909802789762851717e+03 2.277139999999999986e+01 -1.164240110665559769e-02 3.910129517316818237e-02 6.525968760251998901e-02 6.443219631910324097e-02
-5.264965738359460374e+03 1.848204015573982133e+02 -4.904470546260229639e+03 2.277340000000000231e+01 -2.738846652209758759e-02 1.056903414428234100e-02 6.525968760251998901e-02 6.443219631910324097e-02
-5.282636396026949114e+03 1.541597141099749138e+02 -4.886495412500897146e+03 2.277540000000000120e+01 -1.018954720348119736e-02 2.090503834187984467e-02 6.525968760251998901e-02 6.443219631910324097e-02
-5.288315992997620015e+03 1.441937152432311393e+02 -4.880652831042686557e+03 2.277740000000000009e+01 8.855492621660232544e-02 7.856585085391998291e-02 6.525968760251998901e-02 6.443219631910324097e-02
-5.293970304030295665e+03 1.342170035389284237e+02 -4.874804010673741686e+03 2.277940000000000254e+01 3.747414052486419678e-02 7.389488816261291504e-02 6.525968760251998901e-02 6.443219631910324097e-02
-5.299599302202808758e+03 1.242296264997626736e+02 -4.868948979242393762e+03 2.278140000000000143e+01 4.159332811832427979e-02 2.863794937729835510e-02 6.525968760251998901e-02 6.443219631910324097e-02
-5.305202960419497686e+03 1.142316322010149321e+02 -4.863087764932454775e+03 2.278340000000000032e+01 3.625013306736946106e-02 6.222783401608467102e-02 6.525968760251998901e-02 6.443219631910324097e-02
-5.310781252018918167e+03 1.042230682119091085e+02 -4.857220395630858548e+03 2.278540000000000276e+01 6.859694421291351318e-02 2.822598256170749664e-02 6.525968760251998901e-02 6.443219631910324097e-02
-5.316334150149463312e+03 9.420398270969842258e+01 -4.851346899580803438e+03 2.278740000000000165e+01 1.038561835885047913e-01 4.863941576331853867e-03 6.525968760251998901e-02 6.443219631910324097e-02
-5.321402300723429107e+03 8.501075157630023682e+01 -4.845957580503277313e+03 2.278940000000000055e+01 -1.795979961752891541e-02 5.837024748325347900e-02 6.525968760251998901e-02 6.443219631910324097e-02
-5.282636396026949114e+03 1.541597141099749138e+02 -4.886495412500897146e+03 2.279140000000000299e+01 -3.898003697395324707e-02 2.053094804286956787e-01 6.525968760251998901e-02 6.443219631910324097e-02
-5.288315992997620015e+03 1.441937152432311393e+02 -4.880652831042686557e+03 2.279340000000000188e+01 -6.064532324671745300e-02 2.324744313955307007e-02 6.525968760251998901e-02 6.443219631910324097e-02
-5.293970304030295665e+03 1.342170035389284237e+02 -4.874804010673741686e+03 2.279540000000000077e+01 -7.252770010381937027e-03 3.124651312828063965e-02 6.525968760251998901e-02 6.443219631910324097e-02
-5.299599302202808758e+03 1.242296264997626736e+02 -4.868948979242393762e+03 2.279739999999999966e+01 3.694819286465644836e-02 1.854252070188522339e-03 6.525968760251998901e-02 6.443219631910324097e-02
-5.305202960419497686e+03 1.142316322010149321e+02 -4.863087764932454775e+03 2.279940000000000211e+01 -1.472937129437923431e-02 1.029192507266998291e-01 6.525968760251998901e-02 6.443219631910324097e-02
-5.310781252018918167e+03 1.042230682119091085e+02 -4.857220395630858548e+03 2.280140000000000100e+01 1.402588039636611938e-01 9.127365797758102417e-02 6.525968760251998901e-02 6.443219631910324097e-02
-5.316334150149463312e+03 9.420398270969842258e+01 -4.851346899580803438e+03 2.280339999999999989e+01 4.635931923985481262e-02 4.762551560997962952e-02 6.525968760251998901e-02 6.443219631910324097e-02
-5.321402300723429107e+03 8.501075157630023682e+01 -4.845957580503277313e+03 2.280540000000000234e+01 2.369191730394959450e-03 -3.529579937458038330e-02 6.525968760251998901e-02 6.443219631910324097e-02
-5.337384541081431053e+03 5.570088098218761274e+01 -4.828775579684594049e+03 2.280740000000000123e+01 -7.064148038625717163e-02 -4.174488410353660583e-02 6.525968760251998901e-02 6.443219631910324097e-02
-5.342814332109542192e+03 4.563161756501246202e+01 -4.822872867343591679e+03 2.280940000000000012e+01 4.753927513957023621e-02 2.313186880201101303e-03 6.525968760251998901e-02 6.443219631910324097e-02
-5.348218576463540558e+03 3.555211286353731026e+01 -4.816964192530112996e+03 2.281140000000000256e+01 -9.743811935186386108e-02 9.727735072374343872e-02 6.525968760251998901e-02 6.443219631910324097e-02
-5.353597248186383695e+03 2.546241529129932957e+01 -4.811049583624507250e+03 2.281340000000000146e+01 7.212591171264648438e-02 -5.982391536235809326e-02 6.525968760251998901e-02 6.443219631910324097e-02
-5.358950321687334508e+03 1.536257285393135774e+01 -4.805129068767818353e+03 2.281540000000000035e+01 -1.273257844150066376e-02 5.005378648638725281e-02 6.525968760251998901e-02 6.443219631910324097e-02
-5.364277771217282861e+03 5.252634132782929122e+00 -4.799202676438370872e+03 2.281740000000000279e+01 1.272702813148498535e-01 -1.345743983983993530e-01 6.525968760251998901e-02 6.443219631910324097e-02
-5.369579571355176995e+03 -4.867352629285733201e+00 -4.793270434915881197e+03 2.281940000000000168e+01 -1.907629966735839844e-01 1.569803245365619659e-02 6.525968760251998901e-02 6.443219631910324097e-02
-5.374417327982373536e+03 -1.415266587472060422e+01 -4.787827506583488685e+03 2.282140000000000057e+01 -8.718191832304000854e-02 -4.328405857086181641e-02 6.525968760251998901e-02 6.443219631910324097e-02
-5.337384541081431053e+03 5.570088098218761274e+01 -4.828775579684594049e+03 2.282340000000000302e+01 2.158339172601699829e-01 -1.995127182453870773e-03 6.525968760251998901e-02 6.443219631910324097e-02
-5.342814332109542192e+03 4.563161756501246202e+01 -4.822872867343591679e+03 2.282540000000000191e+01 1.084668487310409546e-01 -2.234225906431674957e-02 6.525968760251998901e-02 6.443219631910324097e-02
-5.348218576463540558e+03 3.555211286353731026e+01 -4.816964192530112996e+03 2.282740000000000080e+01 -6.189100816845893860e-02 -3.276405483484268188e-02 6.525968760251998901e-02 6.443219631910324097e-02
-5.353597248186383695e+03 2.546241529129932957e+01 -4.811049583624507250e+03 2.282939999999999969e+01 -5.725237354636192322e-02 -1.032655090093612671e-01 6.525968760251998901e-02 6.443219631910324097e-02
-5.358950321687334508e+03 1.536257285393135774e+01 -4.805129068767818353e+03 2.283140000000000214e+01 -1.120228320360183716e-01 1.765710487961769104e-02 6.525968760251998901e-02 6.443219631910324097e-02
-5.364277771217282861e+03 5.252634132782929122e+00 -4.799202676438370872e+03 2.283340000000000103e+01 1.744952611625194550e-02 -3.624999523162841797e-02 6.525968760251998901e-02 6.443219631910324097e-02
-5.369579571355176995e+03 -4.867352629285733201e+00 -4.793270434915881197e+03 2.283539999999999992e+01 -7.734582573175430298e-02 -4.031650722026824951e-02 6.525968760251998901e-02 6.443219631910324097e-02
-5.374417327982373536e+03 -1.415266587472060422e+01 -4.787827506583488685e+03 2.283740000000000236e+01 -3.118420019745826721e-02 6.401892285794019699e-03 6.525968760251998901e-02 6.443219631910324097e-02
-5.390529772202180538e+03 -4.544681042162485340e+01 -4.769483545301249251e+03 2.283940000000000126e+01 -1.033504121005535126e-02 -5.368906259536743164e-02 6.525968760251998901e-02 6.443219631910324097e-02
-5.395702947097463948e+03 -5.561630967817618654e+01 -4.763522484386540782e+03 2.284140000000000015e+01 -7.063274830579757690e-02 -7.911559939384460449e-02 6.525968760251998901e-02 6.443219631910324097e-02
-5.400850322279849024e+03 -6.579556581466850673e+01 -4.757555744951722772e+03 2.284340000000000259e+01 -9.625336527824401855e-02 -1.163855846971273422e-02 6.525968760251998901e-02 6.443219631910324097e-02
-5.405971872954043647e+03 -7.598452979675812458e+01 -4.751583355739088802e+03 2.284540000000000148e+01 4.101742058992385864e-02 8.203139901161193848e-02 6.525968760251998901e-02 6.443219631910324097e-02
-5.411067574734575828e+03 -8.618315311113144617e+01 -4.745605345185330407e+03 2.284740000000000038e+01 -2.538397721946239471e-02 -7.620013505220413208e-02 6.525968760251998901e-02 6.443219631910324097e-02
-5.416137403198873471e+03 -9.639138687896090119e+01 -4.739621741941195069e+03 2.284940000000000282e+01 2.472179755568504333e-02 7.655262481421232224e-03 6.525968760251998901e-02 6.443219631910324097e-02
-5.421181334013666856e+03 -1.066091821040233896e+02 -4.733632574726050734e+03 2.285140000000000171e+01 -3.150142356753349304e-02 2.465239667799323797e-04 6.525968760251998901e-02 6.443219631910324097e-02
-5.425782496633409210e+03 -1.159837316751009411e+02 -4.728137711539068732e+03 2.285340000000000060e+01 -6.196965277194976807e-02 4.449694976210594177e-02 6.525968760251998901e-02 6.443219631910324097e-02
-5.390529772202180538e+03 -4.544681042162485340e+01 -4.769483545301249251e+03 2.285540000000000305e+01 -5.119943991303443909e-02 1.293215304613113403e-01 6.525968760251998901e-02 6.443219631910324097e-02
-5.395702947097463948e+03 -5.561630967817618654e+01 -4.763522484386540782e+03 2.285740000000000194e+01 -6.894373148679733276e-02 -1.148589029908180237e-01 6.525968760251998901e-02 6.443219631910324097e-02
-5.400850322279849024e+03 -6.579556581466850673e+01 -4.757555744951722772e+03 2.285940000000000083e+01 7.798179239034652710e-02 7.021630555391311646e-02 6.525968760251998901e-02 6.443219631910324097e-02
-5.405971872954043647e+03 -7.598452979675812458e+01 -4.751583355739088802e+03 2.286139999999999972e+01 1.552873849868774414e-01 6.977879256010055542e-02 6.525968760251998901e-02 6.443219631910324097e-02
-5.411067574734575828e+03 -8.618315311113144617e+01 -4.745605345185330407e+03 2.286340000000000217e+01 6.697072833776473999e-02 -8.676566928625106812e-02 6.525968760251998901e-02 6.443219631910324097e-02
-5.416137403198873471e+03 -9.639138687896090119e+01 -4.739621741941195069e+03 2.286540000000000106e+01 -3.118103137239813805e-03 -9.076113998889923096e-02 6.525968760251998901e-02 6.443219631910324097e-02
-5.421181334013666856e+03 -1.066091821040233896e+02 -4.733632574726050734e+03 2.286739999999999995e+01 -3.563734143972396851e-02 2.181243523955345154e-02 6.525968760251998901e-02 6.443219631910324097e-02
-5.425782496633409210e+03 -1.159837316751009411e+02 -4.728137711539068732e+03 2.286940000000000239e+01 1.292105857282876968e-02 -1.338407304137945175e-02 6.525968760251998901e-02 6.443219631910324097e-02
-5.441097600446822071e+03 -1.475750000735332037e+02 -4.709620839116560091e+03 2.287140000000000128e+01 -6.303123384714126587e-02 -2.055254578590393066e-02 6.525968760251998901e-02 6.443219631910324097e-02
-5.446011683714509672e+03 -1.578398687864784051e+02 -4.703604282158861679e+03 2.287340000000000018e+01 1.895586960017681122e-02 7.777249068021774292e-02 6.525968760251998901e-02 6.443219631910324097e-02
-5.450899726364530579e+03 -1.681140048795430459e+02 -4.697582333600748825e+03 2.287540000000000262e+01 1.444706227630376816e-03 6.719691678881645203e-03 6.525968760251998901e-02 6.443219631910324097e-02
-5.455761705123391948e+03 -1.783973594338246755e+02 -4.691555022114916028e+03 2.287740000000000151e+01 5.034657195210456848e-02 6.254980713129043579e-02 6.525968760251998901e-02 6.443219631910324097e-02
-5.460597596587433145e+03 -1.886898829493790402e+02 -4.685522376714424354e+03 2.287940000000000040e+01 5.145966261625289917e-02 -3.093714080750942230e-02 6.525968760251998901e-02 6.443219631910324097e-02
-5.465407377748166255e+03 -1.989915264554333589e+02 -4.679484426101885219e+03 2.288140000000000285e+01 5.363891646265983582e-02 2.159794233739376068e-02 6.525968760251998901e-02 6.443219631910324097e-02
-5.470191025453445036e+03 -2.093022403641340929e+02 -4.673441199341599713e+03 2.288340000000000174e+01 -5.776164308190345764e-02 3.677626140415668488e-03 6.525968760251998901e-02 6.443219631910324097e-02
-5.474553392175643239e+03 -2.187615400519007949e+02 -4.667897030877802536e+03 2.288540000000000063e+01 5.179987475275993347e-02 2.094605751335620880e-02 6.525968760251998901e-02 6.443219631910324097e-02
-5.441097600446822071e+03 -1.475750000735332037e+02 -4.709620839116560091e+03 2.288740000000000308e+01 7.331640273332595825e-02 -1.442564185708761215e-02 6.525968760251998901e-02 6.443219631910324097e-02
-5.446011683714509672e+03 -1.578398687864784051e+02 -4.703604282158861679e+03 2.288940000000000197e+01 -4.073160141706466675e-02 -6.231329962611198425e-02 6.525968760251998901e-02 6.443219631910324097e-02
-5.450899726364530579e+03 -1.681140048795430459e+02 -4.697582333600748825e+03 2.289140000000000086e+01 -3.212962299585342407e-02 -6.143371015787124634e-02 6.525968760251998901e-02 6.443219631910324097e-02
-5.455761705123391948e+03 -1.783973594338246755e+02 -4.691555022114916028e+03 2.289339999999999975e+01 2.293610200285911560e-02 -6.932629644870758057e-02 6.525968760251998901e-02 6.443219631910324097e-02
-5.460597596587433145e+03 -1.886898829493790402e+02 -4.685522376714424354e+03 2.289540000000000219e+01 -8.095115423202514648e-03 7.522684335708618164e-02 6.525968760251998901e-02 6.443219631910324097e-02
-5.465407377748166255e+03 -1.989915264554333589e+02 -4.679484426101885219e+03 2.289740000000000109e+01 -3.385466709733009338e-02 3.108634613454341888e-02 6.525968760251998901e-02 6.443219631910324097e-02
-5.470191025453445036e+03 -2.093022403641340929e+02 -4.673441199341599713e+03 2.289939999999999998e+01 1.062692925333976746e-01 -8.158537745475769043e-02 6.525968760251998901e-02 6.443219631910324097e-02
-5.474553392175643239e+03 -2.187615400519007949e+02 -4.667897030877802536e+03 2.290140000000000242e+01 -7.212144881486892700e-02 -4.127281531691551208e-02 6.525968760251998901e-02 6.443219631910324097e-02
-5.489063826551251623e+03 -2.506348142517728377e+02 -4.649216108593755052e+03 2.290340000000000131e+01 -1.341920997947454453e-02 -4.816098883748054504e-02 6.525968760251998901e-02 6.443219631910324097e-02
-5.493716466453338398e+03 -2.609901399380757425e+02 -4.643146934951558251e+03 2.290540000000000020e+01 -2.257526665925979614e-02 -3.491744026541709900e-02 6.525968760251998901e-02 6.443219631910324097e-02
-5.498342837455371409e+03 -2.713542393891409574e+02 -4.637072659021588152e+03 2.290740000000000265e+01 -2.287396229803562164e-02 -1.168309971690177917e-01 6.525968760251998901e-02 6.443219631910324097e-02
-5.502942917497035523e+03 -2.817270631857015815e+02 -4.630993309767890423e+03 2.290940000000000154e+01 7.966912351548671722e-03 -3.213061392307281494e-02 6.525968760251998901e-02 6.443219631910324097e-02
-5.507516684531142346e+03 -2.921085616140169350e+02 -4.624908916326913641e+03 2.291140000000000043e+01 8.704718202352523804e-02 1.568992435932159424e-02 6.525968760251998901e-02 6.443219631910324097e-02
-5.512064116589564946e+03 -3.024986848100576253e+02 -4.618819507922992671e+03 2.291340000000000288e+01 6.684312224388122559e-02 -5.753745324909687042e-03 6.525968760251998901e-02 6.443219631910324097e-02
-5.516585192036504850e+03 -3.128973833388292860e+02 -4.612725113528821566e+03 2.291540000000000177e+01 -1.044312492012977600e-01 5.356946215033531189e-02 6.525968760251998901e-02 6.443219631910324097e-02
-5.520706674534397280e+03 -3.224369047240811028e+02 -4.607134293929750129e+03 2.291740000000000066e+01 -3.894095122814178467e-02 -3.981993533670902252e-03 6.525968760251998901e-02 6.443219631910324097e-02
-5.489063826551251623e+03 -2.506348142517728377e+02 -4.649216108593755052e+03 2.291940000000000310e+01 -8.070834726095199585e-02 -3.042765334248542786e-02 6.525968760251998901e-02 6.443219631910324097e-02
-5.493716466453338398e+03 -2.609901399380757425e+02 -4.643146934951558251e+03 2.292140000000000200e+01 2.378832735121250153e-02 1.872951909899711609e-02 6.525968760251998901e-02 6.443219631910324097e-02
-5.498342837455371409e+03 -2.713542393891409574e+02 -4.637072659021588152e+03 2.292340000000000089e+01 -9.392976015806198120e-02 1.771167479455471039e-02 6.525968760251998901e-02 6.443219631910324097e-02
-5.502942917497035523e+03 -2.817270631857015815e+02 -4.630993309767890423e+03 2.292539999999999978e+01 5.526120960712432861e-02 -5.950081720948219299e-02 6.525968760251998901e-02 6.443219631910324097e-02
-5.507516684531142346e+03 -2.921085616140169350e+02 -4.624908916326913641e+03 2.292740000000000222e+01 -1.148550584912300110e-01 6.775435805320739746e-02 6.525968760251998901e-02 6.443219631910324097e-02
-5.512064116589564946e+03 -3.024986848100576253e+02 -4.618819507922992671e+03 2.292940000000000111e+01 -6.159333512187004089e-02 6.833205930888652802e-03 6.525968760251998901e-02 6.443219631910324097e-02
-5.516585192036504850e+03 -3.128973833388292860e+02 -4.612725113528821566e+03 2.293140000000000001e+01 4.312385991215705872e-02 -1.060642823576927185e-01 6.525968760251998901e-02 6.443219631910324097e-02
-5.520706674534397280e+03 -3.224369047240811028e+02 -4.607134293929750129e+03 2.293340000000000245e+01 -3.363861888647079468e-02 -2.897785231471061707e-02 6.525968760251998901e-02 6.443219631910324097e-02
