# Baseline: 11-16
# u [m], v [m], w [m], frequency [GHz], real, imag
-3.964933788145921426e+03 6.824344757595476949e+03 -3.119812067442317584e+03 2.267940000000000000e+19 8.541209250688552856e-02 2.275281958281993866e-02
-3.981256049388089195e+03 6.816851930404158338e+03 -3.115403453682623422e+03 2.268140000000000000e+19 -8.010345697402954102e-02 -4.902842268347740173e-02
-3.997559253200736293e+03 6.809328296225370650e+03 -3.110976827691890321e+03 2.268340000000000000e+19 8.352419734001159668e-02 -3.142569959163665771e-02
-4.013843321674744857e+03 6.801773891013097455e+03 -3.106532210624140134e+03 2.268540000000000000e+19 -7.658028602600097656e-02 6.495339795947074890e-03
-4.026044370996587077e+03 6.796088874888171631e+03 -3.103187514979046682e+03 2.268740000000000000e+19 9.196197241544723511e-02 7.250131573528051376e-03
-4.046353740972683227e+03 6.786572912247080239e+03 -3.097589088425802402e+03 2.268940000000000000e+19 -8.235585689544677734e-02 -4.650260880589485168e-02
-4.062579935871216094e+03 6.778926411601013569e+03 -3.093090626188721217e+03 2.269140000000000000e+19 5.704041942954063416e-02 -1.517887264490127563e-01
-4.082836115982391220e+03 6.769326461432154247e+03 -3.087443095435972282e+03 2.269340000000000000e+19 -2.728822082281112671e-02 -8.645374909974634647e-04
-3.964933788145921426e+03 6.824344757595476949e+03 -3.119812067442317584e+03 2.269540000000000000e+19 4.709866829216480255e-03 -6.021736562252044678e-02
-3.981256049388089195e+03 6.816851930404158338e+03 -3.115403453682623422e+03 2.269740000000000000e+19 5.705070868134498596e-02 -1.205342728644609451e-02
-3.997559253200736293e+03 6.809328296225370650e+03 -3.110976827691890321e+03 2.269940000000000000e+19 1.002443805336952209e-01 -7.318082451820373535e-02
-4.013843321674744857e+03 6.801773891013097455e+03 -3.106532210624140134e+03 2.270140000000000000e+19 -2.218598686158657074e-02 -7.831946760416030884e-02
-4.026044370996587077e+03 6.796088874888171631e+03 -3.103187514979046682e+03 2.270340000000000000e+19 1.493412256240844727e-02 1.518225222826004028e-01
-4.046353740972683227e+03 6.786572912247080239e+03 -3.097589088425802402e+03 2.270540000000000000e+19 -3.873859345912933350e-02 -3.939223010092973709e-03
-4.062579935871216094e+03 6.778926411601013569e+03 -3.093090626188721217e+03 2.270740000000000000e+19 -7.795881479978561401e-02 -1.948357373476028442e-02
-4.082836115982391220e+03 6.769326461432154247e+03 -3.087443095435972282e+03 2.270940000000000000e+19 1.667458377778530121e-02 2.911704592406749725e-02
-4.127289475328567278e+03 6.748034521721587225e+03 -3.074917938996376506e+03 2.271140000000000000e+19 5.976038053631782532e-02 1.425457303412258625e-03
-4.143417662997769185e+03 6.740235262254102963e+03 -3.070330166364639808e+03 2.271340000000000000e+19 -9.408982843160629272e-02 1.560204178094863892e-01
-4.159526017063581094e+03 6.732405562522663786e+03 -3.065724597244209690e+03 2.271540000000000000e+19 -6.353005766868591309e-02 4.820768162608146667e-02
-4.175614460660310215e+03 6.724545459889435733e+03 -3.061101253612211167e+03 2.271740000000000000e+19 -6.302899867296218872e-02 -7.709441334009170532e-02
-4.191682916736926927e+03 6.716654991998261721e+03 -3.056460157610935767e+03 2.271940000000000000e+19 5.698578059673309326e-02 3.489878028631210327e-02
-4.207731308393997097e+03 6.708734196610776053e+03 -3.051801331451441456e+03 2.272140000000000000e+19 -7.460273057222366333e-02 -3.726729005575180054e-02
-4.223759558772538185e+03 6.700783111661848125e+03 -3.047124797446158482e+03 2.272340000000000000e+19 -8.633641526103019714e-03 6.171994283795356750e-02
-4.238434621022808642e+03 6.693468425698028113e+03 -3.042822662719903747e+03 2.272540000000000000e+19 1.092352531850337982e-02 -1.014003530144691467e-01
-4.127289475328567278e+03 6.748034521721587225e+03 -3.074917938996376506e+03 2.272740000000000000e+19 7.109657675027847290e-02 -2.750063315033912659e-02
-4.143417662997769185e+03 6.740235262254102963e+03 -3.070330166364639808e+03 2.272940000000000000e+19 -1.291774772107601166e-02 1.465028226375579834e-01
-4.159526017063581094e+03 6.732405562522663786e+03 -3.065724597244209690e+03 2.273140000000000000e+19 -3.544814139604568481e-02 4.798202216625213623e-02
-4.175614460660310215e+03 6.724545459889435733e+03 -3.061101253612211167e+03 2.273340000000000000e+19 -7.083697710186243057e-03 -4.916404373943805695e-03
-4.191682916736926927e+03 6.716654991998261721e+03 -3.056460157610935767e+03 2.273540000000000000e+19 -3.111066669225692749e-02 -6.699096411466598511e-02
-4.207731308393997097e+03 6.708734196610776053e+03 -3.051801331451441456e+03 2.273740000000000000e+19 -1.269479393959045410e-01 3.043538518249988556e-02
-4.223759558772538185e+03 6.700783111661848125e+03 -3.047124797446158482e+03 2.273940000000000000e+19 1.010557636618614197e-01 2.974665537476539612e-02
-4.238434621022808642e+03 6.693468425698028113e+03 -3.042822662719903747e+03 2.274140000000000000e+19 2.619628049433231354e-02 -7.395662367343902588e-02
-4.287669615707401135e+03 6.668676639013428030e+03 -3.028242031588342797e+03 2.274340000000000000e+19 -7.562168687582015991e-02 -6.274010241031646729e-02
-4.303596011253387587e+03 6.660574679817547803e+03 -3.023477295691268409e+03 2.274540000000000000e+19 8.937840908765792847e-02 6.491296738386154175e-02
-4.319501806960070098e+03 6.652442661426918676e+03 -3.018694987434067571e+03 2.274740000000000000e+19 -3.635153174400329590e-02 -8.307743072509765625e-02
-4.335386926429530831e+03 6.644280622900889284e+03 -3.013895129786944381e+03 2.274940000000000000e+19 -7.558457553386688232e-02 -6.466002203524112701e-03
-4.351251293971456107e+03 6.636088603129845069e+03 -3.009077745620240421e+03 2.275140000000000000e+19 -3.759124502539634705e-02 2.933853678405284882e-02
-4.367094833166096578e+03 6.627866641575748872e+03 -3.004242858139914915e+03 2.275340000000000000e+19 -8.467886596918106079e-02 2.702821232378482819e-02
-4.382917468577152249e+03 6.619614777386898822e+03 -2.999390490366978611e+03 2.275540000000000000e+19 1.235461607575416565e-01 1.346412301063537598e-01
-4.397403390698455041e+03 6.612024713511665141e+03 -2.994927372516270680e+03 2.275740000000000000e+19 -4.043414816260337830e-02 1.407627947628498077e-02
-4.287669615707401135e+03 6.668676639013428030e+03 -3.028242031588342797e+03 2.275940000000000000e+19 8.427723497152328491e-02 2.475603111088275909e-02
-4.303596011253387587e+03 6.660574679817547803e+03 -3.023477295691268409e+03 2.276140000000000000e+19 1.595763489603996277e-02 -3.761801496148109436e-02
-4.319501806960070098e+03 6.652442661426918676e+03 -3.018694987434067571e+03 2.276340000000000000e+19 1.052918359637260437e-01 -1.675083301961421967e-02
-4.335386926429530831e+03 6.644280622900889284e+03 -3.013895129786944381e+03 2.276540000000000000e+19 -3.012550435960292816e-02 -2.531381323933601379e-02
-4.351251293971456107e+03 6.636088603129845069e+03 -3.009077745620240421e+03 2.276740000000000000e+19 -5.134810879826545715e-02 -6.423233542591333389e-03
-4.367094833166096578e+03 6.627866641575748872e+03 -3.004242858139914915e+03 2.276940000000000000e+19 7.753516733646392822e-02 8.392716944217681885e-02
-4.382917468577152249e+03 6.619614777386898822e+03 -2.999390490366978611e+03 2.277140000000000000e+19 6.457126885652542114e-02 1.420707907527685165e-02
-4.397403390698455041e+03 6.612024713511665141e+03 -2.994927372516270680e+03 2.277340000000000000e+19 -4.480213671922683716e-02 -1.379130631685256958e-01
-4.445997458331714370e+03 6.586309086825429404e+03 -2.979806682382828058e+03 2.277540000000000000e+19 -1.141866520047187805e-01 2.462973259389400482e-02
-4.461714440497424221e+03 6.577908304944935480e+03 -2.974867263300517607e+03 2.277740000000000000e+19 -5.343699455261230469e-02 4.266001656651496887e-02
-4.477410065780953119e+03 6.569477859662843912e+03 -2.969910504595328348e+03 2.277940000000000000e+19 1.274287849664688110e-01 1.085925176739692688e-01
-4.493084259449857200e+03 6.561017791119516914e+03 -2.964936429868192135e+03 2.278140000000000000e+19 -5.116835981607437134e-02 3.720631077885627747e-02
-4.508736946054912551e+03 6.552528140038426500e+03 -2.959945063062395548e+03 2.278340000000000000e+19 2.315494231879711151e-02 -1.482890546321868896e-02
-4.524368051122662109e+03 6.544008946812316935e+03 -2.954936427926294982e+03 2.278540000000000000e+19 3.593534976243972778e-02 -1.167071983218193054e-02
-4.539977499411271310e+03 6.535460252449221116e+03 -2.949910548569519960e+03 2.278740000000000000e+19 -2.426274493336677551e-02 4.805346205830574036e-02
-4.554267349673260469e+03 6.527598442629534475e+03 -2.945288583270575600e+03 2.278940000000000000e+19 9.889575839042663574e-02 -7.487369328737258911e-02
-4.445997458331714370e+03 6.586309086825429404e+03 -2.979806682382828058e+03 2.279140000000000000e+19 -5.165646225214004517e-02 8.617122471332550049e-02
-4.461714440497424221e+03 6.577908304944935480e+03 -2.974867263300517607e+03 2.279340000000000000e+19 1.924408599734306335e-02 1.338212043046951294e-01
-4.477410065780953119e+03 6.569477859662843912e+03 -2.969910504595328348e+03 2.279540000000000000e+19 1.991732716560363770e-01 -1.243586093187332153e-01
-4.493084259449857200e+03 6.561017791119516914e+03 -2.964936429868192135e+03 2.279740000000000000e+19 1.170707866549491882e-01 1.406866163015365601e-01
-4.508736946054912551e+03 6.552528140038426500e+03 -2.959945063062395548e+03 2.279940000000000000e+19 6.070334464311599731e-03 1.247413232922554016e-01
-4.524368051122662109e+03 6.544008946812316935e+03 -2.954936427926294982e+03 2.280140000000000000e+19 -3.841750090941786766e-03 -9.185633808374404907e-02
-4.539977499411271310e+03 6.535460252449221116e+03 -2.949910548569519960e+03 2.280340000000000000e+19 -9.472841769456863403e-02 2.100191777572035789e-03
-4.554267349673260469e+03 6.527598442629534475e+03 -2.945288583270575600e+03 2.280540000000000000e+19 -4.189733415842056274e-03 6.673358380794525146e-02
-4.599611749926586526e+03 6.502417699590105258e+03 -2.930485362710318441e+03 2.280740000000000000e+19 -4.382649436593055725e-02 -3.486092388629913330e-02
-4.615115473775670580e+03 6.493726995015126704e+03 -2.925376476454524891e+03 2.280940000000000000e+19 1.478495169430971146e-02 4.734037816524505615e-02
-4.630597106824145158e+03 6.485007029790350316e+03 -2.920250487356785925e+03 2.281140000000000000e+19 -2.954235486686229706e-02 -1.506904885172843933e-02
-4.646056574711704343e+03 6.476257845799486859e+03 -2.915107420038266355e+03 2.281340000000000000e+19 -1.584540307521820068e-02 -3.597039729356765747e-02
-4.661493803884419322e+03 6.467479484670389866e+03 -2.909947298969260828e+03 2.281540000000000000e+19 -8.254042826592922211e-03 1.056783422827720642e-01
-4.676908720087246365e+03 6.458671988627746941e+03 -2.904770148970440005e+03 2.281740000000000000e+19 8.162689208984375000e-02 -1.026629121042788029e-03
-4.692301249763645501e+03 6.449835399699774825e+03 -2.899575994746511242e+03 2.281940000000000000e+19 -3.522837162017822266e-02 -4.740156145999208093e-05
-4.706391626427623123e+03 6.441710041459809872e+03 -2.894799986132480626e+03 2.282140000000000000e+19 -8.171262219548225403e-03 8.713424950838088989e-02
-4.599611749926586526e+03 6.502417699590105258e+03 -2.930485362710318441e+03 2.282340000000000000e+19 2.510028891265392303e-02 1.578230969607830048e-02
-4.615115473775670580e+03 6.493726995015126704e+03 -2.925376476454524891e+03 2.282540000000000000e+19 2.445538714528083801e-02 -6.640784442424774170e-02
-4.630597106824145158e+03 6.485007029790350316e+03 -2.920250487356785925e+03 2.282740000000000000e+19 3.912932798266410828e-02 -8.543561398983001709e-02
-4.646056574711704343e+03 6.476257845799486859e+03 -2.915107420038266355e+03 2.282940000000000000e+19 -4.633684083819389343e-02 5.130996555089950562e-02
-4.661493803884419322e+03 6.467479484670389866e+03 -2.909947298969260828e+03 2.283140000000000000e+19 8.337154984474182129e-02 -4.920529201626777649e-02
-4.676908720087246365e+03 6.458671988627746941e+03 -2.904770148970440005e+03 2.283340000000000000e+19 -1.330626606941223145e-01 2.993333712220191956e-02
-4.692301249763645501e+03 6.449835399699774825e+03 -2.899575994746511242e+03 2.283540000000000000e+19 -9.136781096458435059e-03 8.718660101294517517e-03
-4.706391626427623123e+03 6.441710041459809872e+03 -2.894799986132480626e+03 2.283740000000000000e+19 -2.714293822646141052e-02 1.857634074985980988e-02
-4.753646031044030678e+03 6.414198963285838545e+03 -2.878629834137394027e+03 2.283940000000000000e+19 -4.907783493399620056e-02 -9.284556657075881958e-02
-4.768925524846870758e+03 6.405217547300152546e+03 -2.873351033425114110e+03 2.284140000000000000e+19 -6.526547670364379883e-02 1.129988282918930054e-01
-4.784182191967720428e+03 6.396207294122466919e+03 -2.868055378777733495e+03 2.284340000000000000e+19 6.187957525253295898e-02 -7.059469819068908691e-03
-4.799415958913997201e+03 6.387168247155957943e+03 -2.862742895704912826e+03 2.284540000000000000e+19 -1.907467655837535858e-02 4.372045770287513733e-02
-4.814626753152358106e+03 6.378100449438788928e+03 -2.857413609501326846e+03 2.284740000000000000e+19 -1.591346040368080139e-02 -2.950351312756538391e-02
-4.829814501781655963e+03 6.369003944429777221e+03 -2.852067545708434864e+03 2.284940000000000000e+19 -2.009067684412002563e-02 -6.918008625507354736e-02
-4.844979131905938630e+03 6.359878775789352403e+03 -2.846704729985734048e+03 2.285140000000000000e+19 -7.712697237730026245e-02 -2.180253900587558746e-02
-4.858859968166798353e+03 6.351489258728184723e+03 -2.841774333980180472e+03 2.285340000000000000e+19 -1.315579563379287720e-02 -3.300409764051437378e-02
-4.753646031044030678e+03 6.414198963285838545e+03 -2.878629834137394027e+03 2.285540000000000000e+19 -3.659785911440849304e-02 -2.811025455594062805e-02
-4.768925524846870758e+03 6.405217547300152546e+03 -2.873351033425114110e+03 2.285740000000000000e+19 6.288662552833557129e-02 -4.527684301137924194e-02
-4.784182191967720428e+03 6.396207294122466919e+03 -2.868055378777733495e+03 2.285940000000000000e+19 -3.363479673862457275e-02 -9.315860271453857422e-02
-4.799415958913997201e+03 6.387168247155957943e+03 -2.862742895704912826e+03 2.286140000000000000e+19 1.669843494892120361e-02 4.146921634674072266e-02
-4.814626753152358106e+03 6.378100449438788928e+03 -2.857413609501326846e+03 2.286340000000000000e+19 1.563216373324394226e-02 -7.420072704553604126e-02
-4.829814501781655963e+03 6.369003944429777221e+03 -2.852067545708434864e+03 2.286540000000000000e+19 1.794991665519773960e-03 7.108140736818313599e-02
-4.844979131905938630e+03 6.359878775789352403e+03 -2.846704729985734048e+03 2.286740000000000000e+19 1.039476171135902405e-01 -3.452822938561439514e-02
-4.858859968166798353e+03 6.351489258728184723e+03 -2.841774333980180472e+03 2.286940000000000000e+19 -2.911653928458690643e-02 -7.860811799764633179e-02
-4.905405019289947631e+03 6.323092339337798876e+03 -2.825086461685399627e+03 2.287140000000000000e+19 -5.890340358018875122e-02 -1.419098768383264542e-02
-4.920452971405672542e+03 6.313824509798972031e+03 -2.819640272572727554e+03 2.287340000000000000e+19 -3.971336409449577332e-02 7.729385048151016235e-02
-4.935477371246620351e+03 6.304528280705398174e+03 -2.814177486720225716e+03 2.287540000000000000e+19 1.464342474937438965e-01 5.637532845139503479e-02
-4.950478147276472555e+03 6.295203696319954361e+03 -2.808698130138322085e+03 2.287740000000000000e+19 2.548469975590705872e-02 -1.223975345492362976e-01
-4.965455227287468006e+03 6.285850801527405565e+03 -2.803202229202441686e+03 2.287940000000000000e+19 -3.980417549610137939e-02 2.276176400482654572e-02
-4.980408540020395776e+03 6.276469640827900548e+03 -2.797689810061462140e+03 2.288140000000000000e+19 1.389692127704620361e-01 -3.773657605051994324e-02
-4.995338013496429994e+03 6.267060259378616138e+03 -2.792160899250113289e+03 2.288340000000000000e+19 3.011609986424446106e-02 6.743951141834259033e-02
-5.009002666660309842e+03 6.258410598317479526e+03 -2.787078475307263034e+03 2.288540000000000000e+19 -1.000267732888460159e-02 -3.201219718903303146e-03
-4.905405019289947631e+03 6.323092339337798876e+03 -2.825086461685399627e+03 2.288740000000000000e+19 1.054701581597328186e-01 -1.161660328507423401e-01
-4.920452971405672542e+03 6.313824509798972031e+03 -2.819640272572727554e+03 2.288940000000000000e+19 2.899039722979068756e-02 3.944199997931718826e-03
-4.935477371246620351e+03 6.304528280705398174e+03 -2.814177486720225716e+03 2.289140000000000000e+19 8.243936114013195038e-03 1.327663064002990723e-01
-4.950478147276472555e+03 6.295203696319954361e+03 -2.808698130138322085e+03 2.289340000000000000e+19 6.009274348616600037e-02 5.428274348378181458e-02
-4.965455227287468006e+03 6.285850801527405565e+03 -2.803202229202441686e+03 2.289540000000000000e+19 2.131268940865993500e-02 -7.178834825754165649e-02
-4.980408540020395776e+03 6.276469640827900548e+03 -2.797689810061462140e+03 2.289740000000000000e+19 5.912432074546813965e-02 1.087006554007530212e-01
-4.995338013496429994e+03 6.267060259378616138e+03 -2.792160899250113289e+03 2.289940000000000000e+19 2.487270534038543701e-02 6.640117615461349487e-02
-5.009002666660309842e+03 6.258410598317479526e+03 -2.787078475307263034e+03 2.290140000000000000e+19 -1.756514795124530792e-02 1.087162457406520844e-02
-5.054816090130422708e+03 6.229141427116650448e+03 -2.769880868738542176e+03 2.290340000000000000e+19 -2.663838304579257965e-02 -1.119079664349555969e-01
-5.069625299033457850e+03 6.219591619354553586e+03 -2.764269897625636531e+03 2.290540000000000000e+19 4.773872345685958862e-02 -6.224500387907028198e-02
-5.084410241817492533e+03 6.210013862982313185e+03 -2.758642594744060716e+03 2.290740000000000000e+19 -1.166863366961479187e-02 -4.098772630095481873e-02
-5.099170847982900341e+03 6.200408203669429895e+03 -2.752998986926440921e+03 2.290940000000000000e+19 -1.022778674960136414e-01 -4.154948052018880844e-03
-5.113907046786151113e+03 6.190774687452551007e+03 -2.747339101220697103e+03 2.291140000000000000e+19 8.297565579414367676e-02 -5.132205411791801453e-02
-5.128618767447399478e+03 6.181113360603292676e+03 -2.741662964812363498e+03 2.291340000000000000e+19 -7.003806531429290771e-02 -3.098169155418872833e-02
-5.143305939970446161e+03 6.171424269089329755e+03 -2.735970604707985331e+03 2.291540000000000000e+19 2.822040580213069916e-02 4.280120506882667542e-02
-5.156747868470735739e+03 6.162518604885740388e+03 -2.730738585942226109e+03 2.291740000000000000e+19 7.527060061693191528e-02 -1.431943178176879883e-01
-5.054816090130422708e+03 6.229141427116650448e+03 -2.769880868738542176e+03 2.291940000000000000e+19 -9.377285093069076538e-02 -8.174013346433639526e-02
-5.069625299033457850e+03 6.219591619354553586e+03 -2.764269897625636531e+03 2.292140000000000000e+19 7.641135901212692261e-02 1.997394673526287079e-02
-5.084410241817492533e+03 6.210013862982313185e+03 -2.758642594744060716e+03 2.292340000000000000e+19 -7.380539551377296448e-03 1.224207580089569092e-01
-5.099170847982900341e+03 6.200408203669429895e+03 -2.752998986926440921e+03 2.292540000000000000e+19 7.267750799655914307e-02 -5.375757813453674316e-03
-5.113907046786151113e+03 6.190774687452551007e+03 -2.747339101220697103e+03 2.292740000000000000e+19 -4.770229104906320572e-03 3.119278699159622192e-02
-5.128618767447399478e+03 6.181113360603292676e+03 -2.741662964812363498e+03 2.292940000000000000e+19 3.196404874324798584e-02 4.123549163341522217e-02
-5.143305939970446161e+03 6.171424269089329755e+03 -2.735970604707985331e+03 2.293140000000000000e+19 -4.499995708465576172e-02 3.033537231385707855e-02
-5.156747868470735739e+03 6.162518604885740388e+03 -2.730738585942226109e+03 2.293340000000000000e+19 -1.635377481579780579e-02 -1.576562412083148956e-02
