# Baseline: 1-19
# u [m], v [m], w [m], frequency [GHz], real, imag
-6.536499832712637499e+02 -4.397124048731687253e+03 -1.208292904597391953e+03 2.267940000000000000e+19 1.017864495515823364e-01 9.591623395681381226e-02
-6.466828907835074460e+02 -4.398348450879232587e+03 -1.207585229820965651e+03 2.268140000000000000e+19 5.047815665602684021e-02 -8.880468085408210754e-03
-6.397127212960890574e+02 -4.399559699047395952e+03 -1.206885260741727734e+03 2.268340000000000000e+19 -5.832330510020256042e-02 -3.657057182863354683e-03
-6.327395081178813143e+02 -4.400757787447996634e+03 -1.206193000704592350e+03 2.268540000000000000e+19 1.941691339015960693e-02 -5.939929932355880737e-02
-6.275077141009992374e+02 -4.401648125767284000e+03 -1.205678625634543323e+03 2.268740000000000000e+19 -8.819778263568878174e-02 -8.686767518520355225e-02
-6.187840841912006908e+02 -4.403114462073818686e+03 -1.204831620971988741e+03 2.268940000000000000e+19 2.236880511045455933e-01 -3.684878721833229065e-02
-6.118019403756275096e+02 -4.404273036996381961e+03 -1.204162507805681344e+03 2.269140000000000000e+19 -8.471164107322692871e-02 -7.490812335163354874e-03
-6.030702881306016252e+02 -4.405703251684122733e+03 -1.203336662886118575e+03 2.269340000000000000e+19 1.153932586312294006e-01 8.466923981904983521e-02
-6.536499832712637499e+02 -4.397124048731687253e+03 -1.208292904597391953e+03 2.269540000000000000e+19 -1.074540391564369202e-01 1.599296629428863525e-01
-6.466828907835074460e+02 -4.398348450879232587e+03 -1.207585229820965651e+03 2.269740000000000000e+19 1.401195861399173737e-02 -9.822162985801696777e-02
-6.397127212960890574e+02 -4.399559699047395952e+03 -1.206885260741727734e+03 2.269940000000000000e+19 1.553815901279449463e-01 -8.736813068389892578e-02
-6.327395081178813143e+02 -4.400757787447996634e+03 -1.206193000704592350e+03 2.270140000000000000e+19 -4.571836069226264954e-02 -5.592296645045280457e-02
-6.275077141009992374e+02 -4.401648125767284000e+03 -1.205678625634543323e+03 2.270340000000000000e+19 -7.223591953516006470e-02 -1.067711114883422852e-01
-6.187840841912006908e+02 -4.403114462073818686e+03 -1.204831620971988741e+03 2.270540000000000000e+19 -1.078373938798904419e-01 9.628430008888244629e-02
-6.118019403756275096e+02 -4.404273036996381961e+03 -1.204162507805681344e+03 2.270740000000000000e+19 2.177599817514419556e-02 1.431689262390136719e-01
-6.030702881306016252e+02 -4.405703251684122733e+03 -1.203336662886118575e+03 2.270940000000000000e+19 -8.436608314514160156e-02 4.274306818842887878e-02
-5.838445982483762009e+02 -4.408775458950764005e+03 -1.201563307327533494e+03 2.271140000000000000e+19 -8.858186751604080200e-02 2.205243147909641266e-02
-5.768482382702263749e+02 -4.409868068066549313e+03 -1.200932835806184812e+03 2.271340000000000000e+19 -8.404233306646347046e-02 -1.366783771663904190e-02
-5.698491355516231351e+02 -4.410947468066236979e+03 -1.200310101822394472e+03 2.271540000000000000e+19 -2.273054793477058411e-02 -5.025345087051391602e-02
-5.628473234909550911e+02 -4.412013653799290296e+03 -1.199695108347620817e+03 2.271740000000000000e+19 -6.923118233680725098e-02 -5.960488319396972656e-02
-5.558428356214466248e+02 -4.413066620159538616e+03 -1.199087858327169897e+03 2.271940000000000000e+19 -1.106666848063468933e-01 5.687283352017402649e-02
-5.488357054647279938e+02 -4.414106362107723726e+03 -1.198488354667181738e+03 2.272140000000000000e+19 1.326696854084730148e-02 6.514876335859298706e-02
-5.418259665795234241e+02 -4.415132874664475821e+03 -1.197896600238686915e+03 2.272340000000000000e+19 5.626831203699111938e-02 3.032168373465538025e-02
-5.353981418755286086e+02 -4.416062387218291406e+03 -1.197360869849002938e+03 2.272540000000000000e+19 -2.290443517267704010e-02 -4.759607464075088501e-02
-5.838445982483762009e+02 -4.408775458950764005e+03 -1.201563307327533494e+03 2.272740000000000000e+19 3.563834354281425476e-03 3.479627892374992371e-02
-5.768482382702263749e+02 -4.409868068066549313e+03 -1.200932835806184812e+03 2.272940000000000000e+19 -8.976268023252487183e-02 -2.237115055322647095e-02
-5.698491355516231351e+02 -4.410947468066236979e+03 -1.200310101822394472e+03 2.273140000000000000e+19 5.645945295691490173e-02 -1.044437587261199951e-01
-5.628473234909550911e+02 -4.412013653799290296e+03 -1.199695108347620817e+03 2.273340000000000000e+19 -3.018074110150337219e-02 2.559069357812404633e-02
-5.558428356214466248e+02 -4.413066620159538616e+03 -1.199087858327169897e+03 2.273540000000000000e+19 -1.192906722426414490e-01 -1.559864170849323273e-02
-5.488357054647279938e+02 -4.414106362107723726e+03 -1.198488354667181738e+03 2.273740000000000000e+19 -2.218631096184253693e-02 -1.553958281874656677e-03
-5.418259665795234241e+02 -4.415132874664475821e+03 -1.197896600238686915e+03 2.273940000000000000e+19 3.186536580324172974e-02 -1.684821695089340210e-01
-5.353981418755286086e+02 -4.416062387218291406e+03 -1.197360869849002938e+03 2.274140000000000000e+19 7.095640152692794800e-02 7.296171039342880249e-02
-5.137615944822908887e+02 -4.419106533731208401e+03 -1.195607130889886548e+03 2.274340000000000000e+19 2.895908430218696594e-03 1.026873439550399780e-01
-5.067393153026695245e+02 -4.420066826923295594e+03 -1.195054164347615369e+03 2.274540000000000000e+19 -6.754651665687561035e-02 7.753880228847265244e-03
-4.997146287590405791e+02 -4.421013862212405002e+03 -1.194508963463978489e+03 2.274740000000000000e+19 1.394760608673095703e-01 -2.553967945277690887e-02
-4.926875685920411456e+02 -4.421947635049794371e+03 -1.193971530857636253e+03 2.274940000000000000e+19 6.974396854639053345e-02 -9.584654122591018677e-02
-4.856581682844488910e+02 -4.422868140985989157e+03 -1.193441869089463580e+03 2.275140000000000000e+19 -3.042665682733058929e-02 -5.977246165275573730e-02
-4.786264616974969499e+02 -4.423775375586973496e+03 -1.192919980710786604e+03 2.275340000000000000e+19 -2.265966311097145081e-02 2.751181088387966156e-02
-4.715924823116899347e+02 -4.424669334533338770e+03 -1.192405868206331888e+03 2.275540000000000000e+19 8.982733637094497681e-02 -6.622106581926345825e-02
-4.651427282618590766e+02 -4.425477300060292691e+03 -1.191941332352188965e+03 2.275740000000000000e+19 -1.224841326475143433e-01 -3.596166521310806274e-02
-5.137615944822908887e+02 -4.419106533731208401e+03 -1.195607130889886548e+03 2.275940000000000000e+19 -7.547199726104736328e-02 -3.155408799648284912e-02
-5.067393153026695245e+02 -4.420066826923295594e+03 -1.195054164347615369e+03 2.276140000000000000e+19 3.392085060477256775e-02 -4.749014507979154587e-03
-4.997146287590405791e+02 -4.421013862212405002e+03 -1.194508963463978489e+03 2.276340000000000000e+19 -2.773964963853359222e-02 2.840030193328857422e-02
-4.926875685920411456e+02 -4.421947635049794371e+03 -1.193971530857636253e+03 2.276540000000000000e+19 8.743261545896530151e-02 -3.268731292337179184e-03
-4.856581682844488910e+02 -4.422868140985989157e+03 -1.193441869089463580e+03 2.276740000000000000e+19 -1.621298119425773621e-02 1.060934886336326599e-01
-4.786264616974969499e+02 -4.423775375586973496e+03 -1.192919980710786604e+03 2.276940000000000000e+19 6.464124470949172974e-02 -5.008405819535255432e-02
-4.715924823116899347e+02 -4.424669334533338770e+03 -1.192405868206331888e+03 2.277140000000000000e+19 2.658597379922866821e-02 -1.279422938823699951e-01
-4.651427282618590766e+02 -4.425477300060292691e+03 -1.191941332352188965e+03 2.277340000000000000e+19 4.163424018770456314e-03 -1.605421304702758789e-01
-4.434345106850530556e+02 -4.428112329098160444e+03 -1.190427225616203714e+03 2.277540000000000000e+19 -1.693040877580642700e-02 3.677482530474662781e-02
-4.363896726788981368e+02 -4.428939846840552491e+03 -1.189952028660397445e+03 2.277740000000000000e+19 -8.175990730524063110e-02 3.547834232449531555e-02
-4.293427641306772671e+02 -4.429754064197804837e+03 -1.189484621790995789e+03 2.277940000000000000e+19 -1.576121710240840912e-02 -2.337809419259428978e-03
-4.222938185932329702e+02 -4.430554977293136290e+03 -1.189025007233473389e+03 2.278140000000000000e+19 5.746273696422576904e-02 7.636261731386184692e-02
-4.152428699973740436e+02 -4.431342582271297942e+03 -1.188573187200194070e+03 2.278340000000000000e+19 1.127003580331802368e-01 -4.003411903977394104e-02
-4.081899518906235471e+02 -4.432116875384985178e+03 -1.188129163840831097e+03 2.278540000000000000e+19 -6.922302395105361938e-02 1.938655041158199310e-02
-4.011350982229114948e+02 -4.432877852907075066e+03 -1.187692939292709525e+03 2.278740000000000000e+19 -1.982841640710830688e-02 -1.810045912861824036e-02
-3.946665011334424662e+02 -4.433563884784973197e+03 -1.187299820258935597e+03 2.278940000000000000e+19 4.656675457954406738e-02 5.077390000224113464e-02
-4.434345106850530556e+02 -4.428112329098160444e+03 -1.190427225616203714e+03 2.279140000000000000e+19 1.680014282464981079e-01 -6.061195954680442810e-02
-4.363896726788981368e+02 -4.428939846840552491e+03 -1.189952028660397445e+03 2.279340000000000000e+19 -1.352983992546796799e-02 1.993329823017120361e-02
-4.293427641306772671e+02 -4.429754064197804837e+03 -1.189484621790995789e+03 2.279540000000000000e+19 1.955744251608848572e-02 -7.355889678001403809e-02
-4.222938185932329702e+02 -4.430554977293136290e+03 -1.189025007233473389e+03 2.279740000000000000e+19 -1.166641935706138611e-01 -3.265001997351646423e-02
-4.152428699973740436e+02 -4.431342582271297942e+03 -1.188573187200194070e+03 2.279940000000000000e+19 -3.141285851597785950e-02 -5.011856555938720703e-02
-4.081899518906235471e+02 -4.432116875384985178e+03 -1.188129163840831097e+03 2.280140000000000000e+19 -5.307736620306968689e-02 -1.790959574282169342e-02
-4.011350982229114948e+02 -4.432877852907075066e+03 -1.187692939292709525e+03 2.280340000000000000e+19 -3.119467943906784058e-02 -2.490573376417160034e-02
-3.946665011334424662e+02 -4.433563884784973197e+03 -1.187299820258935597e+03 2.280540000000000000e+19 -5.314287543296813965e-02 -1.628122292459011078e-02
-3.740741688913726080e+02 -4.435671514577135895e+03 -1.186093029573615468e+03 2.280740000000000000e+19 1.208173185586929321e-01 -9.075986593961715698e-02
-3.670104355854726350e+02 -4.436368083275072422e+03 -1.185694528002725292e+03 2.280940000000000000e+19 -2.092515975236892700e-01 -5.980353429913520813e-02
-3.599449636700605879e+02 -4.437051316049396519e+03 -1.185303836886957697e+03 2.281140000000000000e+19 1.640104502439498901e-01 4.571083933115005493e-02
-3.528777870816888367e+02 -4.437721209618615831e+03 -1.184920958102740542e+03 2.281340000000000000e+19 -2.707333564758300781e-01 6.749606132507324219e-02
-3.458089394451070007e+02 -4.438377760795606264e+03 -1.184545893471658474e+03 2.281540000000000000e+19 1.730233877897262573e-01 1.361973434686660767e-01
-3.387384547622821174e+02 -4.439020966422156562e+03 -1.184178644797868401e+03 2.281740000000000000e+19 -1.215152963995933533e-01 2.177246361970901489e-01
-3.316663667722186801e+02 -4.439650823429267803e+03 -1.183819213833646472e+03 2.281940000000000000e+19 7.087102532386779785e-02 -1.328277122229337692e-02
-3.251822595522828578e+02 -4.440216633399722014e+03 -1.183496504991257098e+03 2.282140000000000000e+19 -1.412000060081481934e-01 -2.470883354544639587e-02
-3.740741688913726080e+02 -4.435671514577135895e+03 -1.186093029573615468e+03 2.282340000000000000e+19 6.599569320678710938e-02 -2.790510952472686768e-01
-3.670104355854726350e+02 -4.436368083275072422e+03 -1.185694528002725292e+03 2.282540000000000000e+19 3.394086658954620361e-02 9.700211882591247559e-02
-3.599449636700605879e+02 -4.437051316049396519e+03 -1.185303836886957697e+03 2.282740000000000000e+19 -2.645227126777172089e-02 9.077999857254326344e-04
-3.528777870816888367e+02 -4.437721209618615831e+03 -1.184920958102740542e+03 2.282940000000000000e+19 -4.434984549880027771e-02 7.894709706306457520e-02
-3.458089394451070007e+02 -4.438377760795606264e+03 -1.184545893471658474e+03 2.283140000000000000e+19 -1.614590920507907867e-02 1.598169207572937012e-01
-3.387384547622821174e+02 -4.439020966422156562e+03 -1.184178644797868401e+03 2.283340000000000000e+19 -7.213924080133438110e-02 3.159116953611373901e-02
-3.316663667722186801e+02 -4.439650823429267803e+03 -1.183819213833646472e+03 2.283540000000000000e+19 1.347101628780364990e-01 -2.427957206964492798e-02
-3.251822595522828578e+02 -4.440216633399722014e+03 -1.183496504991257098e+03 2.283740000000000000e+19 -1.710291393101215363e-02 -4.807215929031372070e-02
-3.033626589758241039e+02 -4.442036705914571940e+03 -1.182459700925336392e+03 2.283940000000000000e+19 6.537550687789916992e-02 -9.258607029914855957e-02
-2.962830624717003047e+02 -4.442599775870667145e+03 -1.182139383571953886e+03 2.284140000000000000e+19 6.188977044075727463e-03 -1.605630367994308472e-01
-2.892020657419967051e+02 -4.443149480087688062e+03 -1.181826893683070921e+03 2.284340000000000000e+19 5.930619314312934875e-02 -7.513970881700515747e-02
-2.821197028964610922e+02 -4.443685815917674518e+03 -1.181522232763953753e+03 2.284540000000000000e+19 -3.513424471020698547e-02 -1.588954217731952667e-02
-2.750360076567433225e+02 -4.444208780806950926e+03 -1.181225402265176626e+03 2.284740000000000000e+19 8.772747218608856201e-02 -1.282323002815246582e-01
-2.679510139728651552e+02 -4.444718372248892592e+03 -1.180936403609465515e+03 2.284940000000000000e+19 -1.553700715303421021e-01 1.987532712519168854e-02
-2.608647558504519566e+02 -4.445214587797729109e+03 -1.180655238183839856e+03 2.285140000000000000e+19 1.889294572174549103e-02 1.161382198333740234e-01
-2.543679526238650226e+02 -4.445657870028730031e+03 -1.180404285871033608e+03 2.285340000000000000e+19 1.124633103609085083e-02 -1.069195270538330078e-01
-3.033626589758241039e+02 -4.442036705914571940e+03 -1.182459700925336392e+03 2.285540000000000000e+19 2.968433685600757599e-02 -1.941605471074581146e-02
-2.962830624717003047e+02 -4.442599775870667145e+03 -1.182139383571953886e+03 2.285740000000000000e+19 -9.285520762205123901e-02 -3.681028028950095177e-03
-2.892020657419967051e+02 -4.443149480087688062e+03 -1.181826893683070921e+03 2.285940000000000000e+19 -1.616030745208263397e-02 -9.132604114711284637e-03
-2.821197028964610922e+02 -4.443685815917674518e+03 -1.181522232763953753e+03 2.286140000000000000e+19 -6.598579883575439453e-02 9.272855520248413086e-02
-2.750360076567433225e+02 -4.444208780806950926e+03 -1.181225402265176626e+03 2.286340000000000000e+19 8.756171911954879761e-02 -2.862389665096998215e-03
-2.679510139728651552e+02 -4.444718372248892592e+03 -1.180936403609465515e+03 2.286540000000000000e+19 9.868706576526165009e-03 -2.744392864406108856e-02
-2.608647558504519566e+02 -4.445214587797729109e+03 -1.180655238183839856e+03 2.286740000000000000e+19 5.140122026205062866e-03 3.592217341065406799e-02
-2.543679526238650226e+02 -4.445657870028730031e+03 -1.180404285871033608e+03 2.286940000000000000e+19 -4.305357486009597778e-02 6.733917444944381714e-02
-2.325077565078905764e+02 -4.447065644587331008e+03 -1.179608935096995765e+03 2.287140000000000000e+19 -7.168032974004745483e-02 -1.319067273288965225e-02
-2.254156845831396652e+02 -4.447494946360582617e+03 -1.179366955237921502e+03 2.287340000000000000e+19 -1.034078821539878845e-01 -1.480559259653091431e-01
-2.183225517828166744e+02 -4.447910858953870957e+03 -1.179132816119148856e+03 2.287540000000000000e+19 -1.181471869349479675e-01 -2.247571200132369995e-02
-2.112283918798582079e+02 -4.448313380386981407e+03 -1.178906518855423883e+03 2.287740000000000000e+19 -6.938090175390243530e-02 9.391426295042037964e-02
-2.041332390227057090e+02 -4.448702508722308266e+03 -1.178688064536052025e+03 2.287940000000000000e+19 -2.670422568917274475e-02 9.131860733032226562e-02
-1.970371269693547447e+02 -4.449078242108442282e+03 -1.178477454200388820e+03 2.288140000000000000e+19 -3.535942360758781433e-02 4.047856852412223816e-02
-1.899400898774942732e+02 -4.449440578736858697e+03 -1.178274688862143648e+03 2.288340000000000000e+19 -1.208382174372673035e-01 1.025255247950553894e-01
-1.834336997005024443e+02 -4.449761121095868475e+03 -1.178095613170349907e+03 2.288540000000000000e+19 1.064060032367706299e-01 -3.030057065188884735e-02
-2.325077565078905764e+02 -4.447065644587331008e+03 -1.179608935096995765e+03 2.288740000000000000e+19 1.139476522803306580e-01 -1.292501688003540039e-01
-2.254156845831396652e+02 -4.447494946360582617e+03 -1.179366955237921502e+03 2.288940000000000000e+19 3.081730008125305176e-02 -9.958446770906448364e-02
-2.183225517828166744e+02 -4.447910858953870957e+03 -1.179132816119148856e+03 2.289140000000000000e+19 5.068581551313400269e-02 -7.313308306038379669e-03
-2.112283918798582079e+02 -4.448313380386981407e+03 -1.178906518855423883e+03 2.289340000000000000e+19 -9.483615867793560028e-03 1.227492187172174454e-02
-2.041332390227057090e+02 -4.448702508722308266e+03 -1.178688064536052025e+03 2.289540000000000000e+19 -9.127005189657211304e-02 -3.671049326658248901e-02
-1.970371269693547447e+02 -4.449078242108442282e+03 -1.178477454200388820e+03 2.289740000000000000e+19 1.120677962899208069e-01 7.232503965497016907e-03
-1.899400898774942732e+02 -4.449440578736858697e+03 -1.178274688862143648e+03 2.289940000000000000e+19 -5.334945395588874817e-02 -1.201219931244850159e-01
-1.834336997005024443e+02 -4.449761121095868475e+03 -1.178095613170349907e+03 2.290140000000000000e+19 -1.581891626119613647e-02 -4.318637028336524963e-02
-1.615433692670743824e+02 -4.450755924016897552e+03 -1.177542096292233282e+03 2.290340000000000000e+19 -8.163996040821075439e-02 4.041064903140068054e-02
-1.544422159897886786e+02 -4.451051252156889859e+03 -1.177378569729604123e+03 2.290540000000000000e+19 4.067229852080345154e-02 -4.861057177186012268e-02
-1.473403414726097083e+02 -4.451333174100276665e+03 -1.177222893421315575e+03 2.290740000000000000e+19 -7.054781168699264526e-02 7.457607984542846680e-02
-1.402377795795463555e+02 -4.451601688502602883e+03 -1.177075068109762242e+03 2.290940000000000000e+19 -3.876704722642898560e-02 1.403264999389648438e-01
-1.331345643510501873e+02 -4.451856794076753431e+03 -1.176935094503525988e+03 2.291140000000000000e+19 2.668114006519317627e-02 2.925925143063068390e-02
-1.260307299049419356e+02 -4.452098489597590742e+03 -1.176802973274801388e+03 2.291340000000000000e+19 1.472439803183078766e-02 6.749776750802993774e-02
-1.189263100403659195e+02 -4.452326773915304329e+03 -1.176678705052103396e+03 2.291540000000000000e+19 1.067660152912139893e-01 5.646891519427299500e-02
-1.124134476853341624e+02 -4.452524422973475339e+03 -1.176571591694310655e+03 2.291740000000000000e+19 1.915302313864231110e-02 1.446692738682031631e-02
-1.615433692670743824e+02 -4.450755924016897552e+03 -1.177542096292233282e+03 2.291940000000000000e+19 -7.130414992570877075e-02 -2.293450757861137390e-02
-1.544422159897886786e+02 -4.451051252156889859e+03 -1.177378569729604123e+03 2.292140000000000000e+19 7.502057403326034546e-02 8.612405508756637573e-03
-1.473403414726097083e+02 -4.451333174100276665e+03 -1.177222893421315575e+03 2.292340000000000000e+19 1.195637881755828857e-02 5.408411845564842224e-02
-1.402377795795463555e+02 -4.451601688502602883e+03 -1.177075068109762242e+03 2.292540000000000000e+19 8.334041573107242584e-03 5.503257736563682556e-02
-1.331345643510501873e+02 -4.451856794076753431e+03 -1.176935094503525988e+03 2.292740000000000000e+19 -6.769447028636932373e-02 -3.397076204419136047e-02
-1.260307299049419356e+02 -4.452098489597590742e+03 -1.176802973274801388e+03 2.292940000000000000e+19 -4.464304447174072266e-02 3.364904597401618958e-02
-1.189263100403659195e+02 -4.452326773915304329e+03 -1.176678705052103396e+03 2.293140000000000000e+19 -8.965335786342620850e-02 1.008280832320451736e-02
-1.124134476853341624e+02 -4.452524422973475339e+03 -1.176571591694310655e+03 2.293340000000000000e+19 2.236577868461608887e-02 -1.209125667810440063e-01
