# Baseline: 18-25
# Entries: 128
# u [m], v [m], w [m], frequency [GHz], real, imag
4.993253137068167007e+02 -4.999786170497101921e+03 -1.158131890807110409e+02 2.267940000000000000e+19 4.453639686107635498e-02 -1.995059661567211151e-02
5.086349355035071085e+02 -4.998834441802455331e+03 -1.163827315483795104e+02 2.268140000000000000e+19 -7.382729649543762207e-02 3.457782045006752014e-02
5.179421087305937590e+02 -4.997865138818301602e+03 -1.169625604898330948e+02 2.268340000000000000e+19 1.199852898716926575e-01 -3.022237122058868408e-02
5.272467889112456305e+02 -4.996878266176855504e+03 -1.175526731340961248e+02 2.268540000000000000e+19 -1.218934953212738037e-01 5.202511698007583618e-02
5.342237166410417331e+02 -4.996127133226940714e+03 -1.180016833965164551e+02 2.268740000000000000e+19 1.482771486043930054e-01 -9.783178567886352539e-02
5.458484920262441165e+02 -4.994851830896805950e+03 -1.187637381858460088e+02 2.268940000000000000e+19 -3.564328327775001526e-02 3.331126645207405090e-02
5.551454257434497777e+02 -4.993812277977897793e+03 -1.193846847844796031e+02 2.269140000000000000e+19 -2.044911868870258331e-02 -1.619313359260559082e-01
5.667629422225345479e+02 -4.992488868021326198e+03 -1.201748968947750740e+02 2.269340000000000000e+19 -1.790746599435806274e-01 -9.636096656322479248e-02
4.993253137068167007e+02 -4.999786170497101921e+03 -1.158131890807110409e+02 2.269540000000000000e+19 7.237780094146728516e-02 -1.805731654167175293e-02
5.086349355035071085e+02 -4.998834441802455331e+03 -1.163827315483795104e+02 2.269740000000000000e+19 5.267716571688652039e-02 1.777727156877517700e-01
5.179421087305937590e+02 -4.997865138818301602e+03 -1.169625604898330948e+02 2.269940000000000000e+19 -4.822869971394538879e-02 -4.556025564670562744e-02
5.272467889112456305e+02 -4.996878266176855504e+03 -1.175526731340961248e+02 2.270140000000000000e+19 -2.255595475435256958e-02 1.835132837295532227e-01
5.342237166410417331e+02 -4.996127133226940714e+03 -1.180016833965164551e+02 2.270340000000000000e+19 1.093430370092391968e-01 3.953942656517028809e-02
5.458484920262441165e+02 -4.994851830896805950e+03 -1.187637381858460088e+02 2.270540000000000000e+19 1.156425848603248596e-01 8.849009871482849121e-02
5.551454257434497777e+02 -4.993812277977897793e+03 -1.193846847844796031e+02 2.270740000000000000e+19 -1.170984134078025818e-01 1.799074746668338776e-02
5.667629422225345479e+02 -4.992488868021326198e+03 -1.201748968947750740e+02 2.270940000000000000e+19 5.355382338166236877e-02 4.439034685492515564e-02
5.923060050260537537e+02 -4.989478614690953691e+03 -1.219711618398691400e+02 2.271140000000000000e+19 -1.583556272089481354e-02 2.423597872257232666e-02
6.015891386166193797e+02 -4.988351361894054207e+03 -1.226434382942978800e+02 2.271340000000000000e+19 -2.779866009950637817e-02 -4.752803593873977661e-02
6.108693787187299904e+02 -4.987206584985820882e+03 -1.233259712548872926e+02 2.271540000000000000e+19 2.648695372045040131e-02 3.812896786257624626e-03
6.201466810489224599e+02 -4.986044289429105447e+03 -1.240187574645810713e+02 2.271740000000000000e+19 1.109812874346971512e-02 -6.017762795090675354e-02
6.294210011761663282e+02 -4.984864480790442030e+03 -1.247217936054286014e+02 2.271940000000000000e+19 2.954425057396292686e-03 -1.442811917513608932e-02
6.386922947160010153e+02 -4.983667164716035586e+03 -1.254350763128872899e+02 2.272140000000000000e+19 3.553789108991622925e-02 -1.231206208467483521e-02
6.479605172662094219e+02 -4.982452346940345706e+03 -1.261586021707225598e+02 2.272340000000000000e+19 -2.680433169007301331e-02 -2.764588966965675354e-02
6.564536925558177245e+02 -4.981323616851270344e+03 -1.268306992561671223e+02 2.272540000000000000e+19 -5.906908214092254639e-02 6.277407705783843994e-02
5.923060050260537537e+02 -4.989478614690953691e+03 -1.219711618398691400e+02 2.272740000000000000e+19 -4.115087445825338364e-03 4.278547316789627075e-02
6.015891386166193797e+02 -4.988351361894054207e+03 -1.226434382942978800e+02 2.272940000000000000e+19 -6.216163933277130127e-02 8.491308987140655518e-02
6.108693787187299904e+02 -4.987206584985820882e+03 -1.233259712548872926e+02 2.273140000000000000e+19 3.774106502532958984e-02 4.667332023382186890e-02
6.201466810489224599e+02 -4.986044289429105447e+03 -1.240187574645810713e+02 2.273340000000000000e+19 -1.260564755648374557e-02 -1.323631778359413147e-02
6.294210011761663282e+02 -4.984864480790442030e+03 -1.247217936054286014e+02 2.273540000000000000e+19 1.098344102501869202e-02 3.924170508980751038e-02
6.386922947160010153e+02 -4.983667164716035586e+03 -1.254350763128872899e+02 2.273740000000000000e+19 4.330138489603996277e-02 -1.542272046208381653e-02
6.479605172662094219e+02 -4.982452346940345706e+03 -1.261586021707225598e+02 2.273940000000000000e+19 9.614091366529464722e-02 1.163271442055702209e-02
6.564536925558177245e+02 -4.981323616851270344e+03 -1.268306992561671223e+02 2.274140000000000000e+19 -7.538496702909469604e-02 -1.881813816726207733e-02
6.850018112065444029e+02 -4.977418176287648748e+03 -1.291550671593199411e+02 2.274340000000000000e+19 -6.182282231748104095e-03 -8.624791353940963745e-02
6.942540139101537306e+02 -4.976115938870399077e+03 -1.299297558595158932e+02 2.274540000000000000e+19 2.019018679857254028e-02 -7.086829096078872681e-02
7.035028798493647173e+02 -4.974796235872324360e+03 -1.307146662101474135e+02 2.274740000000000000e+19 3.029107116162776947e-02 2.158075571060180664e-02
7.127483646004791353e+02 -4.973459073632168838e+03 -1.315097944411418496e+02 2.274940000000000000e+19 6.102485954761505127e-02 -9.034585207700729370e-02
7.219904241102053675e+02 -4.972104458521045672e+03 -1.323151367639652847e+02 2.275140000000000000e+19 -4.353538900613784790e-02 -2.483548596501350403e-02
7.312290138588108448e+02 -4.970732397064432917e+03 -1.331306892990863844e+02 2.275340000000000000e+19 6.153320893645286560e-02 -7.329620886594057083e-03
7.404640898581543524e+02 -4.969342895795551158e+03 -1.339564481631456658e+02 2.275540000000000000e+19 -5.213363096117973328e-02 -3.059187904000282288e-02
7.489264973775897261e+02 -4.968054093480453957e+03 -1.347222265324974160e+02 2.275740000000000000e+19 2.973818033933639526e-02 1.520133856683969498e-02
6.850018112065444029e+02 -4.977418176287648748e+03 -1.291550671593199411e+02 2.275940000000000000e+19 3.561666607856750488e-02 3.629244491457939148e-02
6.942540139101537306e+02 -4.976115938870399077e+03 -1.299297558595158932e+02 2.276140000000000000e+19 -3.436253964900970459e-02 4.474971070885658264e-02
7.035028798493647173e+02 -4.974796235872324360e+03 -1.307146662101474135e+02 2.276340000000000000e+19 -1.233226507902145386e-01 2.238013595342636108e-02
7.127483646004791353e+02 -4.973459073632168838e+03 -1.315097944411418496e+02 2.276540000000000000e+19 8.587180078029632568e-02 -4.866306204348802567e-03
7.219904241102053675e+02 -4.972104458521045672e+03 -1.323151367639652847e+02 2.276740000000000000e+19 4.294980783015489578e-03 1.209114957600831985e-02
7.312290138588108448e+02 -4.970732397064432917e+03 -1.331306892990863844e+02 2.276940000000000000e+19 -8.915964514017105103e-02 -4.733364284038543701e-02
7.404640898581543524e+02 -4.969342895795551158e+03 -1.339564481631456658e+02 2.277140000000000000e+19 -7.013238221406936646e-02 6.769406795501708984e-02
7.489264973775897261e+02 -4.968054093480453957e+03 -1.347222265324974160e+02 2.277340000000000000e+19 7.517778873443603516e-02 -2.658107317984104156e-03
7.773683720433630242e+02 -4.963610626940459952e+03 -1.373614670816167518e+02 2.277540000000000000e+19 3.914466500282287598e-02 3.510481491684913635e-02
7.865852164009379521e+02 -4.962134028068179759e+03 -1.382381973102647805e+02 2.277740000000000000e+19 -5.188492685556411743e-02 4.516661912202835083e-02
7.957982819284751486e+02 -4.960640030558493891e+03 -1.391251094094839402e+02 2.277940000000000000e+19 8.650853484869003296e-02 5.255963653326034546e-03
8.050075247592924370e+02 -4.959128641524858722e+03 -1.400221991563471420e+02 2.278140000000000000e+19 -7.814962416887283325e-02 -6.543909758329391479e-02
8.142129005637942782e+02 -4.957599868242539742e+03 -1.409294622325761566e+02 2.278340000000000000e+19 -8.393737673759460449e-02 1.569146811962127686e-01
8.234143655439756913e+02 -4.956053717985273579e+03 -1.418468943214896285e+02 2.278540000000000000e+19 5.535424128174781799e-02 3.617816790938377380e-02
8.326118754076768482e+02 -4.954490198195630910e+03 -1.427744910069022524e+02 2.278740000000000000e+19 7.189904339611530304e-03 -9.150488674640655518e-02
8.410394657665664226e+02 -4.953041940368712858e+03 -1.436335842199675881e+02 2.278940000000000000e+19 -6.128140911459922791e-02 -8.774255216121673584e-02
7.773683720433630242e+02 -4.963610626940459952e+03 -1.373614670816167518e+02 2.279140000000000000e+19 6.089098751544952393e-03 5.071390047669410706e-02
7.865852164009379521e+02 -4.962134028068179759e+03 -1.382381973102647805e+02 2.279340000000000000e+19 -8.258330076932907104e-02 -5.482072010636329651e-03
7.957982819284751486e+02 -4.960640030558493891e+03 -1.391251094094839402e+02 2.279540000000000000e+19 -2.392449416220188141e-02 -1.698999665677547455e-02
8.050075247592924370e+02 -4.959128641524858722e+03 -1.400221991563471420e+02 2.279740000000000000e+19 3.990295156836509705e-02 5.298257246613502502e-02
8.142129005637942782e+02 -4.957599868242539742e+03 -1.409294622325761566e+02 2.279940000000000000e+19 7.725697010755538940e-02 -7.175280153751373291e-02
8.234143655439756913e+02 -4.956053717985273579e+03 -1.418468943214896285e+02 2.280140000000000000e+19 1.307732313871383667e-01 6.839080899953842163e-02
8.326118754076768482e+02 -4.954490198195630910e+03 -1.427744910069022524e+02 2.280340000000000000e+19 -8.152201771736145020e-03 -4.493135493248701096e-03
8.410394657665664226e+02 -4.953041940368712858e+03 -1.436335842199675881e+02 2.280540000000000000e+19 6.575942784547805786e-02 3.896069526672363281e-02
8.678315655524691010e+02 -4.948335931860784513e+03 -1.464243615477082585e+02 2.280740000000000000e+19 1.240728143602609634e-02 2.207724563777446747e-02
8.770093395675534111e+02 -4.946688566190810889e+03 -1.474010237309696834e+02 2.280940000000000000e+19 -4.442210122942924500e-02 -7.233294844627380371e-02
8.861829021348977449e+02 -4.945023875780277194e+03 -1.483878239462184467e+02 2.281140000000000000e+19 6.264047324657440186e-02 8.262147754430770874e-02
8.953522091925576660e+02 -4.943341868625174357e+03 -1.493847574535471665e+02 2.281340000000000000e+19 3.999612480401992798e-02 -1.345294341444969177e-02
9.045172171141815625e+02 -4.941642552728472765e+03 -1.503918195095379815e+02 2.281540000000000000e+19 3.359149768948554993e-02 1.159113571047782898e-01
9.136778818149811059e+02 -4.939925936263926815e+03 -1.514090052701701268e+02 2.281740000000000000e+19 -1.161537393927574158e-01 -1.560600101947784424e-01
9.228341595821360670e+02 -4.938192027423224317e+03 -1.524363098814218915e+02 2.281940000000000000e+19 1.066892668604850769e-01 1.130274832248687744e-01
9.312235798045735464e+02 -4.936587647171612844e+03 -1.533867619880150528e+02 2.282140000000000000e+19 3.406170383095741272e-02 7.949163019657135010e-02
8.678315655524691010e+02 -4.948335931860784513e+03 -1.464243615477082585e+02 2.282340000000000000e+19 2.492519654333591461e-02 7.620675861835479736e-02
8.770093395675534111e+02 -4.946688566190810889e+03 -1.474010237309696834e+02 2.282540000000000000e+19 -7.370328158140182495e-02 -2.347832173109054565e-02
8.861829021348977449e+02 -4.945023875780277194e+03 -1.483878239462184467e+02 2.282740000000000000e+19 5.204090103507041931e-02 9.326168335974216461e-03
8.953522091925576660e+02 -4.943341868625174357e+03 -1.493847574535471665e+02 2.282940000000000000e+19 -1.459211260080337524e-01 -1.017197668552398682e-01
9.045172171141815625e+02 -4.941642552728472765e+03 -1.503918195095379815e+02 2.283140000000000000e+19 4.052537493407726288e-03 4.228453710675239563e-02
9.136778818149811059e+02 -4.939925936263926815e+03 -1.514090052701701268e+02 2.283340000000000000e+19 2.851254306733608246e-02 -6.322024762630462646e-02
9.228341595821360670e+02 -4.938192027423224317e+03 -1.524363098814218915e+02 2.283540000000000000e+19 -8.153967559337615967e-02 -2.757166884839534760e-02
9.312235798045735464e+02 -4.936587647171612844e+03 -1.533867619880150528e+02 2.283740000000000000e+19 2.177301095798611641e-03 7.490098476409912109e-02
9.594145249557998341e+02 -4.931083635553195563e+03 -1.566466177465538010e+02 2.283940000000000000e+19 -8.962132036685943604e-02 -2.547733252868056297e-03
9.685482109341375008e+02 -4.929263391004961704e+03 -1.577244418676807527e+02 2.284140000000000000e+19 -1.191468313336372375e-01 -1.039385423064231873e-01
9.776772475111023368e+02 -4.927425905083061480e+03 -1.588123546304632328e+02 2.284340000000000000e+19 2.599950879812240601e-02 4.041460901498794556e-02
9.868015907113807543e+02 -4.925571186638833751e+03 -1.599103507943021327e+02 2.284540000000000000e+19 6.897328048944473267e-02 -4.420327022671699524e-02
9.959211970907384739e+02 -4.923699244503271075e+03 -1.610184251312156789e+02 2.284740000000000000e+19 9.486033022403717041e-02 1.442549973726272583e-01
1.005036022941547117e+03 -4.921810087647768341e+03 -1.621365723306692246e+02 2.284940000000000000e+19 1.082855463027954102e-02 -3.401537612080574036e-02
1.014146024515714316e+03 -4.919903725139783091e+03 -1.632647870258278147e+02 2.285140000000000000e+19 3.493384271860122681e-02 1.366070844233036041e-02
1.022492646642893078e+03 -4.918141338087150871e+03 -1.643076952042475796e+02 2.285340000000000000e+19 3.642505779862403870e-02 -3.438591212034225464e-02
9.594145249557998341e+02 -4.931083635553195563e+03 -1.566466177465538010e+02 2.285540000000000000e+19 4.987906292080879211e-02 -2.026742883026599884e-02
9.685482109341375008e+02 -4.929263391004961704e+03 -1.577244418676807527e+02 2.285740000000000000e+19 -7.155716884881258011e-03 -4.130412638187408447e-02
9.776772475111023368e+02 -4.927425905083061480e+03 -1.588123546304632328e+02 2.285940000000000000e+19 -4.501212388277053833e-02 -1.040589734911918640e-01
9.868015907113807543e+02 -4.925571186638833751e+03 -1.599103507943021327e+02 2.286140000000000000e+19 2.353257127106189728e-02 -1.463858876377344131e-02
9.959211970907384739e+02 -4.923699244503271075e+03 -1.610184251312156789e+02 2.286340000000000000e+19 9.662085026502609253e-02 2.392068738117814064e-03
1.005036022941547117e+03 -4.921810087647768341e+03 -1.621365723306692246e+02 2.286540000000000000e+19 4.434302449226379395e-02 -3.737208992242813110e-02
1.014146024515714316e+03 -4.919903725139783091e+03 -1.632647870258278147e+02 2.286740000000000000e+19 6.034315377473831177e-02 -5.066864937543869019e-02
1.022492646642893078e+03 -4.918141338087150871e+03 -1.643076952042475796e+02 2.286940000000000000e+19 -5.295015405863523483e-03 -9.304193779826164246e-03
1.050536917483594152e+03 -4.912106402069008254e+03 -1.678782121815443702e+02 2.287140000000000000e+19 -1.617219112813472748e-02 -4.248317331075668335e-02
1.059622144712557429e+03 -4.910114149682944117e+03 -1.690566824679588365e+02 2.287340000000000000e+19 -1.325513795018196106e-02 -1.360950432717800140e-02
1.068702286430535196e+03 -4.908104747619500813e+03 -1.702451871312909475e+02 2.287540000000000000e+19 1.158001720905303955e-01 -1.463625486940145493e-02
1.077777299403785946e+03 -4.906078205446287029e+03 -1.714437205125535399e+02 2.287740000000000000e+19 -5.569821596145629883e-02 8.246353827416896820e-03
1.086847139948826680e+03 -4.904034532918227342e+03 -1.726522768424875380e+02 2.287940000000000000e+19 -2.881054021418094635e-02 4.555544257164001465e-02
1.095911764912345916e+03 -4.901973739758933334e+03 -1.738708503708987223e+02 2.288140000000000000e+19 -7.592514157295227051e-02 7.358715403825044632e-03
1.104971130661091138e+03 -4.899895835888325564e+03 -1.750994352319620191e+02 2.288340000000000000e+19 -5.209774523973464966e-02 2.778750658035278320e-02
1.113270960403773870e+03 -4.897976285429585005e+03 -1.762343003938446770e+02 2.288540000000000000e+19 -8.381710201501846313e-02 3.835827484726905823e-02
1.050536917483594152e+03 -4.912106402069008254e+03 -1.678782121815443702e+02 2.288740000000000000e+19 6.727328896522521973e-02 6.437165290117263794e-02
1.059622144712557429e+03 -4.910114149682944117e+03 -1.690566824679588365e+02 2.288940000000000000e+19 7.705510593950748444e-03 -1.675474271178245544e-02
1.068702286430535196e+03 -4.908104747619500813e+03 -1.702451871312909475e+02 2.289140000000000000e+19 8.588384836912155151e-02 6.181748211383819580e-02
1.077777299403785946e+03 -4.906078205446287029e+03 -1.714437205125535399e+02 2.289340000000000000e+19 -3.679240867495536804e-02 8.260326087474822998e-02
1.086847139948826680e+03 -4.904034532918227342e+03 -1.726522768424875380e+02 2.289540000000000000e+19 -1.201468259096145630e-01 -9.183748066425323486e-02
1.095911764912345916e+03 -4.901973739758933334e+03 -1.738708503708987223e+02 2.289740000000000000e+19 -9.086373262107372284e-03 3.259948268532752991e-02
1.104971130661091138e+03 -4.899895835888325564e+03 -1.750994352319620191e+02 2.289940000000000000e+19 1.045138984918594360e-01 6.346810609102249146e-03
1.113270960403773870e+03 -4.897976285429585005e+03 -1.762343003938446770e+02 2.290140000000000000e+19 -6.695690751075744629e-02 6.935497745871543884e-03
1.141155136322814315e+03 -4.891413313052298690e+03 -1.801137698995711673e+02 2.290340000000000000e+19 -5.306063219904899597e-02 -2.929669432342052460e-02
1.150187556866988871e+03 -4.889250006267195204e+03 -1.813923223647639986e+02 2.290540000000000000e+19 7.829228998161852360e-04 3.660991555079817772e-03
1.159214458510282157e+03 -4.887069649649899475e+03 -1.826808501745767046e+02 2.290740000000000000e+19 4.817226529121398926e-02 -7.876357436180114746e-02
1.168235798209467021e+03 -4.884872253596849987e+03 -1.839793471849941966e+02 2.290940000000000000e+19 4.407965391874313354e-02 8.272749837487936020e-04
1.177251532727873382e+03 -4.882657828639255968e+03 -1.852878071728342491e+02 2.291140000000000000e+19 2.634742110967636108e-02 -5.448856204748153687e-02
1.186261618761649743e+03 -4.880426385413557000e+03 -1.866062238532140327e+02 2.291340000000000000e+19 -5.092491861432790756e-03 -3.127557225525379181e-03
1.195266013442021404e+03 -4.878177934536865905e+03 -1.879345909531461700e+02 2.291540000000000000e+19 2.745103836059570312e-02 2.202788181602954865e-02
1.203515077474773307e+03 -4.876102139638051995e+03 -1.891608697911434831e+02 2.291740000000000000e+19 -1.312593813054263592e-04 -1.492201816290616989e-02
1.141155136322814315e+03 -4.891413313052298690e+03 -1.801137698995711673e+02 2.291940000000000000e+19 5.368763580918312073e-02 3.408215939998626709e-02
1.150187556866988871e+03 -4.889250006267195204e+03 -1.813923223647639986e+02 2.292140000000000000e+19 -4.137063398957252502e-02 -6.260270625352859497e-02
1.159214458510282157e+03 -4.887069649649899475e+03 -1.826808501745767046e+02 2.292340000000000000e+19 4.206014052033424377e-02 7.320284843444824219e-02
1.168235798209467021e+03 -4.884872253596849987e+03 -1.839793471849941966e+02 2.292540000000000000e+19 -2.749197743833065033e-02 -4.703567922115325928e-02
1.177251532727873382e+03 -4.882657828639255968e+03 -1.852878071728342491e+02 2.292740000000000000e+19 3.253141418099403381e-02 2.186560444533824921e-02
1.186261618761649743e+03 -4.880426385413557000e+03 -1.866062238532140327e+02 2.292940000000000000e+19 -4.469449445605278015e-02 5.163468793034553528e-02
1.195266013442021404e+03 -4.878177934536865905e+03 -1.879345909531461700e+02 2.293140000000000000e+19 1.270905695855617523e-02 -3.663400560617446899e-02
1.203515077474773307e+03 -4.876102139638051995e+03 -1.891608697911434831e+02 2.293340000000000000e+19 -2.723398990929126740e-02 4.508807137608528137e-02
