# Baseline: 3-8
# u [m], v [m], w [m], frequency [GHz], real, imag
-1.247023700308073103e+03 -1.427643084064481172e+03 -1.430966141182329920e+03 2.267940000000000000e+19 -2.020862139761447906e-02 2.520704828202724457e-02
-1.245907240442709963e+03 -1.429992654532385359e+03 -1.429591948079349095e+03 2.268140000000000000e+19 -8.669322729110717773e-02 -1.355279120616614819e-03
-1.244784828681680665e+03 -1.432340115091423741e+03 -1.428218998193650350e+03 2.268340000000000000e+19 1.755249351263046265e-01 -2.642711251974105835e-02
-1.243656470388784328e+03 -1.434685454523629232e+03 -1.426847298086235014e+03 2.268540000000000000e+19 1.208482831716537476e-01 -1.576545834541320801e-01
-1.242806488025824592e+03 -1.436443127280195085e+03 -1.425819307692549728e+03 2.268740000000000000e+19 -2.646599896252155304e-03 2.225788235664367676e-01
-1.241381935835612694e+03 -1.439369725120898920e+03 -1.424107673458690670e+03 2.268940000000000000e+19 -9.934334456920623779e-02 1.034530922770500183e-01
-1.240235770484615387e+03 -1.441708633819386478e+03 -1.422739762078266722e+03 2.269140000000000000e+19 3.491141647100448608e-02 1.623417884111404419e-01
-1.238794972435581712e+03 -1.444629310883684639e+03 -1.421031615928115571e+03 2.269340000000000000e+19 6.398449838161468506e-02 -1.921585015952587128e-02
-1.247023700308073103e+03 -1.427643084064481172e+03 -1.430966141182329920e+03 2.269540000000000000e+19 -9.797479957342147827e-02 8.134488016366958618e-02
-1.245907240442709963e+03 -1.429992654532385359e+03 -1.429591948079349095e+03 2.269740000000000000e+19 -1.260257884860038757e-02 1.266786307096481323e-01
-1.244784828681680665e+03 -1.432340115091423741e+03 -1.428218998193650350e+03 2.269940000000000000e+19 -9.932546317577362061e-02 2.044885046780109406e-02
-1.243656470388784328e+03 -1.434685454523629232e+03 -1.426847298086235014e+03 2.270140000000000000e+19 -6.129182502627372742e-02 1.580569706857204437e-02
-1.242806488025824592e+03 -1.436443127280195085e+03 -1.425819307692549728e+03 2.270340000000000000e+19 -1.089870035648345947e-01 1.142861619591712952e-01
-1.241381935835612694e+03 -1.439369725120898920e+03 -1.424107673458690670e+03 2.270540000000000000e+19 8.281843736767768860e-03 -1.125734448432922363e-01
-1.240235770484615387e+03 -1.441708633819386478e+03 -1.422739762078266722e+03 2.270740000000000000e+19 2.020425051450729370e-01 -1.083416645997203887e-04
-1.238794972435581712e+03 -1.444629310883684639e+03 -1.421031615928115571e+03 2.270940000000000000e+19 -2.037546224892139435e-02 2.724930457770824432e-02
-1.235591916737618476e+03 -1.451042497230133677e+03 -1.417280941924483386e+03 2.271140000000000000e+19 1.946664229035377502e-02 3.422766923904418945e-02
-1.234416182999240618e+03 -1.453370464391968426e+03 -1.415919475888431407e+03 2.271340000000000000e+19 1.267924159765243530e-02 -2.216715924441814423e-02
-1.233234552366961680e+03 -1.455696209748752381e+03 -1.414559318511902802e+03 2.271540000000000000e+19 -3.857065737247467041e-02 -8.688028156757354736e-02
-1.232047030479363457e+03 -1.458019722202501498e+03 -1.413200476285285959e+03 2.271740000000000000e+19 -3.747952356934547424e-02 -2.809551730751991272e-02
-1.230853623023768705e+03 -1.460340990625405311e+03 -1.411842955716370398e+03 2.271940000000000000e+19 4.583168402314186096e-02 5.040779244154691696e-03
-1.229654335711499471e+03 -1.462660003908472618e+03 -1.410486763301891642e+03 2.272140000000000000e+19 6.536968052387237549e-02 1.888353824615478516e-01
-1.228449174286293101e+03 -1.464976750945466847e+03 -1.409131905536933573e+03 2.272340000000000000e+19 6.859640032052993774e-02 -5.568566732108592987e-03
-1.227339362292272654e+03 -1.467098464573672800e+03 -1.407891113411322522e+03 2.272540000000000000e+19 2.237666584551334381e-02 6.885299831628799438e-02
-1.235591916737618476e+03 -1.451042497230133677e+03 -1.417280941924483386e+03 2.272740000000000000e+19 -9.102983027696609497e-02 -1.981701329350471497e-02
-1.234416182999240618e+03 -1.453370464391968426e+03 -1.415919475888431407e+03 2.272940000000000000e+19 -5.405670776963233948e-02 5.373182520270347595e-02
-1.233234552366961680e+03 -1.455696209748752381e+03 -1.414559318511902802e+03 2.273140000000000000e+19 3.968764096498489380e-02 -7.814230024814605713e-02
-1.232047030479363457e+03 -1.458019722202501498e+03 -1.413200476285285959e+03 2.273340000000000000e+19 -8.428745716810226440e-02 3.196566924452781677e-02
-1.230853623023768705e+03 -1.460340990625405311e+03 -1.411842955716370398e+03 2.273540000000000000e+19 -6.353626959025859833e-03 8.010814338922500610e-02
-1.229654335711499471e+03 -1.462660003908472618e+03 -1.410486763301891642e+03 2.273740000000000000e+19 2.121002972126007080e-01 -1.590112000703811646e-01
-1.228449174286293101e+03 -1.464976750945466847e+03 -1.409131905536933573e+03 2.273940000000000000e+19 -1.741726882755756378e-02 -1.297227442264556885e-01
-1.227339362292272654e+03 -1.467098464573672800e+03 -1.407891113411322522e+03 2.274140000000000000e+19 -3.222390636801719666e-02 2.831551805138587952e-02
-1.223569903161436969e+03 -1.474220855178530883e+03 -1.403725950480237316e+03 2.274340000000000000e+19 -5.351423472166061401e-02 1.530474275350570679e-01
-1.222335458230074209e+03 -1.476526104926087555e+03 -1.402377863074981178e+03 2.274540000000000000e+19 9.193319082260131836e-02 -4.344209656119346619e-02
-1.221095174194962055e+03 -1.478829022100203247e+03 -1.401031149107479905e+03 2.274740000000000000e+19 1.438016071915626526e-02 -1.888311281800270081e-02
-1.219849057013379479e+03 -1.481129595639614536e+03 -1.399685815046199650e+03 2.274940000000000000e+19 -3.137500584125518799e-02 -1.296398788690567017e-02
-1.218597112622795521e+03 -1.483427814582420297e+03 -1.398341867301459160e+03 2.275140000000000000e+19 -1.472160071134567261e-01 -2.658738009631633759e-02
-1.217339347053996335e+03 -1.485723667857929513e+03 -1.396999312347150180e+03 2.275340000000000000e+19 -1.526515334844589233e-01 -9.937822818756103516e-02
-1.216075766295769427e+03 -1.488017144534808494e+03 -1.395658156575623252e+03 2.275540000000000000e+19 5.322096124291419983e-02 2.373405173420906067e-02
-1.214912454524419445e+03 -1.490117431493453068e+03 -1.394429980461475452e+03 2.275740000000000000e+19 5.475083598867058754e-04 -3.058321960270404816e-02
-1.223569903161436969e+03 -1.474220855178530883e+03 -1.403725950480237316e+03 2.275940000000000000e+19 4.335072636604309082e-02 1.660608500242233276e-01
-1.222335458230074209e+03 -1.476526104926087555e+03 -1.402377863074981178e+03 2.276140000000000000e+19 8.522193878889083862e-02 -4.899338632822036743e-02
-1.221095174194962055e+03 -1.478829022100203247e+03 -1.401031149107479905e+03 2.276340000000000000e+19 4.921458289027214050e-02 -1.213783919811248779e-01
-1.219849057013379479e+03 -1.481129595639614536e+03 -1.399685815046199650e+03 2.276540000000000000e+19 -1.429567113518714905e-02 2.320083416998386383e-02
-1.218597112622795521e+03 -1.483427814582420297e+03 -1.398341867301459160e+03 2.276740000000000000e+19 -1.409845799207687378e-02 -2.663646824657917023e-02
-1.217339347053996335e+03 -1.485723667857929513e+03 -1.396999312347150180e+03 2.276940000000000000e+19 8.197894692420959473e-02 7.162638008594512939e-02
-1.216075766295769427e+03 -1.488017144534808494e+03 -1.395658156575623252e+03 2.277140000000000000e+19 1.307441145181655884e-01 -3.650912642478942871e-02
-1.214912454524419445e+03 -1.490117431493453068e+03 -1.394429980461475452e+03 2.277340000000000000e+19 -1.940960064530372620e-02 3.686339035630226135e-02
-1.210963412816600112e+03 -1.497167065748279583e+03 -1.390307653678050656e+03 2.277540000000000000e+19 1.069300547242164612e-01 6.054885685443878174e-02
-1.209670847413778120e+03 -1.499448494949654105e+03 -1.388973590003761274e+03 2.277740000000000000e+19 -5.129753053188323975e-02 1.647308617830276489e-01
-1.208372503543354696e+03 -1.501727481829180078e+03 -1.387640963944495979e+03 2.277940000000000000e+19 -1.890856623649597168e-01 6.816916866227984428e-04
-1.207068387387211715e+03 -1.504004015535783537e+03 -1.386309781845358430e+03 2.278140000000000000e+19 -7.047818973660469055e-03 -3.435558453202247620e-02
-1.205758505222859185e+03 -1.506278085111144492e+03 -1.384980050114122150e+03 2.278340000000000000e+19 -6.523938849568367004e-03 7.930193841457366943e-02
-1.204442863282563849e+03 -1.508549679735526752e+03 -1.383651775077475804e+03 2.278540000000000000e+19 -8.817848563194274902e-02 6.495361775159835815e-02
-1.203121467899312393e+03 -1.510818788474382018e+03 -1.382324963129199659e+03 2.278740000000000000e+19 -3.574379906058311462e-02 -1.284585297107696533e-01
-1.201905213014288847e+03 -1.512896643744008770e+03 -1.381109990727094100e+03 2.278940000000000000e+19 -1.403568983078002930e-01 -8.497569710016250610e-02
-1.210963412816600112e+03 -1.497167065748279583e+03 -1.390307653678050656e+03 2.279140000000000000e+19 -9.596039354801177979e-02 -1.350589189678430557e-02
-1.209670847413778120e+03 -1.499448494949654105e+03 -1.388973590003761274e+03 2.279340000000000000e+19 3.537549450993537903e-02 -1.766788773238658905e-02
-1.208372503543354696e+03 -1.501727481829180078e+03 -1.387640963944495979e+03 2.279540000000000000e+19 -4.295125138014554977e-03 2.775812463369220495e-04
-1.207068387387211715e+03 -1.504004015535783537e+03 -1.386309781845358430e+03 2.279740000000000000e+19 -9.039979428052902222e-02 1.008748728781938553e-02
-1.205758505222859185e+03 -1.506278085111144492e+03 -1.384980050114122150e+03 2.279940000000000000e+19 5.241727456450462341e-02 6.395692378282546997e-02
-1.204442863282563849e+03 -1.508549679735526752e+03 -1.383651775077475804e+03 2.280140000000000000e+19 -5.878651142120361328e-02 7.294731587171554565e-02
-1.203121467899312393e+03 -1.510818788474382018e+03 -1.382324963129199659e+03 2.280340000000000000e+19 9.132478386163711548e-02 -3.683333471417427063e-02
-1.201905213014288847e+03 -1.512896643744008770e+03 -1.381109990727094100e+03 2.280540000000000000e+19 1.124991998076438904e-01 8.193583344109356403e-04
-1.198002933737357353e+03 -1.519493814558998793e+03 -1.377252518636700188e+03 2.280740000000000000e+19 5.923335254192352295e-02 2.118749767541885376e-01
-1.196653819587867019e+03 -1.521750755490190159e+03 -1.375932867565972856e+03 2.280940000000000000e+19 -1.973208636045455933e-01 -5.878696590662002563e-02
-1.195298989248704856e+03 -1.524005147398455620e+03 -1.374614716501160956e+03 2.281140000000000000e+19 7.864391058683395386e-02 -3.225934505462646484e-02
-1.193938449227405727e+03 -1.526256979455640476e+03 -1.373298071773520633e+03 2.281340000000000000e+19 -1.454596817493438721e-01 3.847372531890869141e-02
-1.192572205997314541e+03 -1.528506240947836886e+03 -1.371982939647461080e+03 2.281540000000000000e+19 2.270620875060558319e-02 1.268859356641769409e-01
-1.191200266130173304e+03 -1.530752921055806382e+03 -1.370669326448930178e+03 2.281740000000000000e+19 -1.773743182420730591e-01 -1.183038428425788879e-01
-1.189822636172722923e+03 -1.532997009058875619e+03 -1.369357238446204065e+03 2.281940000000000000e+19 3.559128642082214355e-01 2.838508784770965576e-01
-1.188554888052145316e+03 -1.535051836703841445e+03 -1.368155816757926232e+03 2.282140000000000000e+19 -3.644730895757675171e-02 1.772639527916908264e-02
-1.198002933737357353e+03 -1.519493814558998793e+03 -1.377252518636700188e+03 2.282340000000000000e+19 2.023081183433532715e-01 2.046534046530723572e-02
-1.196653819587867019e+03 -1.521750755490190159e+03 -1.375932867565972856e+03 2.282540000000000000e+19 3.602819144725799561e-02 -5.833421647548675537e-02
-1.195298989248704856e+03 -1.524005147398455620e+03 -1.374614716501160956e+03 2.282740000000000000e+19 2.930252254009246826e-01 2.151504158973693848e-01
-1.193938449227405727e+03 -1.526256979455640476e+03 -1.373298071773520633e+03 2.282940000000000000e+19 -8.741396665573120117e-02 1.394118815660476685e-01
-1.192572205997314541e+03 -1.528506240947836886e+03 -1.371982939647461080e+03 2.283140000000000000e+19 -1.984259299933910370e-02 6.635286659002304077e-02
-1.191200266130173304e+03 -1.530752921055806382e+03 -1.370669326448930178e+03 2.283340000000000000e+19 1.037738844752311707e-01 8.820328116416931152e-02
-1.189822636172722923e+03 -1.532997009058875619e+03 -1.369357238446204065e+03 2.283540000000000000e+19 1.723725795745849609e-01 1.392164230346679688e-01
-1.188554888052145316e+03 -1.535051836703841445e+03 -1.368155816757926232e+03 2.283740000000000000e+19 5.239680036902427673e-02 4.444420710206031799e-02
-1.184255347749997100e+03 -1.541947225346423920e+03 -1.364124263910538275e+03 2.283940000000000000e+19 1.020921170711517334e-01 6.557751912623643875e-03
-1.182849366817809823e+03 -1.544178191918203311e+03 -1.362819895965855267e+03 2.284140000000000000e+19 6.089843809604644775e-02 -4.587734863162040710e-02
-1.181437735740857534e+03 -1.546406502166285691e+03 -1.361517090764116574e+03 2.284340000000000000e+19 4.616205021739006042e-02 -4.963081702589988708e-02
-1.180020461319092874e+03 -1.548632145356715228e+03 -1.360215854581038911e+03 2.284540000000000000e+19 7.695424836128950119e-03 -1.298166364431381226e-01
-1.178597550300672765e+03 -1.550855110892410039e+03 -1.358916193612264806e+03 2.284740000000000000e+19 1.801860183477401733e-01 -8.404593169689178467e-02
-1.177169009505102849e+03 -1.553075388119312947e+03 -1.357618114086704963e+03 2.284940000000000000e+19 -1.046270057559013367e-01 6.924159359186887741e-03
-1.175734845788949997e+03 -1.555292966380847020e+03 -1.356321622234693223e+03 2.285140000000000000e+19 8.092921972274780273e-02 -1.896233260631561279e-01
-1.174415333403082968e+03 -1.557323401067689474e+03 -1.355134551018327556e+03 2.285340000000000000e+19 -9.388333186507225037e-03 -1.312390267848968506e-01
-1.184255347749997100e+03 -1.541947225346423920e+03 -1.364124263910538275e+03 2.285540000000000000e+19 1.546040475368499756e-01 3.991119191050529480e-02
-1.182849366817809823e+03 -1.544178191918203311e+03 -1.362819895965855267e+03 2.285740000000000000e+19 9.985911846160888672e-02 -1.267498731613159180e-01
-1.181437735740857534e+03 -1.546406502166285691e+03 -1.361517090764116574e+03 2.285940000000000000e+19 6.121632456779479980e-02 4.377225786447525024e-02
-1.180020461319092874e+03 -1.548632145356715228e+03 -1.360215854581038911e+03 2.286140000000000000e+19 -4.848290979862213135e-02 -2.464446611702442169e-02
-1.178597550300672765e+03 -1.550855110892410039e+03 -1.358916193612264806e+03 2.286340000000000000e+19 2.161637414246797562e-03 -3.679170459508895874e-02
-1.177169009505102849e+03 -1.553075388119312947e+03 -1.357618114086704963e+03 2.286540000000000000e+19 3.425149619579315186e-02 1.198853850364685059e-01
-1.175734845788949997e+03 -1.555292966380847020e+03 -1.356321622234693223e+03 2.286740000000000000e+19 -6.201082095503807068e-02 -6.157903373241424561e-02
-1.174415333403082968e+03 -1.557323401067689474e+03 -1.355134551018327556e+03 2.286940000000000000e+19 1.235117912292480469e-01 1.695484854280948639e-02
-1.169942099228580219e+03 -1.564136077968609015e+03 -1.351151655391469831e+03 2.287140000000000000e+19 -4.397515952587127686e-02 2.506141550838947296e-03
-1.168479924315189010e+03 -1.566340002603727271e+03 -1.349863194747259058e+03 2.287340000000000000e+19 -5.952983163297176361e-03 -5.300538241863250732e-02
-1.167012168065373316e+03 -1.568541164792729660e+03 -1.348576358889442872e+03 2.287540000000000000e+19 7.728350162506103516e-02 -8.219153434038162231e-02
-1.165538837467687472e+03 -1.570739554055115832e+03 -1.347291153945092219e+03 2.287740000000000000e+19 -8.263731747865676880e-02 -5.624002311378717422e-03
-1.164059939614146060e+03 -1.572935159808710296e+03 -1.346007586100666913e+03 2.287940000000000000e+19 1.233376786112785339e-01 1.598113961517810822e-02
-1.162575481541226281e+03 -1.575127971607054178e+03 -1.344725661463223332e+03 2.288140000000000000e+19 -1.621731929481029510e-02 -2.349163778126239777e-02
-1.161085470394505364e+03 -1.577317978894893486e+03 -1.343445386203408816e+03 2.288340000000000000e+19 1.014738008379936218e-01 3.994421288371086121e-02
-1.159714825199072493e+03 -1.579323048955496006e+03 -1.342273233533469693e+03 2.288540000000000000e+19 -9.100160747766494751e-02 -4.469692334532737732e-02
-1.169942099228580219e+03 -1.564136077968609015e+03 -1.351151655391469831e+03 2.288740000000000000e+19 -1.708026044070720673e-02 -4.000780358910560608e-02
-1.168479924315189010e+03 -1.566340002603727271e+03 -1.349863194747259058e+03 2.288940000000000000e+19 6.856289505958557129e-02 4.181583225727081299e-02
-1.167012168065373316e+03 -1.568541164792729660e+03 -1.348576358889442872e+03 2.289140000000000000e+19 -6.347781047224998474e-03 -6.078329309821128845e-02
-1.165538837467687472e+03 -1.570739554055115832e+03 -1.347291153945092219e+03 2.289340000000000000e+19 -1.267249435186386108e-01 4.352739080786705017e-02
-1.164059939614146060e+03 -1.572935159808710296e+03 -1.346007586100666913e+03 2.289540000000000000e+19 1.246693581342697144e-01 -9.931598789989948273e-03
-1.162575481541226281e+03 -1.575127971607054178e+03 -1.344725661463223332e+03 2.289740000000000000e+19 4.081901162862777710e-03 -3.226000070571899414e-02
-1.161085470394505364e+03 -1.577317978894893486e+03 -1.343445386203408816e+03 2.289940000000000000e+19 2.154414057731628418e-01 4.087871685624122620e-02
-1.159714825199072493e+03 -1.579323048955496006e+03 -1.342273233533469693e+03 2.290140000000000000e+19 -6.744689494371414185e-02 2.131878398358821869e-02
-1.155070037829431385e+03 -1.586049753901659869e+03 -1.338340901143917790e+03 2.290340000000000000e+19 3.042603284120559692e-02 2.757198177278041840e-02
-1.153552368692103300e+03 -1.588225581863118123e+03 -1.337068964421012652e+03 2.290540000000000000e+19 1.500833127647638321e-02 -3.147983923554420471e-02
-1.152029189653229878e+03 -1.590398542647787735e+03 -1.335798713709615413e+03 2.290740000000000000e+19 -1.926531344652175903e-01 -1.714693382382392883e-02
-1.150500507975756136e+03 -1.592568625894254865e+03 -1.334530155066706811e+03 2.290940000000000000e+19 -4.232491552829742432e-02 -1.124460808932781219e-02
-1.148966330986119829e+03 -1.594735821201909857e+03 -1.333263294572132509e+03 2.291140000000000000e+19 -2.200697548687458038e-02 5.844398401677608490e-03
-1.147426666053278495e+03 -1.596900118161421005e+03 -1.331998138310788363e+03 2.291340000000000000e+19 1.028641536831855774e-01 -3.681376576423645020e-02
-1.145881520502825879e+03 -1.599061506475366514e+03 -1.330734692302104804e+03 2.291540000000000000e+19 1.153060197830200195e-01 4.243670962750911713e-03
-1.144460398669662254e+03 -1.601040252037230175e+03 -1.329578019314097901e+03 2.291740000000000000e+19 -2.181532420217990875e-02 5.360245332121849060e-02
-1.155070037829431385e+03 -1.586049753901659869e+03 -1.338340901143917790e+03 2.291940000000000000e+19 -5.947065353393554688e-02 2.580568566918373108e-02
-1.153552368692103300e+03 -1.588225581863118123e+03 -1.337068964421012652e+03 2.292140000000000000e+19 -4.929801076650619507e-02 2.672951668500900269e-02
-1.152029189653229878e+03 -1.590398542647787735e+03 -1.335798713709615413e+03 2.292340000000000000e+19 -4.331039264798164368e-02 -7.072619348764419556e-02
-1.150500507975756136e+03 -1.592568625894254865e+03 -1.334530155066706811e+03 2.292540000000000000e+19 1.069768071174621582e-01 -3.669950738549232483e-02
-1.148966330986119829e+03 -1.594735821201909857e+03 -1.333263294572132509e+03 2.292740000000000000e+19 -1.703666336834430695e-02 3.152263164520263672e-02
-1.147426666053278495e+03 -1.596900118161421005e+03 -1.331998138310788363e+03 2.292940000000000000e+19 3.700672462582588196e-02 -2.225400954484939575e-01
-1.145881520502825879e+03 -1.599061506475366514e+03 -1.330734692302104804e+03 2.293140000000000000e+19 4.191543161869049072e-02 -1.406910717487335205e-01
-1.144460398669662254e+03 -1.601040252037230175e+03 -1.329578019314097901e+03 2.293340000000000000e+19 -5.343667045235633850e-02 -1.637114882469177246e-01
