# Baseline: 17-21
# Entries: 128
# u [m], v [m], w [m], frequency [GHz], real, imag, std(real), std(imag)
4.121721762956862221e+03 3.678614108471344935e+03 4.601443246749597165e+03 2.267940000000000111e+01 -2.628726959228515625e-01 3.586668148636817932e-02 1.845176517963409424e-01 1.743883788585662842e-01
4.119853371736180634e+03 3.686382059715961532e+03 4.596897596045914725e+03 2.268140000000000001e+01 6.835460662841796875e-01 -5.547052621841430664e-01 1.845176517963409424e-01 1.743883788585662842e-01
4.117965295828315902e+03 3.694146476446484940e+03 4.592354040821126546e+03 2.268340000000000245e+01 3.782148286700248718e-02 -4.198100045323371887e-02 1.845176517963409424e-01 1.743883788585662842e-01
4.116057544256119400e+03 3.701907321558554031e+03 4.587812602787823380e+03 2.268540000000000134e+01 1.590232551097869873e-01 1.384221762418746948e-01 1.845176517963409424e-01 1.743883788585662842e-01
4.114614438253242952e+03 3.707725702902800549e+03 4.584407859344570170e+03 2.268740000000000023e+01 -4.209654033184051514e-01 -1.661659628152847290e-01 1.845176517963409424e-01 1.743883788585662842e-01
4.112183050731789081e+03 3.717418148378878413e+03 4.578736165222065210e+03 2.268940000000000268e+01 7.121217846870422363e-01 -4.171342775225639343e-02 1.845176517963409424e-01 1.743883788585662842e-01
4.110216327363069468e+03 3.725168055694406576e+03 4.574201209221816498e+03 2.269140000000000157e+01 3.892923519015312195e-02 -2.581055760383605957e-01 1.845176517963409424e-01 1.743883788585662842e-01
4.107731102507255855e+03 3.734850356966833715e+03 4.568535525696285731e+03 2.269340000000000046e+01 1.363803446292877197e-01 3.479774296283721924e-01 1.845176517963409424e-01 1.743883788585662842e-01
4.121721762956862221e+03 3.678614108471344935e+03 4.601443246749597165e+03 2.269540000000000290e+01 -9.233504533767700195e-02 -8.952434360980987549e-02 1.845176517963409424e-01 1.743883788585662842e-01
4.119853371736180634e+03 3.686382059715961532e+03 4.596897596045914725e+03 2.269740000000000180e+01 1.960468739271163940e-01 -3.336351364850997925e-02 1.845176517963409424e-01 1.743883788585662842e-01
4.117965295828315902e+03 3.694146476446484940e+03 4.592354040821126546e+03 2.269940000000000069e+01 -1.614183303900063038e-03 1.110998913645744324e-01 1.845176517963409424e-01 1.743883788585662842e-01
4.116057544256119400e+03 3.701907321558554031e+03 4.587812602787823380e+03 2.270140000000000313e+01 -2.394687831401824951e-01 -2.736958563327789307e-01 1.845176517963409424e-01 1.743883788585662842e-01
4.114614438253242952e+03 3.707725702902800549e+03 4.584407859344570170e+03 2.270340000000000202e+01 6.688573956489562988e-02 -2.449698001146316528e-01 1.845176517963409424e-01 1.743883788585662842e-01
4.112183050731789081e+03 3.717418148378878413e+03 4.578736165222065210e+03 2.270540000000000092e+01 -3.969287872314453125e-01 -2.246596664190292358e-01 1.845176517963409424e-01 1.743883788585662842e-01
4.110216327363069468e+03 3.725168055694406576e+03 4.574201209221816498e+03 2.270739999999999981e+01 1.042862311005592346e-01 1.261326223611831665e-01 1.845176517963409424e-01 1.743883788585662842e-01
4.107731102507255855e+03 3.734850356966833715e+03 4.568535525696285731e+03 2.270940000000000225e+01 2.463945597410202026e-01 3.235663771629333496e-01 1.845176517963409424e-01 1.743883788585662842e-01
4.102153143608352366e+03 3.756130113591826102e+03 4.556083642723005141e+03 2.271140000000000114e+01 5.705207958817481995e-02 9.785928577184677124e-02 1.845176517963409424e-01 1.743883788585662842e-01
4.100088323341234172e+03 3.763861049977369476e+03 4.551559923872150648e+03 2.271340000000000003e+01 8.322668075561523438e-02 -8.829986304044723511e-02 1.845176517963409424e-01 1.743883788585662842e-01
4.098003912992956430e+03 3.771588081000959846e+03 4.547038517505715390e+03 2.271540000000000248e+01 -1.803247034549713135e-01 3.399562239646911621e-01 1.845176517963409424e-01 1.743883788585662842e-01
4.095899922510152919e+03 3.779311169790740678e+03 4.542519445198940048e+03 2.271740000000000137e+01 -2.341747470200061798e-02 -2.179005891084671021e-01 1.845176517963409424e-01 1.743883788585662842e-01
4.093776361969359641e+03 3.787030279359135875e+03 4.538002728594648033e+03 2.271940000000000026e+01 1.942439749836921692e-02 -2.527233585715293884e-02 1.845176517963409424e-01 1.743883788585662842e-01
4.091633241533339515e+03 3.794745372764492913e+03 4.533488389308654405e+03 2.272140000000000271e+01 2.640725970268249512e-01 1.936621069908142090e-01 1.845176517963409424e-01 1.743883788585662842e-01
4.089470571466257297e+03 3.802456413057573172e+03 4.528976448961090682e+03 2.272340000000000160e+01 -1.151876226067543030e-01 -1.956668496131896973e-01 1.845176517963409424e-01 1.743883788585662842e-01
4.087471207553488966e+03 3.809521327180497792e+03 4.524842598367869869e+03 2.272540000000000049e+01 -1.282283067703247070e-01 2.055775523185729980e-01 1.845176517963409424e-01 1.743883788585662842e-01
4.102153143608352366e+03 3.756130113591826102e+03 4.556083642723005141e+03 2.272740000000000293e+01 -1.562322229146957397e-01 1.102122366428375244e-01 1.845176517963409424e-01 1.743883788585662842e-01
4.100088323341234172e+03 3.763861049977369476e+03 4.551559923872150648e+03 2.272940000000000182e+01 -3.048359788954257965e-02 1.364398300647735596e-01 1.845176517963409424e-01 1.743883788585662842e-01
4.098003912992956430e+03 3.771588081000959846e+03 4.547038517505715390e+03 2.273140000000000072e+01 -1.250350624322891235e-01 -5.217523872852325439e-02 1.845176517963409424e-01 1.743883788585662842e-01
4.095899922510152919e+03 3.779311169790740678e+03 4.542519445198940048e+03 2.273340000000000316e+01 -1.319871656596660614e-02 4.169077277183532715e-01 1.845176517963409424e-01 1.743883788585662842e-01
4.093776361969359641e+03 3.787030279359135875e+03 4.538002728594648033e+03 2.273540000000000205e+01 -7.440538704395294189e-02 6.600641459226608276e-02 1.845176517963409424e-01 1.743883788585662842e-01
4.091633241533339515e+03 3.794745372764492913e+03 4.533488389308654405e+03 2.273740000000000094e+01 3.520443663001060486e-02 1.897076964378356934e-01 1.845176517963409424e-01 1.743883788585662842e-01
4.089470571466257297e+03 3.802456413057573172e+03 4.528976448961090682e+03 2.273939999999999984e+01 5.759279429912567139e-02 3.704386949539184570e-02 1.845176517963409424e-01 1.743883788585662842e-01
4.087471207553488966e+03 3.809521327180497792e+03 4.524842598367869869e+03 2.274140000000000228e+01 5.008526518940925598e-02 1.232065185904502869e-01 1.845176517963409424e-01 1.743883788585662842e-01
4.080624603167504119e+03 3.833259305770739957e+03 4.510953108388564033e+03 2.274340000000000117e+01 -1.314781308174133301e-01 -3.869566321372985840e-01 1.845176517963409424e-01 1.743883788585662842e-01
4.078364342034863512e+03 3.840949527458761168e+03 4.506453486331297427e+03 2.274540000000000006e+01 -1.029761433601379395e-01 -1.413079649209976196e-01 1.845176517963409424e-01 1.743883788585662842e-01
4.076084594741680121e+03 3.848635475020728336e+03 4.501956392531618803e+03 2.274740000000000251e+01 -1.747863739728927612e-01 -7.717584818601608276e-02 1.845176517963409424e-01 1.743883788585662842e-01
4.073785372237948195e+03 3.856317111539858161e+03 4.497461848589745387e+03 2.274940000000000140e+01 -1.642613857984542847e-01 -1.579245626926422119e-01 1.845176517963409424e-01 1.743883788585662842e-01
4.071466685478830641e+03 3.863994400414309439e+03 4.492969875921490711e+03 2.275140000000000029e+01 -8.322918415069580078e-02 1.319054514169692993e-01 1.845176517963409424e-01 1.743883788585662842e-01
4.069128545633851900e+03 3.871667304661976686e+03 4.488480496165027034e+03 2.275340000000000273e+01 -2.886458933353424072e-01 -1.054159104824066162e-01 1.845176517963409424e-01 1.743883788585662842e-01
4.066770963836127066e+03 3.879335787749498650e+03 4.483993730695839076e+03 2.275540000000000163e+01 1.102759391069412231e-01 2.847760319709777832e-01 1.845176517963409424e-01 1.743883788585662842e-01
4.064593024894178143e+03 3.886361372429194489e+03 4.479883143531541464e+03 2.275740000000000052e+01 9.108703583478927612e-02 -1.850888729095458984e-01 1.845176517963409424e-01 1.743883788585662842e-01
4.080624603167504119e+03 3.833259305770739957e+03 4.510953108388564033e+03 2.275940000000000296e+01 1.422264128923416138e-01 -1.066097691655158997e-01 1.845176517963409424e-01 1.743883788585662842e-01
4.078364342034863512e+03 3.840949527458761168e+03 4.506453486331297427e+03 2.276140000000000185e+01 9.831811487674713135e-02 -3.472919389605522156e-02 1.845176517963409424e-01 1.743883788585662842e-01
4.076084594741680121e+03 3.848635475020728336e+03 4.501956392531618803e+03 2.276340000000000074e+01 4.422428458929061890e-02 -1.322635449469089508e-02 1.845176517963409424e-01 1.743883788585662842e-01
4.073785372237948195e+03 3.856317111539858161e+03 4.497461848589745387e+03 2.276540000000000319e+01 -2.950236201286315918e-01 1.733407378196716309e-01 1.845176517963409424e-01 1.743883788585662842e-01
4.071466685478830641e+03 3.863994400414309439e+03 4.492969875921490711e+03 2.276740000000000208e+01 2.666057087481021881e-02 7.659068703651428223e-02 1.845176517963409424e-01 1.743883788585662842e-01
4.069128545633851900e+03 3.871667304661976686e+03 4.488480496165027034e+03 2.276940000000000097e+01 6.330469995737075806e-02 -2.069077081978321075e-02 1.845176517963409424e-01 1.743883788585662842e-01
4.066770963836127066e+03 3.879335787749498650e+03 4.483993730695839076e+03 2.277139999999999986e+01 -1.335780024528503418e-01 1.473634392023086548e-01 1.845176517963409424e-01 1.743883788585662842e-01
4.064593024894178143e+03 3.886361372429194489e+03 4.479883143531541464e+03 2.277340000000000231e+01 -1.238213106989860535e-01 -1.118306666612625122e-01 1.845176517963409424e-01 1.743883788585662842e-01
4.057146444331336625e+03 3.909964774297750864e+03 4.466073241264106400e+03 2.277540000000000120e+01 9.212166815996170044e-02 -2.476687431335449219e-01 1.845176517963409424e-01 1.743883788585662842e-01
4.054691823943836880e+03 3.917610601283014603e+03 4.461599869205292634e+03 2.277740000000000009e+01 -7.900961488485336304e-02 -3.512058258056640625e-01 1.845176517963409424e-01 1.743883788585662842e-01
4.052217830736339238e+03 3.925251787102278740e+03 4.457129240155289153e+03 2.277940000000000254e+01 -3.325055241584777832e-01 1.296970248222351074e-01 1.845176517963409424e-01 1.743883788585662842e-01
4.049724476488419896e+03 3.932888295373119036e+03 4.452661375400347424e+03 2.278140000000000143e+01 -2.273279279470443726e-01 1.042686328291893005e-01 1.845176517963409424e-01 1.743883788585662842e-01
4.047211773202147469e+03 3.940520089336434921e+03 4.448196296446970337e+03 2.278340000000000032e+01 1.635581701993942261e-01 -1.861734502017498016e-02 1.845176517963409424e-01 1.743883788585662842e-01
4.044679732832688387e+03 3.948147132681112907e+03 4.443734024539427082e+03 2.278540000000000276e+01 1.399825811386108398e-01 1.392798423767089844e-01 1.845176517963409424e-01 1.743883788585662842e-01
4.042128367568315298e+03 3.955769388693607198e+03 4.439274581157304965e+03 2.278740000000000165e+01 1.207710802555084229e-01 -7.196498662233352661e-02 1.845176517963409424e-01 1.743883788585662842e-01
4.039772895778293787e+03 3.962752282079793076e+03 4.435189224399879095e+03 2.278940000000000055e+01 -1.198794692754745483e-01 3.747664391994476318e-01 1.845176517963409424e-01 1.743883788585662842e-01
4.057146444331336625e+03 3.909964774297750864e+03 4.466073241264106400e+03 2.279140000000000299e+01 9.829850494861602783e-02 8.657430112361907959e-02 1.845176517963409424e-01 1.743883788585662842e-01
4.054691823943836880e+03 3.917610601283014603e+03 4.461599869205292634e+03 2.279340000000000188e+01 1.479774117469787598e-01 9.129262529313564301e-03 1.845176517963409424e-01 1.743883788585662842e-01
4.052217830736339238e+03 3.925251787102278740e+03 4.457129240155289153e+03 2.279540000000000077e+01 -8.492340892553329468e-02 -1.395157873630523682e-01 1.845176517963409424e-01 1.743883788585662842e-01
4.049724476488419896e+03 3.932888295373119036e+03 4.452661375400347424e+03 2.279739999999999966e+01 -1.525483727455139160e-01 -2.827926166355609894e-02 1.845176517963409424e-01 1.743883788585662842e-01
4.047211773202147469e+03 3.940520089336434921e+03 4.448196296446970337e+03 2.279940000000000211e+01 1.970425993204116821e-01 -1.995783671736717224e-02 1.845176517963409424e-01 1.743883788585662842e-01
4.044679732832688387e+03 3.948147132681112907e+03 4.443734024539427082e+03 2.280140000000000100e+01 -4.663690552115440369e-02 -8.209723234176635742e-02 1.845176517963409424e-01 1.743883788585662842e-01
4.042128367568315298e+03 3.955769388693607198e+03 4.439274581157304965e+03 2.280339999999999989e+01 -1.200964003801345825e-01 -1.362674981355667114e-01 1.845176517963409424e-01 1.743883788585662842e-01
4.039772895778293787e+03 3.962752282079793076e+03 4.435189224399879095e+03 2.280540000000000234e+01 -4.559188336133956909e-02 -3.294043242931365967e-02 1.845176517963409424e-01 1.743883788585662842e-01
4.032169331113551834e+03 3.984943031795692605e+03 4.422206634917140946e+03 2.280740000000000123e+01 -8.901391923427581787e-02 8.560163527727127075e-02 1.845176517963409424e-01 1.743883788585662842e-01
4.029524735786794281e+03 3.992541635806994691e+03 4.417761163006101015e+03 2.280940000000000012e+01 1.489869356155395508e-01 7.897153496742248535e-02 1.845176517963409424e-01 1.743883788585662842e-01
4.026860888048466222e+03 4.000135240158337183e+03 4.413318643842084384e+03 2.281140000000000256e+01 -1.111177802085876465e-01 8.192881941795349121e-02 1.845176517963409424e-01 1.743883788585662842e-01
4.024177800693700192e+03 4.007723808376542820e+03 4.408879098763133698e+03 2.281340000000000146e+01 -8.995272964239120483e-02 3.364755213260650635e-01 1.845176517963409424e-01 1.743883788585662842e-01
4.021475486488511251e+03 4.015307304356207624e+03 4.404442548892007835e+03 2.281540000000000035e+01 -7.404580116271972656e-01 -1.052231490612030029e-01 1.845176517963409424e-01 1.743883788585662842e-01
4.018753958431193041e+03 4.022885691619770569e+03 4.400009015569045914e+03 2.281740000000000279e+01 3.620796799659729004e-01 3.243133425712585449e-01 1.845176517963409424e-01 1.743883788585662842e-01
4.016013229508719178e+03 4.030458934004730054e+03 4.395578519950146074e+03 2.281940000000000168e+01 -6.024918556213378906e-01 6.454976648092269897e-02 1.845176517963409424e-01 1.743883788585662842e-01
4.013484282599905328e+03 4.037396588578029423e+03 4.391519879801146089e+03 2.282140000000000057e+01 -1.170576363801956177e-01 1.657088287174701691e-02 1.845176517963409424e-01 1.743883788585662842e-01
4.032169331113551834e+03 3.984943031795692605e+03 4.422206634917140946e+03 2.282340000000000302e+01 3.772317618131637573e-02 2.157761007547378540e-01 1.845176517963409424e-01 1.743883788585662842e-01
4.029524735786794281e+03 3.992541635806994691e+03 4.417761163006101015e+03 2.282540000000000191e+01 -7.982009649276733398e-02 5.898490175604820251e-02 1.845176517963409424e-01 1.743883788585662842e-01
4.026860888048466222e+03 4.000135240158337183e+03 4.413318643842084384e+03 2.282740000000000080e+01 1.762784570455551147e-01 -1.263498663902282715e-01 1.845176517963409424e-01 1.743883788585662842e-01
4.024177800693700192e+03 4.007723808376542820e+03 4.408879098763133698e+03 2.282939999999999969e+01 3.596659004688262939e-01 -1.678799977526068687e-03 1.845176517963409424e-01 1.743883788585662842e-01
4.021475486488511251e+03 4.015307304356207624e+03 4.404442548892007835e+03 2.283140000000000214e+01 -5.598061159253120422e-02 -3.329727649688720703e-01 1.845176517963409424e-01 1.743883788585662842e-01
4.018753958431193041e+03 4.022885691619770569e+03 4.400009015569045914e+03 2.283340000000000103e+01 -5.670969560742378235e-02 8.300539851188659668e-02 1.845176517963409424e-01 1.743883788585662842e-01
4.016013229508719178e+03 4.030458934004730054e+03 4.395578519950146074e+03 2.283539999999999992e+01 2.672769427299499512e-01 -1.362697780132293701e-01 1.845176517963409424e-01 1.743883788585662842e-01
4.013484282599905328e+03 4.037396588578029423e+03 4.391519879801146089e+03 2.283740000000000236e+01 2.364214360713958740e-01 -1.327675580978393555e-01 1.845176517963409424e-01 1.743883788585662842e-01
4.004858568957345142e+03 4.060699730022642598e+03 4.377887338497598648e+03 2.283940000000000126e+01 -1.838719397783279419e-01 1.794332824647426605e-02 1.845176517963409424e-01 1.743883788585662842e-01
4.002022034368167169e+03 4.068246704648957802e+03 4.373472349275686611e+03 2.284140000000000015e+01 -6.237660720944404602e-02 -9.048863500356674194e-02 1.845176517963409424e-01 1.743883788585662842e-01
3.999166378948656984e+03 4.075788317415786878e+03 4.369060524693833031e+03 2.284340000000000259e+01 4.537312090396881104e-01 2.621592879295349121e-01 1.845176517963409424e-01 1.743883788585662842e-01
3.996291616454773248e+03 4.083324531994550853e+03 4.364651886004154221e+03 2.284540000000000148e+01 -1.942025497555732727e-02 1.455775052309036255e-01 1.845176517963409424e-01 1.743883788585662842e-01
3.993397760574316180e+03 4.090855312502636025e+03 4.360246454197736057e+03 2.284740000000000038e+01 3.361304700374603271e-01 -2.994346618652343750e-02 1.845176517963409424e-01 1.743883788585662842e-01
3.990484825176391951e+03 4.098380622847161249e+03 4.355844250388546243e+03 2.284940000000000282e+01 -8.440811187028884888e-02 4.890632629394531250e-02 1.845176517963409424e-01 1.743883788585662842e-01
3.987552824242279257e+03 4.105900426909160160e+03 4.351445295705671924e+03 2.285140000000000171e+01 3.007059693336486816e-01 1.165328845381736755e-01 1.845176517963409424e-01 1.743883788585662842e-01
3.984848662516623335e+03 4.112788783840362157e+03 4.347415750901023785e+03 2.285340000000000060e+01 2.648228406906127930e-02 2.864296436309814453e-01 1.845176517963409424e-01 1.743883788585662842e-01
4.004858568957345142e+03 4.060699730022642598e+03 4.377887338497598648e+03 2.285540000000000305e+01 -1.182244196534156799e-01 1.603873521089553833e-01 1.845176517963409424e-01 1.743883788585662842e-01
4.002022034368167169e+03 4.068246704648957802e+03 4.373472349275686611e+03 2.285740000000000194e+01 -2.648614533245563507e-02 -2.925727069377899170e-01 1.845176517963409424e-01 1.743883788585662842e-01
3.999166378948656984e+03 4.075788317415786878e+03 4.369060524693833031e+03 2.285940000000000083e+01 -6.113186851143836975e-02 -1.888569891452789307e-01 1.845176517963409424e-01 1.743883788585662842e-01
3.996291616454773248e+03 4.083324531994550853e+03 4.364651886004154221e+03 2.286139999999999972e+01 1.105815023183822632e-01 2.730919793248176575e-02 1.845176517963409424e-01 1.743883788585662842e-01
3.993397760574316180e+03 4.090855312502636025e+03 4.360246454197736057e+03 2.286340000000000217e+01 -1.047212630510330200e-01 2.876425683498382568e-01 1.845176517963409424e-01 1.743883788585662842e-01
3.990484825176391951e+03 4.098380622847161249e+03 4.355844250388546243e+03 2.286540000000000106e+01 -1.545142978429794312e-01 4.387367516756057739e-02 1.845176517963409424e-01 1.743883788585662842e-01
3.987552824242279257e+03 4.105900426909160160e+03 4.351445295705671924e+03 2.286739999999999995e+01 8.756574988365173340e-02 -1.563278734683990479e-01 1.845176517963409424e-01 1.743883788585662842e-01
3.984848662516623335e+03 4.112788783840362157e+03 4.347415750901023785e+03 2.286940000000000239e+01 -1.535045057535171509e-01 -1.225528195500373840e-01 1.845176517963409424e-01 1.743883788585662842e-01
3.975634446814461171e+03 4.135923861840049540e+03 4.333882388540251668e+03 2.287140000000000128e+01 8.413395285606384277e-02 -5.165840685367584229e-02 1.845176517963409424e-01 1.743883788585662842e-01
3.972607330327107775e+03 4.143415595651043986e+03 4.329499994697129296e+03 2.287340000000000018e+01 1.530668288469314575e-01 1.329397559165954590e-01 1.845176517963409424e-01 1.743883788585662842e-01
3.969561233862199060e+03 4.150901607654389409e+03 4.325120976056668042e+03 2.287540000000000262e+01 -2.454377710819244385e-01 1.171462833881378174e-01 1.845176517963409424e-01 1.743883788585662842e-01
3.966496171923437942e+03 4.158381862206544611e+03 4.320745353468911162e+03 2.287740000000000151e+01 -1.220453754067420959e-01 4.535702243447303772e-02 1.845176517963409424e-01 1.743883788585662842e-01
3.963412159264775710e+03 4.165856323300536133e+03 4.316373147996341686e+03 2.287940000000000040e+01 -1.748205162584781647e-02 -1.016803085803985596e-01 1.845176517963409424e-01 1.743883788585662842e-01
3.960309210559743860e+03 4.173324955373668672e+03 4.312004380441380818e+03 2.288140000000000285e+01 -6.920568645000457764e-02 -1.754693984985351562e-01 1.845176517963409424e-01 1.743883788585662842e-01
3.957187340744709218e+03 4.180787722475123701e+03 4.307639071833466915e+03 2.288340000000000174e+01 1.467658113688230515e-02 4.499516449868679047e-03 1.845176517963409424e-01 1.743883788585662842e-01
3.954309258286258228e+03 4.187623485328540482e+03 4.303640550717816041e+03 2.288540000000000063e+01 -1.800766680389642715e-03 1.407726407051086426e-01 1.845176517963409424e-01 1.743883788585662842e-01
3.975634446814461171e+03 4.135923861840049540e+03 4.333882388540251668e+03 2.288740000000000308e+01 -1.882333010435104370e-01 -1.376970391720533371e-02 1.845176517963409424e-01 1.743883788585662842e-01
3.972607330327107775e+03 4.143415595651043986e+03 4.329499994697129296e+03 2.288940000000000197e+01 -2.729964815080165863e-02 -9.190644323825836182e-02 1.845176517963409424e-01 1.743883788585662842e-01
3.969561233862199060e+03 4.150901607654389409e+03 4.325120976056668042e+03 2.289140000000000086e+01 9.953628480434417725e-02 1.288832575082778931e-01 1.845176517963409424e-01 1.743883788585662842e-01
3.966496171923437942e+03 4.158381862206544611e+03 4.320745353468911162e+03 2.289339999999999975e+01 1.285242103040218353e-02 7.944075018167495728e-02 1.845176517963409424e-01 1.743883788585662842e-01
3.963412159264775710e+03 4.165856323300536133e+03 4.316373147996341686e+03 2.289540000000000219e+01 2.424092143774032593e-01 -1.033123135566711426e-01 1.845176517963409424e-01 1.743883788585662842e-01
3.960309210559743860e+03 4.173324955373668672e+03 4.312004380441380818e+03 2.289740000000000109e+01 4.211809113621711731e-02 5.775568261742591858e-02 1.845176517963409424e-01 1.743883788585662842e-01
3.957187340744709218e+03 4.180787722475123701e+03 4.307639071833466915e+03 2.289939999999999998e+01 2.432885169982910156e-01 5.376776680350303650e-02 1.845176517963409424e-01 1.743883788585662842e-01
3.954309258286258228e+03 4.187623485328540482e+03 4.303640550717816041e+03 2.290140000000000242e+01 6.795041728764772415e-03 1.048722863197326660e-01 1.845176517963409424e-01 1.743883788585662842e-01
3.944510950018234780e+03 4.210579428566432398e+03 4.290212843700705889e+03 2.290340000000000131e+01 1.097154617309570312e-01 -2.819523215293884277e-01 1.845176517963409424e-01 1.743883788585662842e-01
3.941294700330066462e+03 4.218012336226365733e+03 4.285865142526893578e+03 2.290540000000000020e+01 1.731326133012771606e-01 8.467759937047958374e-02 1.845176517963409424e-01 1.743883788585662842e-01
3.938059620509938668e+03 4.225439165104916356e+03 4.281521025364932029e+03 2.290740000000000265e+01 -2.247401773929595947e-01 -8.570333570241928101e-02 1.845176517963409424e-01 1.743883788585662842e-01
3.934805725983536377e+03 4.232859879788496073e+03 4.277180512929001452e+03 2.290940000000000154e+01 -1.265347469598054886e-02 8.895075321197509766e-02 1.845176517963409424e-01 1.743883788585662842e-01
3.931533032345540505e+03 4.240274444711721117e+03 4.272843626021932323e+03 2.291140000000000043e+01 -8.798586577177047729e-02 4.639034718275070190e-02 1.845176517963409424e-01 1.743883788585662842e-01
3.928241555315447386e+03 4.247682824261385576e+03 4.268510385474391114e+03 2.291340000000000288e+01 1.434481702744960785e-02 -2.227465994656085968e-02 1.845176517963409424e-01 1.743883788585662842e-01
3.924931310553904041e+03 4.255084983189419290e+03 4.264180811903336689e+03 2.291540000000000177e+01 -3.099881112575531006e-01 -1.221818998456001282e-01 1.845176517963409424e-01 1.743883788585662842e-01
3.921880685206037015e+03 4.261864879524093340e+03 4.260215228661657420e+03 2.291740000000000066e+01 1.135894060134887695e-01 -5.462974682450294495e-02 1.845176517963409424e-01 1.743883788585662842e-01
3.944510950018234780e+03 4.210579428566432398e+03 4.290212843700705889e+03 2.291940000000000310e+01 2.386607527732849121e-01 1.822039037942886353e-01 1.845176517963409424e-01 1.743883788585662842e-01
3.941294700330066462e+03 4.218012336226365733e+03 4.285865142526893578e+03 2.292140000000000200e+01 8.437205106019973755e-02 -6.775391101837158203e-02 1.845176517963409424e-01 1.743883788585662842e-01
3.938059620509938668e+03 4.225439165104916356e+03 4.281521025364932029e+03 2.292340000000000089e+01 -2.329131364822387695e-01 6.009802222251892090e-02 1.845176517963409424e-01 1.743883788585662842e-01
3.934805725983536377e+03 4.232859879788496073e+03 4.277180512929001452e+03 2.292539999999999978e+01 -9.577883034944534302e-02 -3.808295428752899170e-01 1.845176517963409424e-01 1.743883788585662842e-01
3.931533032345540505e+03 4.240274444711721117e+03 4.272843626021932323e+03 2.292740000000000222e+01 -1.590704917907714844e-02 -1.111586168408393860e-01 1.845176517963409424e-01 1.743883788585662842e-01
3.928241555315447386e+03 4.247682824261385576e+03 4.268510385474391114e+03 2.292940000000000111e+01 1.908086836338043213e-01 7.195766549557447433e-03 1.845176517963409424e-01 1.743883788585662842e-01
3.924931310553904041e+03 4.255084983189419290e+03 4.264180811903336689e+03 2.293140000000000001e+01 8.052410930395126343e-02 2.005596272647380829e-02 1.845176517963409424e-01 1.743883788585662842e-01
3.921880685206037015e+03 4.261864879524093340e+03 4.260215228661657420e+03 2.293340000000000245e+01 7.955651730298995972e-02 -2.609160244464874268e-01 1.845176517963409424e-01 1.743883788585662842e-01
