# Baseline: 0-11
# u [m], v [m], w [m], frequency [GHz], real, imag
2.429958203203075755e+03 -4.267232590957529510e+02 2.369829242279847222e+03 2.267940000000000000e+19 1.524209231138229370e-01 -1.340319961309432983e-01
2.433377428774281270e+03 -4.221385456919738886e+02 2.367140381157178126e+03 2.268140000000000000e+19 -1.583205759525299072e-01 1.101630106568336487e-01
2.436785018821803988e+03 -4.175473815898629368e+02 2.364447758548524689e+03 2.268340000000000000e+19 -1.017816066741943359e-01 -5.195175856351852417e-02
2.440180957061650588e+03 -4.129497887296047338e+02 2.361751387321353832e+03 2.268540000000000000e+19 -2.171145752072334290e-03 -6.353400647640228271e-02
2.442720619507454103e+03 -4.094975880914826121e+02 2.359726773040912576e+03 2.268740000000000000e+19 2.553245797753334045e-02 -7.413927465677261353e-02
2.446937813165258831e+03 -4.037354047764586085e+02 2.356347450645659137e+03 2.268940000000000000e+19 3.065357916057109833e-02 1.108839437365531921e-01
2.450298698622254506e+03 -3.991186578776799365e+02 2.353639911115551513e+03 2.269140000000000000e+19 -1.248478367924690247e-01 -6.826329827308654785e-01
2.454483802812883823e+03 -3.933390660053884176e+02 2.350250438474928160e+03 2.269340000000000000e+19 -2.307173162698745728e-01 6.481528282165527344e-02
2.429958203203075755e+03 -4.267232590957529510e+02 2.369829242279847222e+03 2.269540000000000000e+19 -8.119256794452667236e-02 2.415357381105422974e-01
2.433377428774281270e+03 -4.221385456919738886e+02 2.367140381157178126e+03 2.269740000000000000e+19 -5.171842873096466064e-03 2.383121997117996216e-01
2.436785018821803988e+03 -4.175473815898629368e+02 2.364447758548524689e+03 2.269940000000000000e+19 1.024121269583702087e-01 -3.825819492340087891e-02
2.440180957061650588e+03 -4.129497887296047338e+02 2.361751387321353832e+03 2.270140000000000000e+19 5.385717749595642090e-02 -1.661363057792186737e-02
2.442720619507454103e+03 -4.094975880914826121e+02 2.359726773040912576e+03 2.270340000000000000e+19 -3.628372028470039368e-02 1.496845390647649765e-02
2.446937813165258831e+03 -4.037354047764586085e+02 2.356347450645659137e+03 2.270540000000000000e+19 -1.607562452554702759e-01 8.887243270874023438e-02
2.450298698622254506e+03 -3.991186578776799365e+02 2.353639911115551513e+03 2.270740000000000000e+19 5.071319639682769775e-02 2.331101708114147186e-02
2.454483802812883823e+03 -3.933390660053884176e+02 2.350250438474928160e+03 2.270940000000000000e+19 7.462118566036224365e-02 1.071380302309989929e-01
2.463624915666245215e+03 -3.805884860193429517e+02 2.342772913867348052e+03 2.271140000000000000e+19 -1.540220379829406738e-01 1.393962465226650238e-02
2.466927058999371638e+03 -3.759402578555431091e+02 2.340047019790956256e+03 2.271340000000000000e+19 5.590574070811271667e-02 -3.384552523493766785e-02
2.470217406226892763e+03 -3.712858001191131052e+02 2.337317493909583845e+03 2.271540000000000000e+19 1.045414060354232788e-01 8.724434673786163330e-02
2.473495941648054213e+03 -3.666251350202996377e+02 2.334584349248048966e+03 2.271740000000000000e+19 -3.053005412220954895e-02 -9.372424334287643433e-02
2.476762649561266244e+03 -3.619582848800749844e+02 2.331847598895998544e+03 2.271940000000000000e+19 9.989920258522033691e-02 6.717445701360702515e-02
2.480017514332903829e+03 -3.572852720327471161e+02 2.329107255950799754e+03 2.272140000000000000e+19 -7.049760222434997559e-02 5.909135937690734863e-02
2.483260520374878070e+03 -3.526061188584984052e+02 2.326363333536616210e+03 2.272340000000000000e+19 7.234495133161544800e-02 -8.805140852928161621e-02
2.486222996484602845e+03 -3.483115977117723787e+02 2.323844983296289683e+03 2.272540000000000000e+19 -6.964432448148727417e-02 -8.402218669652938843e-02
2.463624915666245215e+03 -3.805884860193429517e+02 2.342772913867348052e+03 2.272740000000000000e+19 -1.069816648960113525e-01 7.477314770221710205e-02
2.466927058999371638e+03 -3.759402578555431091e+02 2.340047019790956256e+03 2.272940000000000000e+19 1.916563063859939575e-01 -6.449193507432937622e-02
2.470217406226892763e+03 -3.712858001191131052e+02 2.337317493909583845e+03 2.273140000000000000e+19 -9.234552830457687378e-02 1.144110187888145447e-01
2.473495941648054213e+03 -3.666251350202996377e+02 2.334584349248048966e+03 2.273340000000000000e+19 -1.629928499460220337e-02 1.027252972126007080e-01
2.476762649561266244e+03 -3.619582848800749844e+02 2.331847598895998544e+03 2.273540000000000000e+19 8.812776952981948853e-02 8.807902783155441284e-02
2.480017514332903829e+03 -3.572852720327471161e+02 2.329107255950799754e+03 2.273740000000000000e+19 -6.536591798067092896e-02 8.123752474784851074e-02
2.483260520374878070e+03 -3.526061188584984052e+02 2.326363333536616210e+03 2.273940000000000000e+19 -1.161540299654006958e-01 -1.858971267938613892e-02
2.486222996484602845e+03 -3.483115977117723787e+02 2.323844983296289683e+03 2.274140000000000000e+19 -9.330908954143524170e-02 -1.310298889875411987e-01
2.496113647875628885e+03 -3.338285509337517851e+02 2.315352111926514681e+03 2.274340000000000000e+19 -1.146647557616233826e-01 2.312637120485305786e-02
2.499297128650062405e+03 -3.291190325419505598e+02 2.312590489445204639e+03 2.274540000000000000e+19 -5.239760130643844604e-02 -7.234244793653488159e-02
2.502468658472361312e+03 -3.244035085540214141e+02 2.309825366501469489e+03 2.274740000000000000e+19 5.013760924339294434e-02 9.182289242744445801e-02
2.505628222109201033e+03 -3.196820016193518086e+02 2.307056756376624435e+03 2.274940000000000000e+19 4.382522776722908020e-02 -1.725419051945209503e-02
2.508775804505609358e+03 -3.149545342350865553e+02 2.304284672262611821e+03 2.275140000000000000e+19 2.821493707597255707e-02 4.623730853199958801e-02
2.511911390499552908e+03 -3.102211291738987597e+02 2.301509127512834311e+03 2.275340000000000000e+19 -9.977536648511886597e-02 -1.485997904092073441e-02
2.515034965161637956e+03 -3.054818089733428792e+02 2.298730135342727863e+03 2.275540000000000000e+19 -1.125199273228645325e-01 3.243136405944824219e-02
2.517887830781856337e+03 -3.011323300389932456e+02 2.296179752359689701e+03 2.275740000000000000e+19 5.020035058259963989e-02 -5.344172008335590363e-03
2.496113647875628885e+03 -3.338285509337517851e+02 2.315352111926514681e+03 2.275940000000000000e+19 3.780548647046089172e-02 1.329822391271591187e-01
2.499297128650062405e+03 -3.291190325419505598e+02 2.312590489445204639e+03 2.276140000000000000e+19 -3.257860988378524780e-02 8.475036174058914185e-02
2.502468658472361312e+03 -3.244035085540214141e+02 2.309825366501469489e+03 2.276340000000000000e+19 -4.185662604868412018e-03 -9.817934781312942505e-02
2.505628222109201033e+03 -3.196820016193518086e+02 2.307056756376624435e+03 2.276540000000000000e+19 1.450199633836746216e-01 -1.088889967650175095e-02
2.508775804505609358e+03 -3.149545342350865553e+02 2.304284672262611821e+03 2.276740000000000000e+19 -2.456768415868282318e-02 1.635923385620117188e-01
2.511911390499552908e+03 -3.102211291738987597e+02 2.301509127512834311e+03 2.276940000000000000e+19 -2.347054146230220795e-02 3.726029023528099060e-02
2.515034965161637956e+03 -3.054818089733428792e+02 2.298730135342727863e+03 2.277140000000000000e+19 -4.084066674113273621e-02 6.224325671792030334e-02
2.517887830781856337e+03 -3.011323300389932456e+02 2.296179752359689701e+03 2.277340000000000000e+19 6.300576031208038330e-02 -4.096885025501251221e-02
2.527408852165131520e+03 -2.864658311526208649e+02 2.287579958889249610e+03 2.277540000000000000e+19 8.345574885606765747e-02 2.395537495613098145e-02
2.530472146992832222e+03 -2.816972761831628418e+02 2.284783929525231088e+03 2.277740000000000000e+19 -5.627090111374855042e-02 -1.157321780920028687e-01
2.533523341608222836e+03 -2.769229426649485504e+02 2.281984532831942033e+03 2.277940000000000000e+19 -1.257226765155792236e-01 -1.287998259067535400e-02
2.536562421483488379e+03 -2.721428533302885171e+02 2.279181782138316976e+03 2.278140000000000000e+19 9.100962430238723755e-02 4.373954981565475464e-02
2.539589371989751271e+03 -2.673570311886437025e+02 2.276375690935688908e+03 2.278340000000000000e+19 1.123013347387313843e-01 -2.245439402759075165e-02
2.542604178725192924e+03 -2.625654990103656701e+02 2.273566272575100356e+03 2.278540000000000000e+19 3.496623784303665161e-02 -2.604115195572376251e-02
2.545606827177764444e+03 -2.577682798599886382e+02 2.270753540579979017e+03 2.278740000000000000e+19 -5.408906936645507812e-02 1.064448244869709015e-02
2.548348717171284079e+03 -2.533659244317238119e+02 2.268172345252697141e+03 2.278940000000000000e+19 4.631980136036872864e-02 -3.693333201226778328e-05
2.527408852165131520e+03 -2.864658311526208649e+02 2.287579958889249610e+03 2.279140000000000000e+19 1.190395187586545944e-02 -9.066616743803024292e-02
2.530472146992832222e+03 -2.816972761831628418e+02 2.284783929525231088e+03 2.279340000000000000e+19 -1.387199200689792633e-02 -1.215661503374576569e-02
2.533523341608222836e+03 -2.769229426649485504e+02 2.281984532831942033e+03 2.279540000000000000e+19 1.408921331167221069e-01 -3.958168998360633850e-02
2.536562421483488379e+03 -2.721428533302885171e+02 2.279181782138316976e+03 2.279740000000000000e+19 -9.809374809265136719e-03 5.951194465160369873e-02
2.539589371989751271e+03 -2.673570311886437025e+02 2.276375690935688908e+03 2.279940000000000000e+19 -8.478281646966934204e-02 2.729923278093338013e-02
2.542604178725192924e+03 -2.625654990103656701e+02 2.273566272575100356e+03 2.280140000000000000e+19 1.004195436835289001e-01 -3.629397600889205933e-02
2.545606827177764444e+03 -2.577682798599886382e+02 2.270753540579979017e+03 2.280340000000000000e+19 -4.075489193201065063e-02 -4.186558350920677185e-02
2.548348717171284079e+03 -2.533659244317238119e+02 2.268172345252697141e+03 2.280540000000000000e+19 9.029596298933029175e-02 -2.561558596789836884e-02
2.557004088952262464e+03 -2.393266694736912541e+02 2.259940946372813414e+03 2.280740000000000000e+19 -3.580424934625625610e-02 -8.804472535848617554e-02
2.559947771080157509e+03 -2.345022870529137720e+02 2.257112388305275999e+03 2.280940000000000000e+19 3.140570828691124916e-03 1.739178895950317383e-01
2.562879211975582166e+03 -2.296723518796478345e+02 2.254280595298202570e+03 2.281140000000000000e+19 -5.691935867071151733e-02 6.972718983888626099e-02
2.565798397558556644e+03 -2.248368871528834347e+02 2.251445580953175522e+03 2.281340000000000000e+19 1.165939867496490479e-01 2.028430402278900146e-01
2.568705313940111409e+03 -2.199959158792189555e+02 2.248607358758875307e+03 2.281540000000000000e+19 -2.800788357853889465e-02 -6.604693830013275146e-02
2.571599947137539857e+03 -2.151494613442503407e+02 2.245765942367464049e+03 2.281740000000000000e+19 1.162826716899871826e-01 -2.059485614299774170e-01
2.574482283338456000e+03 -2.102975466744247512e+02 2.242921345337691037e+03 2.281940000000000000e+19 2.567241191864013672e-01 -2.055037766695022583e-01
2.577113767369419747e+03 -2.058452504799284100e+02 2.240311055775694967e+03 2.282140000000000000e+19 2.579468190670013428e-01 -1.272711157798767090e-01
2.557004088952262464e+03 -2.393266694736912541e+02 2.259940946372813414e+03 2.282340000000000000e+19 1.451880782842636108e-01 -3.110214769840240479e-01
2.559947771080157509e+03 -2.345022870529137720e+02 2.257112388305275999e+03 2.282540000000000000e+19 -2.063175290822982788e-02 -1.338681727647781372e-01
2.562879211975582166e+03 -2.296723518796478345e+02 2.254280595298202570e+03 2.282740000000000000e+19 -4.622429609298706055e-02 3.918086364865303040e-02
2.565798397558556644e+03 -2.248368871528834347e+02 2.251445580953175522e+03 2.282940000000000000e+19 4.083727672696113586e-02 -9.114391356706619263e-02
2.568705313940111409e+03 -2.199959158792189555e+02 2.248607358758875307e+03 2.283140000000000000e+19 -2.453076094388961792e-02 4.922770336270332336e-02
2.571599947137539857e+03 -2.151494613442503407e+02 2.245765942367464049e+03 2.283340000000000000e+19 1.311112344264984131e-01 8.123204112052917480e-02
2.574482283338456000e+03 -2.102975466744247512e+02 2.242921345337691037e+03 2.283540000000000000e+19 1.179912686347961426e-02 -1.071605831384658813e-01
2.577113767369419747e+03 -2.058452504799284100e+02 2.240311055775694967e+03 2.283740000000000000e+19 2.252294123172760010e-02 -8.672224357724189758e-03
2.585888383088157298e+03 -1.908357515877596313e+02 2.231511423420889969e+03 2.283940000000000000e+19 -2.624835260212421417e-02 5.140459537506103516e-02
2.588709028494666200e+03 -1.859568851976789858e+02 2.228651127783343327e+03 2.284140000000000000e+19 1.786784976720809937e-01 1.529830545186996460e-01
2.591517295064258633e+03 -1.810726983127026131e+02 2.225787733374570507e+03 2.284340000000000000e+19 -5.091395578347146511e-04 1.974517293274402618e-02
2.594313169269305945e+03 -1.761832144603756092e+02 2.222921253987790351e+03 2.284540000000000000e+19 3.172245807945728302e-03 1.925744861364364624e-02
2.597096637797676067e+03 -1.712884569212845349e+02 2.220051703271339193e+03 2.284740000000000000e+19 -8.176935464143753052e-02 -3.006944991648197174e-02
2.599867687308850236e+03 -1.663884491544697539e+02 2.217179094978080684e+03 2.284940000000000000e+19 5.664054304361343384e-02 8.760090172290802002e-02
2.602626304502815401e+03 -1.614832146783895155e+02 2.214303442895610715e+03 2.285140000000000000e+19 4.174534603953361511e-02 6.860414892435073853e-02
2.605144262841575710e+03 -1.569822441910880571e+02 2.211664804741661555e+03 2.285340000000000000e+19 -1.776973344385623932e-02 -6.316071748733520508e-02
2.585888383088157298e+03 -1.908357515877596313e+02 2.231511423420889969e+03 2.285540000000000000e+19 -2.212781831622123718e-02 1.202530488371849060e-01
2.588709028494666200e+03 -1.859568851976789858e+02 2.228651127783343327e+03 2.285740000000000000e+19 -1.364865433424711227e-02 -8.357091993093490601e-02
2.591517295064258633e+03 -1.810726983127026131e+02 2.225787733374570507e+03 2.285940000000000000e+19 2.348187007009983063e-02 -8.367579430341720581e-02
2.594313169269305945e+03 -1.761832144603756092e+02 2.222921253987790351e+03 2.286140000000000000e+19 -3.012947971001267433e-03 4.693295061588287354e-02
2.597096637797676067e+03 -1.712884569212845349e+02 2.220051703271339193e+03 2.286340000000000000e+19 3.315608203411102295e-02 -8.359676599502563477e-02
2.599867687308850236e+03 -1.663884491544697539e+02 2.217179094978080684e+03 2.286540000000000000e+19 -5.879259202629327774e-03 1.495262514799833298e-02
2.602626304502815401e+03 -1.614832146783895155e+02 2.214303442895610715e+03 2.286740000000000000e+19 1.385016292333602905e-01 5.231014452874660492e-03
2.605144262841575710e+03 -1.569822441910880571e+02 2.211664804741661555e+03 2.286940000000000000e+19 -1.688399724662303925e-02 9.503377974033355713e-02
2.613536187280162721e+03 -1.418104789950024269e+02 2.202770671803300957e+03 2.287140000000000000e+19 1.680331528186798096e-01 -1.664792299270629883e-01
2.616232446214709398e+03 -1.368794633065105870e+02 2.199880007325627048e+03 2.287340000000000000e+19 -1.072353404015302658e-02 -5.671029537916183472e-02
2.618916194515717962e+03 -1.319433621314536822e+02 2.196986381847903431e+03 2.287540000000000000e+19 3.836950659751892090e-02 1.269425004720687866e-01
2.621587419405008859e+03 -1.270021989724120175e+02 2.194089809147741107e+03 2.287740000000000000e+19 -4.209652170538902283e-02 2.045189216732978821e-02
2.624246108024357909e+03 -1.220559976141610719e+02 2.191190303168079481e+03 2.287940000000000000e+19 3.091691620647907257e-02 2.105125784873962402e-02
2.626892247724087611e+03 -1.171047815902213785e+02 2.188287877704424318e+03 2.288140000000000000e+19 7.665850222110748291e-03 -2.606563968583941460e-03
2.629525825766852449e+03 -1.121485747337043222e+02 2.185382546727906629e+03 2.288340000000000000e+19 1.408488862216472626e-02 -5.677140876650810242e-02
2.631929053442147051e+03 -1.076010839018339738e+02 2.182716822707681331e+03 2.288540000000000000e+19 -4.467589035630226135e-02 -6.521886587142944336e-02
2.613536187280162721e+03 -1.418104789950024269e+02 2.202770671803300957e+03 2.288740000000000000e+19 3.217682987451553345e-02 -1.118868365883827209e-01
2.616232446214709398e+03 -1.368794633065105870e+02 2.199880007325627048e+03 2.288940000000000000e+19 -1.105739548802375793e-01 1.485846638679504395e-01
2.618916194515717962e+03 -1.319433621314536822e+02 2.196986381847903431e+03 2.289140000000000000e+19 -3.586935997009277344e-02 -2.790688350796699524e-02
2.621587419405008859e+03 -1.270021989724120175e+02 2.194089809147741107e+03 2.289340000000000000e+19 -6.956925988197326660e-02 -1.585001498460769653e-01
2.624246108024357909e+03 -1.220559976141610719e+02 2.191190303168079481e+03 2.289540000000000000e+19 -7.384456694126129150e-02 -7.286376506090164185e-02
2.626892247724087611e+03 -1.171047815902213785e+02 2.188287877704424318e+03 2.289740000000000000e+19 -5.517783015966415405e-02 5.632693693041801453e-02
2.629525825766852449e+03 -1.121485747337043222e+02 2.185382546727906629e+03 2.289940000000000000e+19 3.822767734527587891e-02 -4.082604125142097473e-02
2.631929053442147051e+03 -1.076010839018339738e+02 2.182716822707681331e+03 2.290140000000000000e+19 -6.027877330780029297e-02 4.197891801595687866e-03
2.639934270649540849e+03 -9.227431287391586068e+01 2.173732445487780296e+03 2.290340000000000000e+19 1.745529621839523315e-01 5.288399755954742432e-02
2.642504852760293488e+03 -8.729350773518021356e+01 2.170812795562527299e+03 2.290540000000000000e+19 2.906294725835323334e-02 9.899409115314483643e-02
2.645062798515535178e+03 -8.230785439861446662e+01 2.167890323735538914e+03 2.290740000000000000e+19 9.099654853343963623e-02 1.675401628017425537e-02
2.647608095718018376e+03 -7.731737663736412003e+01 2.164965043942071134e+03 2.290940000000000000e+19 4.626334086060523987e-02 -3.145257756114006042e-02
2.650140732168710656e+03 -7.232209836923813384e+01 2.162036970202083012e+03 2.291140000000000000e+19 -3.111191559582948685e-03 6.434486806392669678e-02
2.652660695703154033e+03 -6.732204358738073324e+01 2.159106116579597256e+03 2.291340000000000000e+19 -6.917244940996170044e-02 1.340579614043235779e-02
2.655167974331830465e+03 -6.231723608147611060e+01 2.156172497019278580e+03 2.291540000000000000e+19 2.528832852840423584e-02 -6.246091797947883606e-03
2.657455320881244916e+03 -5.772540191132812737e+01 2.153480963286772294e+03 2.291740000000000000e+19 -9.302336722612380981e-02 3.533900529146194458e-02
2.639934270649540849e+03 -9.227431287391586068e+01 2.173732445487780296e+03 2.291940000000000000e+19 1.382128000259399414e-01 -2.350277453660964966e-02
2.642504852760293488e+03 -8.729350773518021356e+01 2.170812795562527299e+03 2.292140000000000000e+19 7.313770055770874023e-02 -7.785505056381225586e-02
2.645062798515535178e+03 -8.230785439861446662e+01 2.167890323735538914e+03 2.292340000000000000e+19 -1.636049300432205200e-01 6.037395447492599487e-02
2.647608095718018376e+03 -7.731737663736412003e+01 2.164965043942071134e+03 2.292540000000000000e+19 -3.126617893576622009e-02 1.014749035239219666e-01
2.650140732168710656e+03 -7.232209836923813384e+01 2.162036970202083012e+03 2.292740000000000000e+19 -2.462005615234375000e-02 -1.426999177783727646e-02
2.652660695703154033e+03 -6.732204358738073324e+01 2.159106116579597256e+03 2.292940000000000000e+19 1.108117680996656418e-02 -4.099343717098236084e-02
2.655167974331830465e+03 -6.231723608147611060e+01 2.156172497019278580e+03 2.293140000000000000e+19 -6.374470889568328857e-02 -6.372386217117309570e-02
2.657455320881244916e+03 -5.772540191132812737e+01 2.153480963286772294e+03 2.293340000000000000e+19 3.321060910820960999e-02 -1.176840588450431824e-01
