# Baseline: 2-21
# Entries: 128
# u [m], v [m], w [m], frequency [GHz], real, imag
2.497305921630945249e+03 -3.577195549601074163e+03 2.055479220313332917e+03 2.267940000000000000e+19 6.291697174310684204e-02 4.551768302917480469e-02
2.506325132470736207e+03 -3.572477623201576080e+03 2.052704960170484810e+03 2.268140000000000000e+19 1.467391699552536011e-01 -4.666156321763992310e-02
2.515332348482515499e+03 -3.567742674289806018e+03 2.049920749240802252e+03 2.268340000000000000e+19 -4.323284327983856201e-02 1.669578105211257935e-01
2.524327526622958885e+03 -3.562990725493140872e+03 2.047126600829493100e+03 2.268540000000000000e+19 3.913053870201110840e-01 -2.109698653221130371e-01
2.533310623843277881e+03 -3.558221799552828088e+03 2.044322528308442088e+03 2.268740000000000000e+19 -9.849435091018676758e-02 -1.537785381078720093e-01
2.542281597152780705e+03 -3.553435919291760001e+03 2.041508545097259912e+03 2.268940000000000000e+19 1.065227240324020386e-01 -1.023822948336601257e-01
2.551240403431485902e+03 -3.548633107714200833e+03 2.038684664721923355e+03 2.269140000000000000e+19 -1.564744114875793457e-01 3.853255137801170349e-02
2.559442073739842272e+03 -3.544215891218277193e+03 2.036087550453734821e+03 2.269340000000000000e+19 -9.049961715936660767e-02 9.907433763146400452e-03
2.497305921630945249e+03 -3.577195549601074163e+03 2.055479220313332917e+03 2.269540000000000000e+19 -1.712757647037506104e-01 -9.842000436037778854e-04
2.506325132470736207e+03 -3.572477623201576080e+03 2.052704960170484810e+03 2.269740000000000000e+19 3.714537918567657471e-01 1.169549152255058289e-01
2.515332348482515499e+03 -3.567742674289806018e+03 2.049920749240802252e+03 2.269940000000000000e+19 1.403188705444335938e-02 -2.961216866970062256e-01
2.524327526622958885e+03 -3.562990725493140872e+03 2.047126600829493100e+03 2.270140000000000000e+19 -7.905550301074981689e-02 -3.260956406593322754e-01
2.533310623843277881e+03 -3.558221799552828088e+03 2.044322528308442088e+03 2.270340000000000000e+19 1.667723059654235840e-01 1.714677065610885620e-01
2.542281597152780705e+03 -3.553435919291760001e+03 2.041508545097259912e+03 2.270540000000000000e+19 2.296376377344131470e-01 1.088382080197334290e-01
2.551240403431485902e+03 -3.548633107714200833e+03 2.038684664721923355e+03 2.270740000000000000e+19 -3.070864677429199219e-01 1.448472142219543457e-01
2.559442073739842272e+03 -3.544215891218277193e+03 2.036087550453734821e+03 2.270940000000000000e+19 2.741986811161041260e-01 3.846858739852905273e-01
2.586953103563254444e+03 -3.529253008118222624e+03 2.027290441967615379e+03 2.271140000000000000e+19 -6.584091484546661377e-02 8.645332604646682739e-02
2.595850433679204343e+03 -3.524365885849030292e+03 2.024417279137587457e+03 2.271340000000000000e+19 -8.554600179195404053e-02 7.219547033309936523e-02
2.604735340461440046e+03 -3.519461971352822729e+03 2.021534300918961890e+03 2.271540000000000000e+19 5.182909220457077026e-02 -7.572984695434570312e-02
2.613607781513065220e+03 -3.514541288030327905e+03 2.018641521068886505e+03 2.271740000000000000e+19 8.926206268370151520e-03 -1.607307046651840210e-01
2.622467714342049021e+03 -3.509603859447826835e+03 2.015738953441562444e+03 2.271940000000000000e+19 -2.963913381099700928e-01 -2.111041098833084106e-01
2.631315096547063604e+03 -3.504649709234514830e+03 2.012826611927913973e+03 2.272140000000000000e+19 -8.786602318286895752e-02 7.097370177507400513e-02
2.640149885756234198e+03 -3.499678861117151882e+03 2.009904510475944107e+03 2.272340000000000000e+19 -5.447506159543991089e-02 4.672526940703392029e-02
2.648237505276066258e+03 -3.495107813968071241e+03 2.007217479471519937e+03 2.272540000000000000e+19 3.278730809688568115e-01 -2.248216718435287476e-01
2.586953103563254444e+03 -3.529253008118222624e+03 2.027290441967615379e+03 2.272740000000000000e+19 -1.707172840833663940e-01 2.448741644620895386e-01
2.595850433679204343e+03 -3.524365885849030292e+03 2.024417279137587457e+03 2.272940000000000000e+19 1.669994294643402100e-01 4.804129898548126221e-02
2.604735340461440046e+03 -3.519461971352822729e+03 2.021534300918961890e+03 2.273140000000000000e+19 1.909904927015304565e-01 -3.237719237804412842e-01
2.613607781513065220e+03 -3.514541288030327905e+03 2.018641521068886505e+03 2.273340000000000000e+19 8.161309361457824707e-02 -1.699875593185424805e-01
2.622467714342049021e+03 -3.509603859447826835e+03 2.015738953441562444e+03 2.273540000000000000e+19 5.598031729459762573e-02 2.434392571449279785e-01
2.631315096547063604e+03 -3.504649709234514830e+03 2.012826611927913973e+03 2.273740000000000000e+19 -1.308124512434005737e-01 -6.840948015451431274e-02
2.640149885756234198e+03 -3.499678861117151882e+03 2.009904510475944107e+03 2.273940000000000000e+19 -4.507684707641601562e-02 -1.939093321561813354e-01
2.648237505276066258e+03 -3.495107813968071241e+03 2.007217479471519937e+03 2.274140000000000000e+19 -1.017224341630935669e-01 1.869122982025146484e-01
2.675362268414896334e+03 -3.479628966308939653e+03 1.998118785509204599e+03 2.274340000000000000e+19 -1.924590617418289185e-01 -8.143900334835052490e-02
2.684133459766294891e+03 -3.474574987034582591e+03 1.995148095023547512e+03 2.274540000000000000e+19 1.075730994343757629e-01 1.441292464733123779e-02
2.692891805469625524e+03 -3.469504453715916952e+03 1.992167729163277954e+03 2.274740000000000000e+19 -6.570221483707427979e-02 4.586454108357429504e-02
2.701637263457243080e+03 -3.464417390707494178e+03 1.989177702243571048e+03 2.274940000000000000e+19 -2.556436955928802490e-01 2.824029028415679932e-01
2.710369792058274015e+03 -3.459313822248129782e+03 1.986178028511310004e+03 2.275140000000000000e+19 1.152739580720663071e-02 -9.267669171094894409e-02
2.719089349207547002e+03 -3.454193772922311382e+03 1.983168722416294486e+03 2.275340000000000000e+19 2.473297901451587677e-02 3.306022658944129944e-02
2.727795893388411969e+03 -3.449057267108757515e+03 1.980149798287115118e+03 2.275540000000000000e+19 8.547825366258621216e-02 9.819549322128295898e-02
2.735765591652499097e+03 -3.444334576869926877e+03 1.977374136478936634e+03 2.275740000000000000e+19 3.197209239006042480e-01 2.800350077450275421e-02
2.675362268414896334e+03 -3.479628966308939653e+03 1.998118785509204599e+03 2.275940000000000000e+19 1.531335562467575073e-01 1.138406246900558472e-01
2.684133459766294891e+03 -3.474574987034582591e+03 1.995148095023547512e+03 2.276140000000000000e+19 -7.146231364458799362e-03 1.649555265903472900e-01
2.692891805469625524e+03 -3.469504453715916952e+03 1.992167729163277954e+03 2.276340000000000000e+19 -4.601627215743064880e-02 2.327260002493858337e-02
2.701637263457243080e+03 -3.464417390707494178e+03 1.989177702243571048e+03 2.276540000000000000e+19 7.297258079051971436e-02 1.702283276244997978e-03
2.710369792058274015e+03 -3.459313822248129782e+03 1.986178028511310004e+03 2.276740000000000000e+19 -2.114199697971343994e-01 -1.593863368034362793e-01
2.719089349207547002e+03 -3.454193772922311382e+03 1.983168722416294486e+03 2.276940000000000000e+19 2.765246629714965820e-01 -4.765170812606811523e-02
2.727795893388411969e+03 -3.449057267108757515e+03 1.980149798287115118e+03 2.277140000000000000e+19 2.447922676801681519e-01 -6.310781091451644897e-02
2.735765591652499097e+03 -3.444334576869926877e+03 1.977374136478936634e+03 2.277340000000000000e+19 1.463098376989364624e-01 -2.651264145970344543e-02
2.762491107414780345e+03 -3.428347172152645726e+03 1.967978211283632618e+03 2.277540000000000000e+19 -2.464676648378372192e-01 4.599648341536521912e-02
2.771131962724519781e+03 -3.423128754361481697e+03 1.964911414713096747e+03 2.277740000000000000e+19 -2.222351282835006714e-01 2.676789760589599609e-01
2.779759555852905123e+03 -3.417894028842142234e+03 1.961835087536391939e+03 2.277940000000000000e+19 2.454048395156860352e-01 3.275246173143386841e-02
2.788373845720899681e+03 -3.412643020519028141e+03 1.958749244401027454e+03 2.278140000000000000e+19 -1.357857254333794117e-03 -1.261877864599227905e-01
2.796974790862804639e+03 -3.407375754668438731e+03 1.955653900161064257e+03 2.278340000000000000e+19 -2.380242757499217987e-02 -8.668074756860733032e-02
2.805562350356441584e+03 -3.402092256351391825e+03 1.952549069543793621e+03 2.278540000000000000e+19 9.045190364122390747e-02 -7.241030782461166382e-02
2.814136482864763821e+03 -3.396792551000562980e+03 1.949434767494660946e+03 2.278740000000000000e+19 5.278569087386131287e-02 -8.593849837779998779e-02
2.821984446253632086e+03 -3.391920477554506306e+03 1.946571803082693123e+03 2.278940000000000000e+19 -1.928904950618743896e-01 2.621304690837860107e-01
2.762491107414780345e+03 -3.428347172152645726e+03 1.967978211283632618e+03 2.279140000000000000e+19 6.755975075066089630e-03 2.165607661008834839e-01
2.771131962724519781e+03 -3.423128754361481697e+03 1.964911414713096747e+03 2.279340000000000000e+19 4.028762504458427429e-02 -1.106802672147750854e-01
2.779759555852905123e+03 -3.417894028842142234e+03 1.961835087536391939e+03 2.279540000000000000e+19 -7.381581515073776245e-02 1.156098321080207825e-01
2.788373845720899681e+03 -3.412643020519028141e+03 1.958749244401027454e+03 2.279740000000000000e+19 1.095076203346252441e-01 3.174410434439778328e-03
2.796974790862804639e+03 -3.407375754668438731e+03 1.955653900161064257e+03 2.279940000000000000e+19 -8.718565851449966431e-02 4.335431382060050964e-02
2.805562350356441584e+03 -3.402092256351391825e+03 1.952549069543793621e+03 2.280140000000000000e+19 -6.985992193222045898e-02 -3.316329047083854675e-02
2.814136482864763821e+03 -3.396792551000562980e+03 1.949434767494660946e+03 2.280340000000000000e+19 -7.802843302488327026e-02 3.385126590728759766e-01
2.821984446253632086e+03 -3.391920477554506306e+03 1.946571803082693123e+03 2.280540000000000000e+19 6.131308153271675110e-03 -7.471555471420288086e-02
2.846878867697377700e+03 -3.376327330714748769e+03 1.937409135925267265e+03 2.280740000000000000e+19 -1.761751323938369751e-01 -2.271313071250915527e-01
2.855387526482506019e+03 -3.370949649897326253e+03 1.934249265969961016e+03 2.280940000000000000e+19 5.304398387670516968e-02 -1.022764369845390320e-01
2.863882519981444148e+03 -3.365555910994082751e+03 1.931080012106661570e+03 2.281140000000000000e+19 1.876282095909118652e-01 -1.067783236503601074e-01
2.872363807391646333e+03 -3.360146139912180388e+03 1.927901389557919856e+03 2.281340000000000000e+19 -1.447518765926361084e-01 1.738055944442749023e-01
2.880831348360384709e+03 -3.354720362390815808e+03 1.924713413447345147e+03 2.281540000000000000e+19 -8.433125168085098267e-02 2.059795707464218140e-02
2.889285102157692108e+03 -3.349278604528473807e+03 1.921516099109412835e+03 2.281740000000000000e+19 1.246249675750732422e-01 -7.026289403438568115e-02
2.897725028444172494e+03 -3.343820892292471399e+03 1.918309461801278985e+03 2.281940000000000000e+19 -1.355126034468412399e-03 2.207100391387939453e-01
2.905449622900875511e+03 -3.338804198782503136e+03 1.915361985757665479e+03 2.282140000000000000e+19 -1.590510308742523193e-01 3.485503792762756348e-01
2.846878867697377700e+03 -3.376327330714748769e+03 1.937409135925267265e+03 2.282340000000000000e+19 -3.830995038151741028e-02 -1.638873964548110962e-01
2.855387526482506019e+03 -3.370949649897326253e+03 1.934249265969961016e+03 2.282540000000000000e+19 -1.156565994024276733e-01 1.842426359653472900e-01
2.863882519981444148e+03 -3.365555910994082751e+03 1.931080012106661570e+03 2.282740000000000000e+19 4.039263129234313965e-01 -3.885979354381561279e-01
2.872363807391646333e+03 -3.360146139912180388e+03 1.927901389557919856e+03 2.282940000000000000e+19 -2.929870188236236572e-01 -6.801696866750717163e-02
2.880831348360384709e+03 -3.354720362390815808e+03 1.924713413447345147e+03 2.283140000000000000e+19 9.204796701669692993e-02 6.582001596689224243e-02
2.889285102157692108e+03 -3.349278604528473807e+03 1.921516099109412835e+03 2.283340000000000000e+19 1.581736505031585693e-01 2.154949903488159180e-01
2.897725028444172494e+03 -3.343820892292471399e+03 1.918309461801278985e+03 2.283540000000000000e+19 -2.426749095320701599e-02 -1.140395179390907288e-01
2.905449622900875511e+03 -3.338804198782503136e+03 1.915361985757665479e+03 2.283740000000000000e+19 -4.179225564002990723e-01 -9.530878812074661255e-02
2.931345651388030092e+03 -3.321831023308163367e+03 1.905389990557187275e+03 2.283940000000000000e+19 9.615856409072875977e-02 1.688866466283798218e-01
2.939715835347309167e+03 -3.316293932666989804e+03 1.902136969569685789e+03 2.284140000000000000e+19 9.782476723194122314e-02 1.811613291501998901e-01
2.948071950564014969e+03 -3.310741045430742815e+03 1.898874718310039270e+03 2.284340000000000000e+19 -1.881631463766098022e-01 -1.001698523759841919e-01
2.956413956786076596e+03 -3.305172388348161348e+03 1.895603252492811180e+03 2.284540000000000000e+19 -8.210308104753494263e-02 2.110664397478103638e-01
2.964741814294261076e+03 -3.299587987933628483e+03 1.892322587694642380e+03 2.284740000000000000e+19 -1.928864270448684692e-01 -1.134411841630935669e-01
2.973055483175418431e+03 -3.293987870951274544e+03 1.889032739638662861e+03 2.284940000000000000e+19 -1.706671118736267090e-01 -1.122793182730674744e-01
2.981354923526817856e+03 -3.288372064279930328e+03 1.885733724115139921e+03 2.285140000000000000e+19 5.510465428233146667e-02 3.215810954570770264e-01
2.988950392763550099e+03 -3.283210680531882190e+03 1.882701702964944388e+03 2.285340000000000000e+19 -1.097289472818374634e-01 -1.646161675453186035e-01
2.931345651388030092e+03 -3.321831023308163367e+03 1.905389990557187275e+03 2.285540000000000000e+19 -2.434875220060348511e-01 2.189694046974182129e-01
2.939715835347309167e+03 -3.316293932666989804e+03 1.902136969569685789e+03 2.285740000000000000e+19 -5.235750973224639893e-02 -4.109261184930801392e-02
2.948071950564014969e+03 -3.310741045430742815e+03 1.898874718310039270e+03 2.285940000000000000e+19 1.377181708812713623e-01 -1.960821449756622314e-01
2.956413956786076596e+03 -3.305172388348161348e+03 1.895603252492811180e+03 2.286140000000000000e+19 -1.570744365453720093e-01 -2.021218389272689819e-01
2.964741814294261076e+03 -3.299587987933628483e+03 1.892322587694642380e+03 2.286340000000000000e+19 -1.163136810064315796e-01 2.429302632808685303e-01
2.973055483175418431e+03 -3.293987870951274544e+03 1.889032739638662861e+03 2.286540000000000000e+19 2.520079910755157471e-01 5.298395082354545593e-02
2.981354923526817856e+03 -3.288372064279930328e+03 1.885733724115139921e+03 2.286740000000000000e+19 4.784486815333366394e-02 -1.457009464502334595e-01
2.988950392763550099e+03 -3.283210680531882190e+03 1.882701702964944388e+03 2.286940000000000000e+19 7.038426399230957031e-02 7.643099874258041382e-02
3.014409607238943408e+03 -3.265752478701901509e+03 1.872446303389801869e+03 2.287140000000000000e+19 1.307435184717178345e-01 4.588181525468826294e-02
3.022637311019043864e+03 -3.260058627888508909e+03 1.869101688032511447e+03 2.287340000000000000e+19 8.824777603149414062e-02 1.010674685239791870e-01
3.030850548985094520e+03 -3.254349249763876287e+03 1.865748000593313009e+03 2.287540000000000000e+19 1.249902844429016113e-01 -1.249101385474205017e-01
3.039049282031066923e+03 -3.248624371512507423e+03 1.862385257040392162e+03 2.287740000000000000e+19 9.534692019224166870e-02 -7.127310335636138916e-02
3.047233470691523053e+03 -3.242884020691645219e+03 1.859013473560647299e+03 2.287940000000000000e+19 9.973800182342529297e-02 -6.927241384983062744e-02
3.055403076027052066e+03 -3.237128224613310067e+03 1.855632666196642958e+03 2.288140000000000000e+19 -1.015026047825813293e-01 1.307431310415267944e-01
3.063558058712690126e+03 -3.231357010983601413e+03 1.852242851222310492e+03 2.288340000000000000e+19 2.532847523689270020e-01 3.962630629539489746e-01
3.071020767907129994e+03 -3.226053406988500228e+03 1.849127735947060046e+03 2.288540000000000000e+19 -2.189063876867294312e-01 2.760747671127319336e-01
3.014409607238943408e+03 -3.265752478701901509e+03 1.872446303389801869e+03 2.288740000000000000e+19 -2.198342420160770416e-02 -2.405449450016021729e-01
3.022637311019043864e+03 -3.260058627888508909e+03 1.869101688032511447e+03 2.288940000000000000e+19 -6.377164274454116821e-02 1.660177260637283325e-01
3.030850548985094520e+03 -3.254349249763876287e+03 1.865748000593313009e+03 2.289140000000000000e+19 3.763600811362266541e-02 1.052097231149673462e-01
3.039049282031066923e+03 -3.248624371512507423e+03 1.862385257040392162e+03 2.289340000000000000e+19 -1.674423962831497192e-01 -2.586008310317993164e-01
3.047233470691523053e+03 -3.242884020691645219e+03 1.859013473560647299e+03 2.289540000000000000e+19 6.229897961020469666e-02 6.164786964654922485e-02
3.055403076027052066e+03 -3.237128224613310067e+03 1.855632666196642958e+03 2.289740000000000000e+19 -8.125319331884384155e-02 2.801808528602123260e-02
3.063558058712690126e+03 -3.231357010983601413e+03 1.852242851222310492e+03 2.289940000000000000e+19 -6.113989278674125671e-02 -7.036849856376647949e-02
3.071020767907129994e+03 -3.226053406988500228e+03 1.849127735947060046e+03 2.290140000000000000e+19 -8.334798365831375122e-02 -2.886224091053009033e-01
3.096030984851418452e+03 -3.208118533460783055e+03 1.838593839744323077e+03 2.290340000000000000e+19 1.255827844142913818e-01 2.059891819953918457e-01
3.104112270905627156e+03 -3.202270647396304412e+03 1.835159230660140793e+03 2.290540000000000000e+19 -1.602261811494827271e-01 3.003652207553386688e-02
3.112178701258475485e+03 -3.196407510560502942e+03 1.831715711923205163e+03 2.290740000000000000e+19 -2.647432088851928711e-01 -1.574015803635120392e-02
3.120230237446468436e+03 -3.190529150910525004e+03 1.828263299953230899e+03 2.290940000000000000e+19 -1.455627381801605225e-01 2.643361389636993408e-01
3.128266840880779910e+03 -3.184635596619376884e+03 1.824802011296487080e+03 2.291140000000000000e+19 -2.281844168901443481e-01 -1.732190549373626709e-01
3.136288472960601212e+03 -3.178726875994890634e+03 1.821331862578199434e+03 2.291340000000000000e+19 1.448475383222103119e-02 -3.718806803226470947e-02
3.144295095520206360e+03 -3.172803017150183223e+03 1.817852870309009404e+03 2.291540000000000000e+19 1.826619952917098999e-01 2.222682386636734009e-01
3.151621472114044991e+03 -3.167359731902390195e+03 1.814656152209153561e+03 2.291740000000000000e+19 1.851013302803039551e-01 -1.770295500755310059e-01
3.096030984851418452e+03 -3.208118533460783055e+03 1.838593839744323077e+03 2.291940000000000000e+19 6.879582256078720093e-02 -7.387946546077728271e-02
3.104112270905627156e+03 -3.202270647396304412e+03 1.835159230660140793e+03 2.292140000000000000e+19 -6.451719999313354492e-02 -3.612853586673736572e-02
3.112178701258475485e+03 -3.196407510560502942e+03 1.831715711923205163e+03 2.292340000000000000e+19 -1.122058853507041931e-01 -5.467428267002105713e-02
3.120230237446468436e+03 -3.190529150910525004e+03 1.828263299953230899e+03 2.292540000000000000e+19 1.107612550258636475e-01 1.989168822765350342e-01
3.128266840880779910e+03 -3.184635596619376884e+03 1.824802011296487080e+03 2.292740000000000000e+19 8.324714004993438721e-02 -1.129848510026931763e-01
3.136288472960601212e+03 -3.178726875994890634e+03 1.821331862578199434e+03 2.292940000000000000e+19 -8.540935814380645752e-02 -2.667167969048023224e-02
3.144295095520206360e+03 -3.172803017150183223e+03 1.817852870309009404e+03 2.293140000000000000e+19 -1.296176295727491379e-02 1.418727543205022812e-02
3.151621472114044991e+03 -3.167359731902390195e+03 1.814656152209153561e+03 2.293340000000000000e+19 2.566143572330474854e-01 1.513451710343360901e-02
