# Baseline: 11-25
# Entries: 128
# u [m], v [m], w [m], frequency [GHz], real, imag
-2.860650058002288461e+03 -3.043011236083506219e+02 -2.893871874236168424e+03 2.267940000000000000e+19 3.210183233022689819e-02 4.304338991641998291e-02
-2.863267433142375467e+03 -3.096968545427281470e+02 -2.890709223921649027e+03 2.268140000000000000e+19 -4.948255792260169983e-02 -3.882709890604019165e-02
-2.865871119908606033e+03 -3.150975216421970231e+02 -2.887543701591699119e+03 2.268340000000000000e+19 4.424368590116500854e-02 5.403752252459526062e-02
-2.868461105858672454e+03 -3.205030990981530863e+02 -2.884375322373657582e+03 2.268540000000000000e+19 -3.217734023928642273e-02 -1.860815682448446751e-03
-2.870395025556806104e+03 -3.245603370757031030e+02 -2.881997260662040844e+03 2.268740000000000000e+19 3.066475875675678253e-02 1.692947559058666229e-02
-2.873599925795237596e+03 -3.313288815776991214e+02 -2.878030053938887704e+03 2.268940000000000000e+19 -9.183769673109054565e-02 9.115175902843475342e-02
-2.876148735135438528e+03 -3.367490346786560735e+02 -2.874853195155345020e+03 2.269140000000000000e+19 -3.226308524608612061e-02 1.093893051147460938e-01
-2.879315967148594609e+03 -3.435307892675790526e+02 -2.870878303759276605e+03 2.269340000000000000e+19 3.324073180556297302e-02 -5.078906938433647156e-02
-2.860650058002288461e+03 -3.043011236083506219e+02 -2.893871874236168424e+03 2.269540000000000000e+19 9.076163917779922485e-02 1.471417024731636047e-02
-2.863267433142375467e+03 -3.096968545427281470e+02 -2.890709223921649027e+03 2.269740000000000000e+19 -9.775314480066299438e-02 -3.621320053935050964e-02
-2.865871119908606033e+03 -3.150975216421970231e+02 -2.887543701591699119e+03 2.269940000000000000e+19 1.721195876598358154e-02 4.836158826947212219e-02
-2.868461105858672454e+03 -3.205030990981530863e+02 -2.884375322373657582e+03 2.270140000000000000e+19 -1.508658938109874725e-02 -9.750249236822128296e-02
-2.870395025556806104e+03 -3.245603370757031030e+02 -2.881997260662040844e+03 2.270340000000000000e+19 6.967982649803161621e-02 -2.681686542928218842e-02
-2.873599925795237596e+03 -3.313288815776991214e+02 -2.878030053938887704e+03 2.270540000000000000e+19 -3.134728968143463135e-02 -4.212954267859458923e-02
-2.876148735135438528e+03 -3.367490346786560735e+02 -2.874853195155345020e+03 2.270740000000000000e+19 -1.254093647003173828e-01 -1.302610058337450027e-02
-2.879315967148594609e+03 -3.435307892675790526e+02 -2.870878303759276605e+03 2.270940000000000000e+19 -6.636195629835128784e-02 -5.985422991216182709e-03
-2.886206351500970868e+03 -3.584774547616657401e+02 -2.862117950689088957e+03 2.271140000000000000e+19 5.111555010080337524e-02 -1.537915971130132675e-02
-2.888686290167757306e+03 -3.639213817002790279e+02 -2.858927263434944962e+03 2.271340000000000000e+19 3.205635352060198784e-03 -1.409185379743576050e-01
-2.891152418796370057e+03 -3.693699852613431176e+02 -2.855733856287944946e+03 2.271540000000000000e+19 9.069002419710159302e-02 1.944374665617942810e-02
-2.893604725619087731e+03 -3.748232394451181904e+02 -2.852537744486442534e+03 2.271740000000000000e+19 -7.074851542711257935e-02 3.391311317682266235e-02
-2.896043198891317843e+03 -3.802811181347506704e+02 -2.849338943337333149e+03 2.271940000000000000e+19 -1.939500868320465088e-02 6.990372389554977417e-02
-2.898467826943144701e+03 -3.857435952102727015e+02 -2.846137468149237975e+03 2.272140000000000000e+19 2.757204324007034302e-02 4.031059890985488892e-02
-2.900878598162694743e+03 -3.912106445106037995e+02 -2.842933334254769761e+03 2.272340000000000000e+19 -2.101493813097476959e-02 1.194220632314682007e-01
-2.903076465808199373e+03 -3.962260430828916924e+02 -2.839993922455027587e+03 2.272540000000000000e+19 7.008858025074005127e-02 2.781297825276851654e-02
-2.886206351500970868e+03 -3.584774547616657401e+02 -2.862117950689088957e+03 2.272740000000000000e+19 -7.418705523014068604e-02 -2.929556183516979218e-02
-2.888686290167757306e+03 -3.639213817002790279e+02 -2.858927263434944962e+03 2.272940000000000000e+19 4.297227039933204651e-02 1.861316710710525513e-02
-2.891152418796370057e+03 -3.693699852613431176e+02 -2.855733856287944946e+03 2.273140000000000000e+19 3.306553885340690613e-02 -2.633581170812249184e-03
-2.893604725619087731e+03 -3.748232394451181904e+02 -2.852537744486442534e+03 2.273340000000000000e+19 -5.254482477903366089e-02 -1.178861036896705627e-02
-2.896043198891317843e+03 -3.802811181347506704e+02 -2.849338943337333149e+03 2.273540000000000000e+19 -1.310120802372694016e-02 1.113705430179834366e-02
-2.898467826943144701e+03 -3.857435952102727015e+02 -2.846137468149237975e+03 2.273740000000000000e+19 1.009326130151748657e-01 1.360812503844499588e-02
-2.900878598162694743e+03 -3.912106445106037995e+02 -2.842933334254769761e+03 2.273940000000000000e+19 6.686489284038543701e-02 8.058700710535049438e-02
-2.903076465808199373e+03 -3.962260430828916924e+02 -2.839993922455027587e+03 2.274140000000000000e+19 9.563066065311431885e-02 -4.160308465361595154e-02
-2.910382885101306783e+03 -4.131240406620112253e+02 -2.830090518306727517e+03 2.274340000000000000e+19 3.218308836221694946e-02 2.585395798087120056e-02
-2.912724200462178487e+03 -4.186135582711136749e+02 -2.826873321099984878e+03 2.274540000000000000e+19 3.469006717205047607e-02 1.417691856622695923e-01
-2.915051590796533219e+03 -4.241074908743436254e+02 -2.823653557335290316e+03 2.274740000000000000e+19 2.219267562031745911e-02 1.398124694824218750e-01
-2.917365044925578786e+03 -4.296058120834989609e+02 -2.820431242477663091e+03 2.274940000000000000e+19 -4.237814247608184814e-02 5.858431756496429443e-02
-2.919664551825891522e+03 -4.351084957000152826e+02 -2.817206391880887168e+03 2.275140000000000000e+19 -7.808168232440948486e-02 -3.929886594414710999e-02
-2.921950100420711351e+03 -4.406155152169527582e+02 -2.813979021079368977e+03 2.275340000000000000e+19 -6.434172391891479492e-02 -4.370494931936264038e-02
-2.924221679828013748e+03 -4.461268444133341404e+02 -2.810749145439827316e+03 2.275540000000000000e+19 1.244357675313949585e-01 1.737969219684600830e-01
-2.926291858198979298e+03 -4.511826052705391135e+02 -2.807786270439333293e+03 2.275740000000000000e+19 -6.153899058699607849e-02 -7.075804471969604492e-02
-2.910382885101306783e+03 -4.131240406620112253e+02 -2.830090518306727517e+03 2.275940000000000000e+19 -7.864031009376049042e-03 2.399964258074760437e-02
-2.912724200462178487e+03 -4.186135582711136749e+02 -2.826873321099984878e+03 2.276140000000000000e+19 8.580379188060760498e-02 2.423119731247425079e-04
-2.915051590796533219e+03 -4.241074908743436254e+02 -2.823653557335290316e+03 2.276340000000000000e+19 1.581862452439963818e-03 3.811757266521453857e-02
-2.917365044925578786e+03 -4.296058120834989609e+02 -2.820431242477663091e+03 2.276540000000000000e+19 -7.477490603923797607e-02 1.283672917634248734e-02
-2.919664551825891522e+03 -4.351084957000152826e+02 -2.817206391880887168e+03 2.276740000000000000e+19 -5.643437802791595459e-02 4.791102185845375061e-02
-2.921950100420711351e+03 -4.406155152169527582e+02 -2.813979021079368977e+03 2.276940000000000000e+19 -1.220884099602699280e-01 1.612112969160079956e-01
-2.924221679828013748e+03 -4.461268444133341404e+02 -2.810749145439827316e+03 2.277140000000000000e+19 2.982355654239654541e-02 -8.351701498031616211e-02
-2.926291858198979298e+03 -4.511826052705391135e+02 -2.807786270439333293e+03 2.277340000000000000e+19 2.670004265382885933e-03 -7.491381838917732239e-03
-2.933168089003732348e+03 -4.682147297872238596e+02 -2.797804904051380618e+03 2.277540000000000000e+19 -2.826364338397979736e-02 -1.546797901391983032e-02
-2.935369660673110957e+03 -4.737472111634169778e+02 -2.794562736420153215e+03 2.277740000000000000e+19 3.175712749361991882e-02 3.182818368077278137e-02
-2.937557198893904115e+03 -4.792838435631698530e+02 -2.791318156928571625e+03 2.277940000000000000e+19 -9.598455578088760376e-02 6.938449293375015259e-02
-2.939730693250474360e+03 -4.848246006245942681e+02 -2.788071181025241913e+03 2.278140000000000000e+19 -6.209209561347961426e-02 -2.048445492982864380e-02
-2.941890133280531245e+03 -4.903694556766806727e+02 -2.784821824339817795e+03 2.278340000000000000e+19 -3.725996986031532288e-02 2.707662992179393768e-02
-2.944035508709765509e+03 -4.959183823376965279e+02 -2.781570102332335409e+03 2.278540000000000000e+19 -3.445039689540863037e-02 -1.147291362285614014e-01
-2.946166809211227701e+03 -5.014713538973140885e+02 -2.778316030655294981e+03 2.278740000000000000e+19 3.950710408389568329e-03 -4.371650144457817078e-02
-2.948108307698666522e+03 -5.065650577791264482e+02 -2.775331110235936194e+03 2.278940000000000000e+19 -2.643660828471183777e-02 6.829116493463516235e-02
-2.933168089003732348e+03 -4.682147297872238596e+02 -2.797804904051380618e+03 2.279140000000000000e+19 1.369268596172332764e-01 5.495750159025192261e-02
-2.935369660673110957e+03 -4.737472111634169778e+02 -2.794562736420153215e+03 2.279340000000000000e+19 -8.581406436860561371e-03 1.503423321992158890e-02
-2.937557198893904115e+03 -4.792838435631698530e+02 -2.791318156928571625e+03 2.279540000000000000e+19 -2.763612568378448486e-02 -3.075242228806018829e-02
-2.939730693250474360e+03 -4.848246006245942681e+02 -2.788071181025241913e+03 2.279740000000000000e+19 -3.205068409442901611e-02 4.244886711239814758e-02
-2.941890133280531245e+03 -4.903694556766806727e+02 -2.784821824339817795e+03 2.279940000000000000e+19 8.602785877883434296e-03 -5.740069597959518433e-02
-2.944035508709765509e+03 -4.959183823376965279e+02 -2.781570102332335409e+03 2.280140000000000000e+19 7.023554295301437378e-02 9.218139946460723877e-02
-2.946166809211227701e+03 -5.014713538973140885e+02 -2.778316030655294981e+03 2.280340000000000000e+19 -1.806820742785930634e-03 2.545965649187564850e-02
-2.948108307698666522e+03 -5.065650577791264482e+02 -2.775331110235936194e+03 2.280540000000000000e+19 6.853653490543365479e-02 9.993736445903778076e-02
-2.954206223354632584e+03 -5.227947382642731782e+02 -2.765820602318499823e+03 2.280740000000000000e+19 3.879702836275100708e-02 -2.492803707718849182e-02
-2.956269352630694357e+03 -5.283668856193874035e+02 -2.762555393390500740e+03 2.280940000000000000e+19 -2.276819385588169098e-02 8.536044508218765259e-03
-2.958318348468115346e+03 -5.339429226797849424e+02 -2.759287925735680801e+03 2.281140000000000000e+19 6.723345071077346802e-02 5.824103020131587982e-03
-2.960353201025455746e+03 -5.395228226628559014e+02 -2.756018215048218281e+03 2.281340000000000000e+19 -3.577580675482749939e-02 3.671659156680107117e-02
-2.962373900621315443e+03 -5.451065590200906854e+02 -2.752746276885010957e+03 2.281540000000000000e+19 -1.308381091803312302e-03 -1.485083252191543579e-02
-2.964380437535776764e+03 -5.506941048930897296e+02 -2.749472126984451734e+03 2.281740000000000000e+19 -4.827373847365379333e-02 7.809698581695556641e-02
-2.966372802194315227e+03 -5.562854336190930553e+02 -2.746195780970190754e+03 2.281940000000000000e+19 2.643169760704040527e-01 -1.058885604143142700e-01
-2.968186859032229222e+03 -5.614140709968129386e+02 -2.743190575567702126e+03 2.282140000000000000e+19 -1.163999885320663452e-01 -1.741204969584941864e-02
-2.954206223354632584e+03 -5.227947382642731782e+02 -2.765820602318499823e+03 2.282340000000000000e+19 7.270941138267517090e-02 1.084535345435142517e-01
-2.956269352630694357e+03 -5.283668856193874035e+02 -2.762555393390500740e+03 2.282540000000000000e+19 -1.059263721108436584e-01 -6.641808152198791504e-02
-2.958318348468115346e+03 -5.339429226797849424e+02 -2.759287925735680801e+03 2.282740000000000000e+19 -2.985589951276779175e-02 -9.935781359672546387e-02
-2.960353201025455746e+03 -5.395228226628559014e+02 -2.756018215048218281e+03 2.282940000000000000e+19 8.020517975091934204e-02 -4.659532755613327026e-02
-2.962373900621315443e+03 -5.451065590200906854e+02 -2.752746276885010957e+03 2.283140000000000000e+19 8.219794183969497681e-02 -1.706940121948719025e-02
-2.964380437535776764e+03 -5.506941048930897296e+02 -2.749472126984451734e+03 2.283340000000000000e+19 4.885322973132133484e-02 2.535616047680377960e-02
-2.966372802194315227e+03 -5.562854336190930553e+02 -2.746195780970190754e+03 2.283540000000000000e+19 2.764664590358734131e-02 6.409528106451034546e-02
-2.968186859032229222e+03 -5.614140709968129386e+02 -2.743190575567702126e+03 2.283740000000000000e+19 -6.836771965026855469e-02 -3.747547045350074768e-02
-2.974200348525745994e+03 -5.786880414365663228e+02 -2.733068749629435843e+03 2.283940000000000000e+19 1.295827515423297882e-02 -6.300495564937591553e-02
-2.976121710184022049e+03 -5.842978825345275027e+02 -2.729781658541625802e+03 2.284140000000000000e+19 -9.806456044316291809e-03 9.187571704387664795e-02
-2.978028843422333921e+03 -5.899113457448305553e+02 -2.726492465527707282e+03 2.284340000000000000e+19 2.711385488510131836e-02 9.782086312770843506e-02
-2.979921739053888359e+03 -5.955284040269463048e+02 -2.723201186432001577e+03 2.284540000000000000e+19 -2.525151520967483521e-02 6.528136134147644043e-02
-2.981800388065962125e+03 -6.011490306360468594e+02 -2.719907836925468018e+03 2.284740000000000000e+19 9.361916780471801758e-02 6.547351926565170288e-02
-2.983664781454536751e+03 -6.067731986341904076e+02 -2.716612432792121581e+03 2.284940000000000000e+19 -6.674864888191223145e-02 -8.093102835118770599e-03
-2.985514910271263943e+03 -6.124008810272009669e+02 -2.713314989848830010e+03 2.285140000000000000e+19 -6.397232413291931152e-02 -2.794946171343326569e-02
-2.987198504937499365e+03 -6.175626101569229149e+02 -2.710290581794363789e+03 2.285340000000000000e+19 -2.914282493293285370e-02 3.079704241827130318e-03
-2.974200348525745994e+03 -5.786880414365663228e+02 -2.733068749629435843e+03 2.285540000000000000e+19 -2.789271622896194458e-02 -6.555030494928359985e-02
-2.976121710184022049e+03 -5.842978825345275027e+02 -2.729781658541625802e+03 2.285740000000000000e+19 -4.533231630921363831e-02 -5.247253179550170898e-02
-2.978028843422333921e+03 -5.899113457448305553e+02 -2.726492465527707282e+03 2.285940000000000000e+19 1.163731049746274948e-02 7.301581650972366333e-02
-2.979921739053888359e+03 -5.955284040269463048e+02 -2.723201186432001577e+03 2.286140000000000000e+19 6.364324688911437988e-02 8.540075272321701050e-02
-2.981800388065962125e+03 -6.011490306360468594e+02 -2.719907836925468018e+03 2.286340000000000000e+19 6.155346333980560303e-02 8.346931636333465576e-02
-2.983664781454536751e+03 -6.067731986341904076e+02 -2.716612432792121581e+03 2.286540000000000000e+19 -5.546027421951293945e-02 -3.658581152558326721e-02
-2.985514910271263943e+03 -6.124008810272009669e+02 -2.713314989848830010e+03 2.286740000000000000e+19 6.452406942844390869e-02 9.314519166946411133e-02
-2.987198504937499365e+03 -6.175626101569229149e+02 -2.710290581794363789e+03 2.286940000000000000e+19 1.154835429042577744e-02 6.543795764446258545e-02
-2.992772603976100072e+03 -6.349462162920814308e+02 -2.700105145356396406e+03 2.287140000000000000e+19 -2.757406234741210938e-02 1.903187111020088196e-02
-2.994551278598051340e+03 -6.405910666712239845e+02 -2.696797745071296504e+03 2.287340000000000000e+19 2.594464691355824471e-03 5.331919342279434204e-02
-2.996315636549498322e+03 -6.462392696014926514e+02 -2.693488400804316370e+03 2.287540000000000000e+19 2.866295911371707916e-02 1.368196588009595871e-02
-2.998065669429821810e+03 -6.518907981897490345e+02 -2.690177128312439891e+03 2.287740000000000000e+19 -6.808111071586608887e-02 2.817175909876823425e-02
-2.999801368815044043e+03 -6.575456252317977714e+02 -2.686863943534806367e+03 2.287940000000000000e+19 1.556985229253768921e-01 6.107669696211814880e-02
-3.001522726446984052e+03 -6.632037238225543661e+02 -2.683548862235153592e+03 2.288140000000000000e+19 -2.650656737387180328e-02 -2.527311258018016815e-02
-3.003229734039815412e+03 -6.688650667262842262e+02 -2.680231900370958556e+03 2.288340000000000000e+19 1.204205397516489029e-02 -2.810536324977874756e-02
-3.004782060849521258e+03 -6.740574174526154820e+02 -2.677189737000751848e+03 2.288540000000000000e+19 2.527928166091442108e-02 -3.437493741512298584e-02
-2.992772603976100072e+03 -6.349462162920814308e+02 -2.700105145356396406e+03 2.288740000000000000e+19 1.971277967095375061e-02 9.691985324025154114e-03
-2.994551278598051340e+03 -6.405910666712239845e+02 -2.696797745071296504e+03 2.288940000000000000e+19 8.509396761655807495e-02 -8.476006984710693359e-02
-2.996315636549498322e+03 -6.462392696014926514e+02 -2.693488400804316370e+03 2.289140000000000000e+19 -2.365167066454887390e-02 -5.813024938106536865e-02
-2.998065669429821810e+03 -6.518907981897490345e+02 -2.690177128312439891e+03 2.289340000000000000e+19 3.380553424358367920e-02 2.792000584304332733e-02
-2.999801368815044043e+03 -6.575456252317977714e+02 -2.686863943534806367e+03 2.289540000000000000e+19 3.084865212440490723e-02 1.551354583352804184e-02
-3.001522726446984052e+03 -6.632037238225543661e+02 -2.683548862235153592e+03 2.289740000000000000e+19 -4.786428436636924744e-02 3.971109539270401001e-02
-3.003229734039815412e+03 -6.688650667262842262e+02 -2.680231900370958556e+03 2.289940000000000000e+19 1.191434934735298157e-01 5.494635179638862610e-02
-3.004782060849521258e+03 -6.740574174526154820e+02 -2.677189737000751848e+03 2.290140000000000000e+19 -4.826728254556655884e-02 -1.056555137038230896e-01
-3.009914101957578623e+03 -6.915423403331712962e+02 -2.666945564318310971e+03 2.290340000000000000e+19 1.305589377880096436e-01 -4.478263854980468750e-02
-3.011549238322003021e+03 -6.972194985240046208e+02 -2.663619437666276099e+03 2.290540000000000000e+19 2.854866161942481995e-02 -7.143183797597885132e-02
-3.013169976676012084e+03 -7.028997382764546273e+02 -2.660291525803711011e+03 2.290740000000000000e+19 -7.746370136737823486e-02 1.169531699270009995e-02
-3.014776309291245070e+03 -7.085830325053424303e+02 -2.656961844599149572e+03 2.290940000000000000e+19 3.742527216672897339e-02 -8.316062390804290771e-02
-3.016368228468821144e+03 -7.142693539723672984e+02 -2.653630410010740889e+03 2.291140000000000000e+19 -1.664906553924083710e-02 -4.792986810207366943e-02
-3.017945726562712480e+03 -7.199586753652230300e+02 -2.650297238039892363e+03 2.291340000000000000e+19 5.755215510725975037e-02 5.256635695695877075e-02
-3.019508796067554158e+03 -7.256509696148003741e+02 -2.646962344545437190e+03 2.291540000000000000e+19 4.772826656699180603e-02 1.249508000910282135e-02
-3.020929111908905725e+03 -7.308714562238354802e+02 -2.643903882222412449e+03 2.291740000000000000e+19 -2.525917068123817444e-02 -2.154469862580299377e-02
-3.009914101957578623e+03 -6.915423403331712962e+02 -2.666945564318310971e+03 2.291940000000000000e+19 6.076431274414062500e-02 1.596641167998313904e-02
-3.011549238322003021e+03 -6.972194985240046208e+02 -2.663619437666276099e+03 2.292140000000000000e+19 1.656366512179374695e-02 8.923559635877609253e-02
-3.013169976676012084e+03 -7.028997382764546273e+02 -2.660291525803711011e+03 2.292340000000000000e+19 -5.409905686974525452e-02 -2.808277681469917297e-02
-3.014776309291245070e+03 -7.085830325053424303e+02 -2.656961844599149572e+03 2.292540000000000000e+19 8.880033344030380249e-02 3.622445836663246155e-02
-3.016368228468821144e+03 -7.142693539723672984e+02 -2.653630410010740889e+03 2.292740000000000000e+19 4.998669493943452835e-03 -5.627750977873802185e-02
-3.017945726562712480e+03 -7.199586753652230300e+02 -2.650297238039892363e+03 2.292940000000000000e+19 -5.254475027322769165e-02 2.350419759750366211e-03
-3.019508796067554158e+03 -7.256509696148003741e+02 -2.646962344545437190e+03 2.293140000000000000e+19 8.559039980173110962e-02 5.277419835329055786e-02
-3.020929111908905725e+03 -7.308714562238354802e+02 -2.643903882222412449e+03 2.293340000000000000e+19 -9.043278172612190247e-03 -1.502220518887042999e-02
