# Baseline: 16-19
# Entries: 128
# u [m], v [m], w [m], frequency [GHz], real, imag, std(real), std(imag)
4.412506714752380503e+02 -8.258092534270153919e+03 -5.862969921737036429e+02 2.267940000000000111e+01 1.000476479530334473e-01 -1.355297118425369263e-01 7.017403095960617065e-02 6.951329112052917480e-02
4.561915729076028470e+02 -8.257243952171213095e+03 -5.868135869408603185e+02 2.268140000000000001e+01 -3.769372776150703430e-02 1.861858814954757690e-01 7.017403095960617065e-02 6.951329112052917480e-02
4.711302655211287060e+02 -8.256367164668523401e+03 -5.873466929949555606e+02 2.268340000000000245e+01 -2.248992770910263062e-01 -2.748303301632404327e-02 7.017403095960617065e-02 6.951329112052917480e-02
4.860666779272385725e+02 -8.255462175952276084e+03 -5.878963077882285688e+02 2.268540000000000134e+01 7.374595105648040771e-02 2.180329859256744385e-01 7.017403095960617065e-02 6.951329112052917480e-02
4.972675231724983291e+02 -8.254765811007080629e+03 -5.883188354174932329e+02 2.268740000000000023e+01 -4.285237565636634827e-02 -2.334344983100891113e-01 7.017403095960617065e-02 6.951329112052917480e-02
5.159323762013719943e+02 -8.253567612336602906e+03 -5.890450529928538117e+02 2.268940000000000268e+01 2.633740305900573730e-01 2.734714448451995850e-01 7.017403095960617065e-02 6.951329112052917480e-02
5.308615188280356278e+02 -8.252578046524709862e+03 -5.896441778940346694e+02 2.269140000000000157e+01 -1.061770468950271606e-01 -3.886191248893737793e-01 7.017403095960617065e-02 6.951329112052917480e-02
5.495194382777031024e+02 -8.251302598765982111e+03 -5.904156154880931808e+02 2.269340000000000046e+01 6.011120975017547607e-02 -2.343616634607315063e-02 7.017403095960617065e-02 6.951329112052917480e-02
4.412506714752380503e+02 -8.258092534270153919e+03 -5.862969921737036429e+02 2.269540000000000290e+01 5.791182443499565125e-02 -1.524782329797744751e-01 7.017403095960617065e-02 6.951329112052917480e-02
4.561915729076028470e+02 -8.257243952171213095e+03 -5.868135869408603185e+02 2.269740000000000180e+01 1.092575490474700928e-02 2.344870716333389282e-01 7.017403095960617065e-02 6.951329112052917480e-02
4.711302655211287060e+02 -8.256367164668523401e+03 -5.873466929949555606e+02 2.269940000000000069e+01 -1.964562982320785522e-01 6.900264322757720947e-02 7.017403095960617065e-02 6.951329112052917480e-02
4.860666779272385725e+02 -8.255462175952276084e+03 -5.878963077882285688e+02 2.270140000000000313e+01 3.265374526381492615e-02 1.831195056438446045e-01 7.017403095960617065e-02 6.951329112052917480e-02
4.972675231724983291e+02 -8.254765811007080629e+03 -5.883188354174932329e+02 2.270340000000000202e+01 6.355267018079757690e-02 -7.646719925105571747e-03 7.017403095960617065e-02 6.951329112052917480e-02
5.159323762013719943e+02 -8.253567612336602906e+03 -5.890450529928538117e+02 2.270540000000000092e+01 -1.358904540538787842e-01 -8.414056897163391113e-02 7.017403095960617065e-02 6.951329112052917480e-02
5.308615188280356278e+02 -8.252578046524709862e+03 -5.896441778940346694e+02 2.270739999999999981e+01 -2.420658245682716370e-02 -9.538071602582931519e-02 7.017403095960617065e-02 6.951329112052917480e-02
5.495194382777031024e+02 -8.251302598765982111e+03 -5.904156154880931808e+02 2.270940000000000225e+01 1.029535606503486633e-01 1.354447156190872192e-01 7.017403095960617065e-02 6.951329112052917480e-02
5.905517145006535884e+02 -8.248338001852202069e+03 -5.922056250849329899e+02 2.271140000000000114e+01 -2.956408075988292694e-02 5.645785480737686157e-02 7.017403095960617065e-02 6.951329112052917480e-02
6.054673125810667216e+02 -8.247207570694868991e+03 -5.928872084545527059e+02 2.271340000000000003e+01 3.098817914724349976e-02 -2.398376166820526123e-02 7.017403095960617065e-02 6.951329112052917480e-02
6.203799873444893365e+02 -8.246048982174828780e+03 -5.935852740382517823e+02 2.271540000000000248e+01 -1.019418165087699890e-01 -2.274879068136215210e-01 7.017403095960617065e-02 6.951329112052917480e-02
6.352896676305733763e+02 -8.244862241820965210e+03 -5.942998185047697461e+02 2.271740000000000137e+01 -5.467527359724044800e-02 -5.481801927089691162e-04 7.017403095960617065e-02 6.951329112052917480e-02
6.501962820335963897e+02 -8.243647355316905305e+03 -5.950308384319225752e+02 2.271940000000000026e+01 2.672959305346012115e-02 -4.460368677973747253e-02 7.017403095960617065e-02 6.951329112052917480e-02
6.650997592144178725e+02 -8.242404328476699447e+03 -5.957783303212464716e+02 2.272140000000000271e+01 -1.278506964445114136e-01 -7.685089111328125000e-02 7.017403095960617065e-02 6.951329112052917480e-02
6.800000277970590332e+02 -8.241133167253870852e+03 -5.965422905925737496e+02 2.272340000000000160e+01 6.276121828705072403e-03 9.566188603639602661e-02 7.017403095960617065e-02 6.951329112052917480e-02
6.936557705147139359e+02 -8.239943584081027439e+03 -5.972568418344926613e+02 2.272540000000000049e+01 4.235257394611835480e-03 -2.150082029402256012e-02 7.017403095960617065e-02 6.951329112052917480e-02
5.905517145006535884e+02 -8.248338001852202069e+03 -5.922056250849329899e+02 2.272740000000000293e+01 -2.469949796795845032e-02 -1.056107953190803528e-01 7.017403095960617065e-02 6.951329112052917480e-02
6.054673125810667216e+02 -8.247207570694868991e+03 -5.928872084545527059e+02 2.272940000000000182e+01 -2.085873670876026154e-02 1.263158768415451050e-01 7.017403095960617065e-02 6.951329112052917480e-02
6.203799873444893365e+02 -8.246048982174828780e+03 -5.935852740382517823e+02 2.273140000000000072e+01 -3.831923380494117737e-02 -5.433699861168861389e-02 7.017403095960617065e-02 6.951329112052917480e-02
6.352896676305733763e+02 -8.244862241820965210e+03 -5.942998185047697461e+02 2.273340000000000316e+01 -1.613790169358253479e-02 1.271988004446029663e-01 7.017403095960617065e-02 6.951329112052917480e-02
6.501962820335963897e+02 -8.243647355316905305e+03 -5.950308384319225752e+02 2.273540000000000205e+01 1.109902635216712952e-01 2.159936912357807159e-02 7.017403095960617065e-02 6.951329112052917480e-02
6.650997592144178725e+02 -8.242404328476699447e+03 -5.957783303212464716e+02 2.273740000000000094e+01 -6.895948201417922974e-02 5.274938419461250305e-02 7.017403095960617065e-02 6.951329112052917480e-02
6.800000277970590332e+02 -8.241133167253870852e+03 -5.965422905925737496e+02 2.273939999999999984e+01 -2.422023005783557892e-02 -8.031221479177474976e-02 7.017403095960617065e-02 6.951329112052917480e-02
6.936557705147139359e+02 -8.239943584081027439e+03 -5.972568418344926613e+02 2.274140000000000228e+01 -6.862258911132812500e-02 -3.847390413284301758e-02 7.017403095960617065e-02 6.951329112052917480e-02
7.395675910382165057e+02 -8.235767302151547483e+03 -5.997627412367351099e+02 2.274340000000000117e+01 -3.744248300790786743e-02 5.300618708133697510e-02 7.017403095960617065e-02 6.951329112052917480e-02
7.544507475252958102e+02 -8.234355562942386314e+03 -6.006089870102432542e+02 2.274540000000000006e+01 -8.731424808502197266e-02 1.774169653654098511e-01 7.017403095960617065e-02 6.951329112052917480e-02
7.693302680113329188e+02 -8.232915727850879193e+03 -6.014716780586816185e+02 2.274740000000000251e+01 -4.016635939478874207e-02 -3.538554906845092773e-02 7.017403095960617065e-02 6.951329112052917480e-02
7.842060810277409928e+02 -8.231447803792787454e+03 -6.023508102383650566e+02 2.274940000000000140e+01 -1.288546323776245117e-01 2.664305269718170166e-02 7.017403095960617065e-02 6.951329112052917480e-02
7.990781156936169509e+02 -8.229951797762136266e+03 -6.032463793605689943e+02 2.275140000000000029e+01 -1.042544171214103699e-01 -9.818380326032638550e-02 7.017403095960617065e-02 6.951329112052917480e-02
8.139463003691731728e+02 -8.228427716965605214e+03 -6.041583811110555189e+02 2.275340000000000273e+01 4.992253333330154419e-02 2.546038664877414703e-02 7.017403095960617065e-02 6.951329112052917480e-02
8.288105642617709918e+02 -8.226875568660434510e+03 -6.050868111470982740e+02 2.275540000000000163e+01 3.274484351277351379e-02 -6.425419449806213379e-02 7.017403095960617065e-02 6.951329112052917480e-02
8.424326858560690425e+02 -8.225428473046164072e+03 -6.059520909501831056e+02 2.275740000000000052e+01 -3.542751818895339966e-02 -5.595060065388679504e-02 7.017403095960617065e-02 6.951329112052917480e-02
7.395675910382165057e+02 -8.235767302151547483e+03 -5.997627412367351099e+02 2.275940000000000296e+01 7.725093048065900803e-03 4.973445832729339600e-02 7.017403095960617065e-02 6.951329112052917480e-02
7.544507475252958102e+02 -8.234355562942386314e+03 -6.006089870102432542e+02 2.276140000000000185e+01 -6.393131613731384277e-02 2.248404547572135925e-02 7.017403095960617065e-02 6.951329112052917480e-02
7.693302680113329188e+02 -8.232915727850879193e+03 -6.014716780586816185e+02 2.276340000000000074e+01 5.208811163902282715e-02 8.945468813180923462e-02 7.017403095960617065e-02 6.951329112052917480e-02
7.842060810277409928e+02 -8.231447803792787454e+03 -6.023508102383650566e+02 2.276540000000000319e+01 4.370206594467163086e-02 2.018645405769348145e-02 7.017403095960617065e-02 6.951329112052917480e-02
7.990781156936169509e+02 -8.229951797762136266e+03 -6.032463793605689943e+02 2.276740000000000208e+01 -2.758447080850601196e-02 4.195937141776084900e-02 7.017403095960617065e-02 6.951329112052917480e-02
8.139463003691731728e+02 -8.228427716965605214e+03 -6.041583811110555189e+02 2.276940000000000097e+01 7.255041855387389660e-04 6.885575503110885620e-02 7.017403095960617065e-02 6.951329112052917480e-02
8.288105642617709918e+02 -8.226875568660434510e+03 -6.050868111470982740e+02 2.277139999999999986e+01 -3.422255814075469971e-02 -4.226042330265045166e-02 7.017403095960617065e-02 6.951329112052917480e-02
8.424326858560690425e+02 -8.225428473046164072e+03 -6.059520909501831056e+02 2.277340000000000231e+01 3.441254049539566040e-02 4.467469081282615662e-02 7.017403095960617065e-02 6.951329112052917480e-02
8.882269885266246092e+02 -8.220386451038008090e+03 -6.089647240387570264e+02 2.277540000000000120e+01 6.016987189650535583e-02 -8.811869472265243530e-02 7.017403095960617065e-02 6.951329112052917480e-02
9.030705813788279102e+02 -8.218694079345252248e+03 -6.099752272534475424e+02 2.277740000000000009e+01 6.578072160482406616e-02 -1.193100735545158386e-01 7.017403095960617065e-02 6.951329112052917480e-02
9.179098266641730106e+02 -8.216973686755340168e+03 -6.110021308983467634e+02 2.277940000000000254e+01 5.450358986854553223e-02 -5.812310054898262024e-02 7.017403095960617065e-02 6.951329112052917480e-02
9.327446537277342031e+02 -8.215225281459672260e+03 -6.120454300839662665e+02 2.278140000000000143e+01 1.342293322086334229e-01 1.364704780280590057e-02 7.017403095960617065e-02 6.951329112052917480e-02
9.475749911606073965e+02 -8.213448871874446922e+03 -6.131051197882038650e+02 2.278340000000000032e+01 -1.621644571423530579e-02 3.054816089570522308e-02 7.017403095960617065e-02 6.951329112052917480e-02
9.624007684019345561e+02 -8.211644466451636617e+03 -6.141811949691294785e+02 2.278540000000000276e+01 1.474958360195159912e-01 -1.555145136080682278e-03 7.017403095960617065e-02 6.951329112052917480e-02
9.772219140863672919e+02 -8.209812073876961222e+03 -6.152736504468904286e+02 2.278740000000000165e+01 1.405930966138839722e-01 1.104905828833580017e-01 7.017403095960617065e-02 6.951329112052917480e-02
9.908038961651147929e+02 -8.208108158282697332e+03 -6.162892447558409685e+02 2.278940000000000055e+01 -2.062423340976238251e-02 8.324807137250900269e-02 7.017403095960617065e-02 6.951329112052917480e-02
8.882269885266246092e+02 -8.220386451038008090e+03 -6.089647240387570264e+02 2.279140000000000299e+01 -2.626238763332366943e-02 -7.890050858259201050e-02 7.017403095960617065e-02 6.951329112052917480e-02
9.030705813788279102e+02 -8.218694079345252248e+03 -6.099752272534475424e+02 2.279340000000000188e+01 -8.687784522771835327e-02 3.332446515560150146e-02 7.017403095960617065e-02 6.951329112052917480e-02
9.179098266641730106e+02 -8.216973686755340168e+03 -6.110021308983467634e+02 2.279540000000000077e+01 -4.572995752096176147e-02 -7.070823013782501221e-02 7.017403095960617065e-02 6.951329112052917480e-02
9.327446537277342031e+02 -8.215225281459672260e+03 -6.120454300839662665e+02 2.279739999999999966e+01 -4.742228239774703979e-02 -1.725115999579429626e-02 7.017403095960617065e-02 6.951329112052917480e-02
9.475749911606073965e+02 -8.213448871874446922e+03 -6.131051197882038650e+02 2.279940000000000211e+01 4.908109456300735474e-02 -2.564027532935142517e-02 7.017403095960617065e-02 6.951329112052917480e-02
9.624007684019345561e+02 -8.211644466451636617e+03 -6.141811949691294785e+02 2.280140000000000100e+01 3.345277160406112671e-02 9.375581890344619751e-02 7.017403095960617065e-02 6.951329112052917480e-02
9.772219140863672919e+02 -8.209812073876961222e+03 -6.152736504468904286e+02 2.280339999999999989e+01 -3.076727036386728287e-03 1.776790432631969452e-02 7.017403095960617065e-02 6.951329112052917480e-02
9.908038961651147929e+02 -8.208108158282697332e+03 -6.162892447558409685e+02 2.280540000000000234e+01 -3.606440126895904541e-02 -1.894720830023288727e-03 7.017403095960617065e-02 6.951329112052917480e-02
1.033992124513909857e+03 -8.202528791872975489e+03 -6.196130466815917543e+02 2.280740000000000123e+01 7.604586333036422729e-02 -8.691882342100143433e-02 7.017403095960617065e-02 6.951329112052917480e-02
1.048789885985577939e+03 -8.200561253958263478e+03 -6.207845985630823407e+02 2.280940000000000012e+01 7.449883222579956055e-02 2.521972954273223877e-01 7.017403095960617065e-02 6.951329112052917480e-02
1.063582602722896354e+03 -8.198565781900930233e+03 -6.219724991581797440e+02 2.281140000000000256e+01 9.571965783834457397e-02 -5.569073371589183807e-03 7.017403095960617065e-02 6.951329112052917480e-02
1.078370203674287040e+03 -8.196542385285905766e+03 -6.231767427609662491e+02 2.281340000000000146e+01 9.620438516139984131e-02 2.146316617727279663e-01 7.017403095960617065e-02 6.951329112052917480e-02
1.093152618482279649e+03 -8.194491073740564389e+03 -6.243973236415843076e+02 2.281540000000000035e+01 3.237794712185859680e-02 -1.034012734889984131e-01 7.017403095960617065e-02 6.951329112052917480e-02
1.107929776041698233e+03 -8.192411857131706711e+03 -6.256342359290053992e+02 2.281740000000000279e+01 -2.644366621971130371e-01 1.206075847148895264e-01 7.017403095960617065e-02 6.951329112052917480e-02
1.122701605838930618e+03 -8.190304745381476096e+03 -6.268874737205843530e+02 2.281940000000000168e+01 -8.281516842544078827e-03 -1.296045482158660889e-01 7.017403095960617065e-02 6.951329112052917480e-02
1.136237778553915177e+03 -8.188349084701310858e+03 -6.280504036966765398e+02 2.282140000000000057e+01 -1.142618134617805481e-01 -3.946826234459877014e-02 7.017403095960617065e-02 6.951329112052917480e-02
1.033992124513909857e+03 -8.202528791872975489e+03 -6.196130466815917543e+02 2.282340000000000302e+01 2.891869656741619110e-02 7.755668461322784424e-02 7.017403095960617065e-02 6.951329112052917480e-02
1.048789885985577939e+03 -8.200561253958263478e+03 -6.207845985630823407e+02 2.282540000000000191e+01 -5.425180867314338684e-02 1.411598473787307739e-01 7.017403095960617065e-02 6.951329112052917480e-02
1.063582602722896354e+03 -8.198565781900930233e+03 -6.219724991581797440e+02 2.282740000000000080e+01 3.392262756824493408e-02 -3.520464897155761719e-02 7.017403095960617065e-02 6.951329112052917480e-02
1.078370203674287040e+03 -8.196542385285905766e+03 -6.231767427609662491e+02 2.282939999999999969e+01 7.698339223861694336e-02 4.976600408554077148e-02 7.017403095960617065e-02 6.951329112052917480e-02
1.093152618482279649e+03 -8.194491073740564389e+03 -6.243973236415843076e+02 2.283140000000000214e+01 5.376074090600013733e-02 -3.223868459463119507e-02 7.017403095960617065e-02 6.951329112052917480e-02
1.107929776041698233e+03 -8.192411857131706711e+03 -6.256342359290053992e+02 2.283340000000000103e+01 -1.164786815643310547e-01 -8.318217843770980835e-02 7.017403095960617065e-02 6.951329112052917480e-02
1.122701605838930618e+03 -8.190304745381476096e+03 -6.268874737205843530e+02 2.283539999999999992e+01 4.922664165496826172e-02 -4.253434017300605774e-02 7.017403095960617065e-02 6.951329112052917480e-02
1.136237778553915177e+03 -8.188349084701310858e+03 -6.280504036966765398e+02 2.283740000000000236e+01 -2.439153939485549927e-02 -5.658148229122161865e-02 7.017403095960617065e-02 6.951329112052917480e-02
1.181734233450657484e+03 -8.181597550714124736e+03 -6.320635587648993123e+02 2.283940000000000126e+01 -3.980392590165138245e-02 -1.052922382950782776e-01 7.017403095960617065e-02 6.951329112052917480e-02
1.196478364136252594e+03 -8.179351117246420472e+03 -6.333983325145546814e+02 2.284140000000000015e+01 -5.072999000549316406e-02 -3.008694015443325043e-02 7.017403095960617065e-02 6.951329112052917480e-02
1.211216743494823277e+03 -8.177076851110841744e+03 -6.347493946301003689e+02 2.284340000000000259e+01 -6.415562331676483154e-02 -5.146006494760513306e-02 7.017403095960617065e-02 6.951329112052917480e-02
1.225949300530387973e+03 -8.174774763262744273e+03 -6.361167386033075672e+02 2.284540000000000148e+01 3.135053440928459167e-02 -6.874950230121612549e-02 7.017403095960617065e-02 6.951329112052917480e-02
1.240675965096016398e+03 -8.172444864663218141e+03 -6.375003579237139775e+02 2.284740000000000038e+01 2.247541584074497223e-02 -9.948661923408508301e-02 7.017403095960617065e-02 6.951329112052917480e-02
1.255396666611103228e+03 -8.170087166478341715e+03 -6.389002459602625095e+02 2.284940000000000282e+01 -7.593450695276260376e-02 1.474613547325134277e-01 7.017403095960617065e-02 6.951329112052917480e-02
1.270111334421224228e+03 -8.167701680024492816e+03 -6.403163959937947993e+02 2.285140000000000171e+01 -5.252473056316375732e-03 4.163210839033126831e-02 7.017403095960617065e-02 6.951329112052917480e-02
1.283594498018607965e+03 -8.165490936115425029e+03 -6.416286065916217467e+02 2.285340000000000060e+01 6.856957823038101196e-02 -5.126767233014106750e-02 7.017403095960617065e-02 6.951329112052917480e-02
1.181734233450657484e+03 -8.181597550714124736e+03 -6.320635587648993123e+02 2.285540000000000305e+01 3.389429301023483276e-02 7.127958233468234539e-04 7.017403095960617065e-02 6.951329112052917480e-02
1.196478364136252594e+03 -8.179351117246420472e+03 -6.333983325145546814e+02 2.285740000000000194e+01 -5.149486288428306580e-02 7.213379442691802979e-02 7.017403095960617065e-02 6.951329112052917480e-02
1.211216743494823277e+03 -8.177076851110841744e+03 -6.347493946301003689e+02 2.285940000000000083e+01 9.506496787071228027e-02 4.230764508247375488e-02 7.017403095960617065e-02 6.951329112052917480e-02
1.225949300530387973e+03 -8.174774763262744273e+03 -6.361167386033075672e+02 2.286139999999999972e+01 8.053369820117950439e-03 1.943422108888626099e-02 7.017403095960617065e-02 6.951329112052917480e-02
1.240675965096016398e+03 -8.172444864663218141e+03 -6.375003579237139775e+02 2.286340000000000217e+01 -8.572359383106231689e-02 -6.371530890464782715e-02 7.017403095960617065e-02 6.951329112052917480e-02
1.255396666611103228e+03 -8.170087166478341715e+03 -6.389002459602625095e+02 2.286540000000000106e+01 -1.665277592837810516e-02 6.247257813811302185e-02 7.017403095960617065e-02 6.951329112052917480e-02
1.270111334421224228e+03 -8.167701680024492816e+03 -6.403163959937947993e+02 2.286739999999999995e+01 1.510773152112960815e-01 2.072821743786334991e-02 7.017403095960617065e-02 6.951329112052917480e-02
1.283594498018607965e+03 -8.165490936115425029e+03 -6.416286065916217467e+02 2.286940000000000239e+01 5.237233638763427734e-02 7.940723001956939697e-02 7.017403095960617065e-02 6.951329112052917480e-02
1.328908262334596657e+03 -8.157882081571361596e+03 -6.461434795430283202e+02 2.287140000000000128e+01 -1.351611018180847168e-01 -6.593383848667144775e-02 7.017403095960617065e-02 6.951329112052917480e-02
1.343591706773319174e+03 -8.155357827536571676e+03 -6.476408364280486012e+02 2.287340000000000018e+01 3.077229112386703491e-02 3.645345801487565041e-03 7.017403095960617065e-02 6.951329112052917480e-02
1.358268695429433819e+03 -8.152805855725845504e+03 -6.491544134783350728e+02 2.287540000000000262e+01 1.551324725151062012e-01 1.084766015410423279e-01 7.017403095960617065e-02 6.951329112052917480e-02
1.372939158420626200e+03 -8.150226178290232383e+03 -6.506842034870547877e+02 2.287740000000000151e+01 7.544557005167007446e-02 1.265173498541116714e-02 7.017403095960617065e-02 6.951329112052917480e-02
1.387603025129162006e+03 -8.147618807647209906e+03 -6.522301990904127251e+02 2.287940000000000040e+01 4.118726775050163269e-02 2.169902063906192780e-02 7.017403095960617065e-02 6.951329112052917480e-02
1.402260225785949842e+03 -8.144983756202424956e+03 -6.537923929327029100e+02 2.288140000000000285e+01 -6.327682733535766602e-02 3.281360864639282227e-02 7.017403095960617065e-02 6.951329112052917480e-02
1.416910689837448672e+03 -8.142321036640109924e+03 -6.553707774939824731e+02 2.288340000000000174e+01 -2.215844951570034027e-02 2.479134127497673035e-02 7.017403095960617065e-02 6.951329112052917480e-02
1.430334391927663091e+03 -8.139856267459853370e+03 -6.568316407482848263e+02 2.288540000000000063e+01 3.156853467226028442e-02 4.723542835563421249e-03 7.017403095960617065e-02 6.951329112052917480e-02
1.328908262334596657e+03 -8.157882081571361596e+03 -6.461434795430283202e+02 2.288740000000000308e+01 -1.466406881809234619e-02 5.402381718158721924e-02 7.017403095960617065e-02 6.951329112052917480e-02
1.343591706773319174e+03 -8.155357827536571676e+03 -6.476408364280486012e+02 2.288940000000000197e+01 2.790640667080879211e-02 9.822296351194381714e-02 7.017403095960617065e-02 6.951329112052917480e-02
1.358268695429433819e+03 -8.152805855725845504e+03 -6.491544134783350728e+02 2.289140000000000086e+01 3.399531543254852295e-02 4.982614144682884216e-02 7.017403095960617065e-02 6.951329112052917480e-02
1.372939158420626200e+03 -8.150226178290232383e+03 -6.506842034870547877e+02 2.289339999999999975e+01 5.425247177481651306e-02 -5.066086072474718094e-03 7.017403095960617065e-02 6.951329112052917480e-02
1.387603025129162006e+03 -8.147618807647209906e+03 -6.522301990904127251e+02 2.289540000000000219e+01 1.142921000719070435e-01 -6.132520362734794617e-02 7.017403095960617065e-02 6.951329112052917480e-02
1.402260225785949842e+03 -8.144983756202424956e+03 -6.537923929327029100e+02 2.289740000000000109e+01 -8.137899637222290039e-02 6.685326993465423584e-02 7.017403095960617065e-02 6.951329112052917480e-02
1.416910689837448672e+03 -8.142321036640109924e+03 -6.553707774939824731e+02 2.289939999999999998e+01 4.222885891795158386e-02 1.167849004268646240e-01 7.017403095960617065e-02 6.951329112052917480e-02
1.430334391927663091e+03 -8.139856267459853370e+03 -6.568316407482848263e+02 2.290140000000000242e+01 -6.307674199342727661e-02 5.497974902391433716e-02 7.017403095960617065e-02 6.951329112052917480e-02
1.475443780718151402e+03 -8.131393733608942966e+03 -6.618460709604592012e+02 2.290340000000000131e+01 -4.396795108914375305e-02 -9.464962407946586609e-03 7.017403095960617065e-02 6.951329112052917480e-02
1.490059511824200627e+03 -8.128592867048325388e+03 -6.635052943819720213e+02 2.290540000000000020e+01 -2.884802408516407013e-02 2.135497145354747772e-02 7.017403095960617065e-02 6.951329112052917480e-02
1.504668086243322023e+03 -8.125764410795978620e+03 -6.651806620487767532e+02 2.290740000000000265e+01 1.799894124269485474e-02 1.567308418452739716e-02 7.017403095960617065e-02 6.951329112052917480e-02
1.519269434317065361e+03 -8.122908378338565853e+03 -6.668721659723424864e+02 2.290940000000000154e+01 2.967824926599860191e-03 -6.466081738471984863e-02 7.017403095960617065e-02 6.951329112052917480e-02
1.533863486065420147e+03 -8.120024783363779534e+03 -6.685797980460034751e+02 2.291140000000000043e+01 1.024873256683349609e-01 4.744868353009223938e-02 7.017403095960617065e-02 6.951329112052917480e-02
1.548450171391061303e+03 -8.117113639722328116e+03 -6.703035500674965306e+02 2.291340000000000288e+01 -4.689607769250869751e-02 5.429301876574754715e-03 7.017403095960617065e-02 6.951329112052917480e-02
1.563029420892486087e+03 -8.114174961265362072e+03 -6.720434138352222817e+02 2.291540000000000177e+01 8.381014689803123474e-03 4.635491967201232910e-02 7.017403095960617065e-02 6.951329112052917480e-02
1.576387235227671681e+03 -8.111457346807794238e+03 -6.736522303634330910e+02 2.291740000000000066e+01 -7.530774921178817749e-02 5.679973587393760681e-02 7.017403095960617065e-02 6.951329112052917480e-02
1.475443780718151402e+03 -8.131393733608942966e+03 -6.618460709604592012e+02 2.291940000000000310e+01 1.445979475975036621e-01 -7.335750013589859009e-02 7.017403095960617065e-02 6.951329112052917480e-02
1.490059511824200627e+03 -8.128592867048325388e+03 -6.635052943819720213e+02 2.292140000000000200e+01 -2.063622698187828064e-02 9.913591295480728149e-02 7.017403095960617065e-02 6.951329112052917480e-02
1.504668086243322023e+03 -8.125764410795978620e+03 -6.651806620487767532e+02 2.292340000000000089e+01 -2.233048155903816223e-02 -1.046497672796249390e-01 7.017403095960617065e-02 6.951329112052917480e-02
1.519269434317065361e+03 -8.122908378338565853e+03 -6.668721659723424864e+02 2.292539999999999978e+01 3.666548430919647217e-02 5.210645869374275208e-02 7.017403095960617065e-02 6.951329112052917480e-02
1.533863486065420147e+03 -8.120024783363779534e+03 -6.685797980460034751e+02 2.292740000000000222e+01 -1.162695884704589844e-01 3.605329617857933044e-02 7.017403095960617065e-02 6.951329112052917480e-02
1.548450171391061303e+03 -8.117113639722328116e+03 -6.703035500674965306e+02 2.292940000000000111e+01 -8.842297643423080444e-02 4.934385046362876892e-02 7.017403095960617065e-02 6.951329112052917480e-02
1.563029420892486087e+03 -8.114174961265362072e+03 -6.720434138352222817e+02 2.293140000000000001e+01 -7.500423491001129150e-02 -3.419594839215278625e-02 7.017403095960617065e-02 6.951329112052917480e-02
1.576387235227671681e+03 -8.111457346807794238e+03 -6.736522303634330910e+02 2.293340000000000245e+01 1.012575477361679077e-01 7.328483462333679199e-02 7.017403095960617065e-02 6.951329112052917480e-02
