# Baseline: 0-10
# Entries: 128
# u [m], v [m], w [m], frequency [GHz], real, imag
5.609020802205871092e+01 7.797887101219815804e+02 1.569449032831085731e+02 2.267940000000000000e+19 1.513597089797258377e-03 -2.768343165371334180e-06
5.479142890704363111e+01 7.798929824657566314e+02 1.568855689832638518e+02 2.268140000000000000e+19 8.185077458620071411e-04 -2.325000968994572759e-04
5.349239047096347122e+01 7.799948028103095794e+02 1.568276706669496718e+02 2.268340000000000000e+19 -9.016294497996568680e-04 7.655940135009586811e-04
5.219309892162817022e+01 7.800941706690840647e+02 1.567712086108340657e+02 2.268540000000000000e+19 -1.125347800552845001e-03 1.377313397824764252e-03
5.089356047710032982e+01 7.801910855664813198e+02 1.567161830851554498e+02 2.268740000000000000e+19 -5.528253386728465557e-04 -1.686721574515104294e-03
4.959378135663038023e+01 7.802855470387003152e+02 1.566625943532432359e+02 2.268940000000000000e+19 -1.187988324090838432e-03 4.232951905578374863e-04
4.829376780778566314e+01 7.803775546317397129e+02 1.566104426726519421e+02 2.269140000000000000e+19 -5.593820475041866302e-03 -2.993605798110365868e-03
4.710189088728554196e+01 7.804597701394959586e+02 1.565638812848979455e+02 2.269340000000000000e+19 3.131808247417211533e-03 -4.349028225988149643e-03
5.609020802205871092e+01 7.797887101219815804e+02 1.569449032831085731e+02 2.269540000000000000e+19 6.574763101525604725e-04 2.990709850564599037e-03
5.479142890704363111e+01 7.798929824657566314e+02 1.568855689832638518e+02 2.269740000000000000e+19 5.529547925107181072e-04 3.570321016013622284e-03
5.349239047096347122e+01 7.799948028103095794e+02 1.568276706669496718e+02 2.269940000000000000e+19 -2.515479922294616699e-03 1.539661269634962082e-02
5.219309892162817022e+01 7.800941706690840647e+02 1.567712086108340657e+02 2.270140000000000000e+19 5.562297999858856201e-03 9.551131166517734528e-03
5.089356047710032982e+01 7.801910855664813198e+02 1.567161830851554498e+02 2.270340000000000000e+19 9.068074636161327362e-03 1.798335229977965355e-03
4.959378135663038023e+01 7.802855470387003152e+02 1.566625943532432359e+02 2.270540000000000000e+19 -6.254013627767562866e-03 5.848994478583335876e-03
4.829376780778566314e+01 7.803775546317397129e+02 1.566104426726519421e+02 2.270740000000000000e+19 1.558819785714149475e-03 2.490062965080142021e-03
4.710189088728554196e+01 7.804597701394959586e+02 1.565638812848979455e+02 2.270940000000000000e+19 -2.323569729924201965e-03 -1.786236278712749481e-02
4.309149349464045287e+01 7.807210376021293996e+02 1.564162113404065053e+02 2.271140000000000000e+19 -6.192704662680625916e-03 -1.263226754963397980e-02
4.179040101234308224e+01 7.808007694390917095e+02 1.563712485170226785e+02 2.271340000000000000e+19 -9.126062504947185516e-03 1.521423342637717724e-03
4.048911143755879039e+01 7.808780449319898480e+02 1.563277241387674223e+02 2.271540000000000000e+19 1.788744330406188965e-02 -6.999756209552288055e-03
3.918763097979044829e+01 7.809528637121085239e+02 1.562856384133108918e+02 2.271740000000000000e+19 -4.969225730746984482e-03 2.355277538299560547e-03
3.788596587211453226e+01 7.810252254211296759e+02 1.562449915422043603e+02 2.271940000000000000e+19 4.073784686625003815e-03 1.821695826947689056e-02
3.658412234395717633e+01 7.810951297127420503e+02 1.562057837199734820e+02 2.272140000000000000e+19 -1.444281777366995811e-03 -2.035783603787422180e-03
3.528210663013572201e+01 7.811625762521927072e+02 1.561680151343701652e+02 2.272340000000000000e+19 -5.501168780028820038e-03 -7.584901177324354649e-04
3.408844831332586267e+01 7.812222742030731979e+02 1.561346400864508723e+02 2.272540000000000000e+19 4.783719778060913086e-03 -1.660552248358726501e-02
4.309149349464045287e+01 7.807210376021293996e+02 1.564162113404065053e+02 2.272740000000000000e+19 1.265962887555360794e-02 -1.692571328021585941e-03
4.179040101234308224e+01 7.808007694390917095e+02 1.563712485170226785e+02 2.272940000000000000e+19 1.114035956561565399e-02 -5.238361656665802002e-03
4.048911143755879039e+01 7.808780449319898480e+02 1.563277241387674223e+02 2.273140000000000000e+19 9.222485125064849854e-03 -9.755856357514858246e-03
3.918763097979044829e+01 7.809528637121085239e+02 1.562856384133108918e+02 2.273340000000000000e+19 -1.627225428819656372e-02 1.685608364641666412e-02
3.788596587211453226e+01 7.810252254211296759e+02 1.562449915422043603e+02 2.273540000000000000e+19 3.663697862066328526e-05 5.555100739002227783e-03
3.658412234395717633e+01 7.810951297127420503e+02 1.562057837199734820e+02 2.273740000000000000e+19 -2.355503151193261147e-03 1.464449986815452576e-02
3.528210663013572201e+01 7.811625762521927072e+02 1.561680151343701652e+02 2.273940000000000000e+19 3.843070939183235168e-03 1.364890020340681076e-02
3.408844831332586267e+01 7.812222742030731979e+02 1.561346400864508723e+02 2.274140000000000000e+19 -1.491656713187694550e-02 6.046727765351533890e-03
3.007244647946744109e+01 7.814077786128059415e+02 1.560313366678326190e+02 2.274340000000000000e+19 3.653536550700664520e-03 -7.725848350673913956e-03
2.876966330119759618e+01 7.814629317860452602e+02 1.560007668382137354e+02 2.274540000000000000e+19 2.263092994689941406e-02 1.710198819637298584e-02
2.746674531706160494e+01 7.815156254477441280e+02 1.559716372258999399e+02 2.274740000000000000e+19 -1.702138409018516541e-02 4.121133591979742050e-03
2.616369878517206260e+01 7.815658593448074498e+02 1.559439479708010197e+02 2.274940000000000000e+19 -8.094403892755508423e-04 1.514978334307670593e-02
2.486052991433406945e+01 7.816136332378441693e+02 1.559176992048696206e+02 2.275140000000000000e+19 3.976148553192615509e-03 1.653776620514690876e-03
2.355724498202188144e+01 7.816589468967482617e+02 1.558928910545296560e+02 2.275340000000000000e+19 -4.687977954745292664e-03 7.036137394607067108e-03
2.225385019364130201e+01 7.817018001058139589e+02 1.558695236378701168e+02 2.275540000000000000e+19 3.471314907073974609e-02 7.491171709261834621e-05
2.105898172691363257e+01 7.817389519313235269e+02 1.558493509011028380e+02 2.275740000000000000e+19 9.834895608946681023e-04 4.335144534707069397e-03
3.007244647946744109e+01 7.814077786128059415e+02 1.560313366678326190e+02 2.275940000000000000e+19 7.933115586638450623e-03 -1.218018401414155960e-02
2.876966330119759618e+01 7.814629317860452602e+02 1.560007668382137354e+02 2.276140000000000000e+19 2.457863278687000275e-02 -1.606582477688789368e-02
2.746674531706160494e+01 7.815156254477441280e+02 1.559716372258999399e+02 2.276340000000000000e+19 -1.508178841322660446e-02 -2.789066731929779053e-02
2.616369878517206260e+01 7.815658593448074498e+02 1.559439479708010197e+02 2.276540000000000000e+19 1.360551640391349792e-02 7.177383173257112503e-03
2.486052991433406945e+01 7.816136332378441693e+02 1.559176992048696206e+02 2.276740000000000000e+19 -4.967504180967807770e-03 2.095964038744568825e-03
2.355724498202188144e+01 7.816589468967482617e+02 1.558928910545296560e+02 2.276940000000000000e+19 -2.056435681879520416e-02 -8.170826913556084037e-05
2.225385019364130201e+01 7.817018001058139589e+02 1.558695236378701168e+02 2.277140000000000000e+19 -4.692698363214731216e-03 2.767809899523854256e-03
2.105898172691363257e+01 7.817389519313235269e+02 1.558493509011028380e+02 2.277340000000000000e+19 -3.282432258129119873e-02 8.294560015201568604e-03
1.703929733156687831e+01 7.818486045155656257e+02 1.557904634428272743e+02 2.277540000000000000e+19 -2.221888117492198944e-02 -2.993682958185672760e-02
1.573544687873005010e+01 7.818791526332843205e+02 1.557743012348376510e+02 2.277740000000000000e+19 -1.381021109409630299e-03 -2.886605914682149887e-03
1.443152402559433689e+01 7.819072392467295458e+02 1.557595803283623184e+02 2.277940000000000000e+19 -3.885144833475351334e-03 1.184081379324197769e-02
1.312753498060070001e+01 7.819328642221706787e+02 1.557463007934898940e+02 2.278140000000000000e+19 -2.722491743043065071e-03 -1.418386399745941162e-02
1.182348602063073173e+01 7.819560274362646624e+02 1.557344626941360559e+02 2.278340000000000000e+19 -1.579832471907138824e-02 -1.639469154179096222e-02
1.051938335018400750e+01 7.819767287788076828e+02 1.557240660866194446e+02 2.278540000000000000e+19 1.669660583138465881e-02 -7.211047690361738205e-03
9.215233246689216173e+00 7.819949681501542500e+02 1.557151110209803733e+02 2.278740000000000000e+19 -1.580533105880022049e-03 -1.767850480973720551e-03
8.019726392858652630e+00 7.820095560729039335e+02 1.557081502478310142e+02 2.278940000000000000e+19 -1.492886058986186981e-02 5.735807120800018311e-03
1.703929733156687831e+01 7.818486045155656257e+02 1.557904634428272743e+02 2.279140000000000000e+19 1.433071773499250412e-02 -3.033303841948509216e-02
1.573544687873005010e+01 7.818791526332843205e+02 1.557743012348376510e+02 2.279340000000000000e+19 1.019912119954824448e-02 -2.007387578487396240e-03
1.443152402559433689e+01 7.819072392467295458e+02 1.557595803283623184e+02 2.279540000000000000e+19 1.488541159778833389e-02 1.283047255128622055e-02
1.312753498060070001e+01 7.819328642221706787e+02 1.557463007934898940e+02 2.279740000000000000e+19 2.697258815169334412e-02 1.498369779437780380e-02
1.182348602063073173e+01 7.819560274362646624e+02 1.557344626941360559e+02 2.279940000000000000e+19 -1.168206799775362015e-03 -1.412074826657772064e-02
1.051938335018400750e+01 7.819767287788076828e+02 1.557240660866194446e+02 2.280140000000000000e+19 1.939555071294307709e-02 -1.809529215097427368e-02
9.215233246689216173e+00 7.819949681501542500e+02 1.557151110209803733e+02 2.280340000000000000e+19 9.185557253658771515e-03 1.357808988541364670e-02
8.019726392858652630e+00 7.820095560729039335e+02 1.557081502478310142e+02 2.280540000000000000e+19 -9.207607246935367584e-03 -2.285862574353814125e-03
4.215663998951352021e+00 7.820420768938073479e+02 1.556941382354839050e+02 2.280740000000000000e+19 -2.373885363340377808e-03 -3.403974464163184166e-03
2.911372522710216515e+00 7.820484157209866680e+02 1.556921511013088661e+02 2.280940000000000000e+19 -9.384586592204868793e-04 3.221889957785606384e-03
1.607070000644367669e+00 7.820522922341946241e+02 1.556916056615831394e+02 2.281140000000000000e+19 -1.944828109117224813e-04 -6.585500668734312057e-03
3.027626975154641964e-01 7.820537064148439867e+02 1.556925019189045258e+02 2.281340000000000000e+19 -1.465730136260390282e-03 6.942920386791229248e-03
-1.001543180947561895e+00 7.820526582562342810e+02 1.556948398689891917e+02 2.281540000000000000e+19 1.628590864129364491e-03 -8.825652301311492920e-03
-2.305841360881700552e+00 7.820491477633840987e+02 1.556986195006012395e+02 2.281740000000000000e+19 1.160197891294956207e-03 8.259007707238197327e-03
-3.610125618430638728e+00 7.820431749530912384e+02 1.557038407956746653e+02 2.281940000000000000e+19 -3.955121152102947235e-03 -1.492111710831522942e-03
-4.805702275852556049e+00 7.820355681719292988e+02 1.557098750690121847e+02 2.282140000000000000e+19 -2.766270772553980350e-04 1.109576784074306488e-02
4.215663998951352021e+00 7.820420768938073479e+02 1.556941382354839050e+02 2.282340000000000000e+19 -4.303459078073501587e-03 -2.897057449445128441e-03
2.911372522710216515e+00 7.820484157209866680e+02 1.556921511013088661e+02 2.282540000000000000e+19 -1.128913369029760361e-02 -6.539371097460389137e-04
1.607070000644367669e+00 7.820522922341946241e+02 1.556916056615831394e+02 2.282740000000000000e+19 -6.908852141350507736e-03 5.918079521507024765e-03
3.027626975154641964e-01 7.820537064148439867e+02 1.556925019189045258e+02 2.282940000000000000e+19 -6.833685562014579773e-03 6.906531052663922310e-04
-1.001543180947561895e+00 7.820526582562342810e+02 1.556948398689891917e+02 2.283140000000000000e+19 -1.098281238228082657e-02 -2.443330921232700348e-02
-2.305841360881700552e+00 7.820491477633840987e+02 1.556986195006012395e+02 2.283340000000000000e+19 1.261463109403848648e-02 -2.051481715170666575e-04
-3.610125618430638728e+00 7.820431749530912384e+02 1.557038407956746653e+02 2.283540000000000000e+19 -8.306952804559841752e-05 1.709544216282665730e-03
-4.805702275852556049e+00 7.820355681719292988e+02 1.557098750690121847e+02 2.283740000000000000e+19 1.205845642834901810e-02 -2.240744186565279961e-03
-8.826998546309098970e+00 7.819946612859558854e+02 1.557391420072079598e+02 2.283940000000000000e+19 1.157039310783147812e-02 2.052797470241785049e-03
-1.013111952856524312e+01 7.819763775531554302e+02 1.557515711065351809e+02 2.284140000000000000e+19 3.000466618686914444e-03 -4.254260275047272444e-04
-1.143518915688756543e+01 7.819556318508733739e+02 1.557654416160898165e+02 2.284340000000000000e+19 7.514281198382377625e-03 -4.364871419966220856e-03
-1.273920114946494664e+01 7.819324242790468134e+02 1.557807534690520299e+02 2.284540000000000000e+19 -1.247118413448333740e-02 -1.140048541128635406e-02
-1.404314929743295615e+01 7.819067549481765127e+02 1.557975065925119509e+02 2.284740000000000000e+19 -4.161102697253227234e-03 -3.245306201279163361e-03
-1.534702735135550711e+01 7.818786239812494614e+02 1.558157009061963834e+02 2.284940000000000000e+19 8.890233933925628662e-03 2.024800051003694534e-03
-1.665082905305172645e+01 7.818480315133037948e+02 1.558353363227642774e+02 2.285140000000000000e+19 -1.286746282130479813e-02 1.634311513043940067e-03
-1.784590934861941491e+01 7.818178575168479938e+02 1.558545829984950046e+02 2.285340000000000000e+19 3.574839327484369278e-03 1.385749038308858871e-02
-8.826998546309098970e+00 7.819946612859558854e+02 1.557391420072079598e+02 2.285540000000000000e+19 9.235675446689128876e-03 1.556723099201917648e-02
-1.013111952856524312e+01 7.819763775531554302e+02 1.557515711065351809e+02 2.285740000000000000e+19 1.633889041841030121e-02 2.727705426514148712e-02
-1.143518915688756543e+01 7.819556318508733739e+02 1.557654416160898165e+02 2.285940000000000000e+19 -2.624305896461009979e-02 1.785664446651935577e-02
-1.273920114946494664e+01 7.819324242790468134e+02 1.557807534690520299e+02 2.286140000000000000e+19 -4.388256929814815521e-03 -2.460885327309370041e-03
-1.404314929743295615e+01 7.819067549481765127e+02 1.557975065925119509e+02 2.286340000000000000e+19 1.641433686017990112e-02 1.526948343962430954e-02
-1.534702735135550711e+01 7.818786239812494614e+02 1.558157009061963834e+02 2.286540000000000000e+19 6.703221704810857773e-03 -7.949213497340679169e-03
-1.665082905305172645e+01 7.818480315133037948e+02 1.558353363227642774e+02 2.286740000000000000e+19 1.606647484004497528e-02 8.919551968574523926e-03
-1.784590934861941491e+01 7.818178575168479938e+02 1.558545829984950046e+02 2.286940000000000000e+19 1.166680082678794861e-02 1.089061517268419266e-02
-2.186514770053585721e+01 7.817010497332048544e+02 1.559282870369004570e+02 2.287140000000000000e+19 1.464572269469499588e-02 -8.458285592496395111e-03
-2.316847413189526605e+01 7.816581521902762688e+02 1.559551264213957609e+02 2.287340000000000000e+19 -2.285580150783061981e-03 2.090000361204147339e-02
-2.447168677965669659e+01 7.816127942016506722e+02 1.559834062413830225e+02 2.287540000000000000e+19 -7.370198145508766174e-03 -1.855957321822643280e-02
-2.577477943876191091e+01 7.815649759833121379e+02 1.560131263621982214e+02 2.287740000000000000e+19 -9.447968477616086602e-05 -8.489602245390415192e-03
-2.707774583664515333e+01 7.815146977654318334e+02 1.560442866407807117e+02 2.287940000000000000e+19 -9.630143642425537109e-03 -2.330194413661956787e-02
-2.838057977393039621e+01 7.814619597872336954e+02 1.560768869288695839e+02 2.288140000000000000e+19 1.106522604823112488e-02 4.006204660981893539e-03
-2.968327497932606818e+01 7.814067623025936200e+02 1.561109270695248199e+02 2.288340000000000000e+19 -6.808852311223745346e-03 7.042108103632926941e-03
-3.087728700537671855e+01 7.813540355308499556e+02 1.561433769367095010e+02 2.288540000000000000e+19 1.117407716810703278e-02 5.460770800709724426e-03
-2.186514770053585721e+01 7.817010497332048544e+02 1.559282870369004570e+02 2.288740000000000000e+19 3.998681902885437012e-03 -2.692861016839742661e-03
-2.316847413189526605e+01 7.816581521902762688e+02 1.559551264213957609e+02 2.288940000000000000e+19 -6.795471534132957458e-03 2.676274441182613373e-02
-2.447168677965669659e+01 7.816127942016506722e+02 1.559834062413830225e+02 2.289140000000000000e+19 -1.777654141187667847e-02 -2.243351377546787262e-02
-2.577477943876191091e+01 7.815649759833121379e+02 1.560131263621982214e+02 2.289340000000000000e+19 1.047820132225751877e-02 7.048082072287797928e-03
-2.707774583664515333e+01 7.815146977654318334e+02 1.560442866407807117e+02 2.289540000000000000e+19 1.523553766310214996e-02 2.447956241667270660e-03
-2.838057977393039621e+01 7.814619597872336954e+02 1.560768869288695839e+02 2.289740000000000000e+19 3.013897873461246490e-02 1.148192305117845535e-02
-2.968327497932606818e+01 7.814067623025936200e+02 1.561109270695248199e+02 2.289940000000000000e+19 1.083647366613149643e-02 1.027038134634494781e-02
-3.087728700537671855e+01 7.813540355308499556e+02 1.561433769367095010e+02 2.290140000000000000e+19 -4.026554990559816360e-03 1.873582042753696442e-02
-3.489254402794153975e+01 7.811613827500765410e+02 1.562614828019718516e+02 2.290340000000000000e+19 -3.861209750175476074e-02 3.481869772076606750e-02
-3.619445217273730719e+01 7.810938919268759264e+02 1.563027196265600196e+02 2.290540000000000000e+19 -6.587225012481212616e-03 -9.327727369964122772e-03
-3.749618419959994498e+01 7.810239433584901008e+02 1.563453952230596258e+02 2.290740000000000000e+19 1.234629657119512558e-03 2.225436456501483917e-02
-3.879773390145134471e+01 7.809515373784262238e+02 1.563895093879938258e+02 2.290940000000000000e+19 1.526291947811841965e-02 1.124240830540657043e-02
-4.009909504034920502e+01 7.808766743336678928e+02 1.564350619099547828e+02 2.291140000000000000e+19 9.489974007010459900e-03 1.639517210423946381e-02
-4.140026136566291370e+01 7.807993545838254477e+02 1.564820525701254894e+02 2.291340000000000000e+19 2.273697033524513245e-02 1.733149401843547821e-03
-4.270122668661141319e+01 7.807195784968029102e+02 1.565304811449112776e+02 2.291540000000000000e+19 3.824572544544935226e-03 -2.202006243169307709e-02
-4.389359884015519953e+01 7.806443241955860231e+02 1.565761186662373916e+02 2.291740000000000000e+19 2.764952601864933968e-03 -1.317838020622730255e-02
-3.489254402794153975e+01 7.811613827500765410e+02 1.562614828019718516e+02 2.291940000000000000e+19 1.849709637463092804e-02 7.725859526544809341e-03
-3.619445217273730719e+01 7.810938919268759264e+02 1.563027196265600196e+02 2.292140000000000000e+19 1.932955696247518063e-03 -9.506292641162872314e-03
-3.749618419959994498e+01 7.810239433584901008e+02 1.563453952230596258e+02 2.292340000000000000e+19 1.447133533656597137e-02 -3.737611696124076843e-02
-3.879773390145134471e+01 7.809515373784262238e+02 1.563895093879938258e+02 2.292540000000000000e+19 7.047683931887149811e-03 2.423848770558834076e-02
-4.009909504034920502e+01 7.808766743336678928e+02 1.564350619099547828e+02 2.292740000000000000e+19 -2.635929174721240997e-02 4.243405070155858994e-03
-4.140026136566291370e+01 7.807993545838254477e+02 1.564820525701254894e+02 2.292940000000000000e+19 2.918815240263938904e-02 -7.512783166021108627e-03
-4.270122668661141319e+01 7.807195784968029102e+02 1.565304811449112776e+02 2.293140000000000000e+19 -1.703985594213008881e-02 9.572327136993408203e-03
-4.389359884015519953e+01 7.806443241955860231e+02 1.565761186662373916e+02 2.293340000000000000e+19 1.461007911711931229e-02 -4.728808533400297165e-03
