# Baseline: 0-1
# u [m], v [m], w [m], frequency [GHz], real, imag
-4.400749301963439279e+02 2.536653012961256536e+03 -1.279869127387819674e+02 2.267940000000000000e+19 9.841302037239074707e-02 -1.643865182995796204e-02
-4.450041569226977458e+02 2.535817883420203543e+03 -1.274914296453400340e+02 2.268140000000000000e+19 -2.944484539330005646e-02 1.858569122850894928e-02
-4.499312475617149403e+02 2.534973449014377366e+03 -1.269905013965943965e+02 2.268340000000000000e+19 -7.958903908729553223e-03 1.130126714706420898e-01
-4.548561785679739842e+02 2.534119713779211907e+03 -1.264841303864222937e+02 2.268540000000000000e+19 -1.347130686044692993e-01 -5.671477317810058594e-02
-4.585485142156353504e+02 2.533473601556892390e+03 -1.261009517210838311e+02 2.268740000000000000e+19 2.477718740701675415e-01 -3.600869327783584595e-02
-4.646994674148519948e+02 2.532384357207838548e+03 -1.254550698010083494e+02 2.268940000000000000e+19 -7.583826780319213867e-02 -8.151005953550338745e-02
-4.696177780452994170e+02 2.531502744195008290e+03 -1.249323851615231433e+02 2.269140000000000000e+19 5.219405516982078552e-02 1.818934977054595947e-01
-4.757625867612031243e+02 2.530388048344906565e+03 -1.242716095630188420e+02 2.269340000000000000e+19 -1.476554572582244873e-01 -1.360486447811126709e-01
-4.400749301963439279e+02 2.536653012961256536e+03 -1.279869127387819674e+02 2.269540000000000000e+19 -3.870713710784912109e-02 1.020966283977031708e-02
-4.450041569226977458e+02 2.535817883420203543e+03 -1.274914296453400340e+02 2.269740000000000000e+19 3.566839173436164856e-02 1.124395802617073059e-02
-4.499312475617149403e+02 2.534973449014377366e+03 -1.269905013965943965e+02 2.269940000000000000e+19 1.047379076480865479e-01 -3.446252644062042236e-02
-4.548561785679739842e+02 2.534119713779211907e+03 -1.264841303864222937e+02 2.270140000000000000e+19 -7.303409278392791748e-02 6.355925649404525757e-02
-4.585485142156353504e+02 2.533473601556892390e+03 -1.261009517210838311e+02 2.270340000000000000e+19 9.518353641033172607e-02 7.046314328908920288e-02
-4.646994674148519948e+02 2.532384357207838548e+03 -1.254550698010083494e+02 2.270540000000000000e+19 7.877421379089355469e-02 9.806620888411998749e-03
-4.696177780452994170e+02 2.531502744195008290e+03 -1.249323851615231433e+02 2.270740000000000000e+19 -8.638910204172134399e-02 -3.138452069833874702e-03
-4.757625867612031243e+02 2.530388048344906565e+03 -1.242716095630188420e+02 2.270940000000000000e+19 -1.456734985113143921e-01 -6.951490044593811035e-02
-4.892682469132917049e+02 2.527883492800806380e+03 -1.227873428864284620e+02 2.271140000000000000e+19 -5.904256179928779602e-02 1.368910372257232666e-01
-4.941750531471045065e+02 2.526955501770240062e+03 -1.222375192220520432e+02 2.271340000000000000e+19 -1.451140455901622772e-02 -4.926624521613121033e-02
-4.990794879405761435e+02 2.526018248294958994e+03 -1.216822755504832969e+02 2.271540000000000000e+19 -1.177290603518486023e-01 1.050891075283288956e-02
-5.039815278907269658e+02 2.525071736847461580e+03 -1.211216145213118267e+02 2.271740000000000000e+19 -1.963638700544834137e-02 -8.938541868701577187e-04
-5.088811495206185214e+02 2.524115971960821753e+03 -1.205555388196901845e+02 2.271940000000000000e+19 1.413605958223342896e-01 9.606481343507766724e-02
-5.137783293819468327e+02 2.523150958209055261e+03 -1.199840511547066200e+02 2.272140000000000000e+19 -7.965055108070373535e-02 9.288718551397323608e-02
-5.186730440210777715e+02 2.522176700213956337e+03 -1.194071542634291063e+02 2.272340000000000000e+19 1.438603699207305908e-01 4.441902041435241699e-03
-5.231577121479622292e+02 2.521275631123518906e+03 -1.188736514091033598e+02 2.272540000000000000e+19 4.154162481427192688e-02 2.064210325479507446e-01
-4.892682469132917049e+02 2.527883492800806380e+03 -1.227873428864284620e+02 2.272740000000000000e+19 1.160820480436086655e-02 -1.101445481181144714e-01
-4.941750531471045065e+02 2.526955501770240062e+03 -1.222375192220520432e+02 2.272940000000000000e+19 -5.327044054865837097e-02 6.686824839562177658e-03
-4.990794879405761435e+02 2.526018248294958994e+03 -1.216822755504832969e+02 2.273140000000000000e+19 5.500394850969314575e-02 4.644142091274261475e-02
-5.039815278907269658e+02 2.525071736847461580e+03 -1.211216145213118267e+02 2.273340000000000000e+19 -3.555638343095779419e-02 4.848139733076095581e-02
-5.088811495206185214e+02 2.524115971960821753e+03 -1.205555388196901845e+02 2.273540000000000000e+19 8.039981126785278320e-03 2.668615244328975677e-02
-5.137783293819468327e+02 2.523150958209055261e+03 -1.199840511547066200e+02 2.273740000000000000e+19 -1.737833209335803986e-02 6.222861632704734802e-02
-5.186730440210777715e+02 2.522176700213956337e+03 -1.194071542634291063e+02 2.273940000000000000e+19 8.482799679040908813e-02 1.026341468095779419e-01
-5.231577121479622292e+02 2.521275631123518906e+03 -1.188736514091033598e+02 2.274140000000000000e+19 -3.930157795548439026e-02 4.421042650938034058e-02
-5.382267823112661063e+02 2.518187319659337390e+03 -1.170455300086769057e+02 2.274340000000000000e+19 4.560934752225875854e-02 1.374305337667465210e-01
-5.431088197753587110e+02 2.517166911256505955e+03 -1.164416289086917402e+02 2.274540000000000000e+19 4.378919303417205811e-02 6.351760774850845337e-02
-5.479882517173354017e+02 2.516137287234425457e+03 -1.158323355273011259e+02 2.274740000000000000e+19 -2.532566664740443230e-03 -4.803337529301643372e-02
-5.528650547005481712e+02 2.515098452538543825e+03 -1.152176527910489625e+02 2.274940000000000000e+19 -9.734597802162170410e-02 -1.431678980588912964e-01
-5.577392054877817600e+02 2.514050412118609984e+03 -1.145975836287338865e+02 2.275140000000000000e+19 8.174230158329010010e-02 -5.369700863957405090e-02
-5.626106805998741720e+02 2.512993171023220384e+03 -1.139721310273497323e+02 2.275340000000000000e+19 8.077554404735565186e-02 -4.548111930489540100e-02
-5.674794568420547876e+02 2.511926734286458668e+03 -1.133412979650170769e+02 2.275540000000000000e+19 8.750461041927337646e-03 3.605255112051963806e-02
-5.719401457986703008e+02 2.510941210486799264e+03 -1.127583787545754177e+02 2.275740000000000000e+19 -4.898279160261154175e-02 7.482448220252990723e-02
-5.382267823112661063e+02 2.518187319659337390e+03 -1.170455300086769057e+02 2.275940000000000000e+19 -5.722862482070922852e-02 -8.454032242298126221e-02
-5.431088197753587110e+02 2.517166911256505955e+03 -1.164416289086917402e+02 2.276140000000000000e+19 5.243389308452606201e-02 4.331652447581291199e-02
-5.479882517173354017e+02 2.516137287234425457e+03 -1.158323355273011259e+02 2.276340000000000000e+19 1.326299905776977539e-01 -4.037539474666118622e-03
-5.528650547005481712e+02 2.515098452538543825e+03 -1.152176527910489625e+02 2.276540000000000000e+19 -7.952845841646194458e-02 8.686681836843490601e-02
-5.577392054877817600e+02 2.514050412118609984e+03 -1.145975836287338865e+02 2.276740000000000000e+19 -6.478408724069595337e-02 2.697879448533058167e-02
-5.626106805998741720e+02 2.512993171023220384e+03 -1.139721310273497323e+02 2.276940000000000000e+19 -1.480018049478530884e-01 -2.147809602320194244e-02
-5.674794568420547876e+02 2.511926734286458668e+03 -1.133412979650170769e+02 2.277140000000000000e+19 3.499714657664299011e-02 3.089371882379055023e-02
-5.719401457986703008e+02 2.510941210486799264e+03 -1.127583787545754177e+02 2.277340000000000000e+19 2.108519524335861206e-02 -2.863082475960254669e-02
-5.869271069549048434e+02 2.507569133732958562e+03 -1.107642219161322288e+02 2.277540000000000000e+19 -4.489683359861373901e-02 1.265522185713052750e-02
-5.917820394468653831e+02 2.506456796257074075e+03 -1.101065323683368717e+02 2.277740000000000000e+19 3.375607356429100037e-02 1.621222496032714844e-02
-5.966341333778794933e+02 2.505335294440361395e+03 -1.094434808707369768e+02 2.277940000000000000e+19 1.240721717476844788e-01 -1.780543662607669830e-02
-6.014833656454020456e+02 2.504204633622690835e+03 -1.087750705803684497e+02 2.278140000000000000e+19 -7.062328606843948364e-02 -4.318242147564888000e-02
-6.063297129071792142e+02 2.503064819246634215e+03 -1.081013047147163491e+02 2.278340000000000000e+19 5.082036182284355164e-02 1.357779372483491898e-02
-6.111731521049117646e+02 2.501915856735300622e+03 -1.074221864794934618e+02 2.278540000000000000e+19 8.465004712343215942e-02 3.663514181971549988e-02
-6.160136599242277953e+02 2.500757751619347346e+03 -1.067377191437213213e+02 2.278740000000000000e+19 3.188230469822883606e-02 3.682063147425651550e-02
-6.204482352034182213e+02 2.499688244700087125e+03 -1.061056625147839867e+02 2.278940000000000000e+19 -1.109689399600028992e-01 8.548519760370254517e-02
-5.869271069549048434e+02 2.507569133732958562e+03 -1.107642219161322288e+02 2.279140000000000000e+19 -7.730843126773834229e-02 2.649083361029624939e-02
-5.917820394468653831e+02 2.506456796257074075e+03 -1.101065323683368717e+02 2.279340000000000000e+19 5.471178516745567322e-02 1.853401213884353638e-02
-5.966341333778794933e+02 2.505335294440361395e+03 -1.094434808707369768e+02 2.279540000000000000e+19 3.521211817860603333e-02 7.004369795322418213e-02
-6.014833656454020456e+02 2.504204633622690835e+03 -1.087750705803684497e+02 2.279740000000000000e+19 1.026391051709651947e-02 2.608845382928848267e-02
-6.063297129071792142e+02 2.503064819246634215e+03 -1.081013047147163491e+02 2.279940000000000000e+19 -1.272705942392349243e-01 -8.999019861221313477e-02
-6.111731521049117646e+02 2.501915856735300622e+03 -1.074221864794934618e+02 2.280140000000000000e+19 7.912170886993408203e-02 -2.604282274842262268e-02
-6.160136599242277953e+02 2.500757751619347346e+03 -1.067377191437213213e+02 2.280340000000000000e+19 -3.604847937822341919e-03 4.290832951664924622e-02
-6.204482352034182213e+02 2.499688244700087125e+03 -1.061056625147839867e+02 2.280540000000000000e+19 -9.960714727640151978e-02 4.212510772049427032e-03
-6.345413675690417676e+02 2.496233752820574864e+03 -1.040644334454816544e+02 2.280740000000000000e+19 -7.833678275346755981e-02 -5.829689279198646545e-02
-6.393673811244626677e+02 2.495031537279022814e+03 -1.033541587096058976e+02 2.280940000000000000e+19 7.193131744861602783e-02 1.217145472764968872e-01
-6.441903284556062772e+02 2.493820212059168171e+03 -1.026385543298048333e+02 2.281140000000000000e+19 -2.316625118255615234e-01 -9.537442028522491455e-02
-6.490101863971717648e+02 2.492599782979315023e+03 -1.019176237433171792e+02 2.281340000000000000e+19 1.781716495752334595e-01 2.190973013639450073e-01
-6.538269320169230241e+02 2.491370255846211876e+03 -1.011913703803107865e+02 2.281540000000000000e+19 -1.201740428805351257e-01 2.401735400781035423e-03
-6.586405421457277498e+02 2.490131636573946253e+03 -1.004597977341132378e+02 2.281740000000000000e+19 2.796364724636077881e-01 1.405564695596694946e-01
-6.634509938140391796e+02 2.488883931073142321e+03 -9.972290929575838447e+01 2.281940000000000000e+19 -2.945357859134674072e-01 -1.583515554666519165e-01
-6.678578209520054543e+02 2.487732339678291737e+03 -9.904282906220514349e+01 2.282140000000000000e+19 4.124824330210685730e-02 2.372565492987632751e-02
-6.345413675690417676e+02 2.496233752820574864e+03 -1.040644334454816544e+02 2.282340000000000000e+19 -5.070114880800247192e-02 -1.272828131914138794e-01
-6.393673811244626677e+02 2.495031537279022814e+03 -1.033541587096058976e+02 2.282540000000000000e+19 6.529621034860610962e-02 7.690210640430450439e-02
-6.441903284556062772e+02 2.493820212059168171e+03 -1.026385543298048333e+02 2.282740000000000000e+19 -4.756261408329010010e-02 -6.851845979690551758e-02
-6.490101863971717648e+02 2.492599782979315023e+03 -1.019176237433171792e+02 2.282940000000000000e+19 1.199447736144065857e-01 5.961100757122039795e-02
-6.538269320169230241e+02 2.491370255846211876e+03 -1.011913703803107865e+02 2.283140000000000000e+19 5.706660822033882141e-02 -1.369926631450653076e-01
-6.586405421457277498e+02 2.490131636573946253e+03 -1.004597977341132378e+02 2.283340000000000000e+19 5.067488923668861389e-02 -5.110835283994674683e-02
-6.634509938140391796e+02 2.488883931073142321e+03 -9.972290929575838447e+01 2.283540000000000000e+19 -9.313208609819412231e-02 -7.493147253990173340e-02
-6.678578209520054543e+02 2.487732339678291737e+03 -9.904282906220514349e+01 2.283740000000000000e+19 -2.208946645259857178e-02 7.302157580852508545e-02
-6.826607555293921905e+02 2.483802366898526543e+03 -9.672226855606793094e+01 2.283940000000000000e+19 8.484780043363571167e-02 -1.075543835759162903e-01
-6.874550697442516594e+02 2.482509320726720489e+03 -9.595885458437210502e+01 2.284140000000000000e+19 8.621813356876373291e-02 1.090457290410995483e-02
-6.922460876666425520e+02 2.481207224786610823e+03 -9.519014635019232173e+01 2.284340000000000000e+19 4.525113478302955627e-02 -3.539760410785675049e-02
-6.970337862178427031e+02 2.479896085350512749e+03 -9.441614755647677271e+01 2.284540000000000000e+19 2.027149125933647156e-02 -1.501265075057744980e-02
-7.018181426019226592e+02 2.478575908661237008e+03 -9.363686188852545911e+01 2.284740000000000000e+19 1.971483416855335236e-02 -1.020146235823631287e-01
-7.065991338888378550e+02 2.477246701045857662e+03 -9.285229308115195579e+01 2.284940000000000000e+19 -7.382349669933319092e-02 1.376811861991882324e-01
-7.113767371314468164e+02 2.475908468884199465e+03 -9.206244490007833292e+01 2.285140000000000000e+19 5.636743456125259399e-02 -2.060634829103946686e-02
-7.157532546827493434e+02 2.474673948450403714e+03 -9.133384995910662951e+01 2.285340000000000000e+19 1.459209946915507317e-03 -5.208601430058479309e-02
-6.826607555293921905e+02 2.483802366898526543e+03 -9.672226855606793094e+01 2.285540000000000000e+19 -3.104063682258129120e-02 4.414632171392440796e-02
-6.874550697442516594e+02 2.482509320726720489e+03 -9.595885458437210502e+01 2.285740000000000000e+19 -5.395999923348426819e-02 2.037279494106769562e-02
-6.922460876666425520e+02 2.481207224786610823e+03 -9.519014635019232173e+01 2.285940000000000000e+19 -1.121441349387168884e-01 1.082439869642257690e-01
-6.970337862178427031e+02 2.479896085350512749e+03 -9.441614755647677271e+01 2.286140000000000000e+19 -5.731298029422760010e-02 5.019871518015861511e-02
-7.018181426019226592e+02 2.478575908661237008e+03 -9.363686188852545911e+01 2.286340000000000000e+19 4.988060891628265381e-02 -6.507345009595155716e-03
-7.065991338888378550e+02 2.477246701045857662e+03 -9.285229308115195579e+01 2.286540000000000000e+19 6.353715807199478149e-02 5.667501315474510193e-02
-7.113767371314468164e+02 2.475908468884199465e+03 -9.206244490007833292e+01 2.286740000000000000e+19 6.675810553133487701e-03 7.376837730407714844e-02
-7.157532546827493434e+02 2.474673948450403714e+03 -9.133384995910662951e+01 2.286940000000000000e+19 4.223488271236419678e-02 -1.077150851488113403e-01
-7.304528131672963127e+02 2.470465423358765747e+03 -8.885033432813118282e+01 2.287140000000000000e+19 4.711616784334182739e-03 1.359992325305938721e-01
-7.352131338345034237e+02 2.469082165316472583e+03 -8.803414643722751975e+01 2.287340000000000000e+19 1.443345099687576294e-01 -6.304923444986343384e-02
-7.399699295186530890e+02 2.467689921801969831e+03 -8.721270223150821721e+01 2.287540000000000000e+19 -1.098750531673431396e-01 -3.230952471494674683e-02
-7.447231775709785779e+02 2.466288699444291524e+03 -8.638600562221198231e+01 2.287740000000000000e+19 3.516511991620063782e-02 -1.023316234350204468e-01
-7.494728551112425521e+02 2.464878504988342229e+03 -8.555406058872355857e+01 2.287940000000000000e+19 6.225394085049629211e-02 -1.489725243300199509e-02
-7.542189395410044881e+02 2.463459345143697192e+03 -8.471687108935248034e+01 2.288140000000000000e+19 4.623694345355033875e-02 -3.377506509423255920e-02
-7.589614080146341166e+02 2.462031226741660703e+03 -8.387444115404555589e+01 2.288340000000000000e+19 1.585697755217552185e-02 -7.704979926347732544e-02
-7.633055215899975110e+02 2.460714368051659676e+03 -8.309768017751675018e+01 2.288540000000000000e+19 5.919777974486351013e-02 1.741088740527629852e-02
-7.304528131672963127e+02 2.470465423358765747e+03 -8.885033432813118282e+01 2.288740000000000000e+19 -1.326058059930801392e-02 8.259897679090499878e-02
-7.352131338345034237e+02 2.469082165316472583e+03 -8.803414643722751975e+01 2.288940000000000000e+19 -1.262859813868999481e-02 7.923186570405960083e-02
-7.399699295186530890e+02 2.467689921801969831e+03 -8.721270223150821721e+01 2.289140000000000000e+19 4.594225902110338211e-03 -5.563556216657161713e-03
-7.447231775709785779e+02 2.466288699444291524e+03 -8.638600562221198231e+01 2.289340000000000000e+19 -4.892319068312644958e-02 -6.318833213299512863e-03
-7.494728551112425521e+02 2.464878504988342229e+03 -8.555406058872355857e+01 2.289540000000000000e+19 -6.340114027261734009e-02 -4.966693371534347534e-02
-7.542189395410044881e+02 2.463459345143697192e+03 -8.471687108935248034e+01 2.289740000000000000e+19 5.470658093690872192e-02 -4.290801286697387695e-02
-7.589614080146341166e+02 2.462031226741660703e+03 -8.387444115404555589e+01 2.289940000000000000e+19 8.840859681367874146e-02 -4.361526668071746826e-02
-7.633055215899975110e+02 2.460714368051659676e+03 -8.309768017751675018e+01 2.290140000000000000e+19 -5.369993299245834351e-02 -3.669887408614158630e-02
-7.778946694956556485e+02 2.456229304650688846e+03 -8.045239791898715964e+01 2.290340000000000000e+19 3.525986522436141968e-02 -7.737933844327926636e-02
-7.826187184591759660e+02 2.454756496727937247e+03 -7.958382671547764176e+01 2.290540000000000000e+19 -2.178617566823959351e-02 2.942797355353832245e-02
-7.873390155860257664e+02 2.453274771887996849e+03 -7.871003963598373332e+01 2.290740000000000000e+19 6.283520162105560303e-02 -1.142500713467597961e-02
-7.920555383682703905e+02 2.451784137196102620e+03 -7.783104084695045799e+01 2.290940000000000000e+19 1.555170211941003799e-02 -6.873058155179023743e-03
-7.967682642009696110e+02 2.450284599796287239e+03 -7.694683456109119390e+01 2.291140000000000000e+19 1.318652275949716568e-02 -3.297947347164154053e-02
-8.014771704482436689e+02 2.448776166891175308e+03 -7.605742502546145545e+01 2.291340000000000000e+19 4.425451159477233887e-02 1.211134996265172958e-02
-8.061822347057633351e+02 2.447258845657795518e+03 -7.516281647182582049e+01 2.291540000000000000e+19 3.495591133832931519e-02 5.529290065169334412e-02
-8.104918646764845107e+02 2.445860279140093553e+03 -7.433826132457649294e+01 2.291740000000000000e+19 5.653896369040012360e-03 -2.280138060450553894e-02
-7.778946694956556485e+02 2.456229304650688846e+03 -8.045239791898715964e+01 2.291940000000000000e+19 2.737659029662609100e-02 3.478116588667035103e-03
-7.826187184591759660e+02 2.454756496727937247e+03 -7.958382671547764176e+01 2.292140000000000000e+19 3.019076585769653320e-02 7.101871073246002197e-02
-7.873390155860257664e+02 2.453274771887996849e+03 -7.871003963598373332e+01 2.292340000000000000e+19 8.485666662454605103e-02 -2.373530529439449310e-03
-7.920555383682703905e+02 2.451784137196102620e+03 -7.783104084695045799e+01 2.292540000000000000e+19 1.178769767284393311e-01 -2.202458446845412254e-03
-7.967682642009696110e+02 2.450284599796287239e+03 -7.694683456109119390e+01 2.292740000000000000e+19 7.927703112363815308e-02 4.075080156326293945e-03
-8.014771704482436689e+02 2.448776166891175308e+03 -7.605742502546145545e+01 2.292940000000000000e+19 -6.263867020606994629e-02 -7.602895051240921021e-02
-8.061822347057633351e+02 2.447258845657795518e+03 -7.516281647182582049e+01 2.293140000000000000e+19 -3.410149738192558289e-02 -3.476049751043319702e-02
-8.104918646764845107e+02 2.445860279140093553e+03 -7.433826132457649294e+01 2.293340000000000000e+19 5.399635527282953262e-03 9.349835105240345001e-03
