# Baseline: 4-5
# Entries: 128
# u [m], v [m], w [m], frequency [GHz], real, imag, std(real), std(imag)
1.989972703953267683e+03 3.591949819018161179e+03 2.456115015244233746e+03 2.267940000000000111e+01 -1.703237928450107574e-02 8.227813243865966797e-02 7.756078988313674927e-02 7.693031430244445801e-02
1.985901719007642441e+03 3.595696619569973336e+03 2.453926652405796176e+03 2.268140000000000001e+01 -3.232726454734802246e-02 -1.259715855121612549e-01 7.756078988313674927e-02 7.693031430244445801e-02
1.981821251562670113e+03 3.599435731201775980e+03 2.451742803952835402e+03 2.268340000000000245e+01 -5.531537532806396484e-02 2.556560039520263672e-01 7.756078988313674927e-02 7.693031430244445801e-02
1.977731321118052165e+03 3.603167136045261032e+03 2.449563480321421139e+03 2.268540000000000134e+01 8.674021065235137939e-02 -1.565046906471252441e-01 7.756078988313674927e-02 7.693031430244445801e-02
1.974657969566709653e+03 3.605960863207702005e+03 2.447931821292649147e+03 2.268740000000000023e+01 -1.690463274717330933e-01 2.867082655429840088e-01 7.756078988313674927e-02 7.693031430244445801e-02
1.969523149567892006e+03 3.610606753973690047e+03 2.445218449220422826e+03 2.268940000000000268e+01 -2.601274056360125542e-03 -2.343124151229858398e-01 7.756078988313674927e-02 7.693031430244445801e-02
1.965404947830566243e+03 3.614314931377062294e+03 2.443052762590256862e+03 2.269140000000000157e+01 -1.761990785598754883e-02 1.403692364692687988e-01 7.756078988313674927e-02 7.693031430244445801e-02
1.960244380127948716e+03 3.618939529349500390e+03 2.440351891450759922e+03 2.269340000000000046e+01 1.752229221165180206e-02 -1.389817595481872559e-01 7.756078988313674927e-02 7.693031430244445801e-02
1.989972703953267683e+03 3.591949819018161179e+03 2.456115015244233746e+03 2.269540000000000290e+01 2.224031649529933929e-02 1.141330301761627197e-01 7.756078988313674927e-02 7.693031430244445801e-02
1.985901719007642441e+03 3.595696619569973336e+03 2.453926652405796176e+03 2.269740000000000180e+01 -2.946202084422111511e-02 -1.774645149707794189e-01 7.756078988313674927e-02 7.693031430244445801e-02
1.981821251562670113e+03 3.599435731201775980e+03 2.451742803952835402e+03 2.269940000000000069e+01 -1.699216067790985107e-01 1.133857220411300659e-01 7.756078988313674927e-02 7.693031430244445801e-02
1.977731321118052165e+03 3.603167136045261032e+03 2.449563480321421139e+03 2.270140000000000313e+01 -2.191972285509109497e-01 1.388535276055335999e-02 7.756078988313674927e-02 7.693031430244445801e-02
1.974657969566709653e+03 3.605960863207702005e+03 2.447931821292649147e+03 2.270340000000000202e+01 -1.246394440531730652e-01 1.214852631092071533e-01 7.756078988313674927e-02 7.693031430244445801e-02
1.969523149567892006e+03 3.610606753973690047e+03 2.445218449220422826e+03 2.270540000000000092e+01 5.223917216062545776e-02 -1.412039548158645630e-01 7.756078988313674927e-02 7.693031430244445801e-02
1.965404947830566243e+03 3.614314931377062294e+03 2.443052762590256862e+03 2.270739999999999981e+01 -8.250212669372558594e-02 -1.813435927033424377e-03 7.756078988313674927e-02 7.693031430244445801e-02
1.960244380127948716e+03 3.618939529349500390e+03 2.440351891450759922e+03 2.270940000000000225e+01 9.118194878101348877e-02 6.849077343940734863e-02 7.756078988313674927e-02 7.693031430244445801e-02
1.948838494256740205e+03 3.629069684148474153e+03 2.434435783468107275e+03 2.271140000000000114e+01 -2.922700904309749603e-02 -4.072145000100135803e-02 7.756078988313674927e-02 7.693031430244445801e-02
1.944673568324573580e+03 3.632738794852046340e+03 2.432293032093142301e+03 2.271340000000000003e+01 1.563649252057075500e-02 -5.454989150166511536e-02 7.756078988313674927e-02 7.693031430244445801e-02
1.940499357229784891e+03 3.636400039336327154e+03 2.430154898651032454e+03 2.271540000000000248e+01 -9.063925594091415405e-02 4.014387726783752441e-03 7.756078988313674927e-02 7.693031430244445801e-02
1.936315880891007509e+03 3.640053400130651880e+03 2.428021393344472926e+03 2.271740000000000137e+01 4.757605120539665222e-02 -1.388575602322816849e-02 7.756078988313674927e-02 7.693031430244445801e-02
1.932123159343859243e+03 3.643698859738283772e+03 2.425892526391268348e+03 2.271940000000000026e+01 -3.867503628134727478e-02 1.039976812899112701e-02 7.756078988313674927e-02 7.693031430244445801e-02
1.927921212653583780e+03 3.647336400712985778e+03 2.423768307979619294e+03 2.272140000000000271e+01 1.160344202071428299e-02 4.188352078199386597e-02 7.756078988313674927e-02 7.693031430244445801e-02
1.923710060944363477e+03 3.650966005633873465e+03 2.421648748282798806e+03 2.272340000000000160e+01 -4.666433483362197876e-02 7.589937001466751099e-02 7.756078988313674927e-02 7.693031430244445801e-02
1.919841886058196451e+03 3.654286258539290884e+03 2.419709860193617715e+03 2.272540000000000049e+01 -6.921192258596420288e-02 -9.315416682511568069e-04 7.756078988313674927e-02 7.693031430244445801e-02
1.948838494256740205e+03 3.629069684148474153e+03 2.434435783468107275e+03 2.272740000000000293e+01 2.144393511116504669e-02 6.958109885454177856e-02 7.756078988313674927e-02 7.693031430244445801e-02
1.944673568324573580e+03 3.632738794852046340e+03 2.432293032093142301e+03 2.272940000000000182e+01 -1.263069510459899902e-01 -4.276249930262565613e-02 7.756078988313674927e-02 7.693031430244445801e-02
1.940499357229784891e+03 3.636400039336327154e+03 2.430154898651032454e+03 2.273140000000000072e+01 6.561506073921918869e-03 5.575809162110090256e-03 7.756078988313674927e-02 7.693031430244445801e-02
1.936315880891007509e+03 3.640053400130651880e+03 2.428021393344472926e+03 2.273340000000000316e+01 2.950758300721645355e-02 -3.384173661470413208e-02 7.756078988313674927e-02 7.693031430244445801e-02
1.932123159343859243e+03 3.643698859738283772e+03 2.425892526391268348e+03 2.273540000000000205e+01 -1.043460965156555176e-01 5.883355811238288879e-02 7.756078988313674927e-02 7.693031430244445801e-02
1.927921212653583780e+03 3.647336400712985778e+03 2.423768307979619294e+03 2.273740000000000094e+01 -3.290622681379318237e-02 -2.003582008183002472e-02 7.756078988313674927e-02 7.693031430244445801e-02
1.923710060944363477e+03 3.650966005633873465e+03 2.421648748282798806e+03 2.273939999999999984e+01 5.266062542796134949e-02 5.128730833530426025e-02 7.756078988313674927e-02 7.693031430244445801e-02
1.919841886058196451e+03 3.654286258539290884e+03 2.419709860193617715e+03 2.274140000000000228e+01 6.484583020210266113e-02 -3.712284192442893982e-02 7.756078988313674927e-02 7.693031430244445801e-02
1.906773807410913378e+03 3.665404718145658535e+03 2.413217299063463543e+03 2.274340000000000117e+01 -8.732515573501586914e-02 1.822306588292121887e-02 7.756078988313674927e-02 7.693031430244445801e-02
1.902516933728348249e+03 3.668994383055714934e+03 2.411121184618173174e+03 2.274540000000000006e+01 -1.137644611299037933e-02 -1.362454891204833984e-02 7.756078988313674927e-02 7.693031430244445801e-02
1.898250976545979711e+03 3.672576008312708836e+03 2.409029789384144806e+03 2.274740000000000251e+01 2.520527876913547516e-02 1.147575080394744873e-01 7.756078988313674927e-02 7.693031430244445801e-02
1.893975956353857782e+03 3.676149576713549777e+03 2.406943123406652830e+03 2.274940000000000140e+01 5.672458210028707981e-04 -7.005363702774047852e-02 7.756078988313674927e-02 7.693031430244445801e-02
1.889691893521642669e+03 3.679715071230638841e+03 2.404861196628383368e+03 2.275140000000000029e+01 -1.822332292795181274e-02 -3.606569021940231323e-02 7.756078988313674927e-02 7.693031430244445801e-02
1.885398808686123175e+03 3.683272474688766124e+03 2.402784019078093024e+03 2.275340000000000273e+01 -8.417968451976776123e-02 -2.982725016772747040e-02 7.756078988313674927e-02 7.693031430244445801e-02
1.881096722288389401e+03 3.686821770150020257e+03 2.400711600645859107e+03 2.275540000000000163e+01 4.226387478411197662e-03 -3.412307798862457275e-02 7.756078988313674927e-02 7.693031430244445801e-02
1.877145367221157812e+03 3.690068257415521657e+03 2.398816012174598200e+03 2.275740000000000052e+01 3.393711149692535400e-02 -6.605872511863708496e-02 7.756078988313674927e-02 7.693031430244445801e-02
1.906773807410913378e+03 3.665404718145658535e+03 2.413217299063463543e+03 2.275940000000000296e+01 -4.349371884018182755e-03 -5.656982585787773132e-02 7.756078988313674927e-02 7.693031430244445801e-02
1.902516933728348249e+03 3.668994383055714934e+03 2.411121184618173174e+03 2.276140000000000185e+01 -8.827395737171173096e-03 9.229046106338500977e-02 7.756078988313674927e-02 7.693031430244445801e-02
1.898250976545979711e+03 3.672576008312708836e+03 2.409029789384144806e+03 2.276340000000000074e+01 -1.117628142237663269e-01 -2.771307900547981262e-02 7.756078988313674927e-02 7.693031430244445801e-02
1.893975956353857782e+03 3.676149576713549777e+03 2.406943123406652830e+03 2.276540000000000319e+01 -5.436623003333806992e-03 -5.521095823496580124e-03 7.756078988313674927e-02 7.693031430244445801e-02
1.889691893521642669e+03 3.679715071230638841e+03 2.404861196628383368e+03 2.276740000000000208e+01 1.447910517454147339e-01 5.800449103116989136e-02 7.756078988313674927e-02 7.693031430244445801e-02
1.885398808686123175e+03 3.683272474688766124e+03 2.402784019078093024e+03 2.276940000000000097e+01 8.396087214350700378e-03 -6.591082364320755005e-02 7.756078988313674927e-02 7.693031430244445801e-02
1.881096722288389401e+03 3.686821770150020257e+03 2.400711600645859107e+03 2.277139999999999986e+01 -9.771767258644104004e-02 -6.888969242572784424e-02 7.756078988313674927e-02 7.693031430244445801e-02
1.877145367221157812e+03 3.690068257415521657e+03 2.398816012174598200e+03 2.277340000000000231e+01 -4.564307630062103271e-02 2.035693824291229248e-02 7.756078988313674927e-02 7.693031430244445801e-02
1.863798773791918165e+03 3.700937532642477436e+03 2.392469716260187852e+03 2.277540000000000120e+01 -8.646783232688903809e-02 7.053220644593238831e-03 7.756078988313674927e-02 7.693031430244445801e-02
1.859451989405687527e+03 3.704446033996734059e+03 2.390421241796759659e+03 2.277740000000000009e+01 5.119248479604721069e-02 -3.653086721897125244e-02 7.756078988313674927e-02 7.693031430244445801e-02
1.855096327707420869e+03 3.707946325961714592e+03 2.388377585652105608e+03 2.277940000000000254e+01 7.203389704227447510e-02 -6.748324632644653320e-02 7.756078988313674927e-02 7.693031430244445801e-02
1.850731809435982996e+03 3.711438391871276053e+03 2.386338757556791279e+03 2.278140000000000143e+01 4.275709018111228943e-02 4.156261682510375977e-02 7.756078988313674927e-02 7.693031430244445801e-02
1.846358455600444358e+03 3.714922214916017310e+03 2.384304767324894328e+03 2.278340000000000032e+01 2.659189142286777496e-02 1.628065668046474457e-02 7.756078988313674927e-02 7.693031430244445801e-02
1.841976287008686541e+03 3.718397778520361499e+03 2.382275624633868119e+03 2.278540000000000276e+01 7.600107789039611816e-02 -1.346747428178787231e-01 7.756078988313674927e-02 7.693031430244445801e-02
1.837585324754735666e+03 3.721865065954335478e+03 2.380251339251177342e+03 2.278740000000000165e+01 -9.788089990615844727e-02 7.188373059034347534e-02 7.756078988313674927e-02 7.693031430244445801e-02
1.833552680292021478e+03 3.725036234086676814e+03 2.378399957464278486e+03 2.278940000000000055e+01 4.105813801288604736e-02 1.242374349385499954e-02 7.756078988313674927e-02 7.693031430244445801e-02
1.863798773791918165e+03 3.700937532642477436e+03 2.392469716260187852e+03 2.279140000000000299e+01 2.526169642806053162e-02 3.001121431589126587e-02 7.756078988313674927e-02 7.693031430244445801e-02
1.859451989405687527e+03 3.704446033996734059e+03 2.390421241796759659e+03 2.279340000000000188e+01 -5.773070082068443298e-02 2.524838969111442566e-02 7.756078988313674927e-02 7.693031430244445801e-02
1.855096327707420869e+03 3.707946325961714592e+03 2.388377585652105608e+03 2.279540000000000077e+01 -1.640676893293857574e-02 -8.730455487966537476e-02 7.756078988313674927e-02 7.693031430244445801e-02
1.850731809435982996e+03 3.711438391871276053e+03 2.386338757556791279e+03 2.279739999999999966e+01 6.544657051563262939e-02 2.151401713490486145e-02 7.756078988313674927e-02 7.693031430244445801e-02
1.846358455600444358e+03 3.714922214916017310e+03 2.384304767324894328e+03 2.279940000000000211e+01 -1.723121292889118195e-02 -8.813812583684921265e-02 7.756078988313674927e-02 7.693031430244445801e-02
1.841976287008686541e+03 3.718397778520361499e+03 2.382275624633868119e+03 2.280140000000000100e+01 -1.389543758705258369e-03 -5.777151510119438171e-02 7.756078988313674927e-02 7.693031430244445801e-02
1.837585324754735666e+03 3.721865065954335478e+03 2.380251339251177342e+03 2.280339999999999989e+01 8.173353224992752075e-02 1.699301227927207947e-02 7.756078988313674927e-02 7.693031430244445801e-02
1.833552680292021478e+03 3.725036234086676814e+03 2.378399957464278486e+03 2.280540000000000234e+01 3.111947886645793915e-02 1.139835081994533539e-02 7.756078988313674927e-02 7.693031430244445801e-02
1.820672217669627344e+03 3.735079367061164248e+03 2.372536750082507751e+03 2.280740000000000123e+01 -2.202380448579788208e-01 -2.210916206240653992e-02 7.756078988313674927e-02 7.693031430244445801e-02
1.816239049367968391e+03 3.738506420068411899e+03 2.370536077681668303e+03 2.280940000000000012e+01 3.269885778427124023e-01 1.261953264474868774e-01 7.756078988313674927e-02 7.693031430244445801e-02
1.811797210499264565e+03 3.741925100730911254e+03 2.368540318736263998e+03 2.281140000000000256e+01 -2.617318928241729736e-01 -1.696219295263290405e-01 7.756078988313674927e-02 7.693031430244445801e-02
1.807346722398459406e+03 3.745335392628329373e+03 2.366549482832151170e+03 2.281340000000000146e+01 3.505693078041076660e-01 3.031510114669799805e-01 7.756078988313674927e-02 7.693031430244445801e-02
1.802887606240512696e+03 3.748737279535015205e+03 2.364563579441409729e+03 2.281540000000000035e+01 -2.415272444486618042e-01 -8.247883617877960205e-02 7.756078988313674927e-02 7.693031430244445801e-02
1.798419883474222843e+03 3.752130745087412379e+03 2.362582618116499816e+03 2.281740000000000279e+01 1.338883042335510254e-01 -7.231515645980834961e-02 7.756078988313674927e-02 7.693031430244445801e-02
1.793943575418860519e+03 3.755515773092718973e+03 2.360606608310079991e+03 2.281940000000000168e+01 -4.246382415294647217e-01 -1.846381425857543945e-01 7.756078988313674927e-02 7.693031430244445801e-02
1.789832878218665883e+03 3.758611397226305598e+03 2.358799560585618110e+03 2.282140000000000057e+01 1.536926627159118652e-01 4.823666065931320190e-02 7.756078988313674927e-02 7.693031430244445801e-02
1.820672217669627344e+03 3.735079367061164248e+03 2.372536750082507751e+03 2.282340000000000302e+01 -9.085116535425186157e-02 -3.284264728426933289e-02 7.756078988313674927e-02 7.693031430244445801e-02
1.816239049367968391e+03 3.738506420068411899e+03 2.370536077681668303e+03 2.282540000000000191e+01 3.274261951446533203e-02 -1.058045923709869385e-01 7.756078988313674927e-02 7.693031430244445801e-02
1.811797210499264565e+03 3.741925100730911254e+03 2.368540318736263998e+03 2.282740000000000080e+01 2.349352687597274780e-01 -5.659377947449684143e-02 7.756078988313674927e-02 7.693031430244445801e-02
1.807346722398459406e+03 3.745335392628329373e+03 2.366549482832151170e+03 2.282939999999999969e+01 4.769632220268249512e-02 1.355769019573926926e-02 7.756078988313674927e-02 7.693031430244445801e-02
1.802887606240512696e+03 3.748737279535015205e+03 2.364563579441409729e+03 2.283140000000000214e+01 -1.213857829570770264e-01 3.698265552520751953e-02 7.756078988313674927e-02 7.693031430244445801e-02
1.798419883474222843e+03 3.752130745087412379e+03 2.362582618116499816e+03 2.283340000000000103e+01 -4.665070679038763046e-03 -5.794892832636833191e-02 7.756078988313674927e-02 7.693031430244445801e-02
1.793943575418860519e+03 3.755515773092718973e+03 2.360606608310079991e+03 2.283539999999999992e+01 -2.522329241037368774e-02 -1.116901189088821411e-01 7.756078988313674927e-02 7.693031430244445801e-02
1.789832878218665883e+03 3.758611397226305598e+03 2.358799560585618110e+03 2.283740000000000236e+01 1.312477141618728638e-01 9.519763290882110596e-02 7.756078988313674927e-02 7.693031430244445801e-02
1.775952919509279354e+03 3.768971186146511627e+03 2.352752273108199461e+03 2.283940000000000126e+01 -1.115356385707855225e-01 -2.740915119647979736e-01 7.756078988313674927e-02 7.693031430244445801e-02
1.771434007288311932e+03 3.772313784134827529e+03 2.350801162323336484e+03 2.284140000000000015e+01 3.473920747637748718e-02 7.232892513275146484e-02 7.756078988313674927e-02 7.693031430244445801e-02
1.766906638862494901e+03 3.775647848031730973e+03 2.348855059412740957e+03 2.284340000000000259e+01 -1.006257832050323486e-01 -1.153262779116630554e-01 7.756078988313674927e-02 7.693031430244445801e-02
1.762370836040548966e+03 3.778973361776763340e+03 2.346913973750940841e+03 2.284540000000000148e+01 1.376676112413406372e-01 -2.918613143265247345e-02 7.756078988313674927e-02 7.693031430244445801e-02
1.757826620419059054e+03 3.782290309535968845e+03 2.344977914580116703e+03 2.284740000000000038e+01 5.502057448029518127e-02 3.598111122846603394e-02 7.756078988313674927e-02 7.693031430244445801e-02
1.753274013776972197e+03 3.785598675412068133e+03 2.343046891179295017e+03 2.284940000000000282e+01 2.076768688857555389e-02 3.391316160559654236e-02 7.756078988313674927e-02 7.693031430244445801e-02
1.748713037965357216e+03 3.788898443526058600e+03 2.341120912816694272e+03 2.285140000000000171e+01 1.472702715545892715e-02 -1.318543702363967896e-01 7.756078988313674927e-02 7.693031430244445801e-02
1.744524916000987787e+03 3.791915774462854188e+03 2.339359807973562056e+03 2.285340000000000060e+01 3.279926627874374390e-02 9.642586112022399902e-02 7.756078988313674927e-02 7.693031430244445801e-02
1.775952919509279354e+03 3.768971186146511627e+03 2.352752273108199461e+03 2.285540000000000305e+01 -1.725245267152786255e-02 4.911566525697708130e-02 7.756078988313674927e-02 7.693031430244445801e-02
1.771434007288311932e+03 3.772313784134827529e+03 2.350801162323336484e+03 2.285740000000000194e+01 2.143346332013607025e-02 5.680790543556213379e-02 7.756078988313674927e-02 7.693031430244445801e-02
1.766906638862494901e+03 3.775647848031730973e+03 2.348855059412740957e+03 2.285940000000000083e+01 4.180316627025604248e-02 3.879747912287712097e-02 7.756078988313674927e-02 7.693031430244445801e-02
1.762370836040548966e+03 3.778973361776763340e+03 2.346913973750940841e+03 2.286139999999999972e+01 -6.445795297622680664e-02 3.533447533845901489e-02 7.756078988313674927e-02 7.693031430244445801e-02
1.757826620419059054e+03 3.782290309535968845e+03 2.344977914580116703e+03 2.286340000000000217e+01 8.356709778308868408e-02 3.462124988436698914e-02 7.756078988313674927e-02 7.693031430244445801e-02
1.753274013776972197e+03 3.785598675412068133e+03 2.343046891179295017e+03 2.286540000000000106e+01 4.929274786263704300e-03 4.593383893370628357e-02 7.756078988313674927e-02 7.693031430244445801e-02
1.748713037965357216e+03 3.788898443526058600e+03 2.341120912816694272e+03 2.286739999999999995e+01 -7.877337187528610229e-02 -6.812795996665954590e-02 7.756078988313674927e-02 7.693031430244445801e-02
1.744524916000987787e+03 3.791915774462854188e+03 2.339359807973562056e+03 2.286940000000000239e+01 3.514938428997993469e-02 1.257102787494659424e-01 7.756078988313674927e-02 7.693031430244445801e-02
1.730385879652548738e+03 3.802011223524394154e+03 2.333467633507208120e+03 2.287140000000000128e+01 7.985986024141311646e-02 -3.061273507773876190e-02 7.756078988313674927e-02 7.693031430244445801e-02
1.725783385935939577e+03 3.805267766972220670e+03 2.331567017994984326e+03 2.287340000000000018e+01 1.227823551744222641e-02 -3.696973621845245361e-02 7.756078988313674927e-02 7.693031430244445801e-02
1.721172654613415489e+03 3.808515618527528204e+03 2.329671502460145348e+03 2.287540000000000262e+01 -1.552001386880874634e-01 1.394881680607795715e-02 7.756078988313674927e-02 7.693031430244445801e-02
1.716553707638377546e+03 3.811754762726194713e+03 2.327781095927868137e+03 2.287740000000000151e+01 3.316288813948631287e-02 7.618968933820724487e-02 7.756078988313674927e-02 7.693031430244445801e-02
1.711926567244569924e+03 3.814985183976256849e+03 2.325895807497812257e+03 2.287940000000000040e+01 1.580353267490863800e-02 -8.451701700687408447e-02 7.756078988313674927e-02 7.693031430244445801e-02
1.707291255447494905e+03 3.818206866907717995e+03 2.324015646139936962e+03 2.288140000000000285e+01 -6.115466728806495667e-02 3.071849234402179718e-02 7.756078988313674927e-02 7.693031430244445801e-02
1.702647794559619570e+03 3.821419796012815823e+03 2.322140620904521711e+03 2.288340000000000174e+01 6.587354838848114014e-02 -1.163271069526672363e-01 7.756078988313674927e-02 7.693031430244445801e-02
1.698384252065132841e+03 3.824357389804095419e+03 2.320426301721024629e+03 2.288540000000000063e+01 -3.226768691092729568e-03 5.870199948549270630e-02 7.756078988313674927e-02 7.693031430244445801e-02
1.730385879652548738e+03 3.802011223524394154e+03 2.333467633507208120e+03 2.288740000000000308e+01 1.315047889947891235e-01 3.111656941473484039e-02 7.756078988313674927e-02 7.693031430244445801e-02
1.725783385935939577e+03 3.805267766972220670e+03 2.331567017994984326e+03 2.288940000000000197e+01 1.614490337669849396e-02 1.019212156534194946e-01 7.756078988313674927e-02 7.693031430244445801e-02
1.721172654613415489e+03 3.808515618527528204e+03 2.329671502460145348e+03 2.289140000000000086e+01 8.740068227052688599e-02 -1.753689050674438477e-01 7.756078988313674927e-02 7.693031430244445801e-02
1.716553707638377546e+03 3.811754762726194713e+03 2.327781095927868137e+03 2.289339999999999975e+01 -7.460866868495941162e-02 1.378326676785945892e-02 7.756078988313674927e-02 7.693031430244445801e-02
1.711926567244569924e+03 3.814985183976256849e+03 2.325895807497812257e+03 2.289540000000000219e+01 -3.329986333847045898e-02 5.811002105474472046e-02 7.756078988313674927e-02 7.693031430244445801e-02
1.707291255447494905e+03 3.818206866907717995e+03 2.324015646139936962e+03 2.289740000000000109e+01 -5.702701956033706665e-02 -5.239560082554817200e-02 7.756078988313674927e-02 7.693031430244445801e-02
1.702647794559619570e+03 3.821419796012815823e+03 2.322140620904521711e+03 2.289939999999999998e+01 -4.054110497236251831e-02 2.430388890206813812e-02 7.756078988313674927e-02 7.693031430244445801e-02
1.698384252065132841e+03 3.824357389804095419e+03 2.320426301721024629e+03 2.290140000000000242e+01 7.221432775259017944e-02 4.186196252703666687e-02 7.756078988313674927e-02 7.693031430244445801e-02
1.683992904338015705e+03 3.834183667823878295e+03 2.314692059964778309e+03 2.290340000000000131e+01 5.343776196241378784e-03 2.215416607214137912e-04 7.756078988313674927e-02 7.693031430244445801e-02
1.679309031752583223e+03 3.837352598240667703e+03 2.312842849305114669e+03 2.290540000000000020e+01 -3.871269896626472473e-02 1.271717697381973267e-01 7.756078988313674927e-02 7.693031430244445801e-02
1.674617143960120757e+03 3.840512683227612342e+03 2.310998828224490353e+03 2.290740000000000265e+01 -5.458552762866020203e-02 -4.741815105080604553e-02 7.756078988313674927e-02 7.693031430244445801e-02
1.669917263332965604e+03 3.843663907716298581e+03 2.309160005515842386e+03 2.290940000000000154e+01 6.531908176839351654e-03 -3.102472983300685883e-02 7.756078988313674927e-02 7.693031430244445801e-02
1.665209412396129892e+03 3.846806256603706970e+03 2.307326389992166696e+03 2.291140000000000043e+01 2.538216765969991684e-03 3.138991072773933411e-02 7.756078988313674927e-02 7.693031430244445801e-02
1.660493613762240784e+03 3.849939714796771568e+03 2.305497990460514302e+03 2.291340000000000288e+01 -5.774676799774169922e-02 -9.710326045751571655e-02 7.756078988313674927e-02 7.693031430244445801e-02
1.655769889868557811e+03 3.853064267386989286e+03 2.303674815620113804e+03 2.291540000000000177e+01 -2.913714945316314697e-02 -1.055583134293556213e-01 7.756078988313674927e-02 7.693031430244445801e-02
1.651432967922268745e+03 3.855920717747909748e+03 2.302008102773696464e+03 2.291740000000000066e+01 6.073106080293655396e-03 6.710878014564514160e-02 7.756078988313674927e-02 7.693031430244445801e-02
1.683992904338015705e+03 3.834183667823878295e+03 2.314692059964778309e+03 2.291940000000000310e+01 2.210241742432117462e-02 -1.002432126551866531e-02 7.756078988313674927e-02 7.693031430244445801e-02
1.679309031752583223e+03 3.837352598240667703e+03 2.312842849305114669e+03 2.292140000000000200e+01 -5.467262491583824158e-02 1.252747606486082077e-02 7.756078988313674927e-02 7.693031430244445801e-02
1.674617143960120757e+03 3.840512683227612342e+03 2.310998828224490353e+03 2.292340000000000089e+01 1.136813834309577942e-01 -9.876621887087821960e-03 7.756078988313674927e-02 7.693031430244445801e-02
1.669917263332965604e+03 3.843663907716298581e+03 2.309160005515842386e+03 2.292539999999999978e+01 -7.969145476818084717e-02 -3.059940412640571594e-02 7.756078988313674927e-02 7.693031430244445801e-02
1.665209412396129892e+03 3.846806256603706970e+03 2.307326389992166696e+03 2.292740000000000222e+01 -8.673730492591857910e-02 -4.870904237031936646e-02 7.756078988313674927e-02 7.693031430244445801e-02
1.660493613762240784e+03 3.849939714796771568e+03 2.305497990460514302e+03 2.292940000000000111e+01 -3.250157460570335388e-02 6.424565333873033524e-03 7.756078988313674927e-02 7.693031430244445801e-02
1.655769889868557811e+03 3.853064267386989286e+03 2.303674815620113804e+03 2.293140000000000001e+01 -6.434158235788345337e-02 1.187003962695598602e-02 7.756078988313674927e-02 7.693031430244445801e-02
1.651432967922268745e+03 3.855920717747909748e+03 2.302008102773696464e+03 2.293340000000000245e+01 5.384674295783042908e-02 3.089338913559913635e-02 7.756078988313674927e-02 7.693031430244445801e-02
