# Baseline: 22-24
# u [m], v [m], w [m], frequency [GHz], real, imag
-5.364330077211244543e+02 1.545468844842156614e+03 -3.380703441782139294e+02 2.267940000000000000e+19 -3.921636380255222321e-03 8.159595541656017303e-03
-5.397230126066934872e+02 1.544453877169760062e+03 -3.374717332182743235e+02 2.268140000000000000e+19 2.295687329024076462e-03 -9.405706077814102173e-03
-5.430104318368117902e+02 1.543432699407724385e+03 -3.368694896821272664e+02 2.268340000000000000e+19 -1.071234233677387238e-03 1.102122664451599121e-02
-5.462952497016767666e+02 1.542405316436075054e+03 -3.362636164477933107e+02 2.268540000000000000e+19 3.215226577594876289e-03 -8.027867414057254791e-03
-5.495774504809643304e+02 1.541371733171474943e+03 -3.356541164147585619e+02 2.268740000000000000e+19 -7.148511242121458054e-03 7.337450515478849411e-03
-5.528570184669343917e+02 1.540331954560404483e+03 -3.350409924999504483e+02 2.268940000000000000e+19 3.449718467891216278e-03 -1.370517350733280182e-02
-5.561339378959488613e+02 1.539285985600802633e+03 -3.344242476505004902e+02 2.269140000000000000e+19 5.626606754958629608e-03 7.320495322346687317e-03
-5.591354748355839774e+02 1.538321825603068191e+03 -3.338557658431628283e+02 2.269340000000000000e+19 -5.669132806360721588e-04 -8.369720540940761566e-03
-5.364330077211244543e+02 1.545468844842156614e+03 -3.380703441782139294e+02 2.269540000000000000e+19 6.825976743130013347e-05 2.087772823870182037e-03
-5.397230126066934872e+02 1.544453877169760062e+03 -3.374717332182743235e+02 2.269740000000000000e+19 8.070138283073902130e-03 -1.742420485243201256e-03
-5.430104318368117902e+02 1.543432699407724385e+03 -3.368694896821272664e+02 2.269940000000000000e+19 -8.089914917945861816e-03 -6.203477387316524982e-04
-5.462952497016767666e+02 1.542405316436075054e+03 -3.362636164477933107e+02 2.270140000000000000e+19 3.034612862393260002e-03 -2.515961648896336555e-03
-5.495774504809643304e+02 1.541371733171474943e+03 -3.356541164147585619e+02 2.270340000000000000e+19 -5.798372440040111542e-03 -4.533393308520317078e-03
-5.528570184669343917e+02 1.540331954560404483e+03 -3.350409924999504483e+02 2.270540000000000000e+19 1.276106457225978374e-03 1.494286465458571911e-03
-5.561339378959488613e+02 1.539285985600802633e+03 -3.344242476505004902e+02 2.270740000000000000e+19 -3.983244299888610840e-03 2.632211521267890930e-02
-5.591354748355839774e+02 1.538321825603068191e+03 -3.338557658431628283e+02 2.270940000000000000e+19 8.166353218257427216e-03 9.998814202845096588e-03
-5.692148172928077656e+02 1.535040306610920425e+03 -3.319211180651363975e+02 2.271140000000000000e+19 1.342457626014947891e-02 -1.124284043908119202e-02
-5.724782592986166492e+02 1.533963461477381088e+03 -3.312863130981092468e+02 2.271340000000000000e+19 1.159471645951271057e-02 -1.245149504393339157e-02
-5.757389588684264936e+02 1.532880456466461283e+03 -3.306479051613897013e+02 2.271540000000000000e+19 -9.080959483981132507e-03 -2.373742638155817986e-03
-5.789969004428462540e+02 1.531791296746121361e+03 -3.300058973013853461e+02 2.271740000000000000e+19 -1.244718208909034729e-03 3.549677203409373760e-04
-5.822520684188871201e+02 1.530695987532603112e+03 -3.293602925928296941e+02 2.271940000000000000e+19 -6.821049842983484268e-03 -1.313792727887630463e-02
-5.855044472181663195e+02 1.529594534067753330e+03 -3.287110941254155705e+02 2.272140000000000000e+19 -7.025332190096378326e-03 -1.778718829154968262e-02
-5.887540212643687028e+02 1.528486941626762928e+03 -3.280583050083557168e+02 2.272340000000000000e+19 -7.329015061259269714e-03 -1.375394291244447231e-03
-5.917303564163660212e+02 1.527466338179014883e+03 -3.274568089970745746e+02 2.272540000000000000e+19 5.607997998595237732e-03 -6.769385188817977905e-03
-5.692148172928077656e+02 1.535040306610920425e+03 -3.319211180651363975e+02 2.272740000000000000e+19 4.853236488997936249e-03 -6.968275993131101131e-04
-5.724782592986166492e+02 1.533963461477381088e+03 -3.312863130981092468e+02 2.272940000000000000e+19 1.541026681661605835e-02 -6.549180950969457626e-03
-5.757389588684264936e+02 1.532880456466461283e+03 -3.306479051613897013e+02 2.273140000000000000e+19 -8.194601163268089294e-03 8.262756280601024628e-03
-5.789969004428462540e+02 1.531791296746121361e+03 -3.300058973013853461e+02 2.273340000000000000e+19 2.188988402485847473e-02 1.598050259053707123e-02
-5.822520684188871201e+02 1.530695987532603112e+03 -3.293602925928296941e+02 2.273540000000000000e+19 -3.393050283193588257e-02 6.065173074603080750e-03
-5.855044472181663195e+02 1.529594534067753330e+03 -3.287110941254155705e+02 2.273740000000000000e+19 -8.966852910816669464e-03 6.945659406483173370e-03
-5.887540212643687028e+02 1.528486941626762928e+03 -3.280583050083557168e+02 2.273940000000000000e+19 -1.349416840821504593e-02 1.181759755127131939e-03
-5.917303564163660212e+02 1.527466338179014883e+03 -3.274568089970745746e+02 2.274140000000000000e+19 1.061041712091537192e-05 -3.238887293264269829e-03
-6.017239592701338324e+02 1.523995288492377085e+03 -3.254113047461896144e+02 2.274340000000000000e+19 -1.055234018713235855e-02 -1.668421085923910141e-03
-6.049592765933234659e+02 1.522857081251881937e+03 -3.247406095763618055e+02 2.274540000000000000e+19 2.439411170780658722e-02 5.968564655631780624e-03
-6.081916961028982769e+02 1.521712767263220485e+03 -3.240663427493727227e+02 2.274740000000000000e+19 1.033695042133331299e-02 -1.164610497653484344e-02
-6.114212022730615672e+02 1.520562352022711138e+03 -3.233885075038379000e+02 2.274940000000000000e+19 3.461027052253484726e-03 -1.064128521829843521e-02
-6.146477797156974248e+02 1.519405841011812299e+03 -3.227071070694904051e+02 2.275140000000000000e+19 -2.247986011207103729e-02 -1.248725224286317825e-02
-6.178714128881464376e+02 1.518243239801598975e+03 -3.220221447287381693e+02 2.275340000000000000e+19 -1.515919063240289688e-02 1.645066216588020325e-02
-6.210920864416038967e+02 1.517074553927752049e+03 -3.213336237430091273e+02 2.275540000000000000e+19 -1.341949403285980225e-02 -7.788866292685270309e-03
-6.240417954294947549e+02 1.515997995460603534e+03 -3.206994013866248565e+02 2.275740000000000000e+19 6.882267538458108902e-03 -1.274112146347761154e-02
-6.017239592701338324e+02 1.523995288492377085e+03 -3.254113047461896144e+02 2.275940000000000000e+19 3.136588027700781822e-03 -1.379614695906639099e-02
-6.049592765933234659e+02 1.522857081251881937e+03 -3.247406095763618055e+02 2.276140000000000000e+19 1.602511503733694553e-03 3.439650405198335648e-03
-6.081916961028982769e+02 1.521712767263220485e+03 -3.240663427493727227e+02 2.276340000000000000e+19 -9.737181477248668671e-03 1.510763447731733322e-02
-6.114212022730615672e+02 1.520562352022711138e+03 -3.233885075038379000e+02 2.276540000000000000e+19 -8.260162547230720520e-03 4.792199935764074326e-03
-6.146477797156974248e+02 1.519405841011812299e+03 -3.227071070694904051e+02 2.276740000000000000e+19 -2.795415371656417847e-02 -3.668751567602157593e-03
-6.178714128881464376e+02 1.518243239801598975e+03 -3.220221447287381693e+02 2.276940000000000000e+19 3.167250752449035645e-02 -1.340107526630163193e-02
-6.210920864416038967e+02 1.517074553927752049e+03 -3.213336237430091273e+02 2.277140000000000000e+19 -1.932712085545063019e-02 3.574466245481744409e-05
-6.240417954294947549e+02 1.515997995460603534e+03 -3.206994013866248565e+02 2.277340000000000000e+19 1.526986341923475266e-02 2.166560618206858635e-03
-6.339448761891998174e+02 1.512339076173914464e+03 -3.185440195550414160e+02 2.277540000000000000e+19 -8.739114739000797272e-03 -1.133668515831232071e-02
-6.371505206331137288e+02 1.511140051495158104e+03 -3.178377551322820977e+02 2.277740000000000000e+19 -2.844235487282276154e-02 -3.961373586207628250e-03
-6.403531131374267034e+02 1.509934976167513014e+03 -3.171279521022019026e+02 2.277940000000000000e+19 1.639618724584579468e-02 -1.943197846412658691e-02
-6.435526384534584849e+02 1.508723855928772764e+03 -3.164146138444332905e+02 2.278140000000000000e+19 5.805174820125102997e-03 -4.913102462887763977e-02
-6.467490811799842731e+02 1.507506696608802258e+03 -3.156977437927180290e+02 2.278340000000000000e+19 1.745752617716789246e-02 -1.212041918188333511e-02
-6.499424261087414152e+02 1.506283503998702372e+03 -3.149773453578461044e+02 2.278540000000000000e+19 -2.409324236214160919e-02 1.992356218397617340e-02
-6.531326578682525223e+02 1.505054283986442670e+03 -3.142534220075398821e+02 2.278740000000000000e+19 1.503603346645832062e-02 3.405930101871490479e-02
-6.560543292119059515e+02 1.503922285650587355e+03 -3.135867767923823521e+02 2.278940000000000000e+19 -5.572624970227479935e-03 1.726249046623706818e-02
-6.339448761891998174e+02 1.512339076173914464e+03 -3.185440195550414160e+02 2.279140000000000000e+19 4.218334332108497620e-02 2.115315571427345276e-02
-6.371505206331137288e+02 1.511140051495158104e+03 -3.178377551322820977e+02 2.279340000000000000e+19 -4.841770231723785400e-02 -2.821614220738410950e-02
-6.403531131374267034e+02 1.509934976167513014e+03 -3.171279521022019026e+02 2.279540000000000000e+19 1.341631403192877769e-03 2.737665316089987755e-03
-6.435526384534584849e+02 1.508723855928772764e+03 -3.164146138444332905e+02 2.279740000000000000e+19 1.730043208226561546e-03 1.792520470917224884e-02
-6.467490811799842731e+02 1.507506696608802258e+03 -3.156977437927180290e+02 2.279940000000000000e+19 -1.624232530593872070e-02 3.806686960160732269e-03
-6.499424261087414152e+02 1.506283503998702372e+03 -3.149773453578461044e+02 2.280140000000000000e+19 1.597199589014053345e-02 2.941574528813362122e-02
-6.531326578682525223e+02 1.505054283986442670e+03 -3.142534220075398821e+02 2.280340000000000000e+19 -8.782252669334411621e-03 -4.422432743012905121e-03
-6.560543292119059515e+02 1.503922285650587355e+03 -3.135867767923823521e+02 2.280540000000000000e+19 -3.344392869621515274e-03 -5.286846775561571121e-03
-6.653327652176368474e+02 1.500286542903677400e+03 -3.114457905854300179e+02 2.280740000000000000e+19 7.910204003565013409e-04 9.587430977262556553e-04
-6.685077352805784585e+02 1.499028273801200157e+03 -3.107048792311458669e+02 2.280940000000000000e+19 4.617057740688323975e-03 2.274281345307826996e-03
-6.716795033811469011e+02 1.497764011996746603e+03 -3.099604633957405895e+02 2.281140000000000000e+19 -4.816070664674043655e-03 4.759159870445728302e-03
-6.748480542849052881e+02 1.496493763562839376e+03 -3.092125466548106374e+02 2.281340000000000000e+19 -1.293826033361256123e-03 3.062102012336254120e-03
-6.780133729163291036e+02 1.495217534543227202e+03 -3.084611325668952873e+02 2.281540000000000000e+19 -5.383219104260206223e-03 -2.674754709005355835e-03
-6.811754440498408485e+02 1.493935331076669854e+03 -3.077062247463621247e+02 2.281740000000000000e+19 -2.050378825515508652e-03 -2.132954541593790054e-03
-6.843342525967178744e+02 1.492647159281705399e+03 -3.069478267955559545e+02 2.281940000000000000e+19 1.031045150011777878e-02 1.239058561623096466e-02
-6.872269899687155430e+02 1.491461173238527408e+03 -3.062496101446479315e+02 2.282140000000000000e+19 4.356071818619966507e-03 8.045564405620098114e-03
-6.653327652176368474e+02 1.500286542903677400e+03 -3.114457905854300179e+02 2.282340000000000000e+19 -9.595467709004878998e-03 -6.894841790199279785e-03
-6.685077352805784585e+02 1.499028273801200157e+03 -3.107048792311458669e+02 2.282540000000000000e+19 1.332493731752038002e-03 -6.539009511470794678e-03
-6.716795033811469011e+02 1.497764011996746603e+03 -3.099604633957405895e+02 2.282740000000000000e+19 -8.748567663133144379e-03 9.472871199250221252e-03
-6.748480542849052881e+02 1.496493763562839376e+03 -3.092125466548106374e+02 2.282940000000000000e+19 6.617520470172166824e-03 3.548903856426477432e-03
-6.780133729163291036e+02 1.495217534543227202e+03 -3.084611325668952873e+02 2.283140000000000000e+19 3.557952586561441422e-03 -2.800504211336374283e-03
-6.811754440498408485e+02 1.493935331076669854e+03 -3.077062247463621247e+02 2.283340000000000000e+19 8.310776320286095142e-04 -1.449624076485633850e-02
-6.843342525967178744e+02 1.492647159281705399e+03 -3.069478267955559545e+02 2.283540000000000000e+19 1.798720285296440125e-02 -1.461132057011127472e-02
-6.872269899687155430e+02 1.491461173238527408e+03 -3.062496101446479315e+02 2.283740000000000000e+19 1.859542215242981911e-03 -5.780395586043596268e-04
-6.969365587099306367e+02 1.487434912582633160e+03 -3.038794065533360822e+02 2.283940000000000000e+19 7.821093895472586155e-04 -1.760176382958889008e-02
-7.000788277922380303e+02 1.486116992224785236e+03 -3.031036127484001099e+02 2.284140000000000000e+19 7.384141441434621811e-03 1.285913959145545959e-02
-7.032177438650392105e+02 1.484793140936588543e+03 -3.023243508292594015e+02 2.284340000000000000e+19 -4.372310359030961990e-03 -1.070933509618043900e-02
-7.063532918079221190e+02 1.483463365095151858e+03 -3.015416245496945180e+02 2.284540000000000000e+19 -5.886128637939691544e-03 -3.152098972350358963e-03
-7.094854566914341376e+02 1.482127671032019180e+03 -3.007554376365547455e+02 2.284740000000000000e+19 4.477862239582464099e-05 -3.061530180275440216e-03
-7.126142235039915249e+02 1.480786065148683292e+03 -2.999657938577532263e+02 2.284940000000000000e+19 1.070323120802640915e-02 1.071502920240163803e-02
-7.157395772285816520e+02 1.479438553884453768e+03 -2.991726970033521980e+02 2.285140000000000000e+19 1.666978187859058380e-02 4.063140135258436203e-03
-7.186015175833196054e+02 1.478198228032270663e+03 -2.984427052255633726e+02 2.285340000000000000e+19 -9.277502074837684631e-03 9.127435274422168732e-03
-6.969365587099306367e+02 1.487434912582633160e+03 -3.038794065533360822e+02 2.285540000000000000e+19 7.682990748435258865e-03 2.788341604173183441e-02
-7.000788277922380303e+02 1.486116992224785236e+03 -3.031036127484001099e+02 2.285740000000000000e+19 -8.914499543607234955e-03 8.028723299503326416e-03
-7.032177438650392105e+02 1.484793140936588543e+03 -3.023243508292594015e+02 2.285940000000000000e+19 -9.907826781272888184e-03 -2.507744356989860535e-03
-7.063532918079221190e+02 1.483463365095151858e+03 -3.015416245496945180e+02 2.286140000000000000e+19 -6.008402910083532333e-03 6.680650636553764343e-03
-7.094854566914341376e+02 1.482127671032019180e+03 -3.007554376365547455e+02 2.286340000000000000e+19 -2.133279107511043549e-03 -4.763552919030189514e-03
-7.126142235039915249e+02 1.480786065148683292e+03 -2.999657938577532263e+02 2.286540000000000000e+19 -1.213101018220186234e-02 -1.415960863232612610e-02
-7.157395772285816520e+02 1.479438553884453768e+03 -2.991726970033521980e+02 2.286740000000000000e+19 -1.262062042951583862e-02 -1.357754785567522049e-02
-7.186015175833196054e+02 1.478198228032270663e+03 -2.984427052255633726e+02 2.286940000000000000e+19 -2.692268230020999908e-03 -1.759801292791962624e-03
-7.282065627114596964e+02 1.473989584265040548e+03 -2.959658548980807495e+02 2.287140000000000000e+19 1.663938164710998535e-02 1.445707515813410282e-03
-7.313146271540441603e+02 1.472612643313806757e+03 -2.951555498823302628e+02 2.287340000000000000e+19 5.134261678904294968e-03 -4.551593738142400980e-04
-7.344191890137667542e+02 1.471229836098018495e+03 -2.943418148118699378e+02 2.287540000000000000e+19 -6.130428053438663483e-03 -1.394377090036869049e-02
-7.375202335087319625e+02 1.469841169201756202e+03 -2.935246535612147341e+02 2.287740000000000000e+19 2.329359296709299088e-03 -9.462900459766387939e-03
-7.406177457117501035e+02 1.468446649309497616e+03 -2.927040700638511908e+02 2.287940000000000000e+19 1.617956720292568207e-02 1.332476921379566193e-02
-7.437117108852067986e+02 1.467046283056231687e+03 -2.918800682240260471e+02 2.288140000000000000e+19 -3.407910000532865524e-03 2.792638260871171951e-03
-7.468021141360769661e+02 1.465640077182777532e+03 -2.910526520081862714e+02 2.288340000000000000e+19 -3.288203850388526917e-02 1.048130542039871216e-02
-7.496318878877360703e+02 1.464346005082288229e+03 -2.902912344433149201e+02 2.288540000000000000e+19 2.983736619353294373e-02 -1.359452772885560989e-02
-7.282065627114596964e+02 1.473989584265040548e+03 -2.959658548980807495e+02 2.288740000000000000e+19 -3.211628878489136696e-03 -1.153906807303428650e-03
-7.313146271540441603e+02 1.472612643313806757e+03 -2.951555498823302628e+02 2.288940000000000000e+19 2.364621870219707489e-02 1.467640791088342667e-02
-7.344191890137667542e+02 1.471229836098018495e+03 -2.943418148118699378e+02 2.289140000000000000e+19 1.329783815890550613e-02 -2.690288610756397247e-02
-7.375202335087319625e+02 1.469841169201756202e+03 -2.935246535612147341e+02 2.289340000000000000e+19 3.243910847231745720e-03 3.575533861294388771e-03
-7.406177457117501035e+02 1.468446649309497616e+03 -2.927040700638511908e+02 2.289540000000000000e+19 1.344454661011695862e-02 1.724080182611942291e-02
-7.437117108852067986e+02 1.467046283056231687e+03 -2.918800682240260471e+02 2.289740000000000000e+19 4.235540516674518585e-03 2.067545615136623383e-02
-7.468021141360769661e+02 1.465640077182777532e+03 -2.910526520081862714e+02 2.289940000000000000e+19 -9.446593467146158218e-04 -1.174197252839803696e-02
-7.496318878877360703e+02 1.464346005082288229e+03 -2.902912344433149201e+02 2.290140000000000000e+19 1.168985944241285324e-02 1.795404963195323944e-02
-7.591278129017027823e+02 1.459956992260477818e+03 -2.877089226844609016e+02 2.290340000000000000e+19 4.826256632804870605e-02 7.850173860788345337e-03
-7.622001852722870581e+02 1.458521689682343322e+03 -2.868644942484900184e+02 2.290540000000000000e+19 -8.941037580370903015e-03 5.738102830946445465e-03
-7.652689072611178744e+02 1.457080588271084025e+03 -2.860166754342303079e+02 2.290740000000000000e+19 5.638597998768091202e-03 -1.459578983485698700e-02
-7.683339642355034584e+02 1.455633694898265503e+03 -2.851654702843209179e+02 2.290940000000000000e+19 1.166283711791038513e-02 -1.755843311548233032e-02
-7.713953415054864990e+02 1.454181016498331701e+03 -2.843108828782912951e+02 2.291140000000000000e+19 1.594772748649120331e-02 -1.977165415883064270e-02
-7.744530243668626781e+02 1.452722560048793412e+03 -2.834529173209047599e+02 2.291340000000000000e+19 1.162486057728528976e-02 -8.313269354403018951e-03
-7.775069982716099730e+02 1.451258332488864426e+03 -2.825915776942959496e+02 2.291540000000000000e+19 -5.301030352711677551e-03 -2.119263634085655212e-02
-7.803032507435087837e+02 1.449911133654748483e+03 -2.817990988584124352e+02 2.291740000000000000e+19 -5.506408866494894028e-03 -5.029874853789806366e-03
-7.591278129017027823e+02 1.459956992260477818e+03 -2.877089226844609016e+02 2.291940000000000000e+19 -1.188575383275747299e-02 -9.540741331875324249e-03
-7.622001852722870581e+02 1.458521689682343322e+03 -2.868644942484900184e+02 2.292140000000000000e+19 2.383496053516864777e-02 7.282560225576162338e-03
-7.652689072611178744e+02 1.457080588271084025e+03 -2.860166754342303079e+02 2.292340000000000000e+19 9.294166229665279388e-03 -3.561937436461448669e-02
-7.683339642355034584e+02 1.455633694898265503e+03 -2.851654702843209179e+02 2.292540000000000000e+19 -2.802489139139652252e-02 -3.185846284031867981e-02
-7.713953415054864990e+02 1.454181016498331701e+03 -2.843108828782912951e+02 2.292740000000000000e+19 3.022748790681362152e-02 7.866760715842247009e-03
-7.744530243668626781e+02 1.452722560048793412e+03 -2.834529173209047599e+02 2.292940000000000000e+19 3.196215257048606873e-02 2.172299427911639214e-03
-7.775069982716099730e+02 1.451258332488864426e+03 -2.825915776942959496e+02 2.293140000000000000e+19 -1.281962264329195023e-03 4.326750990003347397e-03
-7.803032507435087837e+02 1.449911133654748483e+03 -2.817990988584124352e+02 2.293340000000000000e+19 -1.636292226612567902e-02 5.670270882546901703e-03
