# Baseline: 6-13
# Entries: 128
# u [m], v [m], w [m], frequency [GHz], real, imag, std(real), std(imag)
4.859662174720817347e+03 -8.572989216585428949e+02 4.765020234575854374e+03 2.267940000000000111e+01 1.269932538270950317e-01 3.358041634783148766e-03 6.374809145927429199e-02 6.349392980337142944e-02
4.866535932414962190e+03 -8.481300047711713432e+02 4.759642764213285773e+03 2.268140000000000001e+01 -7.762261480093002319e-02 -3.485117480158805847e-02 6.374809145927429199e-02 6.349392980337142944e-02
4.873386420218133935e+03 -8.389481198331362748e+02 4.754257731851434073e+03 2.268340000000000245e+01 1.270878762006759644e-01 2.384875901043415070e-02 6.374809145927429199e-02 6.349392980337142944e-02
4.880213605393620128e+03 -8.297533107226869333e+02 4.748865163224218122e+03 2.268540000000000134e+01 -8.375775814056396484e-02 6.050961837172508240e-02 6.374809145927429199e-02 6.349392980337142944e-02
4.885319412332338288e+03 -8.228491502429187676e+02 4.744816040640507708e+03 2.268740000000000023e+01 3.519468754529953003e-02 5.367776751518249512e-02 6.374809145927429199e-02 6.349392980337142944e-02
4.893797937279505277e+03 -8.113250960612790550e+02 4.738057520438946085e+03 2.268940000000000268e+01 -1.098435651510953903e-02 -2.029707841575145721e-02 6.374809145927429199e-02 6.349392980337142944e-02
4.900555018837671014e+03 -8.020917788958886376e+02 4.732642498116620118e+03 2.269140000000000157e+01 5.942750349640846252e-02 -6.902205199003219604e-02 6.374809145927429199e-02 6.349392980337142944e-02
4.908969365939834461e+03 -7.905327248992662135e+02 4.725863570452129352e+03 2.269340000000000046e+01 -2.285174727439880371e-01 1.126783341169357300e-02 6.374809145927429199e-02 6.349392980337142944e-02
4.859662174720817347e+03 -8.572989216585428949e+02 4.765020234575854374e+03 2.269540000000000290e+01 -1.064032036811113358e-02 7.147356402128934860e-03 6.374809145927429199e-02 6.349392980337142944e-02
4.866535932414962190e+03 -8.481300047711713432e+02 4.759642764213285773e+03 2.269740000000000180e+01 -5.871504172682762146e-02 1.791946403682231903e-02 6.374809145927429199e-02 6.349392980337142944e-02
4.873386420218133935e+03 -8.389481198331362748e+02 4.754257731851434073e+03 2.269940000000000069e+01 8.888661116361618042e-02 8.640752732753753662e-02 6.374809145927429199e-02 6.349392980337142944e-02
4.880213605393620128e+03 -8.297533107226869333e+02 4.748865163224218122e+03 2.270140000000000313e+01 1.030417084693908691e-01 -2.799324132502079010e-02 6.374809145927429199e-02 6.349392980337142944e-02
4.885319412332338288e+03 -8.228491502429187676e+02 4.744816040640507708e+03 2.270340000000000202e+01 2.047671377658843994e-02 1.358415000140666962e-02 6.374809145927429199e-02 6.349392980337142944e-02
4.893797937279505277e+03 -8.113250960612790550e+02 4.738057520438946085e+03 2.270540000000000092e+01 -1.000363975763320923e-01 -1.092587336897850037e-01 6.374809145927429199e-02 6.349392980337142944e-02
4.900555018837671014e+03 -8.020917788958886376e+02 4.732642498116620118e+03 2.270739999999999981e+01 3.480139747262001038e-02 6.210391968488693237e-02 6.374809145927429199e-02 6.349392980337142944e-02
4.908969365939834461e+03 -7.905327248992662135e+02 4.725863570452129352e+03 2.270940000000000225e+01 -3.035581298172473907e-02 7.272794097661972046e-02 6.374809145927429199e-02 6.349392980337142944e-02
4.927348696930035658e+03 -7.650314750900738545e+02 4.710908340266488267e+03 2.271140000000000114e+01 -3.231316572055220604e-03 4.250384122133255005e-02 6.374809145927429199e-02 6.349392980337142944e-02
4.933988294109238268e+03 -7.557348620854970704e+02 4.705456413699928817e+03 2.271340000000000003e+01 3.727286681532859802e-02 -6.291879713535308838e-02 6.374809145927429199e-02 6.349392980337142944e-02
4.940604298543529694e+03 -7.464257232748059323e+02 4.699997184494319299e+03 2.271540000000000248e+01 6.632604449987411499e-02 -9.756814688444137573e-02 6.374809145927429199e-02 6.349392980337142944e-02
4.947196678662907289e+03 -7.371041030795613551e+02 4.694530678700142744e+03 2.271740000000000137e+01 4.432424530386924744e-02 2.204233780503273010e-02 6.374809145927429199e-02 6.349392980337142944e-02
4.953765402895088300e+03 -7.277700461430970336e+02 4.689056922497729829e+03 2.271940000000000026e+01 2.433383278548717499e-02 2.449695719406008720e-03 6.374809145927429199e-02 6.349392980337142944e-02
4.960310439803845838e+03 -7.184235971357356902e+02 4.683575942083034533e+03 2.272140000000000271e+01 -7.401546090841293335e-02 -4.129893705248832703e-02 6.374809145927429199e-02 6.349392980337142944e-02
4.966831758043907030e+03 -7.090648008198684238e+02 4.678087763705797443e+03 2.272340000000000160e+01 -7.202138006687164307e-02 8.758868277072906494e-02 6.374809145927429199e-02 6.349392980337142944e-02
4.972789073052987987e+03 -7.004752516859350635e+02 4.673050723688170365e+03 2.272540000000000049e+01 -1.751882024109363556e-02 -4.510348953772336245e-04 6.374809145927429199e-02 6.349392980337142944e-02
4.927348696930035658e+03 -7.650314750900738545e+02 4.710908340266488267e+03 2.272740000000000293e+01 -8.923235535621643066e-02 4.138337448239326477e-02 6.374809145927429199e-02 6.349392980337142944e-02
4.933988294109238268e+03 -7.557348620854970704e+02 4.705456413699928817e+03 2.272940000000000182e+01 5.673649907112121582e-02 4.310434311628341675e-02 6.374809145927429199e-02 6.349392980337142944e-02
4.940604298543529694e+03 -7.464257232748059323e+02 4.699997184494319299e+03 2.273140000000000072e+01 4.972376301884651184e-02 -1.263470016419887543e-02 6.374809145927429199e-02 6.349392980337142944e-02
4.947196678662907289e+03 -7.371041030795613551e+02 4.694530678700142744e+03 2.273340000000000316e+01 -1.934885829687118530e-01 2.694897912442684174e-02 6.374809145927429199e-02 6.349392980337142944e-02
4.953765402895088300e+03 -7.277700461430970336e+02 4.689056922497729829e+03 2.273540000000000205e+01 8.395136147737503052e-02 1.639870852231979370e-01 6.374809145927429199e-02 6.349392980337142944e-02
4.960310439803845838e+03 -7.184235971357356902e+02 4.683575942083034533e+03 2.273740000000000094e+01 -8.096362650394439697e-02 -2.255801111459732056e-02 6.374809145927429199e-02 6.349392980337142944e-02
4.966831758043907030e+03 -7.090648008198684238e+02 4.678087763705797443e+03 2.273939999999999984e+01 -1.052225008606910706e-01 -7.426252216100692749e-02 6.374809145927429199e-02 6.349392980337142944e-02
4.972789073052987987e+03 -7.004752516859350635e+02 4.673050723688170365e+03 2.274140000000000228e+01 -1.335209608078002930e-01 4.058695957064628601e-02 6.374809145927429199e-02 6.349392980337142944e-02
4.992679222198918978e+03 -6.715070386059285283e+02 4.656063596079109629e+03 2.274340000000000117e+01 7.011894881725311279e-02 5.951262637972831726e-02 6.374809145927429199e-02 6.349392980337142944e-02
4.999081481323197295e+03 -6.620871786231941769e+02 4.650539822472437663e+03 2.274540000000000006e+01 1.600529253482818604e-02 -3.052129037678241730e-02 6.374809145927429199e-02 6.349392980337142944e-02
5.005459836320650538e+03 -6.526552408123847044e+02 4.645009008928718686e+03 2.274740000000000251e+01 1.227323412895202637e-01 -6.761691719293594360e-02 6.374809145927429199e-02 6.349392980337142944e-02
5.011814256555096108e+03 -6.432112704765507942e+02 4.639471182013307953e+03 2.274940000000000140e+01 -1.026752125471830368e-02 -4.505052417516708374e-02 6.374809145927429199e-02 6.349392980337142944e-02
5.018144711748427653e+03 -6.337553126145387523e+02 4.633926368112977798e+03 2.275140000000000029e+01 6.747419387102127075e-02 1.157188266515731812e-01 6.374809145927429199e-02 6.349392980337142944e-02
5.024451171406582034e+03 -6.242874127766212951e+02 4.628374593937648569e+03 2.275340000000000273e+01 -3.801782801747322083e-02 -2.751707844436168671e-02 6.374809145927429199e-02 6.349392980337142944e-02
5.030733605502746286e+03 -6.148076160431004382e+02 4.622815885921449990e+03 2.275540000000000163e+01 -1.760970652103424072e-01 5.091531574726104736e-02 6.374809145927429199e-02 6.349392980337142944e-02
5.036471678467706624e+03 -6.061075405346907701e+02 4.617714422824529720e+03 2.275740000000000052e+01 -8.079321682453155518e-02 1.001089811325073242e-02 6.374809145927429199e-02 6.349392980337142944e-02
4.992679222198918978e+03 -6.715070386059285283e+02 4.656063596079109629e+03 2.275940000000000296e+01 -9.601195901632308960e-02 1.921137422323226929e-02 6.374809145927429199e-02 6.349392980337142944e-02
4.999081481323197295e+03 -6.620871786231941769e+02 4.650539822472437663e+03 2.276140000000000185e+01 6.073412951081991196e-03 -9.033547341823577881e-02 6.374809145927429199e-02 6.349392980337142944e-02
5.005459836320650538e+03 -6.526552408123847044e+02 4.645009008928718686e+03 2.276340000000000074e+01 7.073491811752319336e-02 -9.567026793956756592e-02 6.374809145927429199e-02 6.349392980337142944e-02
5.011814256555096108e+03 -6.432112704765507942e+02 4.639471182013307953e+03 2.276540000000000319e+01 1.703365705907344818e-02 -1.347325891256332397e-01 6.374809145927429199e-02 6.349392980337142944e-02
5.018144711748427653e+03 -6.337553126145387523e+02 4.633926368112977798e+03 2.276740000000000208e+01 -5.998753383755683899e-02 8.147833496332168579e-02 6.374809145927429199e-02 6.349392980337142944e-02
5.024451171406582034e+03 -6.242874127766212951e+02 4.628374593937648569e+03 2.276940000000000097e+01 3.169861808419227600e-02 -1.406424399465322495e-02 6.374809145927429199e-02 6.349392980337142944e-02
5.030733605502746286e+03 -6.148076160431004382e+02 4.622815885921449990e+03 2.277139999999999986e+01 9.822407364845275879e-02 4.450460150837898254e-02 6.374809145927429199e-02 6.349392980337142944e-02
5.036471678467706624e+03 -6.061075405346907701e+02 4.617714422824529720e+03 2.277340000000000231e+01 6.325128674507141113e-02 -7.261355966329574585e-02 6.374809145927429199e-02 6.349392980337142944e-02
5.055622486235561155e+03 -5.767703690188689052e+02 4.600512248380566234e+03 2.277540000000000120e+01 1.383421272039413452e-01 -5.555159226059913635e-02 6.374809145927429199e-02 6.349392980337142944e-02
5.061784343637874372e+03 -5.672317697526178790e+02 4.594919271031199969e+03 2.277740000000000009e+01 9.015216492116451263e-03 4.324259981513023376e-02 6.374809145927429199e-02 6.349392980337142944e-02
5.067921996703739751e+03 -5.576815468099948703e+02 4.589319520046674370e+03 2.277940000000000254e+01 -4.010423272848129272e-02 -1.575639657676219940e-02 6.374809145927429199e-02 6.349392980337142944e-02
5.074035416209621872e+03 -5.481197456630304714e+02 4.583713022089420519e+03 2.278140000000000143e+01 -6.554295867681503296e-02 4.865837469696998596e-02 6.374809145927429199e-02 6.349392980337142944e-02
5.080124572728049316e+03 -5.385464123384541608e+02 4.578099804146905626e+03 2.278340000000000032e+01 -1.156530305743217468e-01 -3.211399540305137634e-02 6.374809145927429199e-02 6.349392980337142944e-02
5.086189437287631335e+03 -5.289615923850077479e+02 4.572479892926136017e+03 2.278540000000000276e+01 -8.388078212738037109e-02 -5.581695958971977234e-02 6.374809145927429199e-02 6.349392980337142944e-02
5.092229980694593905e+03 -5.193653319402102397e+02 4.566853315479143021e+03 2.278740000000000165e+01 -1.130114048719406128e-01 -8.475256711244583130e-02 6.374809145927429199e-02 6.349392980337142944e-02
5.097746065865024320e+03 -5.105588931795634267e+02 4.561689870433471697e+03 2.278940000000000055e+01 -4.381689056754112244e-02 -7.239841856062412262e-03 6.374809145927429199e-02 6.349392980337142944e-02
5.055622486235561155e+03 -5.767703690188689052e+02 4.600512248380566234e+03 2.279140000000000299e+01 8.794542402029037476e-03 -3.261396288871765137e-02 6.374809145927429199e-02 6.349392980337142944e-02
5.061784343637874372e+03 -5.672317697526178790e+02 4.594919271031199969e+03 2.279340000000000188e+01 4.699409008026123047e-02 -5.046332627534866333e-02 6.374809145927429199e-02 6.349392980337142944e-02
5.067921996703739751e+03 -5.576815468099948703e+02 4.589319520046674370e+03 2.279540000000000077e+01 8.611113578081130981e-02 7.460596412420272827e-02 6.374809145927429199e-02 6.349392980337142944e-02
5.074035416209621872e+03 -5.481197456630304714e+02 4.583713022089420519e+03 2.279739999999999966e+01 8.165727369487285614e-03 -1.787922345101833344e-02 6.374809145927429199e-02 6.349392980337142944e-02
5.080124572728049316e+03 -5.385464123384541608e+02 4.578099804146905626e+03 2.279940000000000211e+01 9.575916826725006104e-02 -2.197255194187164307e-02 6.374809145927429199e-02 6.349392980337142944e-02
5.086189437287631335e+03 -5.289615923850077479e+02 4.572479892926136017e+03 2.280140000000000100e+01 1.792665384709835052e-02 -3.253342583775520325e-02 6.374809145927429199e-02 6.349392980337142944e-02
5.092229980694593905e+03 -5.193653319402102397e+02 4.566853315479143021e+03 2.280339999999999989e+01 -1.804057136178016663e-02 5.012941360473632812e-02 6.374809145927429199e-02 6.349392980337142944e-02
5.097746065865024320e+03 -5.105588931795634267e+02 4.561689870433471697e+03 2.280540000000000234e+01 2.132037840783596039e-02 3.858879953622817993e-02 6.374809145927429199e-02 6.349392980337142944e-02
5.115159570308705952e+03 -4.824745099575535505e+02 4.545223498017343445e+03 2.280740000000000123e+01 -4.810599982738494873e-02 -5.443929508328437805e-02 6.374809145927429199e-02 6.349392980337142944e-02
5.121082156521619254e+03 -4.728236014559101932e+02 4.539565080210976703e+03 2.280940000000000012e+01 5.975992884486913681e-03 4.058878868818283081e-02 6.374809145927429199e-02 6.349392980337142944e-02
5.126980254699691613e+03 -4.631615209574609366e+02 4.533900153602075079e+03 2.281140000000000256e+01 -2.083060890436172485e-02 -6.576990336179733276e-02 6.374809145927429199e-02 6.349392980337142944e-02
5.132853836513810165e+03 -4.534883148708027534e+02 4.528228745400236221e+03 2.281340000000000146e+01 -4.701996594667434692e-02 2.926720865070819855e-02 6.374809145927429199e-02 6.349392980337142944e-02
5.138702874018506009e+03 -4.438040292199648320e+02 4.522550882589390312e+03 2.281540000000000035e+01 4.965627565979957581e-02 -3.849834948778152466e-02 6.374809145927429199e-02 6.349392980337142944e-02
5.144527339079032572e+03 -4.341087105874101439e+02 4.516866592480680083e+03 2.281740000000000279e+01 -3.043620474636554718e-02 -4.364876076579093933e-03 6.374809145927429199e-02 6.349392980337142944e-02
5.150327203902657857e+03 -4.244024052375299902e+02 4.511175902198563563e+03 2.281940000000000168e+01 1.247629616409540176e-02 -9.458735585212707520e-02 6.374809145927429199e-02 6.349392980337142944e-02
5.155622426138879746e+03 -4.154954856559409109e+02 4.505953917868719145e+03 2.282140000000000057e+01 -5.494305491447448730e-02 8.689891546964645386e-02 6.374809145927429199e-02 6.349392980337142944e-02
5.115159570308705952e+03 -4.824745099575535505e+02 4.545223498017343445e+03 2.282340000000000302e+01 1.134105175733566284e-01 -8.352109044790267944e-02 6.374809145927429199e-02 6.349392980337142944e-02
5.121082156521619254e+03 -4.728236014559101932e+02 4.539565080210976703e+03 2.282540000000000191e+01 1.003303378820419312e-02 -1.025626510381698608e-01 6.374809145927429199e-02 6.349392980337142944e-02
5.126980254699691613e+03 -4.631615209574609366e+02 4.533900153602075079e+03 2.282740000000000080e+01 1.449330896139144897e-02 -3.869483619928359985e-02 6.374809145927429199e-02 6.349392980337142944e-02
5.132853836513810165e+03 -4.534883148708027534e+02 4.528228745400236221e+03 2.282939999999999969e+01 9.889578819274902344e-02 -5.991179496049880981e-02 6.374809145927429199e-02 6.349392980337142944e-02
5.138702874018506009e+03 -4.438040292199648320e+02 4.522550882589390312e+03 2.283140000000000214e+01 -9.589927643537521362e-02 -2.203581295907497406e-02 6.374809145927429199e-02 6.349392980337142944e-02
5.144527339079032572e+03 -4.341087105874101439e+02 4.516866592480680083e+03 2.283340000000000103e+01 4.967939853668212891e-02 1.031201928853988647e-01 6.374809145927429199e-02 6.349392980337142944e-02
5.150327203902657857e+03 -4.244024052375299902e+02 4.511175902198563563e+03 2.283539999999999992e+01 1.108643338084220886e-01 3.160838410258293152e-02 6.374809145927429199e-02 6.349392980337142944e-02
5.155622426138879746e+03 -4.154954856559409109e+02 4.505953917868719145e+03 2.283740000000000236e+01 2.332952432334423065e-02 4.869381431490182877e-03 6.374809145927429199e-02 6.349392980337142944e-02
5.173280107281345408e+03 -3.854682467890243629e+02 4.488349684653873737e+03 2.283940000000000126e+01 -3.158820420503616333e-02 -1.290010660886764526e-01 6.374809145927429199e-02 6.349392980337142944e-02
5.178956556770074712e+03 -3.757077059447593683e+02 4.482627402783957223e+03 2.284140000000000015e+01 8.832037448883056641e-02 7.187131047248840332e-02 6.374809145927429199e-02 6.349392980337142944e-02
5.184608241331528006e+03 -3.659364577389183637e+02 4.476898884520638603e+03 2.284340000000000259e+01 -8.191329985857009888e-02 -1.143347918987274170e-01 6.374809145927429199e-02 6.349392980337142944e-02
5.190235133741114623e+03 -3.561545492404372908e+02 4.471164157458677437e+03 2.284540000000000148e+01 -1.048342883586883545e-02 7.156050205230712891e-02 6.374809145927429199e-02 6.349392980337142944e-02
5.195837207207247957e+03 -3.463620270244935000e+02 4.465423248903174681e+03 2.284740000000000038e+01 4.469629749655723572e-02 -3.340452909469604492e-02 6.374809145927429199e-02 6.349392980337142944e-02
5.201414434880483896e+03 -3.365589380235776389e+02 4.459676186368510571e+03 2.284940000000000282e+01 -7.207153830677270889e-03 1.366311311721801758e-01 6.374809145927429199e-02 6.349392980337142944e-02
5.206966789992194208e+03 -3.267453292893586081e+02 4.453922997438741731e+03 2.285140000000000171e+01 -2.742635458707809448e-02 -1.194107830524444580e-01 6.374809145927429199e-02 6.349392980337142944e-02
5.212034893664613264e+03 -3.177404527822276918e+02 4.448643959832027576e+03 2.285340000000000060e+01 -1.522814780473709106e-01 4.880882427096366882e-02 6.374809145927429199e-02 6.349392980337142944e-02
5.173280107281345408e+03 -3.854682467890243629e+02 4.488349684653873737e+03 2.285540000000000305e+01 -1.237353030592203140e-02 -6.887767463922500610e-02 6.374809145927429199e-02 6.349392980337142944e-02
5.178956556770074712e+03 -3.757077059447593683e+02 4.482627402783957223e+03 2.285740000000000194e+01 -3.692614659667015076e-02 5.868148431181907654e-02 6.374809145927429199e-02 6.349392980337142944e-02
5.184608241331528006e+03 -3.659364577389183637e+02 4.476898884520638603e+03 2.285940000000000083e+01 -1.370266638696193695e-02 -3.327254205942153931e-02 6.374809145927429199e-02 6.349392980337142944e-02
5.190235133741114623e+03 -3.561545492404372908e+02 4.471164157458677437e+03 2.286139999999999972e+01 6.359091401100158691e-02 -6.653434783220291138e-02 6.374809145927429199e-02 6.349392980337142944e-02
5.195837207207247957e+03 -3.463620270244935000e+02 4.465423248903174681e+03 2.286340000000000217e+01 7.575845811516046524e-03 -9.652455151081085205e-02 6.374809145927429199e-02 6.349392980337142944e-02
5.201414434880483896e+03 -3.365589380235776389e+02 4.459676186368510571e+03 2.286540000000000106e+01 8.746412582695484161e-03 2.347309514880180359e-02 6.374809145927429199e-02 6.349392980337142944e-02
5.206966789992194208e+03 -3.267453292893586081e+02 4.453922997438741731e+03 2.286739999999999995e+01 -5.669384077191352844e-02 1.713957078754901886e-02 6.374809145927429199e-02 6.349392980337142944e-02
5.212034893664613264e+03 -3.177404527822276918e+02 4.448643959832027576e+03 2.286940000000000239e+01 -5.653015151619911194e-02 1.489540040493011475e-01 6.374809145927429199e-02 6.349392980337142944e-02
5.228926955813975837e+03 -2.873866359515641307e+02 4.430849528210961580e+03 2.287140000000000128e+01 -4.130087792873382568e-02 -5.634433403611183167e-02 6.374809145927429199e-02 6.349392980337142944e-02
5.234354552252996655e+03 -2.775211334502189402e+02 4.425066120546279308e+03 2.287340000000000018e+01 8.563124720240011811e-05 -2.530185878276824951e-02 6.374809145927429199e-02 6.349392980337142944e-02
5.239757118489957975e+03 -2.676453937558929397e+02 4.419276752121723803e+03 2.287540000000000262e+01 -2.102512121200561523e-02 -6.228610128164291382e-02 6.374809145927429199e-02 6.349392980337142944e-02
5.245134628801523831e+03 -2.577594638905880515e+02 4.413481450502597909e+03 2.287740000000000151e+01 -1.246729958802461624e-02 3.741012513637542725e-02 6.374809145927429199e-02 6.349392980337142944e-02
5.250487057302477297e+03 -2.478633914412021966e+02 4.407680243585162316e+03 2.287940000000000040e+01 1.271774992346763611e-02 -7.118494808673858643e-02 6.374809145927429199e-02 6.349392980337142944e-02
5.255814378526694782e+03 -2.379572234922372616e+02 4.401873158970871373e+03 2.288140000000000285e+01 9.589024819433689117e-03 -6.393691152334213257e-02 6.374809145927429199e-02 6.349392980337142944e-02
5.261116566830805823e+03 -2.280410077279005350e+02 4.396060224612740058e+03 2.288340000000000174e+01 -5.247371643781661987e-02 2.344848774373531342e-02 6.374809145927429199e-02 6.349392980337142944e-02
5.265955126593753448e+03 -2.189424835965162686e+02 4.390726660023390650e+03 2.288540000000000063e+01 7.172206416726112366e-03 -2.137787826359272003e-02 6.374809145927429199e-02 6.349392980337142944e-02
5.228926955813975837e+03 -2.873866359515641307e+02 4.430849528210961580e+03 2.288740000000000308e+01 1.619749143719673157e-02 2.290817536413669586e-02 6.374809145927429199e-02 6.349392980337142944e-02
5.234354552252996655e+03 -2.775211334502189402e+02 4.425066120546279308e+03 2.288940000000000197e+01 -5.130293592810630798e-02 3.608720004558563232e-02 6.374809145927429199e-02 6.349392980337142944e-02
5.239757118489957975e+03 -2.676453937558929397e+02 4.419276752121723803e+03 2.289140000000000086e+01 8.889028429985046387e-02 -1.395708881318569183e-03 6.374809145927429199e-02 6.349392980337142944e-02
5.245134628801523831e+03 -2.577594638905880515e+02 4.413481450502597909e+03 2.289339999999999975e+01 -1.368043720722198486e-01 -5.366795696318149567e-03 6.374809145927429199e-02 6.349392980337142944e-02
5.250487057302477297e+03 -2.478633914412021966e+02 4.407680243585162316e+03 2.289540000000000219e+01 6.031783297657966614e-03 -1.180588379502296448e-01 6.374809145927429199e-02 6.349392980337142944e-02
5.255814378526694782e+03 -2.379572234922372616e+02 4.401873158970871373e+03 2.289740000000000109e+01 1.474331878125667572e-02 -2.041815593838691711e-02 6.374809145927429199e-02 6.349392980337142944e-02
5.261116566830805823e+03 -2.280410077279005350e+02 4.396060224612740058e+03 2.289939999999999998e+01 1.280180551111698151e-02 -5.095389112830162048e-02 6.374809145927429199e-02 6.349392980337142944e-02
5.265955126593753448e+03 -2.189424835965162686e+02 4.390726660023390650e+03 2.290140000000000242e+01 -3.237250074744224548e-02 -7.278940826654434204e-02 6.374809145927429199e-02 6.349392980337142944e-02
5.282073486062351549e+03 -1.882766146689390894e+02 4.372750545550830793e+03 2.290340000000000131e+01 1.119944266974925995e-02 3.793950751423835754e-02 6.374809145927429199e-02 6.349392980337142944e-02
5.287249631960373335e+03 -1.783108718680479114e+02 4.366908779871306251e+03 2.290540000000000020e+01 4.769520834088325500e-03 -5.660559609532356262e-02 6.374809145927429199e-02 6.349392980337142944e-02
5.292400494536230326e+03 -1.683353666351744380e+02 4.361061331738210356e+03 2.290740000000000265e+01 2.745748683810234070e-02 4.277610033750534058e-02 6.374809145927429199e-02 6.349392980337142944e-02
5.297526049228674310e+03 -1.583501465366309446e+02 4.355208229033997668e+03 2.290940000000000154e+01 9.952351450920104980e-02 4.306552559137344360e-02 6.374809145927429199e-02 6.349392980337142944e-02
5.302626271472086955e+03 -1.483552594284728059e+02 4.349349499810774432e+03 2.291140000000000043e+01 -1.148200477473437786e-03 -1.255854964256286621e-01 6.374809145927429199e-02 6.349392980337142944e-02
5.307701136769684126e+03 -1.383507533177896107e+02 4.343485172208986114e+03 2.291340000000000288e+01 8.348899334669113159e-02 1.933029107749462128e-02 6.374809145927429199e-02 6.349392980337142944e-02
5.312750620976200480e+03 -1.283366758048687473e+02 4.337615274130429498e+03 2.291540000000000177e+01 9.126009792089462280e-02 -6.954050064086914062e-02 6.374809145927429199e-02 6.349392980337142944e-02
5.317357320535682447e+03 -1.191488597578016311e+02 4.332229735879764121e+03 2.291740000000000066e+01 1.328525990247726440e-01 -4.695798456668853760e-02 6.374809145927429199e-02 6.349392980337142944e-02
5.282073486062351549e+03 -1.882766146689390894e+02 4.372750545550830793e+03 2.291940000000000310e+01 2.972356043756008148e-02 -3.009283542633056641e-02 6.374809145927429199e-02 6.349392980337142944e-02
5.287249631960373335e+03 -1.783108718680479114e+02 4.366908779871306251e+03 2.292140000000000200e+01 7.217187434434890747e-03 1.227833796292543411e-02 6.374809145927429199e-02 6.349392980337142944e-02
5.292400494536230326e+03 -1.683353666351744380e+02 4.361061331738210356e+03 2.292340000000000089e+01 4.212616756558418274e-02 -1.260842084884643555e-01 6.374809145927429199e-02 6.349392980337142944e-02
5.297526049228674310e+03 -1.583501465366309446e+02 4.355208229033997668e+03 2.292539999999999978e+01 2.259782142937183380e-02 5.338604003190994263e-02 6.374809145927429199e-02 6.349392980337142944e-02
5.302626271472086955e+03 -1.483552594284728059e+02 4.349349499810774432e+03 2.292740000000000222e+01 -5.921377241611480713e-02 -2.250190824270248413e-02 6.374809145927429199e-02 6.349392980337142944e-02
5.307701136769684126e+03 -1.383507533177896107e+02 4.343485172208986114e+03 2.292940000000000111e+01 -1.876774244010448456e-02 6.961062317714095116e-04 6.374809145927429199e-02 6.349392980337142944e-02
5.312750620976200480e+03 -1.283366758048687473e+02 4.337615274130429498e+03 2.293140000000000001e+01 7.853787392377853394e-03 3.778360038995742798e-02 6.374809145927429199e-02 6.349392980337142944e-02
5.317357320535682447e+03 -1.191488597578016311e+02 4.332229735879764121e+03 2.293340000000000245e+01 -4.063690081238746643e-02 -5.265194177627563477e-02 6.374809145927429199e-02 6.349392980337142944e-02
