# Baseline: 0-20
# Entries: 128
# u [m], v [m], w [m], frequency [GHz], real, imag
-1.426476784643316250e+03 -2.425178569078863347e+03 -1.740941998520192556e+03 2.267940000000000000e+19 1.709436252713203430e-02 5.418758466839790344e-02
-1.423819328255228129e+03 -2.427864692128999650e+03 -1.739372791685970014e+03 2.268140000000000000e+19 -3.667921945452690125e-02 6.079860497266054153e-03
-1.421155072750394083e+03 -2.430545795783262747e+03 -1.737806532688094421e+03 2.268340000000000000e+19 3.514848649501800537e-02 -3.741956502199172974e-02
-1.418484030860738585e+03 -2.433221867229299733e+03 -1.736243229011327003e+03 2.268540000000000000e+19 -9.286320209503173828e-02 -1.768364105373620987e-03
-1.416476514912590119e+03 -2.435225768707528005e+03 -1.735072602404770350e+03 2.268740000000000000e+19 8.842661976814270020e-02 4.805441945791244507e-02
-1.413121639090634744e+03 -2.438558862292642971e+03 -1.733125517533331049e+03 2.268940000000000000e+19 -8.546776324510574341e-02 3.810069710016250610e-02
-1.410430314929428505e+03 -2.441219760312871131e+03 -1.731571124685121731e+03 2.269140000000000000e+19 -7.162038981914520264e-02 6.140901520848274231e-02
-1.407056962151490097e+03 -2.444538939623108490e+03 -1.729632211024800426e+03 2.269340000000000000e+19 -1.522162407636642456e-01 -1.165812928229570389e-02
-1.426476784643316250e+03 -2.425178569078863347e+03 -1.740941998520192556e+03 2.269540000000000000e+19 -2.745984122157096863e-02 8.676905184984207153e-02
-1.423819328255228129e+03 -2.427864692128999650e+03 -1.739372791685970014e+03 2.269740000000000000e+19 5.098223313689231873e-02 2.914498373866081238e-02
-1.421155072750394083e+03 -2.430545795783262747e+03 -1.737806532688094421e+03 2.269940000000000000e+19 -1.362246181815862656e-02 -7.405177503824234009e-02
-1.418484030860738585e+03 -2.433221867229299733e+03 -1.736243229011327003e+03 2.270140000000000000e+19 -1.130570024251937866e-01 -6.796921044588088989e-02
-1.416476514912590119e+03 -2.435225768707528005e+03 -1.735072602404770350e+03 2.270340000000000000e+19 6.603381782770156860e-02 5.798503756523132324e-02
-1.413121639090634744e+03 -2.438558862292642971e+03 -1.733125517533331049e+03 2.270540000000000000e+19 8.892749901860952377e-04 -2.786131575703620911e-02
-1.410430314929428505e+03 -2.441219760312871131e+03 -1.731571124685121731e+03 2.270740000000000000e+19 -1.647519022226333618e-01 6.925363093614578247e-02
-1.407056962151490097e+03 -2.444538939623108490e+03 -1.729632211024800426e+03 2.270940000000000000e+19 8.204236626625061035e-02 -3.535964339971542358e-02
-1.399597796959224752e+03 -2.451812392523492235e+03 -1.725383479077207539e+03 2.271140000000000000e+19 -1.491943560540676117e-02 -1.203638613224029541e-01
-1.396872926946472262e+03 -2.454447747232109123e+03 -1.723844086142534707e+03 2.271340000000000000e+19 -7.082711160182952881e-02 -5.788190662860870361e-02
-1.394141386794793334e+03 -2.457077955307229786e+03 -1.722307715370992582e+03 2.271540000000000000e+19 -1.135207787156105042e-01 -1.762001216411590576e-02
-1.391403189538647212e+03 -2.459703004198064718e+03 -1.720774374093802180e+03 2.271740000000000000e+19 -2.095585130155086517e-02 -6.597065180540084839e-02
-1.388658348291882021e+03 -2.462322881332686848e+03 -1.719244069654460873e+03 2.271940000000000000e+19 -2.301166951656341553e-02 6.653519719839096069e-02
-1.385906876190573485e+03 -2.464937574173033681e+03 -1.717716809376602669e+03 2.272140000000000000e+19 1.074702013283967972e-02 -1.214224696159362793e-01
-1.383148786412222535e+03 -2.467547070196831555e+03 -1.716192600574564949e+03 2.272340000000000000e+19 -5.635760724544525146e-02 7.786662131547927856e-02
-1.380614819176560331e+03 -2.469934598789031497e+03 -1.714798056995615525e+03 2.272540000000000000e+19 -5.995650589466094971e-02 5.483109876513481140e-02
-1.399597796959224752e+03 -2.451812392523492235e+03 -1.725383479077207539e+03 2.272740000000000000e+19 2.777933515608310699e-02 1.017754152417182922e-01
-1.396872926946472262e+03 -2.454447747232109123e+03 -1.723844086142534707e+03 2.272940000000000000e+19 -7.903930731117725372e-03 -1.486126780509948730e-01
-1.394141386794793334e+03 -2.457077955307229786e+03 -1.722307715370992582e+03 2.273140000000000000e+19 -7.249189913272857666e-02 -8.508693426847457886e-03
-1.391403189538647212e+03 -2.459703004198064718e+03 -1.720774374093802180e+03 2.273340000000000000e+19 6.792096793651580811e-02 9.799265116453170776e-02
-1.388658348291882021e+03 -2.462322881332686848e+03 -1.719244069654460873e+03 2.273540000000000000e+19 6.685958243906497955e-03 6.405331194400787354e-03
-1.385906876190573485e+03 -2.464937574173033681e+03 -1.717716809376602669e+03 2.273740000000000000e+19 -5.394655466079711914e-02 -4.464848339557647705e-02
-1.383148786412222535e+03 -2.467547070196831555e+03 -1.716192600574564949e+03 2.273940000000000000e+19 6.941641867160797119e-02 5.376193299889564514e-02
-1.380614819176560331e+03 -2.469934598789031497e+03 -1.714798056995615525e+03 2.274140000000000000e+19 7.731848955154418945e-02 -3.567708283662796021e-02
-1.372050514837926130e+03 -2.477932836878604576e+03 -1.710126425709215710e+03 2.274340000000000000e+19 4.693650081753730774e-02 1.071320995688438416e-01
-1.369259535259816175e+03 -2.480516162030206488e+03 -1.708617583388486310e+03 2.274540000000000000e+19 -4.219743981957435608e-02 -2.540769614279270172e-02
-1.366462017635757093e+03 -2.483094215846319912e+03 -1.707111836068946559e+03 2.274740000000000000e+19 6.963946670293807983e-02 5.869457498192787170e-02
-1.363657975402658622e+03 -2.485666985944161297e+03 -1.705609190982920836e+03 2.274940000000000000e+19 -5.834764242172241211e-02 -1.417812705039978027e-02
-1.360847421921241221e+03 -2.488234460064814812e+03 -1.704109655290309547e+03 2.275140000000000000e+19 -7.592576742172241211e-02 3.294460475444793701e-03
-1.358030370730248706e+03 -2.490796625840592242e+03 -1.702613236214461040e+03 2.275340000000000000e+19 -1.708133816719055176e-01 8.902231603860855103e-02
-1.355206835242797752e+03 -2.493353471072210596e+03 -1.701119940880293825e+03 2.275540000000000000e+19 -6.044435501098632812e-02 7.458204030990600586e-02
-1.352612991915350449e+03 -2.495692629462139848e+03 -1.699753797128018277e+03 2.275740000000000000e+19 -2.656256593763828278e-02 -2.022978290915489197e-02
-1.372050514837926130e+03 -2.477932836878604576e+03 -1.710126425709215710e+03 2.275940000000000000e+19 -7.743437308818101883e-03 -1.734147220849990845e-01
-1.369259535259816175e+03 -2.480516162030206488e+03 -1.708617583388486310e+03 2.276140000000000000e+19 -1.464798930101096630e-03 1.625106632709503174e-01
-1.366462017635757093e+03 -2.483094215846319912e+03 -1.707111836068946559e+03 2.276340000000000000e+19 1.239156499505043030e-01 -1.775040179491043091e-01
-1.363657975402658622e+03 -2.485666985944161297e+03 -1.705609190982920836e+03 2.276540000000000000e+19 5.285146087408065796e-02 7.141720503568649292e-02
-1.360847421921241221e+03 -2.488234460064814812e+03 -1.704109655290309547e+03 2.276740000000000000e+19 3.302393481135368347e-02 9.290677495300769806e-03
-1.358030370730248706e+03 -2.490796625840592242e+03 -1.702613236214461040e+03 2.276940000000000000e+19 -5.887282639741897583e-02 -1.276523768901824951e-01
-1.355206835242797752e+03 -2.493353471072210596e+03 -1.701119940880293825e+03 2.277140000000000000e+19 -9.651396423578262329e-02 3.461717069149017334e-02
-1.352612991915350449e+03 -2.495692629462139848e+03 -1.699753797128018277e+03 2.277340000000000000e+19 7.630465924739837646e-02 -1.258965879678726196e-01
-1.343848121242989919e+03 -2.503527402034076658e+03 -1.695178139769843483e+03 2.277540000000000000e+19 1.181175336241722107e-01 -1.483208383433520794e-03
-1.340992367670446811e+03 -2.506057461429982595e+03 -1.693700570088477662e+03 2.277740000000000000e+19 5.354084074497222900e-02 -6.858178973197937012e-02
-1.338130211390456680e+03 -2.508582127203178970e+03 -1.692226166828226496e+03 2.277940000000000000e+19 1.495144963264465332e-01 5.675942450761795044e-02
-1.335261666030768311e+03 -2.511101387332827471e+03 -1.690754937009244031e+03 2.278140000000000000e+19 7.377786934375762939e-02 1.216962281614542007e-02
-1.332386745399430765e+03 -2.513615229692223238e+03 -1.689286887713426950e+03 2.278340000000000000e+19 1.924222521483898163e-02 -7.894736714661121368e-03
-1.329505463174966735e+03 -2.516123642320827912e+03 -1.687822025925556090e+03 2.278540000000000000e+19 -3.257112577557563782e-03 8.151808381080627441e-02
-1.326617833226728635e+03 -2.518626613144147541e+03 -1.686360358696879530e+03 2.278740000000000000e+19 8.805638551712036133e-02 -7.436534017324447632e-02
-1.323965355002469096e+03 -2.520916282009076895e+03 -1.685023268490887858e+03 2.278940000000000000e+19 -2.202025428414344788e-02 3.748916834592819214e-02
-1.343848121242989919e+03 -2.503527402034076658e+03 -1.695178139769843483e+03 2.279140000000000000e+19 3.477866575121879578e-02 -3.201339766383171082e-02
-1.340992367670446811e+03 -2.506057461429982595e+03 -1.693700570088477662e+03 2.279340000000000000e+19 3.096735337749123573e-03 -1.016313284635543823e-01
-1.338130211390456680e+03 -2.508582127203178970e+03 -1.692226166828226496e+03 2.279540000000000000e+19 1.604127734899520874e-01 2.884924598038196564e-02
-1.335261666030768311e+03 -2.511101387332827471e+03 -1.690754937009244031e+03 2.279740000000000000e+19 1.278423145413398743e-02 -3.274189680814743042e-02
-1.332386745399430765e+03 -2.513615229692223238e+03 -1.689286887713426950e+03 2.279940000000000000e+19 -3.562048450112342834e-02 1.208435371518135071e-02
-1.329505463174966735e+03 -2.516123642320827912e+03 -1.687822025925556090e+03 2.280140000000000000e+19 -5.420818924903869629e-02 1.066438555717468262e-01
-1.326617833226728635e+03 -2.518626613144147541e+03 -1.686360358696879530e+03 2.280340000000000000e+19 -1.253879722207784653e-02 -9.344650432467460632e-03
-1.323965355002469096e+03 -2.520916282009076895e+03 -1.685023268490887858e+03 2.280540000000000000e+19 1.303271669894456863e-02 -1.309691518545150757e-01
-1.315490029364554402e+03 -2.528170707296492310e+03 -1.680787020614969151e+03 2.280740000000000000e+19 -1.644903868436813354e-01 9.298174083232879639e-02
-1.312571913888072913e+03 -2.530647207862351479e+03 -1.679340891977579759e+03 2.280940000000000000e+19 1.476239860057830811e-01 -2.273771539330482483e-02
-1.309647531677020197e+03 -2.533118197160487398e+03 -1.677897998462386113e+03 2.281140000000000000e+19 -1.742532551288604736e-01 2.800028771162033081e-02
-1.306716896777732700e+03 -2.535583663322436678e+03 -1.676458346999774903e+03 2.281340000000000000e+19 1.965924054384231567e-01 -1.458028703927993774e-01
-1.303780023133872191e+03 -2.538043594617877716e+03 -1.675021944439381514e+03 2.281540000000000000e+19 -2.701700925827026367e-01 -1.229448020458221436e-01
-1.300836924872094187e+03 -2.540497979214199859e+03 -1.673588797690491674e+03 2.281740000000000000e+19 8.345807343721389771e-02 5.065665021538734436e-02
-1.297887616036410236e+03 -2.542946805399658842e+03 -1.672158913591735427e+03 2.281940000000000000e+19 -1.718187332153320312e-01 8.321064710617065430e-02
-1.295178717930141374e+03 -2.545186740844487758e+03 -1.670851016802904041e+03 2.282140000000000000e+19 2.420635074377059937e-01 1.417081356048583984e-01
-1.315490029364554402e+03 -2.528170707296492310e+03 -1.680787020614969151e+03 2.282340000000000000e+19 7.503392547369003296e-02 -1.826008781790733337e-02
-1.312571913888072913e+03 -2.530647207862351479e+03 -1.679340891977579759e+03 2.282540000000000000e+19 -9.665276855230331421e-02 3.644630312919616699e-02
-1.309647531677020197e+03 -2.533118197160487398e+03 -1.677897998462386113e+03 2.282740000000000000e+19 1.290920376777648926e-02 -1.247819662094116211e-01
-1.306716896777732700e+03 -2.535583663322436678e+03 -1.676458346999774903e+03 2.282940000000000000e+19 -4.362135007977485657e-02 4.476866498589515686e-02
-1.303780023133872191e+03 -2.538043594617877716e+03 -1.675021944439381514e+03 2.283140000000000000e+19 5.313269421458244324e-02 -6.234532594680786133e-02
-1.300836924872094187e+03 -2.540497979214199859e+03 -1.673588797690491674e+03 2.283340000000000000e+19 -1.348716486245393753e-02 2.701941877603530884e-02
-1.297887616036410236e+03 -2.542946805399658842e+03 -1.672158913591735427e+03 2.283540000000000000e+19 6.972778588533401489e-02 -7.874861359596252441e-02
-1.295178717930141374e+03 -2.545186740844487758e+03 -1.670851016802904041e+03 2.283740000000000000e+19 7.089821994304656982e-02 2.313576638698577881e-02
-1.286028557783434508e+03 -2.552686291967086163e+03 -1.666472140369007093e+03 2.283940000000000000e+19 2.259715832769870758e-02 -3.078495850786566734e-03
-1.283048408472011261e+03 -2.555107150772589193e+03 -1.665058671892811617e+03 2.284140000000000000e+19 4.452423378825187683e-02 -7.265104353427886963e-02
-1.280062133676234453e+03 -2.557522381285187294e+03 -1.663648506870004894e+03 2.284340000000000000e+19 -4.529399424791336060e-02 -8.477529510855674744e-03
-1.277069747781246633e+03 -2.559931971870516918e+03 -1.662241652093457560e+03 2.284540000000000000e+19 1.160437017679214478e-01 -2.767814556136727333e-03
-1.274071265034871431e+03 -2.562335911055658471e+03 -1.660838114261695637e+03 2.284740000000000000e+19 2.023327909409999847e-02 -5.803490057587623596e-02
-1.271066699807853183e+03 -2.564734187319155353e+03 -1.659437900101504283e+03 2.284940000000000000e+19 -2.058863826096057892e-02 7.855248451232910156e-02
-1.268056066521156254e+03 -2.567126789150117020e+03 -1.658041016333412017e+03 2.285140000000000000e+19 2.053995430469512939e-02 4.554252326488494873e-02
-1.265291077896707520e+03 -2.569315085432362594e+03 -1.656763428334164018e+03 2.285340000000000000e+19 7.038415968418121338e-02 7.792620360851287842e-02
-1.286028557783434508e+03 -2.552686291967086163e+03 -1.666472140369007093e+03 2.285540000000000000e+19 2.392077259719371796e-02 1.158423423767089844e-01
-1.283048408472011261e+03 -2.555107150772589193e+03 -1.665058671892811617e+03 2.285740000000000000e+19 -2.309606410562992096e-02 9.094265103340148926e-02
-1.280062133676234453e+03 -2.557522381285187294e+03 -1.663648506870004894e+03 2.285940000000000000e+19 -6.215902417898178101e-02 2.898349240422248840e-02
-1.277069747781246633e+03 -2.559931971870516918e+03 -1.662241652093457560e+03 2.286140000000000000e+19 -2.182041481137275696e-02 1.196448951959609985e-01
-1.274071265034871431e+03 -2.562335911055658471e+03 -1.660838114261695637e+03 2.286340000000000000e+19 -1.272413134574890137e-01 -8.835065364837646484e-02
-1.271066699807853183e+03 -2.564734187319155353e+03 -1.659437900101504283e+03 2.286540000000000000e+19 -6.961459293961524963e-03 -9.424279630184173584e-02
-1.268056066521156254e+03 -2.567126789150117020e+03 -1.658041016333412017e+03 2.286740000000000000e+19 -1.092176735401153564e-01 7.214201986789703369e-02
-1.265291077896707520e+03 -2.569315085432362594e+03 -1.656763428334164018e+03 2.286940000000000000e+19 1.426858305931091309e-01 8.692068606615066528e-02
-1.255953141029111748e+03 -2.576640223826045258e+03 -1.652486918483203908e+03 2.287140000000000000e+19 1.057749837636947632e-01 6.020371615886688232e-02
-1.252912383966258176e+03 -2.579004282426082227e+03 -1.651106786549355093e+03 2.287340000000000000e+19 -4.599519446492195129e-02 6.893713027238845825e-02
-1.249865645726016282e+03 -2.581362598301113849e+03 -1.649730024877798996e+03 2.287540000000000000e+19 4.707425832748413086e-02 -1.262095849961042404e-02
-1.246812940815040065e+03 -2.583715160222396207e+03 -1.648356640023758473e+03 2.287740000000000000e+19 5.492740869522094727e-02 -8.932353928685188293e-03
-1.243754283927817596e+03 -2.586061956865621141e+03 -1.646986638598155650e+03 2.287940000000000000e+19 -6.646006554365158081e-02 4.721982404589653015e-02
-1.240689689617155409e+03 -2.588402977064985862e+03 -1.645620027119283804e+03 2.288140000000000000e+19 1.674477010965347290e-02 -8.229089528322219849e-02
-1.237619172634741290e+03 -2.590738209551843738e+03 -1.644256812165419205e+03 2.288340000000000000e+19 -3.476368263363838196e-02 6.068035587668418884e-02
-1.234799416682976016e+03 -2.592873819458647176e+03 -1.643010144346734933e+03 2.288540000000000000e+19 2.018003351986408234e-02 -4.616206511855125427e-02
-1.255953141029111748e+03 -2.576640223826045258e+03 -1.652486918483203908e+03 2.288740000000000000e+19 2.269374206662178040e-02 -3.982895985245704651e-03
-1.252912383966258176e+03 -2.579004282426082227e+03 -1.651106786549355093e+03 2.288940000000000000e+19 -1.788524165749549866e-02 1.785924425348639488e-03
-1.249865645726016282e+03 -2.581362598301113849e+03 -1.649730024877798996e+03 2.289140000000000000e+19 -6.192691624164581299e-02 6.018351763486862183e-02
-1.246812940815040065e+03 -2.583715160222396207e+03 -1.648356640023758473e+03 2.289340000000000000e+19 -2.923932112753391266e-02 -8.715693652629852295e-02
-1.243754283927817596e+03 -2.586061956865621141e+03 -1.646986638598155650e+03 2.289540000000000000e+19 2.166441641747951508e-02 -4.535681009292602539e-02
-1.240689689617155409e+03 -2.588402977064985862e+03 -1.645620027119283804e+03 2.289740000000000000e+19 -6.325214356184005737e-02 6.592212617397308350e-02
-1.237619172634741290e+03 -2.590738209551843738e+03 -1.644256812165419205e+03 2.289940000000000000e+19 3.677925467491149902e-02 -7.810264080762863159e-02
-1.234799416682976016e+03 -2.592873819458647176e+03 -1.643010144346734933e+03 2.290140000000000000e+19 -1.859087124466896057e-02 -3.745193034410476685e-02
-1.225278171780969160e+03 -2.600021039673660198e+03 -1.638838047602244615e+03 2.290340000000000000e+19 1.111337915062904358e-01 7.222327589988708496e-02
-1.222178262189433326e+03 -2.602327166695888081e+03 -1.637491912702305171e+03 2.290540000000000000e+19 6.341514177620410919e-03 -1.278368383646011353e-01
-1.219072518495983104e+03 -2.604627439384745230e+03 -1.636149213216611770e+03 2.290740000000000000e+19 8.073716424405574799e-03 2.513119205832481384e-02
-1.215960955509738142e+03 -2.606921846771717810e+03 -1.634809955547621485e+03 2.290940000000000000e+19 3.912638500332832336e-02 -9.067060053348541260e-02
-1.212843588143407487e+03 -2.609210377860300923e+03 -1.633474146114040877e+03 2.291140000000000000e+19 -2.705713920295238495e-02 3.699986264109611511e-02
-1.209720431370255938e+03 -2.611493021658406633e+03 -1.632141791331911918e+03 2.291340000000000000e+19 6.544250249862670898e-02 7.629604637622833252e-02
-1.206591500049932392e+03 -2.613769767305567257e+03 -1.630812897540365157e+03 2.291540000000000000e+19 6.760306190699338913e-03 4.868841171264648438e-02
-1.203718326668686132e+03 -2.615851668476815121e+03 -1.629597746706665703e+03 2.291740000000000000e+19 4.384804144501686096e-02 -4.235055670142173767e-02
-1.225278171780969160e+03 -2.600021039673660198e+03 -1.638838047602244615e+03 2.291940000000000000e+19 -3.711372986435890198e-02 7.889300584793090820e-02
-1.222178262189433326e+03 -2.602327166695888081e+03 -1.637491912702305171e+03 2.292140000000000000e+19 4.355974495410919189e-02 -8.624509721994400024e-02
-1.219072518495983104e+03 -2.604627439384745230e+03 -1.636149213216611770e+03 2.292340000000000000e+19 -3.378548473119735718e-02 -7.321681827306747437e-02
-1.215960955509738142e+03 -2.606921846771717810e+03 -1.634809955547621485e+03 2.292540000000000000e+19 -3.544223308563232422e-02 2.146052010357379913e-02
-1.212843588143407487e+03 -2.609210377860300923e+03 -1.633474146114040877e+03 2.292740000000000000e+19 -4.525118973106145859e-03 -2.468631602823734283e-02
-1.209720431370255938e+03 -2.611493021658406633e+03 -1.632141791331911918e+03 2.292940000000000000e+19 -1.064447015523910522e-01 -3.417979925870895386e-02
-1.206591500049932392e+03 -2.613769767305567257e+03 -1.630812897540365157e+03 2.293140000000000000e+19 -5.956527590751647949e-02 -4.578239750117063522e-03
-1.203718326668686132e+03 -2.615851668476815121e+03 -1.629597746706665703e+03 2.293340000000000000e+19 -4.732181318104267120e-03 4.522468149662017822e-02
