# Baseline: 4-10
# Entries: 128
# u [m], v [m], w [m], frequency [GHz], real, imag
1.897587609052384096e+03 3.911705517430086275e+03 2.406208613082667853e+03 2.267940000000000000e+19 -2.646260429173707962e-03 4.901595879346132278e-03
1.892858032266838563e+03 3.915277411528620632e+03 2.404123528284709664e+03 2.268140000000000000e+19 1.854719128459692001e-03 -8.406184613704681396e-03
1.888119418914056723e+03 3.918840373547469881e+03 2.402043685150100373e+03 2.268340000000000000e+19 -2.155356341972947121e-03 8.710064925253391266e-03
1.883371791638866171e+03 3.922394386460118312e+03 2.399969093617887211e+03 2.268540000000000000e+19 4.122701007872819901e-03 -3.289602929726243019e-03
1.878615173161989560e+03 3.925939433257805376e+03 2.397899763616611381e+03 2.268740000000000000e+19 2.333394484594464302e-03 3.399787005037069321e-03
1.873849586247388288e+03 3.929475496974894213e+03 2.395835705049514218e+03 2.268940000000000000e+19 -3.054701024666428566e-03 -1.789983245544135571e-03
1.869075053801652075e+03 3.933002560614958838e+03 2.393776927837670428e+03 2.269140000000000000e+19 4.863642621785402298e-03 -1.634791624383069575e-05
1.864690673352581598e+03 3.936227896659023827e+03 2.391894295787139072e+03 2.269340000000000000e+19 1.021383446641266346e-03 -1.694569550454616547e-02
1.897587609052384096e+03 3.911705517430086275e+03 2.406208613082667853e+03 2.269540000000000000e+19 -3.099653171375393867e-03 -4.072742303833365440e-04
1.892858032266838563e+03 3.915277411528620632e+03 2.404123528284709664e+03 2.269740000000000000e+19 4.063365515321493149e-03 -7.132899016141891479e-03
1.888119418914056723e+03 3.918840373547469881e+03 2.402043685150100373e+03 2.269940000000000000e+19 -7.077361922711133957e-03 6.611618679016828537e-03
1.883371791638866171e+03 3.922394386460118312e+03 2.399969093617887211e+03 2.270140000000000000e+19 3.596778027713298798e-03 -8.879178203642368317e-04
1.878615173161989560e+03 3.925939433257805376e+03 2.397899763616611381e+03 2.270340000000000000e+19 -1.158493477851152420e-02 5.888237152248620987e-03
1.873849586247388288e+03 3.929475496974894213e+03 2.395835705049514218e+03 2.270540000000000000e+19 1.382342725992202759e-02 -5.282262340188026428e-03
1.869075053801652075e+03 3.933002560614958838e+03 2.393776927837670428e+03 2.270740000000000000e+19 3.238554578274488449e-03 2.367739565670490265e-03
1.864690673352581598e+03 3.936227896659023827e+03 2.391894295787139072e+03 2.270940000000000000e+19 -9.487436152994632721e-03 -8.633237332105636597e-03
1.849887925311111076e+03 3.947020478223911141e+03 2.385594828772299934e+03 2.271140000000000000e+19 -2.791062579490244389e-04 -9.218621999025344849e-03
1.845069008308633101e+03 3.950502289518022735e+03 2.383562605405521481e+03 2.271340000000000000e+19 -6.132523994892835617e-03 -8.443814702332019806e-03
1.840241283478782861e+03 3.953975000131656998e+03 2.381535722114995679e+03 2.271540000000000000e+19 5.539164878427982330e-03 8.506131358444690704e-03
1.835404773858628914e+03 3.957438593493812277e+03 2.379514188572540206e+03 2.271740000000000000e+19 -3.520583268254995346e-04 9.900033473968505859e-04
1.830559502611307153e+03 3.960893053016590784e+03 2.377498014459702517e+03 2.271940000000000000e+19 1.069914549589157104e-02 -7.275574840605258942e-03
1.825705492924993223e+03 3.964338362167829473e+03 2.375487209425363744e+03 2.272140000000000000e+19 -7.402766495943069458e-03 5.976906395517289639e-04
1.820842768046734818e+03 3.967774504447305389e+03 2.373481783099623954e+03 2.272340000000000000e+19 1.109928078949451447e-02 9.399933740496635437e-03
1.816377744398966797e+03 3.970916351794734510e+03 2.371648140143367982e+03 2.272540000000000000e+19 2.666387881617993116e-04 1.829349435865879059e-02
1.849887925311111076e+03 3.947020478223911141e+03 2.385594828772299934e+03 2.272740000000000000e+19 5.542474798858165741e-03 1.410640962421894073e-02
1.845069008308633101e+03 3.950502289518022735e+03 2.383562605405521481e+03 2.272940000000000000e+19 1.565213780850172043e-03 -5.091730039566755295e-03
1.840241283478782861e+03 3.953975000131656998e+03 2.381535722114995679e+03 2.273140000000000000e+19 2.056645043194293976e-02 1.348120253533124924e-02
1.835404773858628914e+03 3.957438593493812277e+03 2.379514188572540206e+03 2.273340000000000000e+19 2.322549931704998016e-02 9.068566374480724335e-03
1.830559502611307153e+03 3.960893053016590784e+03 2.377498014459702517e+03 2.273540000000000000e+19 1.182733848690986633e-02 1.313588768243789673e-02
1.825705492924993223e+03 3.964338362167829473e+03 2.375487209425363744e+03 2.273740000000000000e+19 4.690007772296667099e-03 -1.405063550919294357e-02
1.820842768046734818e+03 3.967774504447305389e+03 2.373481783099623954e+03 2.273940000000000000e+19 6.233659572899341583e-03 -3.229076275601983070e-03
1.816377744398966797e+03 3.970916351794734510e+03 2.371648140143367982e+03 2.274140000000000000e+19 5.478446837514638901e-03 -1.584791205823421478e-02
1.801305182400534932e+03 3.981427076808551647e+03 2.365514056332809560e+03 2.274340000000000000e+19 3.964371047914028168e-03 9.452001191675662994e-03
1.796399231401295083e+03 3.984817138990360490e+03 2.363535666966984081e+03 2.274540000000000000e+19 -1.411230582743883133e-02 2.010312676429748535e-02
1.791484705394056846e+03 3.988197936341772220e+03 2.361562713478937440e+03 2.274740000000000000e+19 -3.772745840251445770e-03 1.880330592393875122e-02
1.786561627984044890e+03 3.991569452624304631e+03 2.359595205345046907e+03 2.274940000000000000e+19 4.867045674473047256e-03 -1.169610116630792618e-02
1.781630022628813322e+03 3.994931671773087601e+03 2.357633151940241078e+03 2.275140000000000000e+19 -1.303531043231487274e-02 3.931060899049043655e-03
1.776689913084412865e+03 3.998284577592119149e+03 2.355676562715825639e+03 2.275340000000000000e+19 5.079812835901975632e-03 -1.589447073638439178e-02
1.771741322872636374e+03 4.001628154117197482e+03 2.353725446987699797e+03 2.275540000000000000e+19 1.078840345144271851e-02 -1.165984198451042175e-02
1.767197792846527591e+03 4.004685009184549472e+03 2.351941670644703208e+03 2.275740000000000000e+19 -4.370816517621278763e-03 -5.044961813837289810e-03
1.801305182400534932e+03 3.981427076808551647e+03 2.365514056332809560e+03 2.275940000000000000e+19 8.486007340252399445e-03 -3.645158931612968445e-02
1.796399231401295083e+03 3.984817138990360490e+03 2.363535666966984081e+03 2.276140000000000000e+19 4.321844130754470825e-02 -6.596019957214593887e-03
1.791484705394056846e+03 3.988197936341772220e+03 2.361562713478937440e+03 2.276340000000000000e+19 1.133239921182394028e-02 1.554202521219849586e-03
1.786561627984044890e+03 3.991569452624304631e+03 2.359595205345046907e+03 2.276540000000000000e+19 -3.165981173515319824e-02 1.614457555115222931e-02
1.781630022628813322e+03 3.994931671773087601e+03 2.357633151940241078e+03 2.276740000000000000e+19 -1.308857090771198273e-02 -2.341968938708305359e-02
1.776689913084412865e+03 3.998284577592119149e+03 2.355676562715825639e+03 2.276940000000000000e+19 2.655809745192527771e-02 -2.855423837900161743e-02
1.771741322872636374e+03 4.001628154117197482e+03 2.353725446987699797e+03 2.277140000000000000e+19 -8.291063830256462097e-03 5.710492376238107681e-03
1.767197792846527591e+03 4.004685009184549472e+03 2.351941670644703208e+03 2.277340000000000000e+19 1.026435010135173798e-02 -2.823314443230628967e-02
1.751862629955669036e+03 4.014908847686348508e+03 2.345975905530649925e+03 2.277540000000000000e+19 -2.379742823541164398e-02 -2.310603158548474312e-03
1.746871992609445670e+03 4.018205538509924281e+03 2.344052296882567589e+03 2.277740000000000000e+19 2.235493157058954239e-03 3.165384754538536072e-02
1.741873017383319166e+03 4.021492804645415617e+03 2.342134217395001997e+03 2.277940000000000000e+19 -6.183065008372068405e-03 -1.702357828617095947e-02
1.736865728079195833e+03 4.024770630440967125e+03 2.340221676200601451e+03 2.278140000000000000e+19 -2.867976017296314240e-02 1.193871162831783295e-02
1.731850148800188663e+03 4.028039000118451440e+03 2.338314682505547353e+03 2.278340000000000000e+19 1.390150375664234161e-02 -2.743541263043880463e-02
1.726826303409805178e+03 4.031297898127390454e+03 2.336413245383055255e+03 2.278540000000000000e+19 2.852819673717021942e-02 -1.784060150384902954e-02
1.721794216090844884e+03 4.034547308780757248e+03 2.334517373985865106e+03 2.278740000000000000e+19 8.738772943615913391e-03 -1.351226679980754852e-02
1.717174353836620412e+03 4.037517708816888444e+03 2.332784317818509862e+03 2.278940000000000000e+19 5.029365792870521545e-02 -1.182575616985559464e-02
1.751862629955669036e+03 4.014908847686348508e+03 2.345975905530649925e+03 2.279140000000000000e+19 -4.159623640589416027e-04 -1.788279972970485687e-02
1.746871992609445670e+03 4.018205538509924281e+03 2.344052296882567589e+03 2.279340000000000000e+19 1.230825390666723251e-02 -7.009267341345548630e-03
1.741873017383319166e+03 4.021492804645415617e+03 2.342134217395001997e+03 2.279540000000000000e+19 -1.605368778109550476e-02 6.286227144300937653e-03
1.736865728079195833e+03 4.024770630440967125e+03 2.340221676200601451e+03 2.279740000000000000e+19 3.301268152426928282e-04 -7.448108866810798645e-03
1.731850148800188663e+03 4.028039000118451440e+03 2.338314682505547353e+03 2.279940000000000000e+19 4.456036258488893509e-03 -1.439401414245367050e-02
1.726826303409805178e+03 4.031297898127390454e+03 2.336413245383055255e+03 2.280140000000000000e+19 -8.260596543550491333e-03 -1.537633361294865608e-03
1.721794216090844884e+03 4.034547308780757248e+03 2.334517373985865106e+03 2.280340000000000000e+19 -3.005185397341847420e-03 1.152657065540552139e-02
1.717174353836620412e+03 4.037517708816888444e+03 2.332784317818509862e+03 2.280540000000000000e+19 9.384267032146453857e-03 -9.869738481938838959e-03
1.702428629259679610e+03 4.046915214100054527e+03 2.327301590030427633e+03 2.280740000000000000e+19 -9.978744201362133026e-04 -2.759935101494193077e-03
1.697357045761450308e+03 4.050118551051449231e+03 2.325432746915843836e+03 2.280940000000000000e+19 -1.896119792945683002e-04 6.848170422017574310e-03
1.692277361279092702e+03 4.053312310633065408e+03 2.323569522043286725e+03 2.281140000000000000e+19 -4.849137272685766220e-03 -3.710426157340407372e-03
1.687189600211210973e+03 4.056496477504917493e+03 2.321711924362020454e+03 2.281340000000000000e+19 2.730257692746818066e-04 5.234586540609598160e-03
1.682093786764824245e+03 4.059671036517241646e+03 2.319859962710185300e+03 2.281540000000000000e+19 1.223779981955885887e-03 -6.043849978595972061e-03
1.676989945451321546e+03 4.062835972399943785e+03 2.318013645995970819e+03 2.281740000000000000e+19 6.656755227595567703e-03 1.849590567871928215e-03
1.671878100625395973e+03 4.065991270050744788e+03 2.316172983029522584e+03 2.281940000000000000e+19 1.503443345427513123e-03 -1.176448725163936615e-02
1.667185334249979860e+03 4.068875269458646471e+03 2.314490610651487259e+03 2.282140000000000000e+19 3.465980989858508110e-03 1.060286909341812134e-02
1.702428629259679610e+03 4.046915214100054527e+03 2.327301590030427633e+03 2.282340000000000000e+19 9.096669382415711880e-04 1.938643516041338444e-03
1.697357045761450308e+03 4.050118551051449231e+03 2.325432746915843836e+03 2.282540000000000000e+19 -5.509074311703443527e-03 3.725233953446149826e-03
1.692277361279092702e+03 4.053312310633065408e+03 2.323569522043286725e+03 2.282740000000000000e+19 1.045688707381486893e-02 -3.853901755064725876e-03
1.687189600211210973e+03 4.056496477504917493e+03 2.321711924362020454e+03 2.282940000000000000e+19 5.088859470561146736e-04 3.796505508944392204e-03
1.682093786764824245e+03 4.059671036517241646e+03 2.319859962710185300e+03 2.283140000000000000e+19 4.089038993697613478e-04 -3.976312000304460526e-03
1.676989945451321546e+03 4.062835972399943785e+03 2.318013645995970819e+03 2.283340000000000000e+19 -4.419544129632413387e-04 6.390301045030355453e-03
1.671878100625395973e+03 4.065991270050744788e+03 2.316172983029522584e+03 2.283540000000000000e+19 1.740486593917012215e-03 3.430686658248305321e-03
1.667185334249979860e+03 4.068875269458646471e+03 2.314490610651487259e+03 2.283740000000000000e+19 6.760332267731428146e-03 -8.120422251522541046e-03
1.651351176208172319e+03 4.078515776920196004e+03 2.308867044471032841e+03 2.283940000000000000e+19 -4.636364523321390152e-03 -5.467362701892852783e-03
1.646199681684044890e+03 4.081622657742580941e+03 2.307054781885578905e+03 2.284140000000000000e+19 1.177982985973358154e-02 5.437434185296297073e-03
1.641040330929707125e+03 4.084719810468022388e+03 2.305248225468899818e+03 2.284340000000000000e+19 -2.381147816777229309e-03 -1.752286963164806366e-02
1.635873148798190414e+03 4.087807220177282488e+03 2.303447383923311918e+03 2.284540000000000000e+19 -2.274222113192081451e-02 1.527693402022123337e-02
1.630698159892299373e+03 4.090884872170105155e+03 2.301652265823242487e+03 2.284740000000000000e+19 9.673576802015304565e-03 5.792775773443281651e-04
1.625515389014098901e+03 4.093952751696063842e+03 2.299862879772238557e+03 2.284940000000000000e+19 -8.064541965723037720e-03 2.733501605689525604e-03
1.620324861039232019e+03 4.097010844030425687e+03 2.298079234358700432e+03 2.285140000000000000e+19 -4.412280395627021790e-03 3.056180896237492561e-03
1.615560181981399182e+03 4.099805610055233046e+03 2.296449203030581884e+03 2.285340000000000000e+19 8.057538419961929321e-03 -5.399364512413740158e-03
1.651351176208172319e+03 4.078515776920196004e+03 2.308867044471032841e+03 2.285540000000000000e+19 1.600536145269870758e-02 3.753746626898646355e-03
1.646199681684044890e+03 4.081622657742580941e+03 2.307054781885578905e+03 2.285740000000000000e+19 1.403477322310209274e-02 -1.599523425102233887e-02
1.641040330929707125e+03 4.084719810468022388e+03 2.305248225468899818e+03 2.285940000000000000e+19 -1.035322062671184540e-02 4.213842097669839859e-03
1.635873148798190414e+03 4.087807220177282488e+03 2.303447383923311918e+03 2.286140000000000000e+19 -1.357075478881597519e-02 7.253528106957674026e-03
1.630698159892299373e+03 4.090884872170105155e+03 2.301652265823242487e+03 2.286340000000000000e+19 -2.681718615349382162e-04 2.547858469188213348e-02
1.625515389014098901e+03 4.093952751696063842e+03 2.299862879772238557e+03 2.286540000000000000e+19 -1.883391663432121277e-02 -8.063629269599914551e-03
1.620324861039232019e+03 4.097010844030425687e+03 2.298079234358700432e+03 2.286740000000000000e+19 -9.057404473423957825e-03 -8.415847085416316986e-03
1.615560181981399182e+03 4.099805610055233046e+03 2.296449203030581884e+03 2.286940000000000000e+19 -7.937272079288959503e-03 -3.081187605857849121e-04
1.599485674942691958e+03 4.109145049805021699e+03 2.291002229180852737e+03 2.287140000000000000e+19 -7.073281332850456238e-03 3.825187915936112404e-03
1.594256734523765545e+03 4.112153987774169764e+03 2.289247414338264662e+03 2.287340000000000000e+19 3.705286886543035507e-03 -6.929122377187013626e-03
1.589020186604512674e+03 4.115153051446177415e+03 2.287498390935412772e+03 2.287540000000000000e+19 7.344912271946668625e-03 -1.244625635445117950e-02
1.583776056118063252e+03 4.118142226541496711e+03 2.285755167299964342e+03 2.287740000000000000e+19 -7.448658812791109085e-03 1.737908460199832916e-02
1.578524368307548002e+03 4.121121498671415793e+03 2.284017751823100753e+03 2.287940000000000000e+19 2.337323501706123352e-02 1.415341999381780624e-02
1.573265148159993942e+03 4.124090853660881294e+03 2.282286152771216166e+03 2.288140000000000000e+19 3.818023484200239182e-03 -1.207392103970050812e-02
1.567998420991096282e+03 4.127050277216737413e+03 2.280560378479465271e+03 2.288340000000000000e+19 6.825079210102558136e-03 -1.070413039997220039e-03
1.563164109397171387e+03 4.129754472418671867e+03 2.278983468253914452e+03 2.288540000000000000e+19 -1.688701473176479340e-02 -2.311443537473678589e-02
1.599485674942691958e+03 4.109145049805021699e+03 2.291002229180852737e+03 2.288740000000000000e+19 -2.073663286864757538e-02 -1.245462615042924881e-02
1.594256734523765545e+03 4.112153987774169764e+03 2.289247414338264662e+03 2.288940000000000000e+19 -1.467779837548732758e-02 -3.554499149322509766e-02
1.589020186604512674e+03 4.115153051446177415e+03 2.287498390935412772e+03 2.289140000000000000e+19 -1.007166225463151932e-02 -7.022570818662643433e-03
1.583776056118063252e+03 4.118142226541496711e+03 2.285755167299964342e+03 2.289340000000000000e+19 4.650021437555551529e-03 2.734018675982952118e-02
1.578524368307548002e+03 4.121121498671415793e+03 2.284017751823100753e+03 2.289540000000000000e+19 -1.100381370633840561e-02 3.676388040184974670e-02
1.573265148159993942e+03 4.124090853660881294e+03 2.282286152771216166e+03 2.289740000000000000e+19 -4.825522378087043762e-02 1.212171278893947601e-02
1.567998420991096282e+03 4.127050277216737413e+03 2.280560378479465271e+03 2.289940000000000000e+19 1.048722304403781891e-02 -2.916388958692550659e-02
1.563164109397171387e+03 4.129754472418671867e+03 2.278983468253914452e+03 2.290140000000000000e+19 -5.119208712130784988e-03 -1.888642832636833191e-02
1.546856945842881032e+03 4.138788375063813874e+03 2.273715693381633628e+03 2.290340000000000000e+19 -4.673867486417293549e-03 2.583288960158824921e-02
1.541553061955771909e+03 4.141697930186438498e+03 2.272019166085455709e+03 2.290540000000000000e+19 5.403121002018451691e-03 -8.778778836131095886e-03
1.536241822776838262e+03 4.144597469633886249e+03 2.270328512672007037e+03 2.290740000000000000e+19 2.581643871963024139e-02 2.673958893865346909e-03
1.530923253631691068e+03 4.147486979580093248e+03 2.268643741202923138e+03 2.290940000000000000e+19 1.805854775011539459e-02 2.655465900897979736e-02
1.525597380010540974e+03 4.150366446176342833e+03 2.266964859752888060e+03 2.291140000000000000e+19 3.457135520875453949e-03 7.423523347824811935e-03
1.520264227494462830e+03 4.153235855592250118e+03 2.265291876385732849e+03 2.291340000000000000e+19 2.284143818542361259e-03 1.241220068186521530e-02
1.514923821457999111e+03 4.156095194175630240e+03 2.263624799061223257e+03 2.291540000000000000e+19 -2.438192069530487061e-02 1.522142719477415085e-02
1.510022191646507508e+03 4.158707524005605592e+03 2.262101764833279049e+03 2.291740000000000000e+19 2.485791221261024475e-02 1.179667096585035324e-02
1.546856945842881032e+03 4.138788375063813874e+03 2.273715693381633628e+03 2.291940000000000000e+19 1.517112739384174347e-02 1.301947608590126038e-02
1.541553061955771909e+03 4.141697930186438498e+03 2.272019166085455709e+03 2.292140000000000000e+19 -3.820173069834709167e-02 2.695880457758903503e-02
1.536241822776838262e+03 4.144597469633886249e+03 2.270328512672007037e+03 2.292340000000000000e+19 -1.587388105690479279e-02 -8.698441088199615479e-03
1.530923253631691068e+03 4.147486979580093248e+03 2.268643741202923138e+03 2.292540000000000000e+19 9.615458548069000244e-03 1.663066446781158447e-02
1.525597380010540974e+03 4.150366446176342833e+03 2.266964859752888060e+03 2.292740000000000000e+19 7.594058290123939514e-03 6.519299466162919998e-03
1.520264227494462830e+03 4.153235855592250118e+03 2.265291876385732849e+03 2.292940000000000000e+19 1.519002136774361134e-03 -1.400129124522209167e-02
1.514923821457999111e+03 4.156095194175630240e+03 2.263624799061223257e+03 2.293140000000000000e+19 -1.851162128150463104e-02 -1.459730416536331177e-02
1.510022191646507508e+03 4.158707524005605592e+03 2.262101764833279049e+03 2.293340000000000000e+19 -4.328580573201179504e-03 1.572792790830135345e-02
