# Baseline: 8-9
# Entries: 128
# u [m], v [m], w [m], frequency [GHz], real, imag
2.023211574998196056e+03 1.168547225542879005e+03 2.174724869756843873e+03 2.267940000000000000e+19 8.324051648378372192e-02 4.583328217267990112e-02
2.023404492616527705e+03 1.172361503227966068e+03 2.172491362394322095e+03 2.268140000000000000e+19 5.789895355701446533e-02 1.278191208839416504e-01
2.023587740227947734e+03 1.176176141543232006e+03 2.170257656669657990e+03 2.268340000000000000e+19 -7.753868401050567627e-02 4.317435249686241150e-02
2.023761316956839664e+03 1.179991122259380518e+03 2.168023763257222981e+03 2.268540000000000000e+19 -4.643747583031654358e-02 1.612720638513565063e-01
2.023885454746718324e+03 1.182852561854091391e+03 2.166348231715220663e+03 2.268740000000000000e+19 -2.175129652023315430e-01 -3.326199948787689209e-02
2.024079454490039780e+03 1.187622037862787010e+03 2.163555456133190091e+03 2.268940000000000000e+19 1.053462252020835876e-01 -6.350851058959960938e-02
2.024224013768807481e+03 1.191437936150731502e+03 2.161321063852431053e+03 2.269140000000000000e+19 -1.717025041580200195e-01 -1.478931605815887451e-01
2.024391500750662544e+03 1.196208175801860762e+03 2.158527876215594915e+03 2.269340000000000000e+19 -9.008310735225677490e-02 1.786769926548004150e-01
2.023211574998196056e+03 1.168547225542879005e+03 2.174724869756843873e+03 2.269540000000000000e+19 -3.518752753734588623e-02 -1.189459785819053650e-01
2.023404492616527705e+03 1.172361503227966068e+03 2.172491362394322095e+03 2.269740000000000000e+19 1.444760113954544067e-01 2.673179805278778076e-01
2.023587740227947734e+03 1.176176141543232006e+03 2.170257656669657990e+03 2.269940000000000000e+19 -1.180182099342346191e-01 -1.857061684131622314e-01
2.023761316956839664e+03 1.179991122259380518e+03 2.168023763257222981e+03 2.270140000000000000e+19 2.103006094694137573e-02 -5.268324166536331177e-02
2.023885454746718324e+03 1.182852561854091391e+03 2.166348231715220663e+03 2.270340000000000000e+19 -1.735584884881973267e-01 -2.685249410569667816e-02
2.024079454490039780e+03 1.187622037862787010e+03 2.163555456133190091e+03 2.270540000000000000e+19 9.141031652688980103e-02 3.221604274585843086e-03
2.024224013768807481e+03 1.191437936150731502e+03 2.161321063852431053e+03 2.270740000000000000e+19 -2.294248193502426147e-01 1.872231364250183105e-01
2.024391500750662544e+03 1.196208175801860762e+03 2.158527876215594915e+03 2.270940000000000000e+19 -7.680297642946243286e-02 1.020174995064735413e-01
2.024705505385583592e+03 1.206704040310532946e+03 2.152382152460246289e+03 2.271140000000000000e+19 -8.380775898694992065e-02 5.682561546564102173e-02
2.024801689033989305e+03 1.210521102764677607e+03 2.150147142526820971e+03 2.271340000000000000e+19 -1.298855096101760864e-01 3.286174964159727097e-03
2.024888195988846746e+03 1.214338343200512099e+03 2.147912041180402412e+03 2.271540000000000000e+19 -9.716438502073287964e-02 -2.144262343645095825e-01
2.024965025837478379e+03 1.218155743402898224e+03 2.145676859086463537e+03 2.271740000000000000e+19 -3.580220043659210205e-02 -1.136090233922004700e-01
2.025032178211959263e+03 1.221973285089459978e+03 2.143441606949780635e+03 2.271940000000000000e+19 3.314418345689773560e-02 5.072332918643951416e-02
2.025089652790897617e+03 1.225790949990440140e+03 2.141206295467684413e+03 2.272140000000000000e+19 -1.408957391977310181e-01 -1.674258261919021606e-01
2.025137449299176978e+03 1.229608719822193734e+03 2.138970935345575526e+03 2.272340000000000000e+19 3.024298697710037231e-02 -4.293609037995338440e-02
2.025172883874342688e+03 1.233108417893291517e+03 2.136921821975529838e+03 2.272540000000000000e+19 -1.986587047576904297e-02 2.597454935312271118e-02
2.024705505385583592e+03 1.206704040310532946e+03 2.152382152460246289e+03 2.272740000000000000e+19 -2.904350683093070984e-02 3.485597670078277588e-02
2.024801689033989305e+03 1.210521102764677607e+03 2.150147142526820971e+03 2.272940000000000000e+19 -2.614160068333148956e-02 1.358490251004695892e-02
2.024888195988846746e+03 1.214338343200512099e+03 2.147912041180402412e+03 2.273140000000000000e+19 -5.045980587601661682e-02 -2.248503565788269043e-01
2.024965025837478379e+03 1.218155743402898224e+03 2.145676859086463537e+03 2.273340000000000000e+19 -9.261509031057357788e-02 -3.272930905222892761e-02
2.025032178211959263e+03 1.221973285089459978e+03 2.143441606949780635e+03 2.273540000000000000e+19 -3.476659208536148071e-02 -8.517877012491226196e-02
2.025089652790897617e+03 1.225790949990440140e+03 2.141206295467684413e+03 2.273740000000000000e+19 -1.677658292464911938e-03 -3.943344205617904663e-02
2.025137449299176978e+03 1.229608719822193734e+03 2.138970935345575526e+03 2.273940000000000000e+19 -1.475198566913604736e-01 -4.456999886315315962e-04
2.025172883874342688e+03 1.233108417893291517e+03 2.136921821975529838e+03 2.274140000000000000e+19 -3.664480149745941162e-02 2.339192666113376617e-03
2.025231850747814860e+03 1.244880483247012762e+03 2.130029222291774204e+03 2.274340000000000000e+19 1.448735594749450684e-01 -5.903400108218193054e-02
2.025231254399159070e+03 1.248698503716095956e+03 2.127793779409013041e+03 2.274540000000000000e+19 -2.112521044909954071e-02 2.382791601121425629e-02
2.025220979302439446e+03 1.252516519539575256e+03 2.125558352043872674e+03 2.274740000000000000e+19 5.961115285754203796e-02 -1.879090070724487305e-02
2.025201025507022905e+03 1.256334512378934733e+03 2.123322950933449192e+03 2.274940000000000000e+19 6.926685571670532227e-02 -3.901500022038817406e-03
2.025171393107854783e+03 1.260152464042044585e+03 2.121087586729071063e+03 2.275140000000000000e+19 -1.296058297157287598e-02 -8.297973126173019409e-02
2.025132082247785547e+03 1.263970356137507679e+03 2.118852270198673978e+03 2.275340000000000000e+19 -9.280414879322052002e-02 -2.499231323599815369e-02
2.025083093114184976e+03 1.267788170486973740e+03 2.116617011985394583e+03 2.275540000000000000e+19 -1.301143467426300049e-01 -3.848566487431526184e-02
2.025029807726843273e+03 1.271287751112480009e+03 2.114568084688587533e+03 2.275740000000000000e+19 7.934355735778808594e-02 1.019720733165740967e-02
2.025231850747814860e+03 1.244880483247012762e+03 2.130029222291774204e+03 2.275940000000000000e+19 5.673250649124383926e-03 3.377806767821311951e-02
2.025231254399159070e+03 1.248698503716095956e+03 2.127793779409013041e+03 2.276140000000000000e+19 -1.582689024507999420e-02 -1.641538441181182861e-01
2.025220979302439446e+03 1.252516519539575256e+03 2.125558352043872674e+03 2.276340000000000000e+19 2.489686012268066406e-02 1.217639520764350891e-01
2.025201025507022905e+03 1.256334512378934733e+03 2.123322950933449192e+03 2.276540000000000000e+19 8.349949866533279419e-02 8.207979053258895874e-02
2.025171393107854783e+03 1.260152464042044585e+03 2.121087586729071063e+03 2.276740000000000000e+19 -1.431654393672943115e-01 -1.643147878348827362e-02
2.025132082247785547e+03 1.263970356137507679e+03 2.118852270198673978e+03 2.276940000000000000e+19 -2.536524087190628052e-02 5.803180113434791565e-02
2.025083093114184976e+03 1.267788170486973740e+03 2.116617011985394583e+03 2.277140000000000000e+19 8.655270934104919434e-02 8.925386518239974976e-02
2.025029807726843273e+03 1.271287751112480009e+03 2.114568084688587533e+03 2.277340000000000000e+19 -8.083537966012954712e-02 7.666044682264328003e-02
2.024790359231374850e+03 1.283058284745108949e+03 2.107676776401066491e+03 2.277540000000000000e+19 -3.577210474759340286e-03 -1.037273183465003967e-01
2.024692983174502160e+03 1.286875436189494394e+03 2.105441970296441923e+03 2.277740000000000000e+19 5.565709248185157776e-02 -4.379576072096824646e-02
2.024585930947035422e+03 1.290692400203680563e+03 2.103207286726023540e+03 2.277940000000000000e+19 2.049540169537067413e-02 -3.822572529315948486e-02
2.024469203058695712e+03 1.294509158613736190e+03 2.100972736329934833e+03 2.278140000000000000e+19 -1.718618348240852356e-02 1.740758307278156281e-03
2.024342800071394095e+03 1.298325693047305776e+03 2.098738329864408570e+03 2.278340000000000000e+19 -1.335482113063335419e-02 7.680571824312210083e-02
2.024206722586560772e+03 1.302141985345794865e+03 2.096504077960467384e+03 2.278540000000000000e+19 3.799142315983772278e-02 -4.823812469840049744e-02
2.024060971259240659e+03 1.305958017139093272e+03 2.094269991372906588e+03 2.278740000000000000e+19 7.748271524906158447e-02 2.752120420336723328e-02
2.023918991409301043e+03 1.309455805715588895e+03 2.092222230592377855e+03 2.278940000000000000e+19 2.526143565773963928e-02 -2.491357922554016113e-02
2.024790359231374850e+03 1.283058284745108949e+03 2.107676776401066491e+03 2.279140000000000000e+19 -4.790990054607391357e-02 -5.622564256191253662e-02
2.024692983174502160e+03 1.286875436189494394e+03 2.105441970296441923e+03 2.279340000000000000e+19 1.750782877206802368e-02 4.052747413516044617e-02
2.024585930947035422e+03 1.290692400203680563e+03 2.103207286726023540e+03 2.279540000000000000e+19 1.656171679496765137e-02 -2.932512015104293823e-02
2.024469203058695712e+03 1.294509158613736190e+03 2.100972736329934833e+03 2.279740000000000000e+19 4.790165461599826813e-03 4.309817403554916382e-02
2.024342800071394095e+03 1.298325693047305776e+03 2.098738329864408570e+03 2.279940000000000000e+19 1.601679623126983643e-02 -4.092486202716827393e-02
2.024206722586560772e+03 1.302141985345794865e+03 2.096504077960467384e+03 2.280140000000000000e+19 4.146573320031166077e-02 4.318534210324287415e-02
2.024060971259240659e+03 1.305958017139093272e+03 2.094269991372906588e+03 2.280340000000000000e+19 4.432371817529201508e-03 -1.231037601828575134e-01
2.023918991409301043e+03 1.309455805715588895e+03 2.092222230592377855e+03 2.280540000000000000e+19 3.209223225712776184e-02 -4.233076795935630798e-02
2.023412653570554539e+03 1.320583397353524333e+03 2.085707716501659888e+03 2.280740000000000000e+19 1.454478949308395386e-01 2.468186616897583008e-02
2.023220155994252991e+03 1.324397912909444585e+03 2.083474579477633597e+03 2.280940000000000000e+19 8.080358617007732391e-03 -4.522315412759780884e-02
2.023017989294349263e+03 1.328212061515577716e+03 2.081241670086832073e+03 2.281140000000000000e+19 3.148599341511726379e-02 2.165479809045791626e-01
2.022806154442017032e+03 1.332025824851990592e+03 2.079008999054252854e+03 2.281340000000000000e+19 1.547842100262641907e-02 9.173773974180221558e-02
2.022584652445254960e+03 1.335839184773277566e+03 2.076776577002659906e+03 2.281540000000000000e+19 -5.558429285883903503e-02 2.651897370815277100e-01
2.022353484369433545e+03 1.339652122936720843e+03 2.074544414670264814e+03 2.281740000000000000e+19 -2.396780997514724731e-01 1.924860179424285889e-01
2.022112651317832388e+03 1.343464621147725893e+03 2.072312522708506549e+03 2.281940000000000000e+19 -1.274852454662322998e-02 9.452108293771743774e-02
2.021883521281412868e+03 1.346959015112703810e+03 2.070266864699286998e+03 2.282140000000000000e+19 3.923831507563591003e-02 -8.510165661573410034e-02
2.023412653570554539e+03 1.320583397353524333e+03 2.085707716501659888e+03 2.282340000000000000e+19 2.874284982681274414e-02 -1.946492344141006470e-01
2.023220155994252991e+03 1.324397912909444585e+03 2.083474579477633597e+03 2.282540000000000000e+19 -1.574755012989044189e-01 -7.524977624416351318e-02
2.023017989294349263e+03 1.328212061515577716e+03 2.081241670086832073e+03 2.282740000000000000e+19 3.953907638788223267e-02 -2.395279854536056519e-01
2.022806154442017032e+03 1.332025824851990592e+03 2.079008999054252854e+03 2.282940000000000000e+19 -6.989429146051406860e-02 -9.519631415605545044e-02
2.022584652445254960e+03 1.335839184773277566e+03 2.076776577002659906e+03 2.283140000000000000e+19 -8.699329942464828491e-02 4.675059765577316284e-02
2.022353484369433545e+03 1.339652122936720843e+03 2.074544414670264814e+03 2.283340000000000000e+19 -1.509274393320083618e-01 -9.775108844041824341e-02
2.022112651317832388e+03 1.343464621147725893e+03 2.072312522708506549e+03 2.283540000000000000e+19 -1.865924298763275146e-01 -1.776352375745773315e-01
2.021883521281412868e+03 1.346959015112703810e+03 2.070266864699286998e+03 2.283740000000000000e+19 1.713833957910537720e-01 -9.695896506309509277e-02
2.021052693105631306e+03 1.358709849468868015e+03 2.063387872242266440e+03 2.283940000000000000e+19 -4.828524217009544373e-02 -7.587746717035770416e-03
2.020763553395685904e+03 1.362519874172362051e+03 2.061157492386895228e+03 2.284140000000000000e+19 3.432562947273254395e-02 -6.795706599950790405e-02
2.020464756314803481e+03 1.366329349537418693e+03 2.058927446937372679e+03 2.284340000000000000e+19 1.022600531578063965e-01 -1.653060168027877808e-01
2.020156303302330116e+03 1.370138257213473707e+03 2.056697746636012653e+03 2.284540000000000000e+19 9.268394857645034790e-02 -9.904282540082931519e-02
2.019838195826937408e+03 1.373946579064954676e+03 2.054468402099209015e+03 2.284740000000000000e+19 1.318499892950057983e-01 3.500341996550559998e-02
2.019510435413076038e+03 1.377754296839694689e+03 2.052239424011552728e+03 2.284940000000000000e+19 -5.770428478717803955e-02 -5.906891822814941406e-02
2.019173023633967432e+03 1.381561392261910214e+03 2.050010823071395407e+03 2.285140000000000000e+19 -3.685602173209190369e-02 -3.000015625730156898e-03
2.018855375258124695e+03 1.385050675860093634e+03 2.047968274213549876e+03 2.285340000000000000e+19 3.937158733606338501e-02 5.382773652672767639e-02
2.021052693105631306e+03 1.358709849468868015e+03 2.063387872242266440e+03 2.285540000000000000e+19 -1.051170304417610168e-01 -2.404335327446460724e-02
2.020763553395685904e+03 1.362519874172362051e+03 2.061157492386895228e+03 2.285740000000000000e+19 3.629887104034423828e-02 3.457068279385566711e-02
2.020464756314803481e+03 1.366329349537418693e+03 2.058927446937372679e+03 2.285940000000000000e+19 -5.450069904327392578e-02 -1.192201511003077030e-03
2.020156303302330116e+03 1.370138257213473707e+03 2.056697746636012653e+03 2.286140000000000000e+19 -1.671664118766784668e-01 -4.319931380450725555e-03
2.019838195826937408e+03 1.373946579064954676e+03 2.054468402099209015e+03 2.286340000000000000e+19 -2.247720658779144287e-01 -1.483675837516784668e-02
2.019510435413076038e+03 1.377754296839694689e+03 2.052239424011552728e+03 2.286540000000000000e+19 2.849370939657092094e-03 -6.742751598358154297e-02
2.019173023633967432e+03 1.381561392261910214e+03 2.050010823071395407e+03 2.286740000000000000e+19 -7.658395171165466309e-02 4.792562685906887054e-03
2.018855375258124695e+03 1.385050675860093634e+03 2.047968274213549876e+03 2.286940000000000000e+19 -2.439590990543365479e-01 -6.101759150624275208e-02
2.017726895816558908e+03 1.396783186514505587e+03 2.041100403811301476e+03 2.287140000000000000e+19 -6.595490127801895142e-02 2.877332270145416260e-02
2.017341252337238529e+03 1.400586897165764867e+03 2.038873848421205594e+03 2.287340000000000000e+19 3.769141808152198792e-02 3.039263747632503510e-02
2.016945967874650023e+03 1.404389876193709824e+03 2.036647734142691661e+03 2.287540000000000000e+19 3.103237040340900421e-02 8.402694761753082275e-02
2.016541044310961297e+03 1.408192105491002621e+03 2.034422071575079372e+03 2.287740000000000000e+19 8.486789464950561523e-02 3.762256726622581482e-02
2.016126483595298623e+03 1.411993566755227448e+03 2.032196871431816135e+03 2.287940000000000000e+19 -6.394094228744506836e-02 4.142785444855690002e-03
2.015702287700162060e+03 1.415794241899427561e+03 2.029972144300134005e+03 2.288140000000000000e+19 4.502082616090774536e-02 7.136854529380798340e-02
2.015268458667490677e+03 1.419594112628754829e+03 2.027747900888960885e+03 2.288340000000000000e+19 4.618408903479576111e-02 7.444038242101669312e-02
2.014862443964870636e+03 1.423076616056996045e+03 2.025709438647637853e+03 2.288540000000000000e+19 -5.629927664995193481e-02 2.453597448766231537e-02
2.017726895816558908e+03 1.396783186514505587e+03 2.041100403811301476e+03 2.288740000000000000e+19 -4.232879728078842163e-02 2.632637135684490204e-02
2.017341252337238529e+03 1.400586897165764867e+03 2.038873848421205594e+03 2.288940000000000000e+19 6.326461583375930786e-02 -8.545930683612823486e-02
2.016945967874650023e+03 1.404389876193709824e+03 2.036647734142691661e+03 2.289140000000000000e+19 1.559549383819103241e-02 5.424755439162254333e-02
2.016541044310961297e+03 1.408192105491002621e+03 2.034422071575079372e+03 2.289340000000000000e+19 7.008827477693557739e-02 7.435185462236404419e-02
2.016126483595298623e+03 1.411993566755227448e+03 2.032196871431816135e+03 2.289540000000000000e+19 1.439805794507265091e-02 -2.013360261917114258e-01
2.015702287700162060e+03 1.415794241899427561e+03 2.029972144300134005e+03 2.289740000000000000e+19 6.907908618450164795e-02 -7.208739873021841049e-03
2.015268458667490677e+03 1.419594112628754829e+03 2.027747900888960885e+03 2.289940000000000000e+19 5.713014304637908936e-02 -4.032221809029579163e-02
2.014862443964870636e+03 1.423076616056996045e+03 2.025709438647637853e+03 2.290140000000000000e+19 1.347869541496038437e-02 1.113023012876510620e-01
2.013436853303102225e+03 1.434785188402070844e+03 2.018855976926726498e+03 2.290340000000000000e+19 1.272402144968509674e-02 -7.777138799428939819e-02
2.012954890614560554e+03 1.438580764650568653e+03 2.016634311569171132e+03 2.290540000000000000e+19 1.099270135164260864e-01 -1.787320822477340698e-01
2.012463307934476234e+03 1.442375427460395713e+03 2.014413193747938067e+03 2.290740000000000000e+19 1.544942334294319153e-02 6.493949145078659058e-02
2.011962107606766267e+03 1.446169158737365024e+03 2.012192634054038535e+03 2.290940000000000000e+19 1.236496642231941223e-01 8.666777610778808594e-02
2.011451292033396840e+03 1.449961940299230946e+03 2.009972643129958442e+03 2.291140000000000000e+19 8.597735315561294556e-03 -9.659825265407562256e-02
2.010930863668024585e+03 1.453753753928697961e+03 2.007753231638641410e+03 2.291340000000000000e+19 4.889450967311859131e-02 8.376669138669967651e-02
2.010400824986893667e+03 1.457544581584804746e+03 2.005534410139757711e+03 2.291540000000000000e+19 -6.421185284852981567e-02 -1.244487613439559937e-01
2.009906638344015164e+03 1.461018637682830558e+03 2.003501010376648310e+03 2.291740000000000000e+19 -5.484561249613761902e-02 -1.646616682410240173e-02
2.013436853303102225e+03 1.434785188402070844e+03 2.018855976926726498e+03 2.291940000000000000e+19 -2.554282918572425842e-02 1.987449675798416138e-01
2.012954890614560554e+03 1.438580764650568653e+03 2.016634311569171132e+03 2.292140000000000000e+19 -2.302015013992786407e-02 -2.946567907929420471e-02
2.012463307934476234e+03 1.442375427460395713e+03 2.014413193747938067e+03 2.292340000000000000e+19 2.726992219686508179e-02 7.390084862709045410e-02
2.011962107606766267e+03 1.446169158737365024e+03 2.012192634054038535e+03 2.292540000000000000e+19 6.720769405364990234e-02 -6.932200491428375244e-02
2.011451292033396840e+03 1.449961940299230946e+03 2.009972643129958442e+03 2.292740000000000000e+19 -2.858981676399707794e-02 -1.260244753211736679e-02
2.010930863668024585e+03 1.453753753928697961e+03 2.007753231638641410e+03 2.292940000000000000e+19 9.649106860160827637e-02 -1.673959046602249146e-01
2.010400824986893667e+03 1.457544581584804746e+03 2.005534410139757711e+03 2.293140000000000000e+19 6.580023467540740967e-02 1.365265529602766037e-02
2.009906638344015164e+03 1.461018637682830558e+03 2.003501010376648310e+03 2.293340000000000000e+19 -1.098229885101318359e-01 -2.508838288486003876e-02
