# Baseline: 6-23
# Entries: 128
# u [m], v [m], w [m], frequency [GHz], real, imag
4.044587059785983456e+03 -5.823557244416837193e+02 3.972205213801775244e+03 2.267940000000000000e+19 -6.242323666810989380e-02 -1.367427408695220947e-01
4.050067392132516488e+03 -5.747248850123612556e+02 3.967730126944752101e+03 2.268140000000000000e+19 3.571492433547973633e-02 9.280783683061599731e-02
4.055528359018509946e+03 -5.670837066726174953e+02 3.963249012282195054e+03 2.268340000000000000e+19 1.169025432318449020e-02 -2.507955394685268402e-02
4.060969934347418075e+03 -5.594322259379938487e+02 3.958761891228391960e+03 2.268540000000000000e+19 5.793881416320800781e-02 1.444294583052396774e-02
4.065038981932807928e+03 -5.536871963294121315e+02 3.955392808136626172e+03 2.268740000000000000e+19 -1.319464892148971558e-01 -5.612612515687942505e-02
4.071794806258076733e+03 -5.440985038046086402e+02 3.949769715872132565e+03 2.268940000000000000e+19 6.598481535911560059e-02 -1.846407726407051086e-02
4.077178050922346756e+03 -5.364163359495680652e+02 3.945264704698032347e+03 2.269140000000000000e+19 -1.944037377834320068e-01 -1.476689130067825317e-01
4.083880479878411734e+03 -5.267997583652813773e+02 3.939625356388664841e+03 2.269340000000000000e+19 7.339944690465927124e-02 3.312696516513824463e-02
4.044587059785983456e+03 -5.823557244416837193e+02 3.972205213801775244e+03 2.269540000000000000e+19 4.493437707424163818e-03 4.425958171486854553e-02
4.050067392132516488e+03 -5.747248850123612556e+02 3.967730126944752101e+03 2.269740000000000000e+19 9.043268859386444092e-02 3.490563482046127319e-02
4.055528359018509946e+03 -5.670837066726174953e+02 3.963249012282195054e+03 2.269940000000000000e+19 -8.974238485097885132e-02 -1.309295594692230225e-01
4.060969934347418075e+03 -5.594322259379938487e+02 3.958761891228391960e+03 2.270140000000000000e+19 9.028259664773941040e-02 1.428660377860069275e-02
4.065038981932807928e+03 -5.536871963294121315e+02 3.955392808136626172e+03 2.270340000000000000e+19 -1.653418689966201782e-01 -1.501725427806377411e-02
4.071794806258076733e+03 -5.440985038046086402e+02 3.949769715872132565e+03 2.270540000000000000e+19 2.942684106528759003e-02 3.562818095088005066e-02
4.077178050922346756e+03 -5.364163359495680652e+02 3.945264704698032347e+03 2.270740000000000000e+19 1.832671649754047394e-02 -1.378528177738189697e-01
4.083880479878411734e+03 -5.267997583652813773e+02 3.939625356388664841e+03 2.270940000000000000e+19 2.845307439565658569e-02 -1.857958920300006866e-02
4.098515821721276552e+03 -5.055864765635894855e+02 3.927185672762404010e+03 2.271140000000000000e+19 6.904389709234237671e-03 -1.698070466518402100e-01
4.103801334790768124e+03 -4.978538991816601538e+02 3.922651276136140496e+03 2.271340000000000000e+19 7.222251594066619873e-02 -3.866019845008850098e-02
4.109067225207695628e+03 -4.901113508282483053e+02 3.918111067471959359e+03 2.271540000000000000e+19 7.251121848821640015e-02 -1.023174542933702469e-02
4.114313467844487604e+03 -4.823588684494162067e+02 3.913565068434932527e+03 2.271740000000000000e+19 3.821207582950592041e-02 -1.057955324649810791e-01
4.119540037575800852e+03 -4.745964891735438300e+02 3.909013300796878866e+03 2.271940000000000000e+19 -4.103825986385345459e-02 -5.302729085087776184e-03
4.124746909388612949e+03 -4.668242501493234613e+02 3.904455786341357452e+03 2.272140000000000000e+19 -9.723713994026184082e-02 7.512519508600234985e-02
4.129934058346352685e+03 -4.590421885998679841e+02 3.899892546895401210e+03 2.272340000000000000e+19 -3.706470131874084473e-02 9.219333529472351074e-03
4.134671849468903929e+03 -4.519001592330683366e+02 3.895704639114404472e+03 2.272540000000000000e+19 -5.528681725263595581e-02 -4.474727902561426163e-03
4.098515821721276552e+03 -5.055864765635894855e+02 3.927185672762404010e+03 2.272740000000000000e+19 1.934944093227386475e-02 -5.743364244699478149e-02
4.103801334790768124e+03 -4.978538991816601538e+02 3.922651276136140496e+03 2.272940000000000000e+19 -1.127240434288978577e-01 -1.203123014420270920e-02
4.109067225207695628e+03 -4.901113508282483053e+02 3.918111067471959359e+03 2.273140000000000000e+19 -1.096255797892808914e-02 -7.862798124551773071e-02
4.114313467844487604e+03 -4.823588684494162067e+02 3.913565068434932527e+03 2.273340000000000000e+19 1.136293560266494751e-01 4.244120046496391296e-02
4.119540037575800852e+03 -4.745964891735438300e+02 3.909013300796878866e+03 2.273540000000000000e+19 6.860677152872085571e-02 -6.967411190271377563e-02
4.124746909388612949e+03 -4.668242501493234613e+02 3.904455786341357452e+03 2.273740000000000000e+19 -4.814111068844795227e-02 3.158788383007049561e-02
4.129934058346352685e+03 -4.590421885998679841e+02 3.899892546895401210e+03 2.273940000000000000e+19 -7.121216040104627609e-03 -2.025904804468154907e-01
4.134671849468903929e+03 -4.519001592330683366e+02 3.895704639114404472e+03 2.274140000000000000e+19 9.671636670827865601e-02 -6.135083362460136414e-02
4.150484930846416319e+03 -4.278164622750265949e+02 3.881582776130895581e+03 2.274340000000000000e+19 1.110679358243942261e-01 3.170567750930786133e-02
4.155573095128972454e+03 -4.199858475689375723e+02 3.876991239790862437e+03 2.274540000000000000e+19 6.248085945844650269e-02 1.140073966234922409e-02
4.160641389101894674e+03 -4.121456343851053816e+02 3.872394109834739538e+03 2.274740000000000000e+19 -6.212419271469116211e-02 2.076768688857555389e-02
4.165689788421427693e+03 -4.042958603812805904e+02 3.867791408343252897e+03 2.274940000000000000e+19 -2.935274131596088409e-02 6.334567815065383911e-02
4.170718269032489843e+03 -3.964365629602523313e+02 3.863183157247472991e+03 2.275140000000000000e+19 -7.773093134164810181e-02 -6.015598401427268982e-02
4.175726806712696089e+03 -3.885677799810220563e+02 3.858569378745794893e+03 2.275340000000000000e+19 -7.280275970697402954e-02 5.388843826949596405e-03
4.180715377615023499e+03 -3.806895489098700978e+02 3.853950094806190009e+03 2.275540000000000000e+19 4.036791250109672546e-02 3.410416684346273541e-05
4.185270928332377480e+03 -3.734596889031620890e+02 3.849711003327782691e+03 2.275740000000000000e+19 1.663504354655742645e-02 5.897348746657371521e-03
4.150484930846416319e+03 -4.278164622750265949e+02 3.881582776130895581e+03 2.275940000000000000e+19 -7.669859565794467926e-03 6.815997511148452759e-02
4.155573095128972454e+03 -4.199858475689375723e+02 3.876991239790862437e+03 2.276140000000000000e+19 -1.127984821796417236e-01 2.425569668412208557e-02
4.160641389101894674e+03 -4.121456343851053816e+02 3.872394109834739538e+03 2.276340000000000000e+19 -3.420310094952583313e-02 3.942038491368293762e-02
4.165689788421427693e+03 -4.042958603812805904e+02 3.867791408343252897e+03 2.276540000000000000e+19 6.165504083037376404e-02 1.275473833084106445e-01
4.170718269032489843e+03 -3.964365629602523313e+02 3.863183157247472991e+03 2.276740000000000000e+19 -1.592742092907428741e-02 -1.036127097904682159e-02
4.175726806712696089e+03 -3.885677799810220563e+02 3.858569378745794893e+03 2.276940000000000000e+19 -1.706798933446407318e-02 4.327136650681495667e-02
4.180715377615023499e+03 -3.806895489098700978e+02 3.853950094806190009e+03 2.277140000000000000e+19 -5.323466844856739044e-03 -5.511304363608360291e-03
4.185270928332377480e+03 -3.734596889031620890e+02 3.849711003327782691e+03 2.277340000000000000e+19 -2.344773709774017334e-02 3.914847224950790405e-02
4.200469517053565141e+03 -3.490828989919911010e+02 3.835418347516821086e+03 2.277540000000000000e+19 -8.347219228744506836e-02 6.883408129215240479e-02
4.205357897715025501e+03 -3.411579941531903160e+02 3.830771868655785966e+03 2.277740000000000000e+19 -1.366216987371444702e-01 1.389855239540338516e-02
4.210226169706523251e+03 -3.332238682511048751e+02 3.826120017469261256e+03 2.277940000000000000e+19 -4.586915671825408936e-02 -1.056124493479728699e-01
4.215074309848501798e+03 -3.252805590629472476e+02 3.821462816106380615e+03 2.278140000000000000e+19 3.279458731412887573e-02 4.115880653262138367e-02
4.219902294804017401e+03 -3.173281048246687988e+02 3.816800286985074308e+03 2.278340000000000000e+19 2.359078824520111084e-02 1.141317281872034073e-02
4.224710101602172472e+03 -3.093665433730643031e+02 3.812132452289084085e+03 2.278540000000000000e+19 -7.434935122728347778e-02 1.598971709609031677e-02
4.229497707100154912e+03 -3.013959130319316273e+02 3.807459334487519754e+03 2.278740000000000000e+19 8.594281971454620361e-02 5.059620831161737442e-03
4.233868837515996347e+03 -2.940816819863729847e+02 3.803171087783734947e+03 2.278940000000000000e+19 -3.600623831152915955e-02 -1.267700456082820892e-02
4.200469517053565141e+03 -3.490828989919911010e+02 3.835418347516821086e+03 2.279140000000000000e+19 4.211662337183952332e-02 -5.792555585503578186e-02
4.205357897715025501e+03 -3.411579941531903160e+02 3.830771868655785966e+03 2.279340000000000000e+19 3.700608387589454651e-03 4.942248761653900146e-02
4.210226169706523251e+03 -3.332238682511048751e+02 3.826120017469261256e+03 2.279540000000000000e+19 4.725317656993865967e-02 4.488077387213706970e-02
4.215074309848501798e+03 -3.252805590629472476e+02 3.821462816106380615e+03 2.279740000000000000e+19 5.745205283164978027e-02 1.142853572964668274e-01
4.219902294804017401e+03 -3.173281048246687988e+02 3.816800286985074308e+03 2.279940000000000000e+19 1.460299454629421234e-02 -7.535573840141296387e-02
4.224710101602172472e+03 -3.093665433730643031e+02 3.812132452289084085e+03 2.280140000000000000e+19 5.839724093675613403e-02 -8.646749705076217651e-02
4.229497707100154912e+03 -3.013959130319316273e+02 3.807459334487519754e+03 2.280340000000000000e+19 -2.771426737308502197e-02 3.306406782940030098e-03
4.233868837515996347e+03 -2.940816819863729847e+02 3.803171087783734947e+03 2.280540000000000000e+19 3.633087500929832458e-03 -2.019427902996540070e-02
4.247662641486512257e+03 -2.707585033320354455e+02 3.789497176608902464e+03 2.280740000000000000e+19 -1.232792139053344727e-01 5.341546609997749329e-02
4.252352286487011042e+03 -2.627445779250681426e+02 3.784798839160865100e+03 2.280940000000000000e+19 1.155951991677284241e-01 -7.195347547531127930e-02
4.257021597982450658e+03 -2.547218066102348359e+02 3.780095349337385414e+03 2.281140000000000000e+19 -9.307681769132614136e-02 9.993082284927368164e-02
4.261670553545706753e+03 -2.466902279222501306e+02 3.775386729730116258e+03 2.281340000000000000e+19 5.943863093852996826e-02 2.500965818762779236e-02
4.266299131057882732e+03 -2.386498800744584798e+02 3.770673002742143581e+03 2.281540000000000000e+19 -4.897855967283248901e-02 1.209175661206245422e-01
4.270907308254817508e+03 -2.306008017418085387e+02 3.765954191047008408e+03 2.281740000000000000e+19 1.421650648117065430e-01 -8.715865761041641235e-02
4.275495063147583096e+03 -2.225430313331072227e+02 3.761230317162071515e+03 2.281940000000000000e+19 -1.047340333461761475e-01 -4.206224158406257629e-02
4.279682806446176983e+03 -2.151492487830923892e+02 3.756895735694641644e+03 2.282140000000000000e+19 -2.637549117207527161e-02 -2.855535782873630524e-02
4.247662641486512257e+03 -2.707585033320354455e+02 3.789497176608902464e+03 2.282340000000000000e+19 7.990892045199871063e-03 5.632203817367553711e-02
4.252352286487011042e+03 -2.627445779250681426e+02 3.784798839160865100e+03 2.282540000000000000e+19 -2.028228342533111572e-02 -3.962826728820800781e-02
4.257021597982450658e+03 -2.547218066102348359e+02 3.780095349337385414e+03 2.282740000000000000e+19 4.551179707050323486e-03 1.149053350090980530e-01
4.261670553545706753e+03 -2.466902279222501306e+02 3.775386729730116258e+03 2.282940000000000000e+19 -1.166835650801658630e-01 -9.953603148460388184e-02
4.266299131057882732e+03 -2.386498800744584798e+02 3.770673002742143581e+03 2.283140000000000000e+19 5.916679278016090393e-02 -7.611496746540069580e-02
4.270907308254817508e+03 -2.306008017418085387e+02 3.765954191047008408e+03 2.283340000000000000e+19 1.532885804772377014e-02 -4.890942573547363281e-02
4.275495063147583096e+03 -2.225430313331072227e+02 3.761230317162071515e+03 2.283540000000000000e+19 1.135085802525281906e-02 9.709241800010204315e-03
4.279682806446176983e+03 -2.151492487830923892e+02 3.756895735694641644e+03 2.283740000000000000e+19 1.388237178325653076e-01 2.102707512676715851e-02
4.293641421884663941e+03 -1.902258010574779235e+02 3.742284652377681596e+03 2.283940000000000000e+19 3.095647506415843964e-02 9.026117622852325439e-03
4.298126737751472319e+03 -1.821251497545796099e+02 3.737535807264697269e+03 2.284140000000000000e+19 -5.778985098004341125e-03 9.219843894243240356e-02
4.302591501111342950e+03 -1.740160382544046911e+02 3.732782035898632785e+03 2.284340000000000000e+19 -3.387296199798583984e-02 -5.069815739989280701e-02
4.307035690457174496e+03 -1.658985056192356069e+02 3.728023361178810774e+03 2.284540000000000000e+19 4.374980926513671875e-02 -3.044465370476245880e-02
4.311459284628638670e+03 -1.577725904995571113e+02 3.723259805762993437e+03 2.284740000000000000e+19 -3.382682055234909058e-02 -1.394319161772727966e-02
4.315862262424459004e+03 -1.496383318403410669e+02 3.718491392481417734e+03 2.284940000000000000e+19 -6.584808975458145142e-02 -1.129803657531738281e-01
4.320244602711980406e+03 -1.414957686834061121e+02 3.713718144220932118e+03 2.285140000000000000e+19 -1.867769844830036163e-02 6.682195514440536499e-02
4.324243863887415500e+03 -1.340245951580146766e+02 3.709338499712232533e+03 2.285340000000000000e+19 6.845504790544509888e-02 -2.492648735642433167e-02
4.293641421884663941e+03 -1.902258010574779235e+02 3.742284652377681596e+03 2.285540000000000000e+19 -7.726402580738067627e-02 6.492827832698822021e-02
4.298126737751472319e+03 -1.821251497545796099e+02 3.737535807264697269e+03 2.285740000000000000e+19 -3.599660098552703857e-02 -3.454174101352691650e-02
4.302591501111342950e+03 -1.740160382544046911e+02 3.732782035898632785e+03 2.285940000000000000e+19 -4.278439655900001526e-02 -8.423398435115814209e-02
4.307035690457174496e+03 -1.658985056192356069e+02 3.728023361178810774e+03 2.286140000000000000e+19 1.794390380382537842e-02 -1.454071793705224991e-02
4.311459284628638670e+03 -1.577725904995571113e+02 3.723259805762993437e+03 2.286340000000000000e+19 3.291846066713333130e-02 -4.385299980640411377e-02
4.315862262424459004e+03 -1.496383318403410669e+02 3.718491392481417734e+03 2.286540000000000000e+19 -2.178396657109260559e-02 2.357489243149757385e-02
4.320244602711980406e+03 -1.414957686834061121e+02 3.713718144220932118e+03 2.286740000000000000e+19 7.949344068765640259e-02 6.724044680595397949e-02
4.324243863887415500e+03 -1.340245951580146766e+02 3.709338499712232533e+03 2.286940000000000000e+19 -3.425295650959014893e-02 -5.745876207947731018e-02
4.337567171316821259e+03 -1.088432501001967694e+02 3.694577258057548988e+03 2.287140000000000000e+19 3.348794579505920410e-02 7.265249639749526978e-02
4.341846011712489599e+03 -1.006597492842950317e+02 3.689780177732101492e+03 2.287340000000000000e+19 -1.240670215338468552e-02 -1.929627917706966400e-02
4.346104090250293666e+03 -9.246817837001434270e+01 3.684978399832508785e+03 2.287540000000000000e+19 3.355390578508377075e-02 -6.012257561087608337e-02
4.350341386656178656e+03 -8.426857636041079047e+01 3.680171947221793289e+03 2.287740000000000000e+19 1.168623752892017365e-02 -3.186635731253772974e-04
4.354557880533464413e+03 -7.606098272507813363e+01 3.675360843036286042e+03 2.287940000000000000e+19 2.746247453615069389e-03 5.490285530686378479e-02
4.358753551820654138e+03 -6.784543651490665184e+01 3.670545110166655832e+03 2.288140000000000000e+19 1.581629179418087006e-02 -3.043769672513008118e-02
4.362928380321654004e+03 -5.962197727614608311e+01 3.665724771793936725e+03 2.288340000000000000e+19 -3.023718297481536865e-02 -8.704502135515213013e-02
4.366737245523975616e+03 -5.207698812006702127e+01 3.661302160131725032e+03 2.288540000000000000e+19 6.615807861089706421e-02 1.304481178522109985e-01
4.337567171316821259e+03 -1.088432501001967694e+02 3.694577258057548988e+03 2.288740000000000000e+19 -5.593468621373176575e-02 6.199622899293899536e-02
4.341846011712489599e+03 -1.006597492842950317e+02 3.689780177732101492e+03 2.288940000000000000e+19 -5.109760910272598267e-02 8.746405690908432007e-02
4.346104090250293666e+03 -9.246817837001434270e+01 3.684978399832508785e+03 2.289140000000000000e+19 -6.428487598896026611e-03 -5.351069197058677673e-02
4.350341386656178656e+03 -8.426857636041079047e+01 3.680171947221793289e+03 2.289340000000000000e+19 -3.245889768004417419e-02 3.333196789026260376e-02
4.354557880533464413e+03 -7.606098272507813363e+01 3.675360843036286042e+03 2.289540000000000000e+19 -6.544904410839080811e-02 -3.273934125900268555e-02
4.358753551820654138e+03 -6.784543651490665184e+01 3.670545110166655832e+03 2.289740000000000000e+19 2.035835571587085724e-02 1.280945837497711182e-01
4.362928380321654004e+03 -5.962197727614608311e+01 3.665724771793936725e+03 2.289940000000000000e+19 -8.532158285379409790e-02 -3.514031693339347839e-02
4.366737245523975616e+03 -5.207698812006702127e+01 3.661302160131725032e+03 2.290140000000000000e+19 -7.983355224132537842e-02 6.588604301214218140e-03
4.379418869083492609e+03 -2.664979630201151650e+01 3.646397824155581475e+03 2.290340000000000000e+19 9.600664675235748291e-02 -1.994885504245758057e-03
4.383489186278483430e+03 -1.838736237095131187e+01 3.641554804368356145e+03 2.290540000000000000e+19 3.824085369706153870e-02 2.267280407249927521e-02
4.387538542339658306e+03 -1.011725204791602550e+01 3.636707317784787847e+03 2.290740000000000000e+19 -3.015484660863876343e-02 -3.244675323367118835e-02
4.391566917958158228e+03 -1.839504767369864568e+00 3.631855387519206943e+03 2.290940000000000000e+19 1.477665640413761139e-02 1.867183484137058258e-02
4.395574293826877692e+03 6.445839798012505284e+00 3.626999036825407529e+03 2.291140000000000000e+19 1.270189732313156128e-01 -3.674050793051719666e-02
4.399560650698078462e+03 1.473874185236080869e+01 3.622138289029247062e+03 2.291340000000000000e+19 3.867777436971664429e-02 2.575960382819175720e-02
4.403525969605426326e+03 2.303916193900778353e+01 3.617273167257598288e+03 2.291540000000000000e+19 2.849991433322429657e-02 -6.630352139472961426e-02
4.407142615473375372e+03 3.065435473695762525e+01 3.612809705664971716e+03 2.291740000000000000e+19 1.835970766842365265e-02 6.426415592432022095e-02
4.379418869083492609e+03 -2.664979630201151650e+01 3.646397824155581475e+03 2.291940000000000000e+19 -5.049657449126243591e-02 -1.312738656997680664e-02
4.383489186278483430e+03 -1.838736237095131187e+01 3.641554804368356145e+03 2.292140000000000000e+19 -4.860532656311988831e-02 -1.339580863714218140e-02
4.387538542339658306e+03 -1.011725204791602550e+01 3.636707317784787847e+03 2.292340000000000000e+19 2.075577341020107269e-02 -2.994042076170444489e-02
4.391566917958158228e+03 -1.839504767369864568e+00 3.631855387519206943e+03 2.292540000000000000e+19 -8.131825365126132965e-03 -4.348979517817497253e-02
4.395574293826877692e+03 6.445839798012505284e+00 3.626999036825407529e+03 2.292740000000000000e+19 -9.921052306890487671e-02 8.745050989091396332e-03
4.399560650698078462e+03 1.473874185236080869e+01 3.622138289029247062e+03 2.292940000000000000e+19 -6.762115657329559326e-02 -3.077135421335697174e-02
4.403525969605426326e+03 2.303916193900778353e+01 3.617273167257598288e+03 2.293140000000000000e+19 7.202341407537460327e-02 9.815696626901626587e-02
4.407142615473375372e+03 3.065435473695762525e+01 3.612809705664971716e+03 2.293340000000000000e+19 -1.029523741453886032e-02 -5.921314284205436707e-02
