# Baseline: 6-22
# u [m], v [m], w [m], frequency [GHz], real, imag
4.816968605647853678e+02 6.070738549788467253e+02 5.583776386510618295e+02 2.267940000000000000e+19 -1.282447919948026538e-05 1.183270593173801899e-03
4.811668392957593028e+02 6.079813332842037426e+02 5.578470125065459797e+02 2.268140000000000000e+19 -1.936441636644303799e-03 -3.108940320089459419e-03
4.806345195979354230e+02 6.088878101390431539e+02 5.573169757483906324e+02 2.268340000000000000e+19 7.316774688661098480e-03 -3.325070487335324287e-03
4.800999040151673398e+02 6.097932812115243451e+02 5.567875309095143166e+02 2.268540000000000000e+19 -4.197922535240650177e-03 1.637872657738626003e-03
4.795629951059408427e+02 6.106977421682792055e+02 5.562586805237120871e+02 2.268740000000000000e+19 3.742198925465345383e-03 -2.903482876718044281e-03
4.790237954397697990e+02 6.116011886807970086e+02 5.557304271219192060e+02 2.268940000000000000e+19 -1.360185327939689159e-03 -2.276817685924470425e-04
4.784823076084296076e+02 6.125036164065550111e+02 5.552027732432457015e+02 2.269140000000000000e+19 -1.064881589263677597e-02 3.617450420279055834e-04
4.779839649376158377e+02 6.133299562622457870e+02 5.547196116309826266e+02 2.269340000000000000e+19 -2.930773654952645302e-03 -1.099039334803819656e-03
4.816968605647853678e+02 6.070738549788467253e+02 5.583776386510618295e+02 2.269540000000000000e+19 1.080019748769700527e-03 -3.893600776791572571e-03
4.811668392957593028e+02 6.079813332842037426e+02 5.578470125065459797e+02 2.269740000000000000e+19 1.668788120150566101e-02 7.119932561181485653e-04
4.806345195979354230e+02 6.088878101390431539e+02 5.573169757483906324e+02 2.269940000000000000e+19 9.877068921923637390e-03 -6.316950311884284019e-04
4.800999040151673398e+02 6.097932812115243451e+02 5.567875309095143166e+02 2.270140000000000000e+19 -1.122155413031578064e-02 -1.581703661940991879e-03
4.795629951059408427e+02 6.106977421682792055e+02 5.562586805237120871e+02 2.270340000000000000e+19 -9.055225178599357605e-03 -1.261687278747558594e-02
4.790237954397697990e+02 6.116011886807970086e+02 5.557304271219192060e+02 2.270540000000000000e+19 -1.412090845406055450e-02 1.354038529098033905e-02
4.784823076084296076e+02 6.125036164065550111e+02 5.552027732432457015e+02 2.270740000000000000e+19 -4.945578519254922867e-03 -1.110377907752990723e-02
4.779839649376158377e+02 6.133299562622457870e+02 5.547196116309826266e+02 2.270940000000000000e+19 -2.029648423194885254e-02 -9.741914109326899052e-04
4.762935265072673587e+02 6.161030533349479583e+02 5.530982033066363783e+02 2.271140000000000000e+19 -3.832696937024593353e-03 5.701192654669284821e-03
4.757406368835006560e+02 6.170003225377353147e+02 5.525735848087646218e+02 2.271340000000000000e+19 1.213051611557602882e-03 9.176803752779960632e-03
4.751854748033180726e+02 6.178965471212856073e+02 5.520495809380986429e+02 2.271540000000000000e+19 1.624756306409835815e-02 -1.147240400314331055e-02
4.746280429158723564e+02 6.187917228090004755e+02 5.515261941950744813e+02 2.271740000000000000e+19 -3.736972576007246971e-04 6.097662728279829025e-03
4.740683438908342282e+02 6.196858453136870821e+02 5.510034270863041002e+02 2.271940000000000000e+19 -4.873283207416534424e-03 -1.752187311649322510e-02
4.735063804067715978e+02 6.205789103563059825e+02 5.504812821136134744e+02 2.272140000000000000e+19 -1.089048199355602264e-02 -1.166559103876352310e-02
4.729421551550846630e+02 6.214709136597851966e+02 5.499597617776597644e+02 2.272340000000000000e+19 6.368964095599949360e-04 -3.204802516847848892e-03
4.724229928038661228e+02 6.222876606315153367e+02 5.494822443083714916e+02 2.272540000000000000e+19 -1.084683742374181747e-02 -6.924770772457122803e-03
4.762935265072673587e+02 6.161030533349479583e+02 5.530982033066363783e+02 2.272740000000000000e+19 -1.343544572591781616e-03 1.774405944161117077e-03
4.757406368835006560e+02 6.170003225377353147e+02 5.525735848087646218e+02 2.272940000000000000e+19 -2.393775060772895813e-02 -5.938009358942508698e-03
4.751854748033180726e+02 6.178965471212856073e+02 5.520495809380986429e+02 2.273140000000000000e+19 -1.047120895236730576e-02 7.091953011695295572e-05
4.746280429158723564e+02 6.187917228090004755e+02 5.515261941950744813e+02 2.273340000000000000e+19 -1.183707849122583866e-03 1.268058456480503082e-02
4.740683438908342282e+02 6.196858453136870821e+02 5.510034270863041002e+02 2.273540000000000000e+19 8.942599408328533173e-03 -2.031349577009677887e-02
4.735063804067715978e+02 6.205789103563059825e+02 5.504812821136134744e+02 2.273740000000000000e+19 -1.204618718475103378e-02 1.467384770512580872e-02
4.729421551550846630e+02 6.214709136597851966e+02 5.499597617776597644e+02 2.273940000000000000e+19 -1.332771033048629761e-02 -1.269595790654420853e-02
4.724229928038661228e+02 6.222876606315153367e+02 5.494822443083714916e+02 2.274140000000000000e+19 7.911591790616512299e-03 2.081543672829866409e-03
4.706626906072951897e+02 6.250282242306928993e+02 5.478799766442602959e+02 2.274340000000000000e+19 -1.666507334448397160e-03 -2.757978066802024841e-02
4.700871972292632677e+02 6.259148549198544060e+02 5.473616168623672138e+02 2.274540000000000000e+19 -1.513536274433135986e-02 -1.284461561590433121e-02
4.695094584389633496e+02 6.268003983458166886e+02 5.468438966398641696e+02 2.274740000000000000e+19 -1.144235208630561829e-02 1.182381063699722290e-02
4.689294770113646678e+02 6.276848502551800948e+02 5.463268184634379168e+02 2.274940000000000000e+19 6.742723751813173294e-03 -8.565817028284072876e-03
4.683472557099555615e+02 6.285682064336552912e+02 5.458103847968907303e+02 2.275140000000000000e+19 6.005876231938600540e-03 -1.230730442330241203e-03
4.677627973393692287e+02 6.294504626260523992e+02 5.452945981279185617e+02 2.275340000000000000e+19 3.955459687858819962e-03 7.966254837810993195e-03
4.671761046824661321e+02 6.303316146316551567e+02 5.447794609123517375e+02 2.275540000000000000e+19 -8.167170919477939606e-03 -7.879002019762992859e-03
4.666363711062849688e+02 6.311383778509890590e+02 5.443078161101008163e+02 2.275740000000000000e+19 1.939626992680132389e-03 5.841171834617853165e-03
4.706626906072951897e+02 6.250282242306928993e+02 5.478799766442602959e+02 2.275940000000000000e+19 3.345160558819770813e-02 2.036031219176948071e-04
4.700871972292632677e+02 6.259148549198544060e+02 5.473616168623672138e+02 2.276140000000000000e+19 -8.461035788059234619e-03 -1.940754801034927368e-02
4.695094584389633496e+02 6.268003983458166886e+02 5.468438966398641696e+02 2.276340000000000000e+19 6.153847090899944305e-03 2.693185349926352501e-03
4.689294770113646678e+02 6.276848502551800948e+02 5.463268184634379168e+02 2.276540000000000000e+19 -1.287513691931962967e-02 1.114973984658718109e-02
4.683472557099555615e+02 6.285682064336552912e+02 5.458103847968907303e+02 2.276740000000000000e+19 -1.588954031467437744e-02 -3.402639646083116531e-03
4.677627973393692287e+02 6.294504626260523992e+02 5.452945981279185617e+02 2.276940000000000000e+19 2.920902101323008537e-03 1.135126501321792603e-02
4.671761046824661321e+02 6.303316146316551567e+02 5.447794609123517375e+02 2.277140000000000000e+19 -2.241147495806217194e-02 -2.060913108289241791e-02
4.666363711062849688e+02 6.311383778509890590e+02 5.443078161101008163e+02 2.277340000000000000e+19 5.066253244876861572e-03 2.812661230564117432e-02
4.648070475477350101e+02 6.338450964651241293e+02 5.427254558793711112e+02 2.277540000000000000e+19 1.575525663793087006e-02 -8.245365694165229797e-03
4.642092258073214452e+02 6.347206643610438732e+02 5.422136028640699124e+02 2.277740000000000000e+19 -2.118618693202733994e-03 1.147645292803645134e-03
4.636091867974191700e+02 6.355951028330887311e+02 5.417024140559263969e+02 2.277940000000000000e+19 -2.599264495074748993e-02 2.528481930494308472e-02
4.630069333750294049e+02 6.364684077177441850e+02 5.411918918888912913e+02 2.278140000000000000e+19 3.347167745232582092e-03 -1.933455839753150940e-02
4.624024684391660571e+02 6.373405748112703577e+02 5.406820388204112078e+02 2.278340000000000000e+19 -2.477960288524627686e-02 3.484864719212055206e-04
4.617957948658013265e+02 6.382115999640069504e+02 5.401728572762997374e+02 2.278540000000000000e+19 1.650334917940199375e-03 2.619547769427299500e-03
4.611869155752236225e+02 6.390814789831873668e+02 5.396643497075511959e+02 2.278740000000000000e+19 1.607091538608074188e-02 1.285029854625463486e-02
4.606268690453019303e+02 6.398778724016028718e+02 5.391988032613674022e+02 2.278940000000000000e+19 1.604004018008708954e-02 -2.221316285431385040e-02
4.648070475477350101e+02 6.338450964651241293e+02 5.427254558793711112e+02 2.279140000000000000e+19 -1.019893959164619446e-02 1.701359450817108154e-02
4.642092258073214452e+02 6.347206643610438732e+02 5.422136028640699124e+02 2.279340000000000000e+19 3.263508528470993042e-02 -2.392990887165069580e-02
4.636091867974191700e+02 6.355951028330887311e+02 5.417024140559263969e+02 2.279540000000000000e+19 3.469264879822731018e-02 -1.587900146842002869e-02
4.630069333750294049e+02 6.364684077177441850e+02 5.411918918888912913e+02 2.279740000000000000e+19 5.172648467123508453e-03 3.234297037124633789e-02
4.624024684391660571e+02 6.373405748112703577e+02 5.406820388204112078e+02 2.279940000000000000e+19 -3.840656578540802002e-02 4.768286645412445068e-02
4.617957948658013265e+02 6.382115999640069504e+02 5.401728572762997374e+02 2.280140000000000000e+19 1.786454953253269196e-02 4.154864326119422913e-02
4.611869155752236225e+02 6.390814789831873668e+02 5.396643497075511959e+02 2.280340000000000000e+19 6.424307823181152344e-03 2.469298616051673889e-02
4.606268690453019303e+02 6.398778724016028718e+02 5.391988032613674022e+02 2.280540000000000000e+19 4.624860826879739761e-03 -2.986737526953220367e-03
4.588324973069734938e+02 6.424053227830613650e+02 5.377213580446963306e+02 2.280740000000000000e+19 6.964692380279302597e-03 6.740835029631853104e-03
4.582129982707771774e+02 6.432696036369396779e+02 5.372161422322274120e+02 2.280940000000000000e+19 -9.125072509050369263e-03 -1.574027584865689278e-03
4.575913106530797450e+02 6.441327141661190581e+02 5.367116145363219175e+02 2.281140000000000000e+19 5.990208592265844345e-04 -4.522745439317077398e-04
4.569674374399709791e+02 6.449946502249633795e+02 5.362077773802918728e+02 2.281340000000000000e+19 2.500907517969608307e-03 -3.450800199061632156e-03
4.563413815997869278e+02 6.458554077125014601e+02 5.357046331613222492e+02 2.281540000000000000e+19 9.822546504437923431e-03 5.941595882177352905e-03
4.557131461439110467e+02 6.467149824883772453e+02 5.352021842995991392e+02 2.281740000000000000e+19 -1.465622917748987675e-03 7.862069760449230671e-04
4.550827340702030597e+02 6.475733704508880919e+02 5.347004331926967780e+02 2.281940000000000000e+19 1.287551876157522202e-02 1.820023544132709503e-02
4.545029744585360163e+02 6.483591951932471602e+02 5.342411007502917073e+02 2.282140000000000000e+19 -2.747642807662487030e-03 5.621682503260672092e-04
4.588324973069734938e+02 6.424053227830613650e+02 5.377213580446963306e+02 2.282340000000000000e+19 1.008246839046478271e-02 2.480841707438230515e-03
4.582129982707771774e+02 6.432696036369396779e+02 5.372161422322274120e+02 2.282540000000000000e+19 -5.005824379622936249e-03 -3.310260362923145294e-03
4.575913106530797450e+02 6.441327141661190581e+02 5.367116145363219175e+02 2.282740000000000000e+19 -1.163976080715656281e-02 -1.456225290894508362e-03
4.569674374399709791e+02 6.449946502249633795e+02 5.362077773802918728e+02 2.282940000000000000e+19 1.234770193696022034e-02 -1.814595074392855167e-03
4.563413815997869278e+02 6.458554077125014601e+02 5.357046331613222492e+02 2.283140000000000000e+19 7.909633219242095947e-03 1.261196797713637352e-03
4.557131461439110467e+02 6.467149824883772453e+02 5.352021842995991392e+02 2.283340000000000000e+19 1.111655309796333313e-02 -8.764496073126792908e-03
4.550827340702030597e+02 6.475733704508880919e+02 5.347004331926967780e+02 2.283540000000000000e+19 6.039812695235013962e-03 -1.927488134242594242e-03
4.545029744585360163e+02 6.483591951932471602e+02 5.342411007502917073e+02 2.283740000000000000e+19 -4.104440566152334213e-03 -1.637180708348751068e-02
4.525393801123624939e+02 6.509949720655007468e+02 5.327004543036795212e+02 2.283940000000000000e+19 3.571199951693415642e-03 -1.065273769199848175e-02
4.518981304297902284e+02 6.518473644313002069e+02 5.322022279363498001e+02 2.284140000000000000e+19 -1.482166349887847900e-03 -1.387295871973037720e-02
4.512547223780843524e+02 6.526985454333531607e+02 5.317047136739030293e+02 2.284340000000000000e+19 5.625666119158267975e-03 -4.784833174198865891e-03
4.506091590565982301e+02 6.535485109714494456e+02 5.312079139129045871e+02 2.284540000000000000e+19 8.391789160668849945e-03 -1.978758350014686584e-02
4.499614435390919311e+02 6.543972569986002554e+02 5.307118310187926227e+02 2.284740000000000000e+19 1.188588608056306839e-02 1.032052747905254364e-02
4.493115789298411187e+02 6.552447794469981091e+02 5.302164673691545431e+02 2.284940000000000000e+19 1.741347135975956917e-03 2.294160053133964539e-02
4.486595683479977197e+02 6.560910742488243841e+02 5.297218253415639992e+02 2.285140000000000000e+19 3.516127588227391243e-03 1.226263213902711868e-02
4.480600367071465371e+02 6.568657783086996460e+02 5.292690301794158358e+02 2.285340000000000000e+19 1.916215056553483009e-03 7.144768023863434792e-04
4.525393801123624939e+02 6.509949720655007468e+02 5.327004543036795212e+02 2.285540000000000000e+19 7.118906069081276655e-05 7.366098929196596146e-03
4.518981304297902284e+02 6.518473644313002069e+02 5.322022279363498001e+02 2.285740000000000000e+19 -1.329578459262847900e-02 -2.496456028893589973e-03
4.512547223780843524e+02 6.526985454333531607e+02 5.317047136739030293e+02 2.285940000000000000e+19 -2.141603268682956696e-02 -1.342597324401140213e-02
4.506091590565982301e+02 6.535485109714494456e+02 5.312079139129045871e+02 2.286140000000000000e+19 7.036867318674921989e-04 2.254908904433250427e-02
4.499614435390919311e+02 6.543972569986002554e+02 5.307118310187926227e+02 2.286340000000000000e+19 4.317153710871934891e-03 1.260526012629270554e-03
4.493115789298411187e+02 6.552447794469981091e+02 5.302164673691545431e+02 2.286540000000000000e+19 -4.495526198297739029e-03 2.078593679470941424e-04
4.486595683479977197e+02 6.560910742488243841e+02 5.297218253415639992e+02 2.286740000000000000e+19 -5.768072442151606083e-04 1.869967766106128693e-02
4.480600367071465371e+02 6.568657783086996460e+02 5.292690301794158358e+02 2.286940000000000000e+19 7.024324033409357071e-03 -5.112324841320514679e-03
4.460301287810282815e+02 6.594638961735853400e+02 5.277505206871232986e+02 2.287140000000000000e+19 1.596684753894805908e-02 -1.226032525300979614e-02
4.453674353079858861e+02 6.603039921587801473e+02 5.272595221793222890e+02 2.287340000000000000e+19 -4.829064477235078812e-03 -3.834161441773176193e-03
4.447026147381679948e+02 6.611428362854379657e+02 5.267692594446596104e+02 2.287540000000000000e+19 1.269984524697065353e-02 -4.333917051553726196e-03
4.440356702370389144e+02 6.619804245595308885e+02 5.262797348174443641e+02 2.287740000000000000e+19 -2.746654115617275238e-02 -1.155521534383296967e-02
4.433666050149989246e+02 6.628167529492405947e+02 5.257909506540516986e+02 2.287940000000000000e+19 -4.095197468996047974e-02 2.135730162262916565e-02
4.426954222554040825e+02 6.636518174754058919e+02 5.253029092800551325e+02 2.288140000000000000e+19 3.504647407680749893e-03 1.813188008964061737e-02
4.420221251890534973e+02 6.644856141183857972e+02 5.248156130446801626e+02 2.288340000000000000e+19 1.532491855323314667e-02 -1.922434940934181213e-02
4.414031084262176705e+02 6.652488267597918821e+02 5.243695718484839290e+02 2.288540000000000000e+19 4.594136960804462433e-03 1.313333678990602493e-02
4.460301287810282815e+02 6.594638961735853400e+02 5.277505206871232986e+02 2.288740000000000000e+19 -2.161268889904022217e-02 -1.123240217566490173e-02
4.453674353079858861e+02 6.603039921587801473e+02 5.272595221793222890e+02 2.288940000000000000e+19 -2.206174097955226898e-02 -2.972184447571635246e-03
4.447026147381679948e+02 6.611428362854379657e+02 5.267692594446596104e+02 2.289140000000000000e+19 -1.826346293091773987e-02 2.547249197959899902e-02
4.440356702370389144e+02 6.619804245595308885e+02 5.262797348174443641e+02 2.289340000000000000e+19 -2.601403370499610901e-02 -5.292069166898727417e-03
4.433666050149989246e+02 6.628167529492405947e+02 5.257909506540516986e+02 2.289540000000000000e+19 3.478339174762368202e-03 -3.630714491009712219e-02
4.426954222554040825e+02 6.636518174754058919e+02 5.253029092800551325e+02 2.289740000000000000e+19 -1.474591903388500214e-02 5.371751729398965836e-03
4.420221251890534973e+02 6.644856141183857972e+02 5.248156130446801626e+02 2.289940000000000000e+19 -2.783050760626792908e-02 1.211389340460300446e-02
4.414031084262176705e+02 6.652488267597918821e+02 5.243695718484839290e+02 2.290140000000000000e+19 1.758978702127933502e-02 -1.923547126352787018e-02
4.393078583371439549e+02 6.678080422856672840e+02 5.228739259938413397e+02 2.290340000000000000e+19 4.011970758438110352e-02 -3.717151936143636703e-03
4.386240382206778463e+02 6.686354398437200643e+02 5.223903903235317330e+02 2.290540000000000000e+19 9.389513172209262848e-03 -5.535718519240617752e-03
4.379381232774865680e+02 6.694615456741711341e+02 5.219076137269357787e+02 2.290740000000000000e+19 4.175901121925562620e-04 2.313168486580252647e-03
4.372501167782097014e+02 6.702863558378656990e+02 5.214255985060950707e+02 2.290940000000000000e+19 -1.599359698593616486e-02 4.459103569388389587e-03
4.365600220202273363e+02 6.711098663817132319e+02 5.209443469711746957e+02 2.291140000000000000e+19 -7.548174355179071426e-03 -4.619012586772441864e-03
4.358678423181970061e+02 6.719320733502839857e+02 5.204638614336864748e+02 2.291340000000000000e+19 -5.672307685017585754e-03 7.163446862250566483e-03
4.351735809654456375e+02 6.727529728316343380e+02 5.199841441797100288e+02 2.291540000000000000e+19 3.072080016136169434e-02 -9.420502465218305588e-04
4.345353754231098833e+02 6.735043286877173614e+02 5.195450704790640657e+02 2.291740000000000000e+19 1.401030924171209335e-02 -1.260669319890439510e-03
4.393078583371439549e+02 6.678080422856672840e+02 5.228739259938413397e+02 2.291940000000000000e+19 4.449010360985994339e-03 -3.652054583653807640e-03
4.386240382206778463e+02 6.686354398437200643e+02 5.223903903235317330e+02 2.292140000000000000e+19 6.080640945583581924e-03 -2.074948512017726898e-03
4.379381232774865680e+02 6.694615456741711341e+02 5.219076137269357787e+02 2.292340000000000000e+19 1.696646912023425102e-03 2.017807960510253906e-02
4.372501167782097014e+02 6.702863558378656990e+02 5.214255985060950707e+02 2.292540000000000000e+19 -2.805690513923764229e-03 2.341420389711856842e-02
4.365600220202273363e+02 6.711098663817132319e+02 5.209443469711746957e+02 2.292740000000000000e+19 4.087798297405242920e-03 -7.154983002692461014e-03
4.358678423181970061e+02 6.719320733502839857e+02 5.204638614336864748e+02 2.292940000000000000e+19 -1.361436676234006882e-02 1.825312525033950806e-02
4.351735809654456375e+02 6.727529728316343380e+02 5.199841441797100288e+02 2.293140000000000000e+19 -5.160147789865732193e-03 -2.088173292577266693e-02
4.345353754231098833e+02 6.735043286877173614e+02 5.195450704790640657e+02 2.293340000000000000e+19 1.338640414178371429e-02 1.362198381684720516e-03
