# Baseline: 5-21
# u [m], v [m], w [m], frequency [GHz], real, imag
1.677527111600099715e+03 -6.863968142676304751e+02 1.589788474139447317e+03 2.267940000000000000e+19 -9.001241624355316162e-02 2.970303297042846680e-01
1.680576156103123139e+03 -6.832309817196278345e+02 1.587930854430668205e+03 2.268140000000000000e+19 3.339346647262573242e-01 -3.456500917673110962e-02
1.683617163399257834e+03 -6.800593959921942542e+02 1.586069876873975545e+03 2.268340000000000000e+19 -1.704483330249786377e-01 3.177317082881927490e-01
1.686650118956295046e+03 -6.768820722416639910e+02 1.584205550362589292e+03 2.268540000000000000e+19 3.212884068489074707e-01 -6.070323586463928223e-01
1.688919795379949846e+03 -6.744955014437738328e+02 1.582805217240420461e+03 2.268740000000000000e+19 -1.537101715803146362e-01 8.738616853952407837e-02
1.692691816831536698e+03 -6.705102715217451532e+02 1.580466886180272695e+03 2.268940000000000000e+19 2.577618658542633057e-01 -1.042764425277709961e+00
1.695700530172891604e+03 -6.673158251128816119e+02 1.578592566440787778e+03 2.269140000000000000e+19 -2.817946672439575195e-01 -3.404575288295745850e-01
1.699450345427690308e+03 -6.633150146540035621e+02 1.576245142369480618e+03 2.269340000000000000e+19 3.486996293067932129e-01 5.674862489104270935e-02
1.677527111600099715e+03 -6.863968142676304751e+02 1.589788474139447317e+03 2.269540000000000000e+19 2.079811394214630127e-01 -2.097074687480926514e-01
1.680576156103123139e+03 -6.832309817196278345e+02 1.587930854430668205e+03 2.269740000000000000e+19 -2.780484966933727264e-02 3.310786932706832886e-02
1.683617163399257834e+03 -6.800593959921942542e+02 1.586069876873975545e+03 2.269940000000000000e+19 8.897349983453750610e-02 -1.443224959075450897e-02
1.686650118956295046e+03 -6.768820722416639910e+02 1.584205550362589292e+03 2.270140000000000000e+19 2.955860793590545654e-01 -4.041601419448852539e-01
1.688919795379949846e+03 -6.744955014437738328e+02 1.582805217240420461e+03 2.270340000000000000e+19 2.388444170355796814e-02 2.954869568347930908e-01
1.692691816831536698e+03 -6.705102715217451532e+02 1.580466886180272695e+03 2.270540000000000000e+19 -1.259402930736541748e-02 4.722096398472785950e-02
1.695700530172891604e+03 -6.673158251128816119e+02 1.578592566440787778e+03 2.270740000000000000e+19 -4.554115876089781523e-04 2.058820426464080811e-01
1.699450345427690308e+03 -6.633150146540035621e+02 1.576245142369480618e+03 2.270940000000000000e+19 -1.163811609148979187e-01 -8.863976597785949707e-02
1.707654144483694608e+03 -6.544814223830466062e+02 1.571062245705190207e+03 2.271140000000000000e+19 -2.140420675277709961e-01 -1.415088772773742676e-01
1.710622166778370229e+03 -6.512587442155581812e+02 1.569171450131005258e+03 2.271340000000000000e+19 -1.114249229431152344e-01 9.232758544385433197e-03
1.713582008053723257e+03 -6.480304659022067426e+02 1.567277386499932618e+03 2.271540000000000000e+19 -1.183188334107398987e-02 -2.228516340255737305e-01
1.716533654186064950e+03 -6.447966028477777627e+02 1.565380063850120450e+03 2.271740000000000000e+19 -3.209443986415863037e-01 9.445179998874664307e-02
1.719477091039339712e+03 -6.415571705399717075e+02 1.563479491268278025e+03 2.271940000000000000e+19 1.072121690958738327e-02 -5.822485685348510742e-02
1.722412304527017341e+03 -6.383121844818493855e+02 1.561575677850046077e+03 2.272140000000000000e+19 3.053534030914306641e-01 3.253922611474990845e-02
1.725339280591838133e+03 -6.350616602144465332e+02 1.559668632713259285e+03 2.272340000000000000e+19 4.333794862031936646e-02 4.222157225012779236e-02
1.728015198920619923e+03 -6.320772311864662925e+02 1.557917717725127204e+03 2.272540000000000000e+19 3.877247273921966553e-01 -1.727299839258193970e-01
1.707654144483694608e+03 -6.544814223830466062e+02 1.571062245705190207e+03 2.272740000000000000e+19 -1.131090745329856873e-01 4.215059280395507812e-01
1.710622166778370229e+03 -6.512587442155581812e+02 1.569171450131005258e+03 2.272940000000000000e+19 -1.052296012639999390e-01 -4.215842857956886292e-02
1.713582008053723257e+03 -6.480304659022067426e+02 1.567277386499932618e+03 2.273140000000000000e+19 -1.279026120901107788e-01 1.193219944834709167e-01
1.716533654186064950e+03 -6.447966028477777627e+02 1.565380063850120450e+03 2.273340000000000000e+19 3.718556836247444153e-02 -1.814435571432113647e-01
1.719477091039339712e+03 -6.415571705399717075e+02 1.563479491268278025e+03 2.273540000000000000e+19 -3.127197325229644775e-01 -9.705161303281784058e-02
1.722412304527017341e+03 -6.383121844818493855e+02 1.561575677850046077e+03 2.273740000000000000e+19 -6.672391295433044434e-02 9.922327846288681030e-02
1.725339280591838133e+03 -6.350616602144465332e+02 1.559668632713259285e+03 2.273940000000000000e+19 -8.019873499870300293e-02 1.699820458889007568e-01
1.728015198920619923e+03 -6.320772311864662925e+02 1.557917717725127204e+03 2.274140000000000000e+19 -4.509606584906578064e-02 -8.536104112863540649e-02
1.736964531223221684e+03 -6.220044923897187346e+02 1.552008317637622667e+03 2.274340000000000000e+19 1.509353369474411011e-01 -2.550481073558330536e-02
1.739850110889640746e+03 -6.187265109006956436e+02 1.550085251088755058e+03 2.274540000000000000e+19 -1.078809574246406555e-01 -2.466346509754657745e-02
1.742727369720886827e+03 -6.154430848887695902e+02 1.548159007784821597e+03 2.274740000000000000e+19 -2.207451015710830688e-01 -8.035381883382797241e-02
1.745596293897058558e+03 -6.121542301247412752e+02 1.546229596977869733e+03 2.274940000000000000e+19 6.101741269230842590e-02 -1.846323609352111816e-01
1.748456869748081999e+03 -6.088599622794030211e+02 1.544297027861194010e+03 2.275140000000000000e+19 -8.138348162174224854e-02 1.864622533321380615e-01
1.751309083494419838e+03 -6.055602972215793898e+02 1.542361309744181881e+03 2.275340000000000000e+19 1.281600594520568848e-01 -1.265227347612380981e-01
1.754152921555837793e+03 -6.022552506622636201e+02 1.540422451843545559e+03 2.275540000000000000e+19 1.447727829217910767e-01 3.880089521408081055e-02
1.756752510602097118e+03 -5.992209788398864703e+02 1.538642454925203310e+03 2.275740000000000000e+19 -8.841530233621597290e-02 -7.209884375333786011e-02
1.736964531223221684e+03 -6.220044923897187346e+02 1.552008317637622667e+03 2.275940000000000000e+19 1.085708364844322205e-01 -6.645888090133666992e-02
1.739850110889640746e+03 -6.187265109006956436e+02 1.550085251088755058e+03 2.276140000000000000e+19 -2.119503356516361237e-02 -3.430391661822795868e-03
1.742727369720886827e+03 -6.154430848887695902e+02 1.548159007784821597e+03 2.276340000000000000e+19 1.533415764570236206e-01 -8.436793833971023560e-02
1.745596293897058558e+03 -6.121542301247412752e+02 1.546229596977869733e+03 2.276540000000000000e+19 2.261210381984710693e-01 -5.163012538105249405e-03
1.748456869748081999e+03 -6.088599622794030211e+02 1.544297027861194010e+03 2.276740000000000000e+19 4.417146742343902588e-02 2.826106734573841095e-02
1.751309083494419838e+03 -6.055602972215793898e+02 1.542361309744181881e+03 2.276940000000000000e+19 -4.696079716086387634e-02 -6.395795196294784546e-02
1.754152921555837793e+03 -6.022552506622636201e+02 1.540422451843545559e+03 2.277140000000000000e+19 8.052192628383636475e-02 -7.740702480077743530e-02
1.756752510602097118e+03 -5.992209788398864703e+02 1.538642454925203310e+03 2.277340000000000000e+19 -2.631339989602565765e-02 -1.390467118471860886e-02
1.765444245159429784e+03 -5.889815663665866623e+02 1.532635808341578013e+03 2.277540000000000000e+19 6.488530337810516357e-02 3.499783203005790710e-02
1.768246001362984998e+03 -5.856498501720019476e+02 1.530681391065530761e+03 2.277740000000000000e+19 -2.641742229461669922e-01 -3.467205539345741272e-02
1.771039300777052404e+03 -5.823128478200183054e+02 1.528723889936886053e+03 2.277940000000000000e+19 5.036931484937667847e-02 -6.801230460405349731e-02
1.773824130101744004e+03 -5.789705751992983096e+02 1.526763314276010760e+03 2.278140000000000000e+19 7.513394206762313843e-02 -1.720828115940093994e-01
1.776600475932034897e+03 -5.756230483982234318e+02 1.524799673520347596e+03 2.278340000000000000e+19 6.387683562934398651e-03 1.137271709740161896e-02
1.779368325058440632e+03 -5.722702833439161623e+02 1.522832977012660876e+03 2.278540000000000000e+19 5.830376222729682922e-02 -3.684188425540924072e-02
1.782127664157661684e+03 -5.689122961752583478e+02 1.520863234219853439e+03 2.278740000000000000e+19 1.940860599279403687e-01 7.781559228897094727e-02
1.784649679980142537e+03 -5.658296335051873029e+02 1.519055007128143643e+03 2.278940000000000000e+19 2.802849113941192627e-01 3.944412991404533386e-02
1.765444245159429784e+03 -5.889815663665866623e+02 1.532635808341578013e+03 2.279140000000000000e+19 -9.296758472919464111e-02 -2.278441749513149261e-02
1.768246001362984998e+03 -5.856498501720019476e+02 1.530681391065530761e+03 2.279340000000000000e+19 2.335697039961814880e-02 1.175750270485877991e-01
1.771039300777052404e+03 -5.823128478200183054e+02 1.528723889936886053e+03 2.279540000000000000e+19 8.201521635055541992e-02 1.294932067394256592e-01
1.773824130101744004e+03 -5.789705751992983096e+02 1.526763314276010760e+03 2.279740000000000000e+19 -1.662622541189193726e-01 1.112270578742027283e-01
1.776600475932034897e+03 -5.756230483982234318e+02 1.524799673520347596e+03 2.279940000000000000e+19 -4.628978669643402100e-02 -6.311846524477005005e-02
1.779368325058440632e+03 -5.722702833439161623e+02 1.522832977012660876e+03 2.280140000000000000e+19 -6.348856538534164429e-02 1.038926169276237488e-01
1.782127664157661684e+03 -5.689122961752583478e+02 1.520863234219853439e+03 2.280340000000000000e+19 -8.596761524677276611e-02 -1.531353443861007690e-01
1.784649679980142537e+03 -5.658296335051873029e+02 1.519055007128143643e+03 2.280540000000000000e+19 -1.931409537792205811e-02 2.836171537637710571e-02
1.792626057827350451e+03 -5.559919242293375419e+02 1.513284502757885093e+03 2.280740000000000000e+19 -1.952966004610061646e-01 2.448077648878097534e-01
1.795344079918859507e+03 -5.526089235769150037e+02 1.511300169251808484e+03 2.280940000000000000e+19 3.849724680185317993e-02 -5.907663702964782715e-01
1.798053515575464417e+03 -5.492207948457522662e+02 1.509312844619310454e+03 2.281140000000000000e+19 -3.504416346549987793e-01 4.620334804058074951e-01
1.800754351783457423e+03 -5.458275543096164029e+02 1.507322538405857586e+03 2.281340000000000000e+19 9.748750017024576664e-04 -2.760080993175506592e-01
1.803446575692704528e+03 -5.424292181131787629e+02 1.505329260081114626e+03 2.281540000000000000e+19 -1.210500150918960571e-01 5.508331060409545898e-01
1.806130174353225584e+03 -5.390258026027937603e+02 1.503333019232964034e+03 2.281740000000000000e+19 -3.850718438625335693e-01 -2.033164054155349731e-01
1.808805134959578936e+03 -5.356173240189965554e+02 1.501333825387139996e+03 2.281940000000000000e+19 -6.693750037811696529e-04 5.724732279777526855e-01
1.811249693216970172e+03 -5.324885155762492559e+02 1.499498682456189727e+03 2.282140000000000000e+19 -1.453329324722290039e-01 -4.295340478420257568e-01
1.792626057827350451e+03 -5.559919242293375419e+02 1.513284502757885093e+03 2.282340000000000000e+19 -1.410332024097442627e-01 1.849877238273620605e-01
1.795344079918859507e+03 -5.526089235769150037e+02 1.511300169251808484e+03 2.282540000000000000e+19 1.066985428333282471e-01 -1.817798614501953125e-01
1.798053515575464417e+03 -5.492207948457522662e+02 1.509312844619310454e+03 2.282740000000000000e+19 -8.157409727573394775e-02 1.992078870534896851e-01
1.800754351783457423e+03 -5.458275543096164029e+02 1.507322538405857586e+03 2.282940000000000000e+19 1.210334822535514832e-01 -2.546124756336212158e-01
1.803446575692704528e+03 -5.424292181131787629e+02 1.505329260081114626e+03 2.283140000000000000e+19 2.621160075068473816e-02 2.400690615177154541e-01
1.806130174353225584e+03 -5.390258026027937603e+02 1.503333019232964034e+03 2.283340000000000000e+19 8.092878013849258423e-02 -1.460554152727127075e-01
1.808805134959578936e+03 -5.356173240189965554e+02 1.501333825387139996e+03 2.283540000000000000e+19 -3.422994539141654968e-02 7.753895968198776245e-02
1.811249693216970172e+03 -5.324885155762492559e+02 1.499498682456189727e+03 2.283740000000000000e+19 -3.141974210739135742e-01 2.220664173364639282e-02
1.819418341347292653e+03 -5.219331056597299039e+02 1.493307711653036449e+03 2.283940000000000000e+19 8.780544996261596680e-02 9.781333059072494507e-02
1.822049920412835263e+03 -5.184995569672169040e+02 1.491293896670037839e+03 2.284140000000000000e+19 -1.344306170940399170e-01 1.672715991735458374e-01
1.824672785273061208e+03 -5.150610433866069116e+02 1.489277186277369083e+03 2.284340000000000000e+19 6.776995956897735596e-03 -3.335547866299748421e-03
1.827286923293430164e+03 -5.116175814815148328e+02 1.487257590189700068e+03 2.284540000000000000e+19 -1.608640849590301514e-01 -1.953524053096771240e-01
1.829892322027116052e+03 -5.081691876474989726e+02 1.485235118023055975e+03 2.284740000000000000e+19 6.972248107194900513e-02 -2.078133262693881989e-02
1.832488968987088811e+03 -5.047158784116122092e+02 1.483209779470505282e+03 2.284940000000000000e+19 6.083156913518905640e-02 1.137237530201673508e-03
1.835076851710379515e+03 -5.012576703486352017e+02 1.481181584253029314e+03 2.285140000000000000e+19 8.205352723598480225e-02 5.970033816993236542e-04
1.837441479734285167e+03 -4.980834188707497674e+02 1.479319940203852184e+03 2.285340000000000000e+19 -1.508599668741226196e-01 6.904350128024816513e-03
1.819418341347292653e+03 -5.219331056597299039e+02 1.493307711653036449e+03 2.285540000000000000e+19 1.688929833471775055e-02 1.543824970722198486e-01
1.822049920412835263e+03 -5.184995569672169040e+02 1.491293896670037839e+03 2.285740000000000000e+19 5.726163834333419800e-02 1.966891624033451080e-02
1.824672785273061208e+03 -5.150610433866069116e+02 1.489277186277369083e+03 2.285940000000000000e+19 -9.139688313007354736e-02 -2.359095029532909393e-02
1.827286923293430164e+03 -5.116175814815148328e+02 1.487257590189700068e+03 2.286140000000000000e+19 -1.457986533641815186e-01 8.558131754398345947e-02
1.829892322027116052e+03 -5.081691876474989726e+02 1.485235118023055975e+03 2.286340000000000000e+19 2.879060804843902588e-01 -2.430112846195697784e-02
1.832488968987088811e+03 -5.047158784116122092e+02 1.483209779470505282e+03 2.286540000000000000e+19 9.933103621006011963e-02 1.192580759525299072e-01
1.835076851710379515e+03 -5.012576703486352017e+02 1.481181584253029314e+03 2.286740000000000000e+19 -1.217549666762351990e-01 -1.899597197771072388e-01
1.837441479734285167e+03 -4.980834188707497674e+02 1.479319940203852184e+03 2.286940000000000000e+19 3.406297042965888977e-02 -1.584268212318420410e-01
1.845340493468190061e+03 -4.873761807810210485e+02 1.473040430833782921e+03 2.287140000000000000e+19 -6.970779597759246826e-02 8.249559253454208374e-02
1.847884370229319529e+03 -4.838937270955889289e+02 1.470998098039877959e+03 2.287340000000000000e+19 1.598667055368423462e-01 -7.946576923131942749e-02
1.850419409076205966e+03 -4.804064742328264970e+02 1.468952967023207520e+03 2.287540000000000000e+19 5.989779904484748840e-02 -8.075521886348724365e-02
1.852945597938701439e+03 -4.769144387968273691e+02 1.466905047521396455e+03 2.287740000000000000e+19 -3.621143847703933716e-02 -2.637795507907867432e-01
1.855462924656730365e+03 -4.734176375968451680e+02 1.464854349392307086e+03 2.287940000000000000e+19 1.441316306591033936e-01 -1.101317480206489563e-01
1.857971377253176797e+03 -4.699160872703046721e+02 1.462800882392921949e+03 2.288140000000000000e+19 2.504116622731089592e-03 8.208100497722625732e-02
1.860470943653448558e+03 -4.664098046722340882e+02 1.460744656407826369e+03 2.288340000000000000e+19 -4.872955009341239929e-02 4.343028739094734192e-02
1.862754509848520001e+03 -4.631916292035607512e+02 1.458857402134183985e+03 2.288540000000000000e+19 -2.008394151926040649e-01 -4.145523905754089355e-02
1.845340493468190061e+03 -4.873761807810210485e+02 1.473040430833782921e+03 2.288740000000000000e+19 8.095062337815761566e-03 1.348430961370468140e-01
1.847884370229319529e+03 -4.838937270955889289e+02 1.470998098039877959e+03 2.288940000000000000e+19 -2.573625147342681885e-01 -1.480275541543960571e-01
1.850419409076205966e+03 -4.804064742328264970e+02 1.468952967023207520e+03 2.289140000000000000e+19 -2.628216706216335297e-02 -8.476482331752777100e-02
1.852945597938701439e+03 -4.769144387968273691e+02 1.466905047521396455e+03 2.289340000000000000e+19 1.994599588215351105e-02 1.653032004833221436e-01
1.855462924656730365e+03 -4.734176375968451680e+02 1.464854349392307086e+03 2.289540000000000000e+19 -9.837044775485992432e-02 -8.345322310924530029e-02
1.857971377253176797e+03 -4.699160872703046721e+02 1.462800882392921949e+03 2.289740000000000000e+19 2.663046419620513916e-01 5.488083115778863430e-04
1.860470943653448558e+03 -4.664098046722340882e+02 1.460744656407826369e+03 2.289940000000000000e+19 1.759891062974929810e-01 -1.855337768793106079e-01
1.862754509848520001e+03 -4.631916292035607512e+02 1.458857402134183985e+03 2.290140000000000000e+19 5.752779170870780945e-02 7.613967359066009521e-02
1.870380109113922799e+03 -4.523376869072401405e+02 1.452492359267868096e+03 2.290340000000000000e+19 -1.607521772384643555e-01 -9.025190025568008423e-02
1.872835066143927179e+03 -4.488079948353545774e+02 1.450422486067626096e+03 2.290540000000000000e+19 8.888184279203414917e-02 5.783900246024131775e-02
1.875281065862123569e+03 -4.452736714856251297e+02 1.448349913107311522e+03 2.290740000000000000e+19 -1.511127874255180359e-02 -1.463891565799713135e-01
1.877718096605101664e+03 -4.417347337107898966e+02 1.446274650269591575e+03 2.290940000000000000e+19 -3.952837362885475159e-02 -6.467384845018386841e-02
1.880146146692770344e+03 -4.381911984718597637e+02 1.444196707500548655e+03 2.291140000000000000e+19 3.949024900794029236e-02 2.435473725199699402e-02
1.882565204462963266e+03 -4.346430827890330875e+02 1.442116094780895082e+03 2.291340000000000000e+19 -2.388813793659210205e-01 4.424266517162322998e-03
1.884975258406218700e+03 -4.310904035438490496e+02 1.440032822009957044e+03 2.291540000000000000e+19 3.735128790140151978e-02 1.535601317882537842e-01
1.887176669588409595e+03 -4.278298447136697860e+02 1.438120860992723010e+03 2.291740000000000000e+19 8.999293297529220581e-02 -1.063235476613044739e-01
1.870380109113922799e+03 -4.523376869072401405e+02 1.452492359267868096e+03 2.291940000000000000e+19 1.894077658653259277e-01 -7.549128681421279907e-02
1.872835066143927179e+03 -4.488079948353545774e+02 1.450422486067626096e+03 2.292140000000000000e+19 3.403713181614875793e-02 1.929483860731124878e-01
1.875281065862123569e+03 -4.452736714856251297e+02 1.448349913107311522e+03 2.292340000000000000e+19 -5.560765787959098816e-02 -1.887277513742446899e-01
1.877718096605101664e+03 -4.417347337107898966e+02 1.446274650269591575e+03 2.292540000000000000e+19 1.133087091147899628e-02 -1.076143905520439148e-01
1.880146146692770344e+03 -4.381911984718597637e+02 1.444196707500548655e+03 2.292740000000000000e+19 -2.333550155162811279e-01 3.407813906669616699e-01
1.882565204462963266e+03 -4.346430827890330875e+02 1.442116094780895082e+03 2.292940000000000000e+19 -2.461034953594207764e-01 1.354755759239196777e-01
1.884975258406218700e+03 -4.310904035438490496e+02 1.440032822009957044e+03 2.293140000000000000e+19 -1.711380854249000549e-02 8.223880082368850708e-02
1.887176669588409595e+03 -4.278298447136697860e+02 1.438120860992723010e+03 2.293340000000000000e+19 2.428423166275024414e-01 -1.443915162235498428e-02
