# Baseline: 12-23
# u [m], v [m], w [m], frequency [GHz], real, imag
2.984247599573730895e+03 -9.965869344372875958e+02 2.860796410104109327e+03 2.267940000000000000e+19 3.436736762523651123e-02 -6.554640084505081177e-02
2.989283996507061147e+03 -9.909555037687657659e+02 2.857492560146853975e+03 2.268140000000000000e+19 4.042691551148891449e-03 1.094377879053354263e-02
2.994306098229908912e+03 -9.853145704026654812e+02 2.854183165280908270e+03 2.268340000000000000e+19 -7.627672981470823288e-03 2.578445971012115479e-01
2.999313880742921356e+03 -9.796641612958035239e+02 2.850868241321170444e+03 2.268540000000000000e+19 4.449998214840888977e-02 -1.215045899152755737e-01
3.003060755065499052e+03 -9.754204468516796851e+02 2.848378601305884786e+03 2.268740000000000000e+19 -1.495651248842477798e-02 1.496813297271728516e-01
3.009286392343597981e+03 -9.683350240700082168e+02 2.844221869603863979e+03 2.268940000000000000e+19 -1.234451159834861755e-01 -5.075242742896080017e-02
3.014251073601699318e+03 -9.626563502880297847e+02 2.840890453723723567e+03 2.269140000000000000e+19 1.642689108848571777e-01 5.224034935235977173e-02
3.020437237071933851e+03 -9.555452163708383750e+02 2.836718720397272591e+03 2.269340000000000000e+19 6.489016860723495483e-02 -2.079583853483200073e-01
2.984247599573730895e+03 -9.965869344372875958e+02 2.860796410104109327e+03 2.269540000000000000e+19 -1.589653491973876953e-01 -2.395749241113662720e-01
2.989283996507061147e+03 -9.909555037687657659e+02 2.857492560146853975e+03 2.269740000000000000e+19 9.170922636985778809e-02 3.010172769427299500e-02
2.994306098229908912e+03 -9.853145704026654812e+02 2.854183165280908270e+03 2.269940000000000000e+19 -1.002589017152786255e-01 8.885052800178527832e-02
2.999313880742921356e+03 -9.796641612958035239e+02 2.850868241321170444e+03 2.270140000000000000e+19 -1.846908591687679291e-02 1.130709610879421234e-02
3.003060755065499052e+03 -9.754204468516796851e+02 2.848378601305884786e+03 2.270340000000000000e+19 -8.972231298685073853e-03 -8.606931567192077637e-02
3.009286392343597981e+03 -9.683350240700082168e+02 2.844221869603863979e+03 2.270540000000000000e+19 7.078719139099121094e-02 1.076252087950706482e-01
3.014251073601699318e+03 -9.626563502880297847e+02 2.840890453723723567e+03 2.270740000000000000e+19 1.255553364753723145e-01 -3.346358239650726318e-02
3.020437237071933851e+03 -9.555452163708383750e+02 2.836718720397272591e+03 2.270940000000000000e+19 -3.854958340525627136e-04 1.525207608938217163e-01
3.033965415495309117e+03 -9.398482545141101809e+02 2.827510295221479282e+03 2.271140000000000000e+19 -9.153471887111663818e-02 7.916634529829025269e-02
3.038857787231582734e+03 -9.341230168705948245e+02 2.824151711904392414e+03 2.271340000000000000e+19 5.643219128251075745e-02 -1.708599179983139038e-02
3.043735626477138794e+03 -9.283885485553839771e+02 2.820787743263003449e+03 2.271540000000000000e+19 1.992050856351852417e-01 4.253203049302101135e-02
3.048598909956051102e+03 -9.226448769323609440e+02 2.817418405349591012e+03 2.271740000000000000e+19 -1.457504779100418091e-01 -9.183806926012039185e-02
3.053447614377036643e+03 -9.168920295092641481e+02 2.814043714300681131e+03 2.271940000000000000e+19 -4.707330372184514999e-03 -6.591249984921887517e-05
3.058281716535444048e+03 -9.111300338176931746e+02 2.810663686266652803e+03 2.272140000000000000e+19 3.070899983868002892e-03 4.783918615430593491e-03
3.063101193279905601e+03 -9.053589174532500010e+02 2.807278337435295725e+03 2.272340000000000000e+19 -4.749492183327674866e-02 -8.247926831245422363e-02
3.067506366059395532e+03 -9.000608541654287365e+02 2.804170507979985814e+03 2.272540000000000000e+19 1.177252307534217834e-01 2.896243706345558167e-02
3.033965415495309117e+03 -9.398482545141101809e+02 2.827510295221479282e+03 2.272740000000000000e+19 -5.617509409785270691e-02 -5.960067361593246460e-02
3.038857787231582734e+03 -9.341230168705948245e+02 2.824151711904392414e+03 2.272940000000000000e+19 -1.192113943397998810e-02 -4.023626912385225296e-03
3.043735626477138794e+03 -9.283885485553839771e+02 2.820787743263003449e+03 2.273140000000000000e+19 1.018680036067962646e-01 1.056277006864547729e-01
3.048598909956051102e+03 -9.226448769323609440e+02 2.817418405349591012e+03 2.273340000000000000e+19 -9.797478467226028442e-02 1.239485219120979309e-01
3.053447614377036643e+03 -9.168920295092641481e+02 2.814043714300681131e+03 2.273540000000000000e+19 1.036475878208875656e-02 1.450747810304164886e-02
3.058281716535444048e+03 -9.111300338176931746e+02 2.810663686266652803e+03 2.273740000000000000e+19 -8.638440072536468506e-02 1.060901861637830734e-02
3.063101193279905601e+03 -9.053589174532500010e+02 2.807278337435295725e+03 2.273940000000000000e+19 3.494589589536190033e-03 6.716867536306381226e-02
3.067506366059395532e+03 -9.000608541654287365e+02 2.804170507979985814e+03 2.274140000000000000e+19 -8.480650186538696289e-02 -7.257804274559020996e-02
3.082232386143429721e+03 -8.821837979776109933e+02 2.793684058355909656e+03 2.274340000000000000e+19 5.436650011688470840e-03 -2.410526946187019348e-02
3.086978391318519243e+03 -8.763674933228999180e+02 2.790272349018504428e+03 2.274540000000000000e+19 8.043694496154785156e-02 -1.872234605252742767e-02
3.091709633811469303e+03 -8.705422342789341883e+02 2.786855416424014493e+03 2.274740000000000000e+19 1.257963329553604126e-01 1.044277250766754150e-01
3.096426090897427002e+03 -8.647080488253308204e+02 2.783433276984497297e+03 2.274940000000000000e+19 8.855179697275161743e-02 2.268865332007408142e-02
3.101127740103030192e+03 -8.588649647609285012e+02 2.780005947005838607e+03 2.275140000000000000e+19 -4.350469261407852173e-02 -6.346710771322250366e-02
3.105814558780211883e+03 -8.530130102324508243e+02 2.776573442997834718e+03 2.275340000000000000e+19 -6.461694836616516113e-03 5.147149786353111267e-03
3.110486524613661913e+03 -8.471522131033242431e+02 2.773135781303978547e+03 2.275540000000000000e+19 -1.228779032826423645e-01 -1.916276365518569946e-01
3.114756282621815899e+03 -8.417721836992071758e+02 2.769980139903309919e+03 2.275740000000000000e+19 4.198571667075157166e-02 1.714304536581039429e-01
3.082232386143429721e+03 -8.821837979776109933e+02 2.793684058355909656e+03 2.275940000000000000e+19 5.587036162614822388e-02 -2.350225485861301422e-02
3.086978391318519243e+03 -8.763674933228999180e+02 2.790272349018504428e+03 2.276140000000000000e+19 -6.303768604993820190e-02 -6.079210434108972549e-03
3.091709633811469303e+03 -8.705422342789341883e+02 2.786855416424014493e+03 2.276340000000000000e+19 -3.556321561336517334e-02 -5.396264046430587769e-02
3.096426090897427002e+03 -8.647080488253308204e+02 2.783433276984497297e+03 2.276540000000000000e+19 1.197244673967361450e-01 -8.231103420257568359e-02
3.101127740103030192e+03 -8.588649647609285012e+02 2.780005947005838607e+03 2.276740000000000000e+19 -3.482023999094963074e-02 3.546212613582611084e-02
3.105814558780211883e+03 -8.530130102324508243e+02 2.776573442997834718e+03 2.276940000000000000e+19 -2.736956346780061722e-03 -2.858555130660533905e-02
3.110486524613661913e+03 -8.471522131033242431e+02 2.773135781303978547e+03 2.277140000000000000e+19 2.738778293132781982e-02 7.085075974464416504e-02
3.114756282621815899e+03 -8.417721836992071758e+02 2.769980139903309919e+03 2.277340000000000000e+19 3.220135346055030823e-02 -1.534539624117314816e-03
3.129025413076858968e+03 -8.236211605850382966e+02 2.759333887312989191e+03 2.277540000000000000e+19 -3.334403783082962036e-02 -3.833647444844245911e-02
3.133622780588306796e+03 -8.177165722013974118e+02 2.755870684564704788e+03 2.277740000000000000e+19 3.225616645067930222e-03 -4.298941791057586670e-02
3.138205162092871433e+03 -8.118033102392589626e+02 2.752402423268787061e+03 2.277940000000000000e+19 -4.627294093370437622e-02 5.222836509346961975e-02
3.142772535772217452e+03 -8.058814028537786953e+02 2.748929119938876283e+03 2.278140000000000000e+19 -2.195657417178153992e-02 -2.759448625147342682e-02
3.147324879640881136e+03 -7.999508785506831146e+02 2.745450791294088958e+03 2.278340000000000000e+19 -9.415501356124877930e-02 4.899682849645614624e-02
3.151862172039423058e+03 -7.940117655466759743e+02 2.741967453883890812e+03 2.278540000000000000e+19 -6.675965338945388794e-02 1.312001701444387436e-02
3.156384391127164236e+03 -7.880640924302937265e+02 2.738479124475693880e+03 2.278740000000000000e+19 9.072633087635040283e-02 7.379656191915273666e-03
3.160516691222758254e+03 -7.826046713383169617e+02 2.735277181154140180e+03 2.278940000000000000e+19 1.476371847093105316e-02 1.972989924252033234e-02
3.129025413076858968e+03 -8.236211605850382966e+02 2.759333887312989191e+03 2.279140000000000000e+19 -4.834412038326263428e-02 -4.514916613698005676e-02
3.133622780588306796e+03 -8.177165722013974118e+02 2.755870684564704788e+03 2.279340000000000000e+19 -9.247615188360214233e-02 1.157149299979209900e-01
3.138205162092871433e+03 -8.118033102392589626e+02 2.752402423268787061e+03 2.279540000000000000e+19 5.419875308871269226e-02 -1.011869385838508606e-01
3.142772535772217452e+03 -8.058814028537786953e+02 2.748929119938876283e+03 2.279740000000000000e+19 1.010981649160385132e-01 -4.287325963377952576e-02
3.147324879640881136e+03 -7.999508785506831146e+02 2.745450791294088958e+03 2.279940000000000000e+19 4.933667927980422974e-02 -6.927301734685897827e-02
3.151862172039423058e+03 -7.940117655466759743e+02 2.741967453883890812e+03 2.280140000000000000e+19 -2.337302081286907196e-03 -1.989448256790637970e-02
3.156384391127164236e+03 -7.880640924302937265e+02 2.738479124475693880e+03 2.280340000000000000e+19 2.363125793635845184e-02 -4.977248981595039368e-02
3.160516691222758254e+03 -7.826046713383169617e+02 2.735277181154140180e+03 2.280540000000000000e+19 2.801675908267498016e-02 1.919428631663322449e-02
3.173579538588349806e+03 -7.651858912323189088e+02 2.725061250253007074e+03 2.280740000000000000e+19 -1.111296564340591431e-01 2.392217814922332764e-01
3.178028599901779216e+03 -7.591972457745042675e+02 2.721549028353698759e+03 2.280940000000000000e+19 4.809746518731117249e-02 -2.690735161304473877e-01
3.182462462757497178e+03 -7.532002067138616894e+02 2.718031912112885493e+03 2.281140000000000000e+19 9.940871037542819977e-03 2.248940318822860718e-01
3.186881105859203217e+03 -7.471948028551991001e+02 2.714509918423884301e+03 2.281340000000000000e+19 4.654560983180999756e-02 -2.272477000951766968e-01
3.191284508183737216e+03 -7.411810627715686906e+02 2.710983064043961804e+03 2.281540000000000000e+19 3.890392556786537170e-02 2.588857114315032959e-01
3.195672648550097620e+03 -7.351590153896989932e+02 2.707451365937665287e+03 2.281740000000000000e+19 -2.052604109048843384e-01 -1.847458034753799438e-01
3.200045506019230743e+03 -7.291286894457907692e+02 2.703914840957674187e+03 2.281940000000000000e+19 4.308321699500083923e-02 1.771702319383621216e-01
3.204040710262918310e+03 -7.235937475802020344e+02 2.700668861649231076e+03 2.282140000000000000e+19 -5.179595947265625000e-02 -8.447550982236862183e-02
3.173579538588349806e+03 -7.651858912323189088e+02 2.725061250253007074e+03 2.282340000000000000e+19 -4.031776264309883118e-02 1.194834187626838684e-01
3.178028599901779216e+03 -7.591972457745042675e+02 2.721549028353698759e+03 2.282540000000000000e+19 -6.669652462005615234e-02 -1.989937871694564819e-01
3.182462462757497178e+03 -7.532002067138616894e+02 2.718031912112885493e+03 2.282740000000000000e+19 -8.727233111858367920e-02 4.008094966411590576e-02
3.186881105859203217e+03 -7.471948028551991001e+02 2.714509918423884301e+03 2.282940000000000000e+19 -9.227653592824935913e-02 5.722375586628913879e-02
3.191284508183737216e+03 -7.411810627715686906e+02 2.710983064043961804e+03 2.283140000000000000e+19 2.089635282754898071e-01 1.975948959589004517e-01
3.195672648550097620e+03 -7.351590153896989932e+02 2.707451365937665287e+03 2.283340000000000000e+19 -5.902168154716491699e-02 -6.492469459772109985e-02
3.200045506019230743e+03 -7.291286894457907692e+02 2.703914840957674187e+03 2.283540000000000000e+19 -6.390348076820373535e-02 -1.988561078906059265e-02
3.204040710262918310e+03 -7.235937475802020344e+02 2.700668861649231076e+03 2.283740000000000000e+19 -2.921514213085174561e-02 1.424573361873626709e-02
3.217383689337997566e+03 -7.049251780208462606e+02 2.689720811253836473e+03 2.283940000000000000e+19 5.508234258741140366e-03 6.496731936931610107e-02
3.221679819756140660e+03 -6.988538931160630909e+02 2.686160406336582582e+03 2.284140000000000000e+19 3.498465940356254578e-02 -8.086884766817092896e-02
3.225960542873260692e+03 -6.927745033113253612e+02 2.682595276388939055e+03 2.284340000000000000e+19 1.053581014275550842e-02 1.068214774131774902e-01
3.230225838068788107e+03 -6.866870378915747324e+02 2.679025438584445055e+03 2.284540000000000000e+19 4.231977462768554688e-02 -1.075074821710586548e-01
3.234475685034162325e+03 -6.805915258414189566e+02 2.675450909920385584e+03 2.284740000000000000e+19 -9.410763531923294067e-02 4.944185912609100342e-02
3.238710063400903437e+03 -6.744879963747154079e+02 2.671871707528348907e+03 2.284940000000000000e+19 8.844776451587677002e-02 -1.072035059332847595e-01
3.242928952845533331e+03 -6.683764787864499795e+02 2.668287848587363897e+03 2.285140000000000000e+19 1.130274236202239990e-01 -6.721281260251998901e-02
3.246782842070300831e+03 -6.627673628891201361e+02 2.664998627385641612e+03 2.285340000000000000e+19 1.619636081159114838e-02 3.734395653009414673e-02
3.217383689337997566e+03 -7.049251780208462606e+02 2.689720811253836473e+03 2.285540000000000000e+19 3.570075333118438721e-02 3.513235971331596375e-02
3.221679819756140660e+03 -6.988538931160630909e+02 2.686160406336582582e+03 2.285740000000000000e+19 -5.604261159896850586e-02 9.555935114622116089e-02
3.225960542873260692e+03 -6.927745033113253612e+02 2.682595276388939055e+03 2.285940000000000000e+19 -4.056097939610481262e-02 1.043450310826301575e-01
3.230225838068788107e+03 -6.866870378915747324e+02 2.679025438584445055e+03 2.286140000000000000e+19 6.751275807619094849e-02 5.995355919003486633e-02
3.234475685034162325e+03 -6.805915258414189566e+02 2.675450909920385584e+03 2.286340000000000000e+19 -1.946687512099742889e-02 2.090288326144218445e-02
3.238710063400903437e+03 -6.744879963747154079e+02 2.671871707528348907e+03 2.286540000000000000e+19 1.820974349975585938e-01 1.412708498537540436e-02
3.242928952845533331e+03 -6.683764787864499795e+02 2.668287848587363897e+03 2.286740000000000000e+19 3.999986499547958374e-02 -1.022300198674201965e-01
3.246782842070300831e+03 -6.627673628891201361e+02 2.664998627385641612e+03 2.286940000000000000e+19 -5.774144828319549561e-02 8.854746818542480469e-03
3.259649219195635851e+03 -6.438511120500805873e+02 2.653906190283938486e+03 2.287140000000000000e+19 -5.585639178752899170e-02 7.747395336627960205e-02
3.263790362909684063e+03 -6.377000929744244786e+02 2.650299306100516787e+03 2.287340000000000000e+19 -1.163202598690986633e-01 4.256551340222358704e-02
3.267915897675280576e+03 -6.315412618351256242e+02 2.646687868608415101e+03 2.287540000000000000e+19 6.405423581600189209e-02 2.839497849345207214e-02
3.272025803849413023e+03 -6.253746479566369771e+02 2.643071895003021837e+03 2.287740000000000000e+19 2.453437482472509146e-04 -8.667678385972976685e-02
3.276120061648617593e+03 -6.192002810225599205e+02 2.639451402690179293e+03 2.287940000000000000e+19 -3.469736129045486450e-02 -8.059876412153244019e-02
3.280198651592951137e+03 -6.130181904099027861e+02 2.635826408895767145e+03 2.288140000000000000e+19 -1.956013590097427368e-02 -1.086658984422683716e-01
3.284261554049872757e+03 -6.068284058767123952e+02 2.632196931069084712e+03 2.288340000000000000e+19 1.891657523810863495e-02 6.665308028459548950e-02
3.287972283972965215e+03 -6.011478002011451736e+02 2.628866042037848729e+03 2.288540000000000000e+19 -2.200387120246887207e-01 1.050250008702278137e-01
3.259649219195635851e+03 -6.438511120500805873e+02 2.653906190283938486e+03 2.288740000000000000e+19 -6.250070780515670776e-02 7.012831419706344604e-02
3.263790362909684063e+03 -6.377000929744244786e+02 2.650299306100516787e+03 2.288940000000000000e+19 -1.576810143887996674e-02 -4.712802171707153320e-02
3.267915897675280576e+03 -6.315412618351256242e+02 2.646687868608415101e+03 2.289140000000000000e+19 -8.650882542133331299e-02 -1.331834960728883743e-02
3.272025803849413023e+03 -6.253746479566369771e+02 2.643071895003021837e+03 2.289340000000000000e+19 -4.384126141667366028e-02 1.308206468820571899e-02
3.276120061648617593e+03 -6.192002810225599205e+02 2.639451402690179293e+03 2.289540000000000000e+19 -1.525692734867334366e-02 -6.680586934089660645e-02
3.280198651592951137e+03 -6.130181904099027861e+02 2.635826408895767145e+03 2.289740000000000000e+19 -2.837171219289302826e-02 3.761716652661561966e-03
3.284261554049872757e+03 -6.068284058767123952e+02 2.632196931069084712e+03 2.289940000000000000e+19 7.029757648706436157e-02 1.275555789470672607e-02
3.287972283972965215e+03 -6.011478002011451736e+02 2.628866042037848729e+03 2.290140000000000000e+19 7.062399387359619141e-02 -3.949636593461036682e-02
3.300355901946633367e+03 -5.819929204852157909e+02 2.617634526535265650e+03 2.290340000000000000e+19 5.316607654094696045e-02 8.262164890766143799e-02
3.304340077123806168e+03 -5.757651109470124311e+02 2.613982889241577141e+03 2.290540000000000000e+19 -5.210728570818901062e-02 -3.187711909413337708e-02
3.308308449308519812e+03 -5.695297857291387800e+02 2.610326872428016031e+03 2.290740000000000000e+19 -2.360241720452904701e-03 -5.407601129263639450e-03
3.312260999578128121e+03 -5.632869745635479148e+02 2.606666493527602142e+03 2.290940000000000000e+19 -1.806397922337055206e-03 2.741773612797260284e-02
3.316197708989007424e+03 -5.570367073700710989e+02 2.603001770083385509e+03 2.291140000000000000e+19 -5.942127853631973267e-02 1.098667755722999573e-01
3.320118558632769691e+03 -5.507790141697904573e+02 2.599332719697651100e+03 2.291340000000000000e+19 -7.468220591545104980e-02 -1.512328628450632095e-02
3.324023529854697244e+03 -5.445139247361032631e+02 2.595659359827330718e+03 2.291540000000000000e+19 -4.854458570480346680e-02 9.930602274835109711e-03
3.327589324085452063e+03 -5.387645487436602707e+02 2.592288397554646963e+03 2.291740000000000000e+19 1.182807534933090210e-01 3.659221809357404709e-03
3.300355901946633367e+03 -5.819929204852157909e+02 2.617634526535265650e+03 2.291940000000000000e+19 -9.039460867643356323e-02 1.963915117084980011e-02
3.304340077123806168e+03 -5.757651109470124311e+02 2.613982889241577141e+03 2.292140000000000000e+19 -5.237057339400053024e-03 -1.166537683457136154e-02
3.308308449308519812e+03 -5.695297857291387800e+02 2.610326872428016031e+03 2.292340000000000000e+19 1.469697803258895874e-02 -3.066170401871204376e-02
3.312260999578128121e+03 -5.632869745635479148e+02 2.606666493527602142e+03 2.292540000000000000e+19 -5.553422868251800537e-02 8.641219884157180786e-02
3.316197708989007424e+03 -5.570367073700710989e+02 2.603001770083385509e+03 2.292740000000000000e+19 -8.811266720294952393e-02 -2.581268548965454102e-02
3.320118558632769691e+03 -5.507790141697904573e+02 2.599332719697651100e+03 2.292940000000000000e+19 9.908882528543472290e-02 9.801249689189717174e-05
3.324023529854697244e+03 -5.445139247361032631e+02 2.595659359827330718e+03 2.293140000000000000e+19 5.933671072125434875e-02 -7.169361412525177002e-02
3.327589324085452063e+03 -5.387645487436602707e+02 2.592288397554646963e+03 2.293340000000000000e+19 3.130300343036651611e-02 -1.332422625273466110e-02
