# Baseline: 10-11
# Entries: 128
# u [m], v [m], w [m], frequency [GHz], real, imag, std(real), std(imag)
2.373867995181016795e+03 -1.206511969217734304e+03 2.212884338996738279e+03 2.267940000000000111e+01 -7.869954220950603485e-03 8.938841521739959717e-03 1.723888143897056580e-02 1.715007238090038300e-02
2.378585999867237661e+03 -1.202031528157730463e+03 2.210254812173914161e+03 2.268140000000000001e+01 7.325958926230669022e-03 3.101333277300000191e-03 1.723888143897056580e-02 1.715007238090038300e-02
2.383292628350840459e+03 -1.197542184400172800e+03 2.207620087881574818e+03 2.268340000000000245e+01 -3.068818477913737297e-03 6.362668238580226898e-03 1.723888143897056580e-02 1.715007238090038300e-02
2.387987858140023036e+03 -1.193043959398688685e+03 2.204980178710519795e+03 2.268540000000000134e+01 -2.480179071426391602e-03 7.517780642956495285e-03 1.723888143897056580e-02 1.715007238090038300e-02
2.392671666764428664e+03 -1.188536874680430401e+03 2.202335097294568641e+03 2.268740000000000023e+01 -1.737683895044028759e-03 1.039911620318889618e-02 1.723888143897056580e-02 1.715007238090038300e-02
2.397344031808628642e+03 -1.184020951815158924e+03 2.199684856292415589e+03 2.268940000000000268e+01 6.787462159991264343e-03 -6.552774924784898758e-03 1.723888143897056580e-02 1.715007238090038300e-02
2.402004930814468480e+03 -1.179496212509419593e+03 2.197029468442899542e+03 2.269140000000000157e+01 3.666084958240389824e-03 2.196142682805657387e-03 1.723888143897056580e-02 1.715007238090038300e-02
2.406267476594676737e+03 -1.175340919880592310e+03 2.194590917536463166e+03 2.269340000000000046e+01 -6.273139733821153641e-03 -3.680581226944923401e-03 1.723888143897056580e-02 1.715007238090038300e-02
2.373867995181016795e+03 -1.206511969217734304e+03 2.212884338996738279e+03 2.269540000000000290e+01 -2.973775146529078484e-03 1.601666770875453949e-02 1.723888143897056580e-02 1.715007238090038300e-02
2.378585999867237661e+03 -1.202031528157730463e+03 2.210254812173914161e+03 2.269740000000000180e+01 -9.701763279736042023e-03 -6.771852262318134308e-03 1.723888143897056580e-02 1.715007238090038300e-02
2.383292628350840459e+03 -1.197542184400172800e+03 2.207620087881574818e+03 2.269940000000000069e+01 5.399985238909721375e-03 -2.196601824834942818e-03 1.723888143897056580e-02 1.715007238090038300e-02
2.387987858140023036e+03 -1.193043959398688685e+03 2.204980178710519795e+03 2.270140000000000313e+01 -5.246217362582683563e-03 -1.121389563195407391e-03 1.723888143897056580e-02 1.715007238090038300e-02
2.392671666764428664e+03 -1.188536874680430401e+03 2.202335097294568641e+03 2.270340000000000202e+01 -9.912941604852676392e-03 8.256286964751780033e-04 1.723888143897056580e-02 1.715007238090038300e-02
2.397344031808628642e+03 -1.184020951815158924e+03 2.199684856292415589e+03 2.270540000000000092e+01 1.843444537371397018e-03 -7.920703850686550140e-03 1.723888143897056580e-02 1.715007238090038300e-02
2.402004930814468480e+03 -1.179496212509419593e+03 2.197029468442899542e+03 2.270739999999999981e+01 1.009278639685362577e-04 -5.420755129307508469e-03 1.723888143897056580e-02 1.715007238090038300e-02
2.406267476594676737e+03 -1.175340919880592310e+03 2.194590917536463166e+03 2.270940000000000225e+01 2.450101543217897415e-03 -2.160769188776612282e-03 1.723888143897056580e-02 1.715007238090038300e-02
2.420533422171604343e+03 -1.161309523621472408e+03 2.186356702526941717e+03 2.271140000000000114e+01 2.894147066399455070e-03 2.342629246413707733e-03 1.723888143897056580e-02 1.715007238090038300e-02
2.425136657987028684e+03 -1.156741027294634705e+03 2.183675771273933151e+03 2.271340000000000003e+01 -1.747659989632666111e-03 -6.740306969732046127e-03 1.723888143897056580e-02 1.715007238090038300e-02
2.429728294789334086e+03 -1.152163845051102953e+03 2.180989769770816565e+03 2.271540000000000248e+01 -5.647843703627586365e-03 5.750188938691280782e-05 1.723888143897056580e-02 1.715007238090038300e-02
2.434308310668263857e+03 -1.147577998732408332e+03 2.178298710834737903e+03 2.271740000000000137e+01 5.887852981686592102e-03 2.995357848703861237e-03 1.723888143897056580e-02 1.715007238090038300e-02
2.438876683689151378e+03 -1.142983510301204660e+03 2.175602607353794156e+03 2.271940000000000026e+01 -4.653037991374731064e-03 2.455528266727924347e-02 1.723888143897056580e-02 1.715007238090038300e-02
2.443433391988946823e+03 -1.138380401745489280e+03 2.172901472230826130e+03 2.272140000000000271e+01 -5.822484847158193588e-03 -1.392491534352302551e-02 1.723888143897056580e-02 1.715007238090038300e-02
2.447978413744742284e+03 -1.133768695110691397e+03 2.170195318402245903e+03 2.272340000000000160e+01 -8.009852841496467590e-03 1.120166154578328133e-03 1.723888143897056580e-02 1.715007238090038300e-02
2.452134548171276947e+03 -1.129533871914845577e+03 2.167710343209839266e+03 2.272540000000000049e+01 -8.270543068647384644e-03 6.146749947220087051e-03 1.723888143897056580e-02 1.715007238090038300e-02
2.420533422171604343e+03 -1.161309523621472408e+03 2.186356702526941717e+03 2.272740000000000293e+01 1.048680115491151810e-02 1.239305920898914337e-02 1.723888143897056580e-02 1.715007238090038300e-02
2.425136657987028684e+03 -1.156741027294634705e+03 2.183675771273933151e+03 2.272940000000000182e+01 9.111668914556503296e-03 -1.299896650016307831e-02 1.723888143897056580e-02 1.715007238090038300e-02
2.429728294789334086e+03 -1.152163845051102953e+03 2.180989769770816565e+03 2.273140000000000072e+01 -2.623669989407062531e-02 1.010714285075664520e-02 1.723888143897056580e-02 1.715007238090038300e-02
2.434308310668263857e+03 -1.147577998732408332e+03 2.178298710834737903e+03 2.273340000000000316e+01 1.322516053915023804e-02 -5.786027759313583374e-03 1.723888143897056580e-02 1.715007238090038300e-02
2.438876683689151378e+03 -1.142983510301204660e+03 2.175602607353794156e+03 2.273540000000000205e+01 7.621918339282274246e-03 -2.347227931022644043e-02 1.723888143897056580e-02 1.715007238090038300e-02
2.443433391988946823e+03 -1.138380401745489280e+03 2.172901472230826130e+03 2.273740000000000094e+01 -1.724246516823768616e-02 1.144195627421140671e-02 1.723888143897056580e-02 1.715007238090038300e-02
2.447978413744742284e+03 -1.133768695110691397e+03 2.170195318402245903e+03 2.273939999999999984e+01 1.700777001678943634e-02 -1.634661457501351833e-03 1.723888143897056580e-02 1.715007238090038300e-02
2.452134548171276947e+03 -1.129533871914845577e+03 2.167710343209839266e+03 2.274140000000000228e+01 2.114382339641451836e-03 1.517994824098423123e-04 1.723888143897056580e-02 1.715007238090038300e-02
2.466041201396161341e+03 -1.115236329546557727e+03 2.159320775258682716e+03 2.274340000000000117e+01 -4.670383408665657043e-03 -1.046464964747428894e-02 1.723888143897056580e-02 1.715007238090038300e-02
2.470527465348865462e+03 -1.110581964327995820e+03 2.156589722606990563e+03 2.274540000000000006e+01 -4.462399519979953766e-03 2.274117665365338326e-03 1.723888143897056580e-02 1.715007238090038300e-02
2.475001913155299462e+03 -1.105919134001765315e+03 2.153853729275569549e+03 2.274740000000000251e+01 6.180293858051300049e-03 1.164837926626205444e-02 1.723888143897056580e-02 1.715007238090038300e-02
2.479464523324029415e+03 -1.101247860964159372e+03 2.151112808405823216e+03 2.274940000000000140e+01 2.205784618854522705e-02 6.694856099784374237e-03 1.723888143897056580e-02 1.715007238090038300e-02
2.483915274591275193e+03 -1.096568167472930554e+03 2.148366973057741689e+03 2.275140000000000029e+01 -7.401974871754646301e-03 3.481302782893180847e-02 1.723888143897056580e-02 1.715007238090038300e-02
2.488354145517530924e+03 -1.091880076070647192e+03 2.145616236458304684e+03 2.275340000000000273e+01 -6.702083046548068523e-04 1.213001552969217300e-02 1.723888143897056580e-02 1.715007238090038300e-02
2.492781114967996018e+03 -1.087183609079156668e+03 2.142860611704858002e+03 2.275540000000000163e+01 -1.021272386424243450e-03 1.852786913514137268e-02 1.723888143897056580e-02 1.715007238090038300e-02
2.496828849054943021e+03 -1.082871281970316886e+03 2.140330401458586493e+03 2.275740000000000052e+01 -6.517614820040762424e-04 -2.125997561961412430e-03 1.723888143897056580e-02 1.715007238090038300e-02
2.466041201396161341e+03 -1.115236329546557727e+03 2.159320775258682716e+03 2.275940000000000296e+01 -3.306147828698158264e-02 -1.409563142806291580e-02 1.723888143897056580e-02 1.715007238090038300e-02
2.470527465348865462e+03 -1.110581964327995820e+03 2.156589722606990563e+03 2.276140000000000185e+01 -8.562335744500160217e-03 4.920138046145439148e-03 1.723888143897056580e-02 1.715007238090038300e-02
2.475001913155299462e+03 -1.105919134001765315e+03 2.153853729275569549e+03 2.276340000000000074e+01 -2.048368193209171295e-02 7.722305133938789368e-03 1.723888143897056580e-02 1.715007238090038300e-02
2.479464523324029415e+03 -1.101247860964159372e+03 2.151112808405823216e+03 2.276540000000000319e+01 9.828004986047744751e-03 -4.010661505162715912e-04 1.723888143897056580e-02 1.715007238090038300e-02
2.483915274591275193e+03 -1.096568167472930554e+03 2.148366973057741689e+03 2.276740000000000208e+01 -2.381947124376893044e-03 -2.602077834308147430e-02 1.723888143897056580e-02 1.715007238090038300e-02
2.488354145517530924e+03 -1.091880076070647192e+03 2.145616236458304684e+03 2.276940000000000097e+01 -7.485354319214820862e-03 -1.640790700912475586e-02 1.723888143897056580e-02 1.715007238090038300e-02
2.492781114967996018e+03 -1.087183609079156668e+03 2.142860611704858002e+03 2.277139999999999986e+01 5.071894731372594833e-03 -4.520295187830924988e-04 1.723888143897056580e-02 1.715007238090038300e-02
2.496828849054943021e+03 -1.082871281970316886e+03 2.140330401458586493e+03 2.277340000000000231e+01 -5.324601661413908005e-03 -1.615617796778678894e-02 1.723888143897056580e-02 1.715007238090038300e-02
2.510369554833564962e+03 -1.068314435668186661e+03 2.131789495446422734e+03 2.277540000000000120e+01 2.278050594031810760e-02 2.565939165651798248e-02 1.723888143897056580e-02 1.715007238090038300e-02
2.514736700114102860e+03 -1.063576428816447105e+03 2.129009628290393266e+03 2.277740000000000009e+01 -9.393104352056980133e-03 1.327348873019218445e-02 1.723888143897056580e-02 1.715007238090038300e-02
2.519091817582628664e+03 -1.058830181911678437e+03 2.126224952503579971e+03 2.277940000000000254e+01 -4.193796776235103607e-04 1.189509313553571701e-02 1.723888143897056580e-02 1.715007238090038300e-02
2.523434886502887366e+03 -1.054075717552459309e+03 2.123435481344826258e+03 2.278140000000000143e+01 -9.331953711807727814e-03 -1.090583391487598419e-02 1.723888143897056580e-02 1.715007238090038300e-02
2.527765885969120518e+03 -1.049313058624908308e+03 2.120641228241552653e+03 2.278340000000000032e+01 -2.080587297677993774e-02 2.009670995175838470e-02 1.723888143897056580e-02 1.715007238090038300e-02
2.532084795375008525e+03 -1.044542227789173467e+03 2.117842206488480315e+03 2.278540000000000276e+01 1.446323096752166748e-02 -1.339648757129907608e-02 1.723888143897056580e-02 1.715007238090038300e-02
2.536391593931075022e+03 -1.039763248010142888e+03 2.115038429558998814e+03 2.278740000000000165e+01 3.748811781406402588e-02 -2.412621676921844482e-02 1.723888143897056580e-02 1.715007238090038300e-02
2.540328990778426032e+03 -1.035375480504627831e+03 2.112464195004865815e+03 2.278940000000000055e+01 1.192593760788440704e-02 1.306224055588245392e-02 1.723888143897056580e-02 1.715007238090038300e-02
2.510369554833564962e+03 -1.068314435668186661e+03 2.131789495446422734e+03 2.279140000000000299e+01 2.057325839996337891e-02 2.579794637858867645e-02 1.723888143897056580e-02 1.715007238090038300e-02
2.514736700114102860e+03 -1.063576428816447105e+03 2.129009628290393266e+03 2.279340000000000188e+01 1.363599207252264023e-02 -6.746338680386543274e-03 1.723888143897056580e-02 1.715007238090038300e-02
2.519091817582628664e+03 -1.058830181911678437e+03 2.126224952503579971e+03 2.279540000000000077e+01 -4.573818296194076538e-03 -2.633695118129253387e-02 1.723888143897056580e-02 1.715007238090038300e-02
2.523434886502887366e+03 -1.054075717552459309e+03 2.123435481344826258e+03 2.279739999999999966e+01 -1.370974001474678516e-03 -2.638200856745243073e-02 1.723888143897056580e-02 1.715007238090038300e-02
2.527765885969120518e+03 -1.049313058624908308e+03 2.120641228241552653e+03 2.279940000000000211e+01 4.168194904923439026e-02 1.444906741380691528e-02 1.723888143897056580e-02 1.715007238090038300e-02
2.532084795375008525e+03 -1.044542227789173467e+03 2.117842206488480315e+03 2.280140000000000100e+01 6.694520707242190838e-04 -1.744587556459009647e-03 1.723888143897056580e-02 1.715007238090038300e-02
2.536391593931075022e+03 -1.039763248010142888e+03 2.115038429558998814e+03 2.280339999999999989e+01 -3.474390541668981314e-04 -1.322282291948795319e-02 1.723888143897056580e-02 1.715007238090038300e-02
2.540328990778426032e+03 -1.035375480504627831e+03 2.112464195004865815e+03 2.280540000000000234e+01 -7.649763138033449650e-04 2.233264502137899399e-03 1.723888143897056580e-02 1.715007238090038300e-02
2.552788424953310823e+03 -1.021368746367498716e+03 2.104246808137329481e+03 2.280740000000000123e+01 -2.942266175523400307e-03 1.095063611865043640e-02 1.723888143897056580e-02 1.715007238090038300e-02
2.557036398557446773e+03 -1.016550702773900412e+03 2.101420237203966735e+03 2.280940000000000012e+01 -3.387551056221127510e-03 -5.782868713140487671e-03 1.723888143897056580e-02 1.715007238090038300e-02
2.561272141974937767e+03 -1.011724644113842373e+03 2.098588989636619772e+03 2.281140000000000256e+01 2.638319740071892738e-03 8.797813206911087036e-03 1.723888143897056580e-02 1.715007238090038300e-02
2.565495634861041253e+03 -1.006890593567727592e+03 2.095753079034271195e+03 2.281340000000000146e+01 -9.262842126190662384e-03 1.784980064257979393e-03 1.723888143897056580e-02 1.715007238090038300e-02
2.569706857121058874e+03 -1.002048574135453237e+03 2.092912518889886542e+03 2.281540000000000035e+01 1.141199283301830292e-02 1.861788518726825714e-02 1.723888143897056580e-02 1.715007238090038300e-02
2.573905788498420861e+03 -9.971986091076345247e+02 2.090067322866862924e+03 2.281740000000000279e+01 -1.067943964153528214e-02 2.546994248405098915e-03 1.723888143897056580e-02 1.715007238090038300e-02
2.578092408956887084e+03 -9.923407216275159044e+02 2.087217504542016286e+03 2.281940000000000168e+01 4.592102020978927612e-03 9.211422875523567200e-03 1.723888143897056580e-02 1.715007238090038300e-02
2.581919469645271874e+03 -9.878808186518577941e+02 2.084601180706682953e+03 2.282140000000000057e+01 -5.787754897028207779e-03 2.427630242891609669e-04 1.723888143897056580e-02 1.715007238090038300e-02
2.552788424953310823e+03 -1.021368746367498716e+03 2.104246808137329481e+03 2.282340000000000302e+01 3.568276297301054001e-03 -3.959947731345891953e-03 1.723888143897056580e-02 1.715007238090038300e-02
2.557036398557446773e+03 -1.016550702773900412e+03 2.101420237203966735e+03 2.282540000000000191e+01 3.396819811314344406e-03 9.633609093725681305e-03 1.723888143897056580e-02 1.715007238090038300e-02
2.561272141974937767e+03 -1.011724644113842373e+03 2.098588989636619772e+03 2.282740000000000080e+01 1.169396657496690750e-02 -1.763135776855051517e-03 1.723888143897056580e-02 1.715007238090038300e-02
2.565495634861041253e+03 -1.006890593567727592e+03 2.095753079034271195e+03 2.282939999999999969e+01 -1.570370048284530640e-02 -1.674634404480457306e-03 1.723888143897056580e-02 1.715007238090038300e-02
2.569706857121058874e+03 -1.002048574135453237e+03 2.092912518889886542e+03 2.283140000000000214e+01 1.074365712702274323e-02 7.507516536861658096e-03 1.723888143897056580e-02 1.715007238090038300e-02
2.573905788498420861e+03 -9.971986091076345247e+02 2.090067322866862924e+03 2.283340000000000103e+01 -1.136661693453788757e-02 9.917677380144596100e-04 1.723888143897056580e-02 1.715007238090038300e-02
2.578092408956887084e+03 -9.923407216275159044e+02 2.087217504542016286e+03 2.283539999999999992e+01 -4.149523563683032990e-03 4.178273491561412811e-03 1.723888143897056580e-02 1.715007238090038300e-02
2.581919469645271874e+03 -9.878808186518577941e+02 2.084601180706682953e+03 2.283740000000000236e+01 9.005109779536724091e-03 -9.211912751197814941e-03 1.723888143897056580e-02 1.715007238090038300e-02
2.594715381634466212e+03 -9.728304128737154315e+02 2.075772281413681412e+03 2.283940000000000126e+01 -8.955324999988079071e-03 -6.022626068443059921e-03 1.723888143897056580e-02 1.715007238090038300e-02
2.598840148023231450e+03 -9.679332627508343876e+02 2.072899556676808515e+03 2.284140000000000015e+01 7.952431216835975647e-03 -3.882290562614798546e-03 1.723888143897056580e-02 1.715007238090038300e-02
2.602952484221146733e+03 -9.630283301635762427e+02 2.070022291758480605e+03 2.284340000000000259e+01 2.825552131980657578e-03 2.016608603298664093e-03 1.723888143897056580e-02 1.715007238090038300e-02
2.607052370418770806e+03 -9.581156387394225931e+02 2.067140500518737554e+03 2.284540000000000148e+01 8.596564293839037418e-04 8.976524695754051208e-03 1.723888143897056580e-02 1.715007238090038300e-02
2.611139787095109114e+03 -9.531952118694611045e+02 2.064254196678827157e+03 2.284740000000000038e+01 1.181269157677888870e-02 5.925101693719625473e-03 1.723888143897056580e-02 1.715007238090038300e-02
2.615214714660205573e+03 -9.482670731357193290e+02 2.061363394071884613e+03 2.284940000000000282e+01 1.486404333263635635e-02 -6.582102272659540176e-03 1.723888143897056580e-02 1.715007238090038300e-02
2.619277133555867294e+03 -9.433312461916933671e+02 2.058468106572846409e+03 2.285140000000000171e+01 3.430821467190980911e-03 -1.053615123964846134e-03 1.723888143897056580e-02 1.715007238090038300e-02
2.622990172190195153e+03 -9.388001017079361645e+02 2.055810221743166949e+03 2.285340000000000060e+01 -5.973068531602621078e-03 -1.807920262217521667e-02 1.723888143897056580e-02 1.715007238090038300e-02
2.594715381634466212e+03 -9.728304128737154315e+02 2.075772281413681412e+03 2.285540000000000305e+01 -1.511563081294298172e-02 9.907840751111507416e-03 1.723888143897056580e-02 1.715007238090038300e-02
2.598840148023231450e+03 -9.679332627508343876e+02 2.072899556676808515e+03 2.285740000000000194e+01 3.761815605685114861e-03 -7.814202457666397095e-03 1.723888143897056580e-02 1.715007238090038300e-02
2.602952484221146733e+03 -9.630283301635762427e+02 2.070022291758480605e+03 2.285940000000000083e+01 -9.789425879716873169e-03 1.694130152463912964e-02 1.723888143897056580e-02 1.715007238090038300e-02
2.607052370418770806e+03 -9.581156387394225931e+02 2.067140500518737554e+03 2.286139999999999972e+01 -5.355135654099285603e-04 -6.145893130451440811e-03 1.723888143897056580e-02 1.715007238090038300e-02
2.611139787095109114e+03 -9.531952118694611045e+02 2.064254196678827157e+03 2.286340000000000217e+01 -1.560598961077630520e-03 -1.424249913543462753e-02 1.723888143897056580e-02 1.715007238090038300e-02
2.615214714660205573e+03 -9.482670731357193290e+02 2.061363394071884613e+03 2.286540000000000106e+01 9.536058641970157623e-03 -3.213397460058331490e-03 1.723888143897056580e-02 1.715007238090038300e-02
2.619277133555867294e+03 -9.433312461916933671e+02 2.058468106572846409e+03 2.286739999999999995e+01 3.601104253903031349e-03 1.939045451581478119e-02 1.723888143897056580e-02 1.715007238090038300e-02
2.622990172190195153e+03 -9.388001017079361645e+02 2.055810221743166949e+03 2.286940000000000239e+01 2.374246530234813690e-02 -1.272606663405895233e-02 1.723888143897056580e-02 1.715007238090038300e-02
2.635401334980698721e+03 -9.235115287282070540e+02 2.046842384766400755e+03 2.287140000000000128e+01 -7.378069683909416199e-03 -8.420765516348183155e-04 1.723888143897056580e-02 1.715007238090038300e-02
2.639400920346604835e+03 -9.185376154967869979e+02 2.043924880904231259e+03 2.287340000000000018e+01 1.000444125384092331e-02 1.111975288949906826e-03 1.723888143897056580e-02 1.715007238090038300e-02
2.643387881295374427e+03 -9.135561563331043544e+02 2.041002975606520295e+03 2.287540000000000262e+01 2.082463167607784271e-02 -1.949318498373031616e-02 1.723888143897056580e-02 1.715007238090038300e-02
2.647362198843770784e+03 -9.085671749557241128e+02 2.038076682785542971e+03 2.287740000000000151e+01 3.616519505158066750e-03 -6.433152593672275543e-03 1.723888143897056580e-02 1.715007238090038300e-02
2.651323853861003499e+03 -9.035706953795929621e+02 2.035146016527298343e+03 2.287940000000000040e+01 2.312805131077766418e-02 -4.967757966369390488e-03 1.723888143897056580e-02 1.715007238090038300e-02
2.655272827498017705e+03 -8.985667413774549459e+02 2.032210990775554592e+03 2.288140000000000285e+01 2.185445465147495270e-02 -8.696123957633972168e-03 1.723888143897056580e-02 1.715007238090038300e-02
2.659209100746178592e+03 -8.935553370362978285e+02 2.029271619658382178e+03 2.288340000000000174e+01 -4.666583263315260410e-04 1.362926419824361801e-02 1.723888143897056580e-02 1.715007238090038300e-02
2.662806340447522871e+03 -8.889551194326838868e+02 2.026573445770971830e+03 2.288540000000000063e+01 3.941877279430627823e-03 -2.057420788332819939e-03 1.723888143897056580e-02 1.715007238090038300e-02
2.635401334980698721e+03 -9.235115287282070540e+02 2.046842384766400755e+03 2.288740000000000308e+01 -1.929555321112275124e-03 -6.962294690310955048e-03 1.723888143897056580e-02 1.715007238090038300e-02
2.639400920346604835e+03 -9.185376154967869979e+02 2.043924880904231259e+03 2.288940000000000197e+01 -1.558947958983480930e-03 -1.677875965833663940e-02 1.723888143897056580e-02 1.715007238090038300e-02
2.643387881295374427e+03 -9.135561563331043544e+02 2.041002975606520295e+03 2.289140000000000086e+01 2.566749462857842445e-03 1.770541188307106495e-03 1.723888143897056580e-02 1.715007238090038300e-02
2.647362198843770784e+03 -9.085671749557241128e+02 2.038076682785542971e+03 2.289339999999999975e+01 -2.125044912099838257e-02 -5.976942367851734161e-03 1.723888143897056580e-02 1.715007238090038300e-02
2.651323853861003499e+03 -9.035706953795929621e+02 2.035146016527298343e+03 2.289540000000000219e+01 -5.097632529214024544e-04 3.409230336546897888e-02 1.723888143897056580e-02 1.715007238090038300e-02
2.655272827498017705e+03 -8.985667413774549459e+02 2.032210990775554592e+03 2.289740000000000109e+01 -1.570899412035942078e-02 -9.864091873168945312e-03 1.723888143897056580e-02 1.715007238090038300e-02
2.659209100746178592e+03 -8.935553370362978285e+02 2.029271619658382178e+03 2.289939999999999998e+01 -7.920012809336185455e-03 1.239911746233701706e-02 1.723888143897056580e-02 1.715007238090038300e-02
2.662806340447522871e+03 -8.889551194326838868e+02 2.026573445770971830e+03 2.290140000000000242e+01 -1.171672949567437172e-03 -9.931845590472221375e-03 1.723888143897056580e-02 1.715007238090038300e-02
2.674826814677482162e+03 -8.734356956239922738e+02 2.017470962685808672e+03 2.290340000000000131e+01 2.468690276145935059e-03 7.503854110836982727e-03 1.723888143897056580e-02 1.715007238090038300e-02
2.678699304933030817e+03 -8.683873996620560547e+02 2.014510075935966825e+03 2.290540000000000020e+01 -2.513095177710056305e-02 -1.300913654267787933e-02 1.723888143897056580e-02 1.715007238090038300e-02
2.682558982715134789e+03 -8.633317977571044821e+02 2.011544928512479373e+03 2.290740000000000265e+01 3.219197504222393036e-03 8.349308744072914124e-03 1.723888143897056580e-02 1.715007238090038300e-02
2.686405829619470296e+03 -8.582689140157904149e+02 2.008575534554077194e+03 2.290940000000000154e+01 5.025468766689300537e-03 -7.568992208689451218e-03 1.723888143897056580e-02 1.715007238090038300e-02
2.690239827209059968e+03 -8.531987727029063535e+02 2.005601908292128201e+03 2.291140000000000043e+01 -8.559014648199081421e-03 3.133722348138689995e-03 1.723888143897056580e-02 1.715007238090038300e-02
2.694060957068816606e+03 -8.481213981712062377e+02 2.002624064009471795e+03 2.291340000000000288e+01 -1.279119402170181274e-02 -1.236326433718204498e-02 1.723888143897056580e-02 1.715007238090038300e-02
2.697869201018441800e+03 -8.430368145782791771e+02 1.999642015874367416e+03 2.291540000000000177e+01 5.256231129169464111e-02 -4.266479518264532089e-03 1.723888143897056580e-02 1.715007238090038300e-02
2.701348919721400307e+03 -8.383697261069140723e+02 1.996904844620534732e+03 2.291740000000000066e+01 9.654027409851551056e-03 2.282466972246766090e-03 1.723888143897056580e-02 1.715007238090038300e-02
2.674826814677482162e+03 -8.734356956239922738e+02 2.017470962685808672e+03 2.291940000000000310e+01 2.029131911695003510e-02 -6.334828678518533707e-03 1.723888143897056580e-02 1.715007238090038300e-02
2.678699304933030817e+03 -8.683873996620560547e+02 2.014510075935966825e+03 2.292140000000000200e+01 3.744748421013355255e-03 1.705238595604896545e-02 1.723888143897056580e-02 1.715007238090038300e-02
2.682558982715134789e+03 -8.633317977571044821e+02 2.011544928512479373e+03 2.292340000000000089e+01 -3.479833900928497314e-02 -2.619633823633193970e-02 1.723888143897056580e-02 1.715007238090038300e-02
2.686405829619470296e+03 -8.582689140157904149e+02 2.008575534554077194e+03 2.292539999999999978e+01 1.220163609832525253e-02 -1.080298237502574921e-02 1.723888143897056580e-02 1.715007238090038300e-02
2.690239827209059968e+03 -8.531987727029063535e+02 2.005601908292128201e+03 2.292740000000000222e+01 1.084870309568941593e-03 -4.033885430544614792e-03 1.723888143897056580e-02 1.715007238090038300e-02
2.694060957068816606e+03 -8.481213981712062377e+02 2.002624064009471795e+03 2.292940000000000111e+01 1.019736006855964661e-02 -1.752796932123601437e-03 1.723888143897056580e-02 1.715007238090038300e-02
2.697869201018441800e+03 -8.430368145782791771e+02 1.999642015874367416e+03 2.293140000000000001e+01 2.699323929846286774e-03 1.506246859207749367e-03 1.723888143897056580e-02 1.715007238090038300e-02
2.701348919721400307e+03 -8.383697261069140723e+02 1.996904844620534732e+03 2.293340000000000245e+01 -2.876304090023040771e-02 4.661983344703912735e-03 1.723888143897056580e-02 1.715007238090038300e-02
