# Baseline: 10-20
# u [m], v [m], w [m], frequency [GHz], real, imag
-1.482566992665374755e+03 -3.204967279200845496e+03 -1.897886901803301271e+03 2.267940000000000000e+19 -3.321487922221422195e-03 -1.840904355049133301e-03
-1.478610757162272193e+03 -3.207757674594756736e+03 -1.896258360669233980e+03 2.268140000000000000e+19 4.291465971618890762e-03 4.595409147441387177e-03
-1.474647463221357611e+03 -3.210540598593572213e+03 -1.894634203355043610e+03 2.268340000000000000e+19 1.909534097649157047e-03 5.175782833248376846e-03
-1.470677129782367047e+03 -3.213316037898383456e+03 -1.893014437622161267e+03 2.268540000000000000e+19 4.982174839824438095e-03 -3.936812281608581543e-03
-1.466699775846136617e+03 -3.216083979226514657e+03 -1.891399071222441080e+03 2.268740000000000000e+19 -6.984903011471033096e-03 4.794250708073377609e-03
-1.462715420447265160e+03 -3.218844409331343286e+03 -1.889788111886574370e+03 2.268940000000000000e+19 -7.792602293193340302e-03 -8.118697587633505464e-05
-1.458724082737214303e+03 -3.221597314944610844e+03 -1.888181567357773247e+03 2.269140000000000000e+19 -1.821019570343196392e-03 6.532841827720403671e-03
-1.455059327350948706e+03 -3.224114286654473744e+03 -1.886712729946044419e+03 2.269340000000000000e+19 -7.579244993394240737e-05 5.626077298074960709e-03
-1.482566992665374755e+03 -3.204967279200845496e+03 -1.897886901803301271e+03 2.269540000000000000e+19 1.087462902069091797e-02 3.659273497760295868e-04
-1.478610757162272193e+03 -3.207757674594756736e+03 -1.896258360669233980e+03 2.269740000000000000e+19 4.123992752283811569e-03 -9.612658992409706116e-03
-1.474647463221357611e+03 -3.210540598593572213e+03 -1.894634203355043610e+03 2.269940000000000000e+19 7.316857110708951950e-03 -1.021793577820062637e-02
-1.470677129782367047e+03 -3.213316037898383456e+03 -1.893014437622161267e+03 2.270140000000000000e+19 -1.309306919574737549e-02 -5.612879991531372070e-03
-1.466699775846136617e+03 -3.216083979226514657e+03 -1.891399071222441080e+03 2.270340000000000000e+19 1.563782570883631706e-04 1.223414763808250427e-02
-1.462715420447265160e+03 -3.218844409331343286e+03 -1.889788111886574370e+03 2.270540000000000000e+19 3.774627111852169037e-03 -1.516977936262264848e-04
-1.458724082737214303e+03 -3.221597314944610844e+03 -1.888181567357773247e+03 2.270740000000000000e+19 -6.184001453220844269e-03 -1.217194832861423492e-03
-1.455059327350948706e+03 -3.224114286654473744e+03 -1.886712729946044419e+03 2.270940000000000000e+19 -9.756768122315406799e-03 -1.330169325228780508e-04
-1.442689290453865397e+03 -3.232533430125621180e+03 -1.881799690417614102e+03 2.271140000000000000e+19 -7.598853204399347305e-03 -2.945588435977697372e-03
-1.438663327958815216e+03 -3.235248516671201287e+03 -1.880215334659557129e+03 2.271340000000000000e+19 1.685146801173686981e-02 4.353177733719348907e-03
-1.434630498232352011e+03 -3.237956000239219520e+03 -1.878635439509759635e+03 2.271540000000000000e+19 -9.844960644841194153e-03 -1.063465420156717300e-02
-1.430590820518437795e+03 -3.240655867910174038e+03 -1.877060012507113015e+03 2.271740000000000000e+19 -4.084999964106827974e-04 -1.632053405046463013e-03
-1.426544314163996432e+03 -3.243348106753815955e+03 -1.875489061196665489e+03 2.271940000000000000e+19 -5.816283170133829117e-03 -1.260157581418752670e-02
-1.422490998534530490e+03 -3.246032703885775391e+03 -1.873922593096576520e+03 2.272140000000000000e+19 9.259922080673277378e-04 1.800281810574233532e-03
-1.418430893042358321e+03 -3.248709646449024603e+03 -1.872360615708935029e+03 2.272340000000000000e+19 -2.127226442098617554e-02 -2.043813839554786682e-02
-1.414703267489886457e+03 -3.251156872992104581e+03 -1.870932697082066397e+03 2.272540000000000000e+19 -1.743269531289115548e-04 -2.760757459327578545e-03
-1.442689290453865397e+03 -3.232533430125621180e+03 -1.881799690417614102e+03 2.272740000000000000e+19 -8.903746493160724640e-03 -6.258257199078798294e-03
-1.438663327958815216e+03 -3.235248516671201287e+03 -1.880215334659557129e+03 2.272940000000000000e+19 1.882424694485962391e-03 1.044253166764974594e-02
-1.434630498232352011e+03 -3.237956000239219520e+03 -1.878635439509759635e+03 2.273140000000000000e+19 -2.745251869782805443e-03 1.400708779692649841e-02
-1.430590820518437795e+03 -3.240655867910174038e+03 -1.877060012507113015e+03 2.273340000000000000e+19 8.134435862302780151e-03 -7.740627974271774292e-03
-1.426544314163996432e+03 -3.243348106753815955e+03 -1.875489061196665489e+03 2.273540000000000000e+19 -2.110018394887447357e-02 1.831424608826637268e-02
-1.422490998534530490e+03 -3.246032703885775391e+03 -1.873922593096576520e+03 2.273740000000000000e+19 1.262708846479654312e-02 2.015253156423568726e-02
-1.418430893042358321e+03 -3.248709646449024603e+03 -1.872360615708935029e+03 2.273940000000000000e+19 7.647115737199783325e-03 -2.341002458706498146e-03
-1.414703267489886457e+03 -3.251156872992104581e+03 -1.870932697082066397e+03 2.274140000000000000e+19 -3.068835008889436722e-03 1.088576042093336582e-03
-1.402122961317393674e+03 -3.259340615491411427e+03 -1.866157762377048812e+03 2.274340000000000000e+19 -7.879354991018772125e-03 -1.036400068551301956e-02
-1.398029198561014027e+03 -3.261979093816251407e+03 -1.864618350226700159e+03 2.274540000000000000e+19 -2.371473982930183411e-02 -1.811984344385564327e-03
-1.393928762952818715e+03 -3.264609841294064154e+03 -1.863083473294846272e+03 2.274740000000000000e+19 -6.345496978610754013e-03 7.302405312657356262e-03
-1.389821674187830467e+03 -3.267232845288969202e+03 -1.861553138953722055e+03 2.274940000000000000e+19 6.492645945399999619e-03 -4.577630199491977692e-03
-1.385707951835575159e+03 -3.269848093302658981e+03 -1.860027354495179452e+03 2.275140000000000000e+19 1.391789596527814865e-02 3.641187679022550583e-03
-1.381587615712270463e+03 -3.272455572737340390e+03 -1.858506127268990895e+03 2.275340000000000000e+19 9.305908344686031342e-03 6.893715821206569672e-03
-1.377460685436439235e+03 -3.275055271178025123e+03 -1.856989464518164141e+03 2.275540000000000000e+19 -1.757169514894485474e-02 -2.735885791480541229e-02
-1.373671973642263765e+03 -3.277431581393463603e+03 -1.855603148029121030e+03 2.275740000000000000e+19 -6.041096989065408707e-03 -2.670801430940628052e-02
-1.402122961317393674e+03 -3.259340615491411427e+03 -1.866157762377048812e+03 2.275940000000000000e+19 -9.294793009757995605e-03 3.518654266372323036e-03
-1.398029198561014027e+03 -3.261979093816251407e+03 -1.864618350226700159e+03 2.276140000000000000e+19 1.996452547609806061e-02 1.222315523773431778e-02
-1.393928762952818715e+03 -3.264609841294064154e+03 -1.863083473294846272e+03 2.276340000000000000e+19 -1.111637055873870850e-02 -2.070789597928524017e-02
-1.389821674187830467e+03 -3.267232845288969202e+03 -1.861553138953722055e+03 2.276540000000000000e+19 1.043093577027320862e-02 1.475668791681528091e-02
-1.385707951835575159e+03 -3.269848093302658981e+03 -1.860027354495179452e+03 2.276740000000000000e+19 -3.067184472456574440e-03 -1.418041437864303589e-02
-1.381587615712270463e+03 -3.272455572737340390e+03 -1.858506127268990895e+03 2.276940000000000000e+19 -1.291689090430736542e-02 -1.971530541777610779e-02
-1.377460685436439235e+03 -3.275055271178025123e+03 -1.856989464518164141e+03 2.277140000000000000e+19 1.036684680730104446e-02 -2.000229142140597105e-04
-1.373671973642263765e+03 -3.277431581393463603e+03 -1.855603148029121030e+03 2.277340000000000000e+19 -1.533108414150774479e-03 2.768188016489148140e-03
-1.360887418574556932e+03 -3.285376006549642625e+03 -1.850968603212670814e+03 2.277540000000000000e+19 6.716192699968814850e-03 7.173478603363037109e-03
-1.356727814549177083e+03 -3.287936614063266461e+03 -1.849474871323314801e+03 2.277740000000000000e+19 -1.519797276705503464e-02 -9.689665399491786957e-03
-1.352561735416051079e+03 -3.290489366449908175e+03 -1.847985747156588559e+03 2.277940000000000000e+19 7.453958503901958466e-03 1.850208826363086700e-02
-1.348389201011368868e+03 -3.293034251554997809e+03 -1.846501237802733840e+03 2.278140000000000000e+19 -9.437327273190021515e-03 -3.723882883787155151e-02
-1.344210231420061746e+03 -3.295571257128487559e+03 -1.845021350407562977e+03 2.278340000000000000e+19 -6.569921039044857025e-03 4.259511770214885473e-04
-1.340024846525150451e+03 -3.298100371099635140e+03 -1.843546092012175677e+03 2.278540000000000000e+19 -2.107810415327548981e-02 -2.306820079684257507e-02
-1.335833066473417603e+03 -3.300621581294301450e+03 -1.842075469717859733e+03 2.278740000000000000e+19 -2.470647543668746948e-02 3.269368316978216171e-03
-1.331985081395327597e+03 -3.302925838081981055e+03 -1.840731418738718730e+03 2.278940000000000000e+19 -1.896981708705425262e-02 3.086186014115810394e-02
-1.360887418574556932e+03 -3.285376006549642625e+03 -1.850968603212670814e+03 2.279140000000000000e+19 -2.915223885793238878e-04 1.911033876240253448e-02
-1.356727814549177083e+03 -3.287936614063266461e+03 -1.849474871323314801e+03 2.279340000000000000e+19 1.847713068127632141e-02 -1.762009598314762115e-02
-1.352561735416051079e+03 -3.290489366449908175e+03 -1.847985747156588559e+03 2.279540000000000000e+19 -8.846683427691459656e-03 -1.681619882583618164e-02
-1.348389201011368868e+03 -3.293034251554997809e+03 -1.846501237802733840e+03 2.279740000000000000e+19 -8.947897702455520630e-03 9.555307333357632160e-04
-1.344210231420061746e+03 -3.295571257128487559e+03 -1.845021350407562977e+03 2.279940000000000000e+19 -8.578086271882057190e-03 5.057348404079675674e-03
-1.340024846525150451e+03 -3.298100371099635140e+03 -1.843546092012175677e+03 2.280140000000000000e+19 2.557937428355216980e-02 -6.605409551411867142e-03
-1.335833066473417603e+03 -3.300621581294301450e+03 -1.842075469717859733e+03 2.280340000000000000e+19 9.929210646077990532e-04 -1.169957127422094345e-02
-1.331985081395327597e+03 -3.302925838081981055e+03 -1.840731418738718730e+03 2.280540000000000000e+19 -3.480684827081859112e-04 1.475451886653900146e-02
-1.319705693363505816e+03 -3.310212784190298862e+03 -1.836481158850453312e+03 2.280740000000000000e+19 7.112682214938104153e-05 -8.178761228919029236e-03
-1.315483286410783194e+03 -3.312695623583338147e+03 -1.835033043078888795e+03 2.280940000000000000e+19 8.559313602745532990e-03 -7.916182512417435646e-04
-1.311254601677664823e+03 -3.315170489394682136e+03 -1.833589604123969139e+03 2.281140000000000000e+19 -6.826270837336778641e-04 -5.176415666937828064e-03
-1.307019659475247863e+03 -3.317637369737280096e+03 -1.832150848918679685e+03 2.281340000000000000e+19 -2.958315890282392502e-03 2.198940608650445938e-03
-1.302778479952924727e+03 -3.320096252874112452e+03 -1.830716784308370507e+03 2.281540000000000000e+19 4.813211504369974136e-03 -5.028643179684877396e-03
-1.298531083511212728e+03 -3.322547126977584412e+03 -1.829287417191092800e+03 2.281740000000000000e+19 8.386360481381416321e-03 -1.357855740934610367e-02
-1.294277490417979607e+03 -3.324989980352750081e+03 -1.827862754387409723e+03 2.281940000000000000e+19 -1.019490417093038559e-03 6.950895767658948898e-03
-1.290373015654289020e+03 -3.327222309016417512e+03 -1.826560891871916510e+03 2.282140000000000000e+19 8.042026311159133911e-03 1.502709463238716125e-02
-1.319705693363505816e+03 -3.310212784190298862e+03 -1.836481158850453312e+03 2.282340000000000000e+19 3.888096252921968699e-04 -1.059828978031873703e-02
-1.315483286410783194e+03 -3.312695623583338147e+03 -1.835033043078888795e+03 2.282540000000000000e+19 1.102231442928314209e-02 1.553139369934797287e-02
-1.311254601677664823e+03 -3.315170489394682136e+03 -1.833589604123969139e+03 2.282740000000000000e+19 -4.254689440131187439e-03 1.917396904900670052e-03
-1.307019659475247863e+03 -3.317637369737280096e+03 -1.832150848918679685e+03 2.282940000000000000e+19 -1.446067744836909696e-05 -9.008576162159442902e-03
-1.302778479952924727e+03 -3.320096252874112452e+03 -1.830716784308370507e+03 2.283140000000000000e+19 -5.795876029878854752e-03 3.851334797218441963e-03
-1.298531083511212728e+03 -3.322547126977584412e+03 -1.829287417191092800e+03 2.283340000000000000e+19 -8.289701305329799652e-03 -1.437055878341197968e-02
-1.294277490417979607e+03 -3.324989980352750081e+03 -1.827862754387409723e+03 2.283540000000000000e+19 -3.328968305140733719e-03 -3.300008364021778107e-03
-1.290373015654289020e+03 -3.327222309016417512e+03 -1.826560891871916510e+03 2.283740000000000000e+19 -8.429531590081751347e-05 3.097471315413713455e-03
-1.277201559237125366e+03 -3.334680953253041935e+03 -1.822211282376214740e+03 2.283940000000000000e+19 1.936799660325050354e-02 -6.487687584012746811e-03
-1.272917288943446010e+03 -3.337083528325745192e+03 -1.820810242999346883e+03 2.284140000000000000e+19 -2.601380692794919014e-03 -2.787927631288766861e-03
-1.268626944519346807e+03 -3.339478013136060781e+03 -1.819413948486094569e+03 2.284340000000000000e+19 1.919534639455378056e-03 -5.341670475900173187e-03
-1.264330546631781999e+03 -3.341864396149563618e+03 -1.818022405562509675e+03 2.284540000000000000e+19 6.096481345593929291e-03 -5.993973929435014725e-03
-1.260028115737438384e+03 -3.344242666003834529e+03 -1.816635620854207446e+03 2.284740000000000000e+19 1.657177880406379700e-02 -2.027746057137846947e-03
-1.255719672456497392e+03 -3.346612811300405156e+03 -1.815253601007700809e+03 2.284940000000000000e+19 6.767585407942533493e-03 9.068205952644348145e-03
-1.251405237468105042e+03 -3.348974820663420815e+03 -1.813876352656176095e+03 2.285140000000000000e+19 7.247643079608678818e-03 -3.448914736509323120e-03
-1.247445168548088077e+03 -3.351132942949210701e+03 -1.812618011332659080e+03 2.285340000000000000e+19 -1.344776246696710587e-03 -1.077155862003564835e-02
-1.277201559237125366e+03 -3.334680953253041935e+03 -1.822211282376214740e+03 2.285540000000000000e+19 -9.416006505489349365e-03 -1.337655005045235157e-03
-1.272917288943446010e+03 -3.337083528325745192e+03 -1.820810242999346883e+03 2.285740000000000000e+19 -1.938118413090705872e-02 -7.477341685444116592e-03
-1.268626944519346807e+03 -3.339478013136060781e+03 -1.819413948486094569e+03 2.285940000000000000e+19 -6.167374085634946823e-03 -5.833184695802628994e-04
-1.264330546631781999e+03 -3.341864396149563618e+03 -1.818022405562509675e+03 2.286140000000000000e+19 -2.746979147195816040e-02 2.094378881156444550e-02
-1.260028115737438384e+03 -3.344242666003834529e+03 -1.816635620854207446e+03 2.286340000000000000e+19 5.612256354652345181e-04 4.020250402390956879e-03
-1.255719672456497392e+03 -3.346612811300405156e+03 -1.815253601007700809e+03 2.286540000000000000e+19 -1.116207567974925041e-03 2.074772492051124573e-02
-1.251405237468105042e+03 -3.348974820663420815e+03 -1.813876352656176095e+03 2.286740000000000000e+19 -1.261262502521276474e-02 2.434212015941739082e-03
-1.247445168548088077e+03 -3.351132942949210701e+03 -1.812618011332659080e+03 2.286940000000000000e+19 9.809111244976520538e-03 -3.252787981182336807e-03
-1.234087993328575749e+03 -3.358341273559250567e+03 -1.808415205520104564e+03 2.287140000000000000e+19 4.806379321962594986e-03 1.205718703567981720e-02
-1.229743909834363194e+03 -3.360662434616358951e+03 -1.807061912970750427e+03 2.287340000000000000e+19 4.433203954249620438e-03 -5.265249870717525482e-03
-1.225393958946359589e+03 -3.362975392502765317e+03 -1.805713431119182133e+03 2.287540000000000000e+19 -1.305776182562112808e-02 -8.913287892937660217e-03
-1.221038161376277912e+03 -3.365280136205707549e+03 -1.804369766385956609e+03 2.287740000000000000e+19 -9.122399613261222839e-03 3.853311995044350624e-03
-1.216676538091172233e+03 -3.367576654631053316e+03 -1.803030925238936334e+03 2.287940000000000000e+19 -1.617108099162578583e-02 -5.868126638233661652e-03
-1.212309109843225087e+03 -3.369864936852219671e+03 -1.801696914048153303e+03 2.288140000000000000e+19 3.885342739522457123e-03 -2.563567832112312317e-02
-1.207935897655415147e+03 -3.372144971854437244e+03 -1.800367739234943656e+03 2.288340000000000000e+19 5.324184428900480270e-03 1.018723472952842712e-02
-1.203922129677599287e+03 -3.374227854989497246e+03 -1.799153521283444661e+03 2.288540000000000000e+19 1.810466870665550232e-02 -1.882542739622294903e-03
-1.234087993328575749e+03 -3.358341273559250567e+03 -1.808415205520104564e+03 2.288740000000000000e+19 3.688912605866789818e-03 -1.051424304023385048e-03
-1.229743909834363194e+03 -3.360662434616358951e+03 -1.807061912970750427e+03 2.288940000000000000e+19 -3.324989695101976395e-03 -4.589864693116396666e-04
-1.225393958946359589e+03 -3.362975392502765317e+03 -1.805713431119182133e+03 2.289140000000000000e+19 -1.016352046281099319e-02 -1.103581674396991730e-02
-1.221038161376277912e+03 -3.365280136205707549e+03 -1.804369766385956609e+03 2.289340000000000000e+19 7.046961109153926373e-04 1.795987016521394253e-03
-1.216676538091172233e+03 -3.367576654631053316e+03 -1.803030925238936334e+03 2.289540000000000000e+19 1.309288293123245239e-02 -6.975644733756780624e-03
-1.212309109843225087e+03 -3.369864936852219671e+03 -1.801696914048153303e+03 2.289740000000000000e+19 6.431824062019586563e-03 4.644772037863731384e-03
-1.207935897655415147e+03 -3.372144971854437244e+03 -1.800367739234943656e+03 2.289940000000000000e+19 8.571920916438102722e-03 1.274639042094349861e-03
-1.203922129677599287e+03 -3.374227854989497246e+03 -1.799153521283444661e+03 2.290140000000000000e+19 8.417579345405101776e-03 -9.202719666063785553e-03
-1.190385627753027620e+03 -3.381182422423736625e+03 -1.795099530404216466e+03 2.290340000000000000e+19 -4.504257347434759140e-03 9.146535303443670273e-04
-1.185983810016695998e+03 -3.383421058622763667e+03 -1.793794632328865191e+03 2.290540000000000000e+19 2.072731032967567444e-02 1.357338391244411469e-02
-1.181576334296383266e+03 -3.385651382743235445e+03 -1.792494608439671310e+03 2.290740000000000000e+19 -1.537505071610212326e-02 3.027265483979135752e-04
-1.177163221608286676e+03 -3.387873384150143920e+03 -1.791199464935615424e+03 2.290940000000000000e+19 -3.304944373667240143e-03 1.506495103240013123e-02
-1.172744493103058403e+03 -3.390087052193968702e+03 -1.789909208023995916e+03 2.291140000000000000e+19 2.593566663563251495e-02 1.944733783602714539e-02
-1.168320170004593137e+03 -3.392292376242231967e+03 -1.788623843902037834e+03 2.291340000000000000e+19 -5.192654207348823547e-03 5.434808321297168732e-03
-1.163890273363321057e+03 -3.394489345802370281e+03 -1.787343378685276548e+03 2.291540000000000000e+19 -9.702809154987335205e-03 -6.937495898455381393e-03
-1.159824727828531195e+03 -3.396495992672401371e+03 -1.786173865372903037e+03 2.291740000000000000e+19 8.962001651525497437e-03 9.980496019124984741e-03
-1.190385627753027620e+03 -3.381182422423736625e+03 -1.795099530404216466e+03 2.291940000000000000e+19 -2.232492202892899513e-03 9.029346518218517303e-03
-1.185983810016695998e+03 -3.383421058622763667e+03 -1.793794632328865191e+03 2.292140000000000000e+19 -1.078470330685377121e-02 7.512421812862157822e-03
-1.181576334296383266e+03 -3.385651382743235445e+03 -1.792494608439671310e+03 2.292340000000000000e+19 -3.383373841643333435e-02 -1.772481482475996017e-03
-1.177163221608286676e+03 -3.387873384150143920e+03 -1.791199464935615424e+03 2.292540000000000000e+19 2.172292210161685944e-02 -2.959860488772392273e-02
-1.172744493103058403e+03 -3.390087052193968702e+03 -1.789909208023995916e+03 2.292740000000000000e+19 -5.740341730415821075e-03 -1.225579902529716492e-02
-1.168320170004593137e+03 -3.392292376242231967e+03 -1.788623843902037834e+03 2.292940000000000000e+19 -1.771257258951663971e-02 -8.947676047682762146e-03
-1.163890273363321057e+03 -3.394489345802370281e+03 -1.787343378685276548e+03 2.293140000000000000e+19 -2.495022490620613098e-02 -7.676977198570966721e-03
-1.159824727828531195e+03 -3.396495992672401371e+03 -1.786173865372903037e+03 2.293340000000000000e+19 7.011036388576030731e-03 -1.114329043775796890e-02
