# Baseline: 2-24
# Entries: 128
# u [m], v [m], w [m], frequency [GHz], real, imag, std(real), std(imag)
4.268430219536546701e+02 -1.519938001272627844e+03 2.488180206935846002e+02 2.267940000000000111e+01 4.728477820754051208e-02 3.290485590696334839e-02 6.844826042652130127e-02 6.860025227069854736e-02
4.299864371587411256e+02 -1.519129838844372216e+03 2.483406875992451432e+02 2.268140000000000001e+01 1.251031737774610519e-02 8.669795840978622437e-02 6.844826042652130127e-02 6.860025227069854736e-02
4.331277915289704197e+02 -1.518315742872431429e+03 2.478598831518594920e+02 2.268340000000000245e+01 6.179826334118843079e-02 -5.515756830573081970e-02 6.844826042652130127e-02 6.860025227069854736e-02
4.362670700525444545e+02 -1.517495717247229550e+03 2.473756096491182461e+02 2.268540000000000134e+01 -7.142493873834609985e-02 6.128309667110443115e-02 6.844826042652130127e-02 6.860025227069854736e-02
4.386202233585065073e+02 -1.516876994130559069e+03 2.470102376236272903e+02 2.268740000000000023e+01 6.634328514337539673e-02 7.105014752596616745e-03 6.844826042652130127e-02 6.860025227069854736e-02
4.425393394745761384e+02 -1.515837892762782531e+03 2.463966647644158172e+02 2.268940000000000268e+01 -1.677090823650360107e-01 -2.734768763184547424e-02 6.844826042652130127e-02 6.860025227069854736e-02
4.456723002901317159e+02 -1.515000101854953755e+03 2.459019980777775629e+02 2.269140000000000157e+01 -7.608616352081298828e-02 -9.821394830942153931e-02 6.844826042652130127e-02 6.860025227069854736e-02
4.495855833570102504e+02 -1.513944786762086324e+03 2.452789398276810289e+02 2.269340000000000046e+01 -1.326767913997173309e-02 2.355181798338890076e-02 6.844826042652130127e-02 6.860025227069854736e-02
4.268430219536546701e+02 -1.519938001272627844e+03 2.488180206935846002e+02 2.269540000000000290e+01 -1.297928113490343094e-02 -3.506769984960556030e-02 6.844826042652130127e-02 6.860025227069854736e-02
4.299864371587411256e+02 -1.519129838844372216e+03 2.483406875992451432e+02 2.269740000000000180e+01 8.842107653617858887e-02 6.033010780811309814e-02 6.844826042652130127e-02 6.860025227069854736e-02
4.331277915289704197e+02 -1.518315742872431429e+03 2.478598831518594920e+02 2.269940000000000069e+01 1.178626939654350281e-01 -1.993970572948455811e-02 6.844826042652130127e-02 6.860025227069854736e-02
4.362670700525444545e+02 -1.517495717247229550e+03 2.473756096491182461e+02 2.270140000000000313e+01 3.820101171731948853e-02 7.139299996197223663e-03 6.844826042652130127e-02 6.860025227069854736e-02
4.386202233585065073e+02 -1.516876994130559069e+03 2.470102376236272903e+02 2.270340000000000202e+01 1.322873383760452271e-01 -1.324006468057632446e-01 6.844826042652130127e-02 6.860025227069854736e-02
4.425393394745761384e+02 -1.515837892762782531e+03 2.463966647644158172e+02 2.270540000000000092e+01 -3.828502446413040161e-02 -1.467516832053661346e-02 6.844826042652130127e-02 6.860025227069854736e-02
4.456723002901317159e+02 -1.515000101854953755e+03 2.459019980777775629e+02 2.270739999999999981e+01 -7.159599661827087402e-02 8.493311703205108643e-02 6.844826042652130127e-02 6.860025227069854736e-02
4.495855833570102504e+02 -1.513944786762086324e+03 2.452789398276810289e+02 2.270940000000000225e+01 -1.098503619432449341e-01 6.729055196046829224e-02 6.844826042652130127e-02 6.860025227069854736e-02
4.581826349789545816e+02 -1.511589840881857981e+03 2.438887583954921467e+02 2.271140000000000114e+01 -1.099600493907928467e-01 -8.856788277626037598e-02 6.844826042652130127e-02 6.860025227069854736e-02
4.613047666578220287e+02 -1.510722521706606358e+03 2.433768172861653909e+02 2.271340000000000003e+01 -9.446973353624343872e-02 -3.088868781924247742e-02 6.844826042652130127e-02 6.860025227069854736e-02
4.644246875989390446e+02 -1.509849309229284245e+03 2.428614285834220254e+02 2.271540000000000248e+01 1.296852827072143555e-01 4.342017229646444321e-03 6.844826042652130127e-02 6.860025227069854736e-02
4.675423829146767503e+02 -1.508970207616762764e+03 2.423425947466450054e+02 2.271740000000000137e+01 -4.994887858629226685e-02 -6.792307645082473755e-02 6.844826042652130127e-02 6.860025227069854736e-02
4.706578376737136296e+02 -1.508085221079265921e+03 2.418203182606585813e+02 2.271940000000000026e+01 -6.215074285864830017e-02 1.246437951922416687e-01 6.844826042652130127e-02 6.860025227069854736e-02
4.737710369663010965e+02 -1.507194353852092263e+03 2.412946016249402419e+02 2.272140000000000271e+01 1.295615732669830322e-01 -6.390900164842605591e-02 6.844826042652130127e-02 6.860025227069854736e-02
4.768819658826747627e+02 -1.506297610201885391e+03 2.407654473573178677e+02 2.272340000000000160e+01 3.141003847122192383e-02 -5.692473426461219788e-02 6.844826042652130127e-02 6.860025227069854736e-02
4.797316728465673918e+02 -1.505470511280399705e+03 2.402774152755030741e+02 2.272540000000000049e+01 2.443923987448215485e-02 2.436643280088901520e-02 6.844826042652130127e-02 6.860025227069854736e-02
4.581826349789545816e+02 -1.511589840881857981e+03 2.438887583954921467e+02 2.272740000000000293e+01 -5.473111942410469055e-02 6.820127367973327637e-02 6.844826042652130127e-02 6.860025227069854736e-02
4.613047666578220287e+02 -1.510722521706606358e+03 2.433768172861653909e+02 2.272940000000000182e+01 -4.089764133095741272e-02 2.471816167235374451e-02 6.844826042652130127e-02 6.860025227069854736e-02
4.644246875989390446e+02 -1.509849309229284245e+03 2.428614285834220254e+02 2.273140000000000072e+01 4.368957877159118652e-02 -2.552706189453601837e-02 6.844826042652130127e-02 6.860025227069854736e-02
4.675423829146767503e+02 -1.508970207616762764e+03 2.423425947466450054e+02 2.273340000000000316e+01 8.705928921699523926e-02 2.846077270805835724e-02 6.844826042652130127e-02 6.860025227069854736e-02
4.706578376737136296e+02 -1.508085221079265921e+03 2.418203182606585813e+02 2.273540000000000205e+01 -7.532496005296707153e-02 3.972052037715911865e-02 6.844826042652130127e-02 6.860025227069854736e-02
4.737710369663010965e+02 -1.507194353852092263e+03 2.412946016249402419e+02 2.273740000000000094e+01 -7.109630852937698364e-02 -5.963159725069999695e-02 6.844826042652130127e-02 6.860025227069854736e-02
4.768819658826747627e+02 -1.506297610201885391e+03 2.407654473573178677e+02 2.273939999999999984e+01 7.683071494102478027e-02 2.479083091020584106e-02 6.844826042652130127e-02 6.860025227069854736e-02
4.797316728465673918e+02 -1.505470511280399705e+03 2.402774152755030741e+02 2.274140000000000228e+01 -2.966625615954399109e-02 6.000368297100067139e-02 6.844826042652130127e-02 6.860025227069854736e-02
4.893026803620208511e+02 -1.502651957573376876e+03 2.386145048326108906e+02 2.274340000000000117e+01 -9.418278932571411133e-02 3.038131631910800934e-02 6.844826042652130127e-02 6.860025227069854736e-02
4.924020343392738255e+02 -1.501725896731158400e+03 2.380682007128374096e+02 2.274540000000000006e+01 1.053826808929443359e-01 1.618982851505279541e-02 6.844826042652130127e-02 6.860025227069854736e-02
4.954990288205099773e+02 -1.500793985623748995e+03 2.375184743943827073e+02 2.274740000000000251e+01 5.701994150876998901e-02 -1.316105853766202927e-02 6.844826042652130127e-02 6.860025227069854736e-02
4.985936489303980466e+02 -1.499856228727262078e+03 2.369653285176757436e+02 2.274940000000000140e+01 -3.028294257819652557e-02 -4.406692087650299072e-02 6.844826042652130127e-02 6.860025227069854736e-02
5.016858799235402557e+02 -1.498912630509879136e+03 2.364087657183268618e+02 2.275140000000000029e+01 -8.962018415331840515e-03 9.166978299617767334e-02 6.844826042652130127e-02 6.860025227069854736e-02
5.047757069044286595e+02 -1.497963195517049371e+03 2.358487886773879723e+02 2.275340000000000273e+01 8.108391612768173218e-02 -3.726684302091598511e-02 6.844826042652130127e-02 6.860025227069854736e-02
5.078631151613469683e+02 -1.497007928269490776e+03 2.352854000611847596e+02 2.275540000000000163e+01 2.904117479920387268e-02 5.476447194814682007e-02 6.844826042652130127e-02 6.860025227069854736e-02
5.106911331002800694e+02 -1.496127221212984296e+03 2.347660092022667300e+02 2.275740000000000052e+01 -6.321925204247236252e-03 -7.682994753122329712e-02 6.844826042652130127e-02 6.860025227069854736e-02
4.893026803620208511e+02 -1.502651957573376876e+03 2.386145048326108906e+02 2.275940000000000296e+01 -1.478762459009885788e-02 4.368778318166732788e-02 6.844826042652130127e-02 6.860025227069854736e-02
4.924020343392738255e+02 -1.501725896731158400e+03 2.380682007128374096e+02 2.276140000000000185e+01 1.014547608792781830e-02 -1.139738112688064575e-01 6.844826042652130127e-02 6.860025227069854736e-02
4.954990288205099773e+02 -1.500793985623748995e+03 2.375184743943827073e+02 2.276340000000000074e+01 2.597488276660442352e-02 1.069524586200714111e-01 6.844826042652130127e-02 6.860025227069854736e-02
4.985936489303980466e+02 -1.499856228727262078e+03 2.369653285176757436e+02 2.276540000000000319e+01 6.966508924961090088e-02 7.805053144693374634e-02 6.844826042652130127e-02 6.860025227069854736e-02
5.016858799235402557e+02 -1.498912630509879136e+03 2.364087657183268618e+02 2.276740000000000208e+01 2.673525363206863403e-02 2.604470029473304749e-02 6.844826042652130127e-02 6.860025227069854736e-02
5.047757069044286595e+02 -1.497963195517049371e+03 2.358487886773879723e+02 2.276940000000000097e+01 2.866696380078792572e-02 1.623453572392463684e-02 6.844826042652130127e-02 6.860025227069854736e-02
5.078631151613469683e+02 -1.497007928269490776e+03 2.352854000611847596e+02 2.277139999999999986e+01 -5.850170925259590149e-02 -7.499722391366958618e-02 6.844826042652130127e-02 6.860025227069854736e-02
5.106911331002800694e+02 -1.496127221212984296e+03 2.347660092022667300e+02 2.277340000000000231e+01 -1.429044269025325775e-02 6.190281361341476440e-03 6.844826042652130127e-02 6.860025227069854736e-02
5.201882653988574248e+02 -1.493128628649665870e+03 2.329977840522184351e+02 2.277540000000000120e+01 2.557854168117046356e-04 3.752414137125015259e-02 6.844826042652130127e-02 6.860025227069854736e-02
5.232633585402378458e+02 -1.492144269290564580e+03 2.324173783468898193e+02 2.277740000000000009e+01 -1.750487089157104492e-02 4.836392775177955627e-02 6.844826042652130127e-02 6.860025227069854736e-02
5.263359444270236054e+02 -1.491154105541603940e+03 2.318335774982012651e+02 2.277940000000000254e+01 -5.908409133553504944e-02 -4.079212620854377747e-02 6.844826042652130127e-02 6.860025227069854736e-02
5.294060084295388151e+02 -1.490158142117307534e+03 2.312463842858435896e+02 2.278140000000000143e+01 6.290353834629058838e-02 -6.782899051904678345e-02 6.844826042652130127e-02 6.860025227069854736e-02
5.324735357697344398e+02 -1.489156383811858177e+03 2.306558015363467575e+02 2.278340000000000032e+01 1.054197736084461212e-02 -2.616654150187969208e-02 6.844826042652130127e-02 6.860025227069854736e-02
5.355385118527091208e+02 -1.488148835391508328e+03 2.300618320596416879e+02 2.278540000000000276e+01 6.216157972812652588e-02 -8.432617038488388062e-02 6.844826042652130127e-02 6.860025227069854736e-02
5.386009219248988984e+02 -1.487135501706199193e+03 2.294644787148702960e+02 2.278740000000000165e+01 -3.105665557086467743e-03 2.738123387098312378e-02 6.844826042652130127e-02 6.860025227069854736e-02
5.414058975896482480e+02 -1.486201607947406956e+03 2.289139776165016542e+02 2.278940000000000055e+01 9.077285230159759521e-02 9.508928656578063965e-02 6.844826042652130127e-02 6.860025227069854736e-02
5.201882653988574248e+02 -1.493128628649665870e+03 2.329977840522184351e+02 2.279140000000000299e+01 -3.812318295240402222e-02 5.794753879308700562e-02 6.844826042652130127e-02 6.860025227069854736e-02
5.232633585402378458e+02 -1.492144269290564580e+03 2.324173783468898193e+02 2.279340000000000188e+01 -5.219089239835739136e-02 -7.961185276508331299e-02 6.844826042652130127e-02 6.860025227069854736e-02
5.263359444270236054e+02 -1.491154105541603940e+03 2.318335774982012651e+02 2.279540000000000077e+01 -2.856140397489070892e-02 -8.652822673320770264e-02 6.844826042652130127e-02 6.860025227069854736e-02
5.294060084295388151e+02 -1.490158142117307534e+03 2.312463842858435896e+02 2.279739999999999966e+01 -2.544272504746913910e-02 -4.924912005662918091e-03 6.844826042652130127e-02 6.860025227069854736e-02
5.324735357697344398e+02 -1.489156383811858177e+03 2.306558015363467575e+02 2.279940000000000211e+01 2.393694594502449036e-02 -5.708646774291992188e-02 6.844826042652130127e-02 6.860025227069854736e-02
5.355385118527091208e+02 -1.488148835391508328e+03 2.300618320596416879e+02 2.280140000000000100e+01 -3.572789952158927917e-03 2.799548953771591187e-02 6.844826042652130127e-02 6.860025227069854736e-02
5.386009219248988984e+02 -1.487135501706199193e+03 2.294644787148702960e+02 2.280339999999999989e+01 -3.466787561774253845e-02 7.579848752357065678e-04 6.844826042652130127e-02 6.860025227069854736e-02
5.414058975896482480e+02 -1.486201607947406956e+03 2.289139776165016542e+02 2.280540000000000234e+01 8.073920384049415588e-03 4.423638340085744858e-03 6.844826042652130127e-02 6.860025227069854736e-02
5.503161259208194451e+02 -1.483197549416187712e+03 2.271433280606480309e+02 2.280740000000000123e+01 5.353438481688499451e-02 -1.148783490061759949e-01 6.844826042652130127e-02 6.860025227069854736e-02
5.533659274620017641e+02 -1.482156322401623356e+03 2.265296598994906390e+02 2.280940000000000012e+01 -9.406106173992156982e-02 1.279110014438629150e-01 6.844826042652130127e-02 6.860025227069854736e-02
5.564130777284117357e+02 -1.481109338783013072e+03 2.259126247639326834e+02 2.281140000000000256e+01 7.592985779047012329e-02 -4.063538461923599243e-02 6.844826042652130127e-02 6.860025227069854736e-02
5.594575620841645787e+02 -1.480056603589253200e+03 2.252922256177387794e+02 2.281340000000000146e+01 -8.146966993808746338e-02 5.760610569268465042e-03 6.844826042652130127e-02 6.860025227069854736e-02
5.624993660440209169e+02 -1.478998121829192087e+03 2.246684654127355714e+02 2.281540000000000035e+01 1.596994102001190186e-01 -4.058495908975601196e-02 6.844826042652130127e-02 6.860025227069854736e-02
5.655384749765291872e+02 -1.477933898594198581e+03 2.240413471492591668e+02 2.281740000000000279e+01 -1.129317730665206909e-01 2.010441012680530548e-02 6.844826042652130127e-02 6.860025227069854736e-02
5.685748743797055340e+02 -1.476863938962648717e+03 2.234108738198663389e+02 2.281940000000000168e+01 1.606242060661315918e-01 -3.349713608622550964e-02 6.844826042652130127e-02 6.860025227069854736e-02
5.713558826615778798e+02 -1.475878180660147109e+03 2.228300378267385042e+02 2.282140000000000057e+01 -4.384818300604820251e-02 2.570251189172267914e-02 6.844826042652130127e-02 6.860025227069854736e-02
5.503161259208194451e+02 -1.483197549416187712e+03 2.271433280606480309e+02 2.282340000000000302e+01 2.053573131561279297e-01 -9.480248205363750458e-03 6.844826042652130127e-02 6.860025227069854736e-02
5.533659274620017641e+02 -1.482156322401623356e+03 2.265296598994906390e+02 2.282540000000000191e+01 -1.244631335139274597e-01 -5.449400842189788818e-02 6.844826042652130127e-02 6.860025227069854736e-02
5.564130777284117357e+02 -1.481109338783013072e+03 2.259126247639326834e+02 2.282740000000000080e+01 5.225262790918350220e-02 1.607158966362476349e-02 6.844826042652130127e-02 6.860025227069854736e-02
5.594575620841645787e+02 -1.480056603589253200e+03 2.252922256177387794e+02 2.282939999999999969e+01 -8.831015229225158691e-02 1.748349815607070923e-01 6.844826042652130127e-02 6.860025227069854736e-02
5.624993660440209169e+02 -1.478998121829192087e+03 2.246684654127355714e+02 2.283140000000000214e+01 4.974668100476264954e-02 -6.558700930327177048e-03 6.844826042652130127e-02 6.860025227069854736e-02
5.655384749765291872e+02 -1.477933898594198581e+03 2.240413471492591668e+02 2.283340000000000103e+01 -6.395101547241210938e-02 8.891081809997558594e-02 6.844826042652130127e-02 6.860025227069854736e-02
5.685748743797055340e+02 -1.476863938962648717e+03 2.234108738198663389e+02 2.283539999999999992e+01 -1.238481700420379639e-01 2.101159840822219849e-02 6.844826042652130127e-02 6.860025227069854736e-02
5.713558826615778798e+02 -1.475878180660147109e+03 2.228300378267385042e+02 2.283740000000000236e+01 1.211108118295669556e-01 9.873699396848678589e-02 6.844826042652130127e-02 6.860025227069854736e-02
5.806930861716170966e+02 -1.472526839326247455e+03 2.208554904489491264e+02 2.283940000000000126e+01 -6.823863834142684937e-02 -1.448764503002166748e-01 6.844826042652130127e-02 6.860025227069854736e-02
5.837157201343583210e+02 -1.471428275098359791e+03 2.202082873876047699e+02 2.284140000000000015e+01 -2.776931226253509521e-02 1.051496192812919617e-01 6.844826042652130127e-02 6.860025227069854736e-02
5.867355576183447283e+02 -1.470324005592722642e+03 2.195577475953302269e+02 2.284340000000000259e+01 1.575190722942352295e-01 4.773865453898906708e-03 6.844826042652130127e-02 6.860025227069854736e-02
5.897525840767754062e+02 -1.469214036128699490e+03 2.189038742058393723e+02 2.284540000000000148e+01 -7.478106021881103516e-02 -3.929524868726730347e-02 6.844826042652130127e-02 6.860025227069854736e-02
5.927667851445182805e+02 -1.468098371991257636e+03 2.182466703324662944e+02 2.284740000000000038e+01 4.465900361537933350e-02 -6.394239515066146851e-02 6.844826042652130127e-02 6.860025227069854736e-02
5.957781463753647131e+02 -1.466977018527355540e+03 2.175861391249502503e+02 2.284940000000000282e+01 -2.850962569937109947e-03 -3.233730792999267578e-02 6.844826042652130127e-02 6.860025227069854736e-02
5.987866533158047559e+02 -1.465849981119162749e+03 2.169222837536537725e+02 2.285140000000000171e+01 -4.241274669766426086e-02 -1.182739157229661942e-02 6.844826042652130127e-02 6.860025227069854736e-02
6.015419683549949923e+02 -1.464811947135311812e+03 2.163108744278065956e+02 2.285340000000000060e+01 9.712605923414230347e-02 -7.787765562534332275e-02 6.844826042652130127e-02 6.860025227069854736e-02
5.806930861716170966e+02 -1.472526839326247455e+03 2.208554904489491264e+02 2.285540000000000305e+01 -5.751407146453857422e-02 6.238979287445545197e-03 6.844826042652130127e-02 6.860025227069854736e-02
5.837157201343583210e+02 -1.471428275098359791e+03 2.202082873876047699e+02 2.285740000000000194e+01 -6.220467854291200638e-03 4.319564998149871826e-02 6.844826042652130127e-02 6.860025227069854736e-02
5.867355576183447283e+02 -1.470324005592722642e+03 2.195577475953302269e+02 2.285940000000000083e+01 -6.549876183271408081e-02 4.617106914520263672e-02 6.844826042652130127e-02 6.860025227069854736e-02
5.897525840767754062e+02 -1.469214036128699490e+03 2.189038742058393723e+02 2.286139999999999972e+01 3.268389403820037842e-02 7.173386961221694946e-02 6.844826042652130127e-02 6.860025227069854736e-02
5.927667851445182805e+02 -1.468098371991257636e+03 2.182466703324662944e+02 2.286340000000000217e+01 3.327842056751251221e-02 -1.855465583503246307e-03 6.844826042652130127e-02 6.860025227069854736e-02
5.957781463753647131e+02 -1.466977018527355540e+03 2.175861391249502503e+02 2.286540000000000106e+01 -3.679790720343589783e-02 -1.223103515803813934e-02 6.844826042652130127e-02 6.860025227069854736e-02
5.987866533158047559e+02 -1.465849981119162749e+03 2.169222837536537725e+02 2.286739999999999995e+01 -8.507741987705230713e-02 -6.489151716232299805e-02 6.844826042652130127e-02 6.860025227069854736e-02
6.015419683549949923e+02 -1.464811947135311812e+03 2.163108744278065956e+02 2.286940000000000239e+01 3.759880317375063896e-03 -1.132130809128284454e-02 6.844826042652130127e-02 6.860025227069854736e-02
6.107918507679102049e+02 -1.461285100196818803e+03 2.142336843343077248e+02 2.287140000000000128e+01 -5.501315742731094360e-02 -2.472527511417865753e-02 6.844826042652130127e-02 6.860025227069854736e-02
6.137858707415584831e+02 -1.460129724449697278e+03 2.135532560784234875e+02 2.287340000000000018e+01 1.900505460798740387e-02 -5.871387571096420288e-02 6.844826042652130127e-02 6.860025227069854736e-02
6.167769502448363710e+02 -1.458968697528105849e+03 2.128695229593924125e+02 2.287540000000000262e+01 -5.042235553264617920e-02 4.755707830190658569e-02 6.844826042652130127e-02 6.860025227069854736e-02
6.197650750361744940e+02 -1.457802024960150675e+03 2.121824882327421449e+02 2.287740000000000151e+01 6.780946254730224609e-02 -4.563306644558906555e-02 6.844826042652130127e-02 6.860025227069854736e-02
6.227502307319331294e+02 -1.456629712361712336e+03 2.114921552055822644e+02 2.287940000000000040e+01 -5.664032325148582458e-02 7.185291033238172531e-03 6.844826042652130127e-02 6.860025227069854736e-02
6.257324031290762605e+02 -1.455451765310543806e+03 2.107985271624433494e+02 2.288140000000000285e+01 -1.036861464381217957e-01 6.554738432168960571e-02 6.844826042652130127e-02 6.860025227069854736e-02
6.287115778726988538e+02 -1.454268189476830230e+03 2.101016074422053919e+02 2.288340000000000174e+01 -3.822182491421699524e-02 9.667224250733852386e-03 6.844826042652130127e-02 6.860025227069854736e-02
6.314398811090226218e+02 -1.453178376565165081e+03 2.094599173755675565e+02 2.288540000000000063e+01 -1.606128551065921783e-02 -6.915307790040969849e-02 6.844826042652130127e-02 6.860025227069854736e-02
6.107918507679102049e+02 -1.461285100196818803e+03 2.142336843343077248e+02 2.288740000000000308e+01 1.076319068670272827e-01 -7.923191785812377930e-02 6.844826042652130127e-02 6.860025227069854736e-02
6.137858707415584831e+02 -1.460129724449697278e+03 2.135532560784234875e+02 2.288940000000000197e+01 -1.536679267883300781e-02 -8.869156241416931152e-03 6.844826042652130127e-02 6.860025227069854736e-02
6.167769502448363710e+02 -1.458968697528105849e+03 2.128695229593924125e+02 2.289140000000000086e+01 1.032756641507148743e-02 -4.798595979809761047e-02 6.844826042652130127e-02 6.860025227069854736e-02
6.197650750361744940e+02 -1.457802024960150675e+03 2.121824882327421449e+02 2.289339999999999975e+01 4.707373306155204773e-02 -8.490575850009918213e-02 6.844826042652130127e-02 6.860025227069854736e-02
6.227502307319331294e+02 -1.456629712361712336e+03 2.114921552055822644e+02 2.289540000000000219e+01 -2.715923450887203217e-02 -4.138505831360816956e-02 6.844826042652130127e-02 6.860025227069854736e-02
6.257324031290762605e+02 -1.455451765310543806e+03 2.107985271624433494e+02 2.289740000000000109e+01 -8.691508322954177856e-02 -4.190794005990028381e-02 6.844826042652130127e-02 6.860025227069854736e-02
6.287115778726988538e+02 -1.454268189476830230e+03 2.101016074422053919e+02 2.289939999999999998e+01 -8.300630748271942139e-02 8.655256591737270355e-03 6.844826042652130127e-02 6.860025227069854736e-02
6.314398811090226218e+02 -1.453178376565165081e+03 2.094599173755675565e+02 2.290140000000000242e+01 2.149230241775512695e-02 1.618022769689559937e-01 6.844826042652130127e-02 6.860025227069854736e-02
6.405980158866068450e+02 -1.449477711803913735e+03 2.072810786131121290e+02 2.290340000000000131e+01 -2.641449915245175362e-03 5.498148035258054733e-03 6.844826042652130127e-02 6.860025227069854736e-02
6.435619890172728219e+02 -1.448266077469051652e+03 2.065677507978407164e+02 2.290540000000000020e+01 7.019568700343370438e-03 -4.395969584584236145e-02 6.844826042652130127e-02 6.860025227069854736e-02
6.465228791877023014e+02 -1.447048848732593115e+03 2.058511515482606171e+02 2.290740000000000265e+01 8.676799386739730835e-02 7.956168614327907562e-03 6.844826042652130127e-02 6.860025227069854736e-02
6.494806722793848621e+02 -1.445826031398610212e+03 2.051312842813149757e+02 2.290940000000000154e+01 9.370468556880950928e-02 -7.072155922651290894e-02 6.844826042652130127e-02 6.860025227069854736e-02
6.524353541164556418e+02 -1.444597631327619411e+03 2.044081524470707905e+02 2.291140000000000043e+01 -3.581399470567703247e-02 -5.711485818028450012e-02 6.844826042652130127e-02 6.860025227069854736e-02
6.553869105071779586e+02 -1.443363654419884142e+03 2.036817595188893222e+02 2.291340000000000288e+01 -4.382056184113025665e-03 1.628230884671211243e-02 6.844826042652130127e-02 6.860025227069854736e-02
6.583353274084581699e+02 -1.442124106546574467e+03 2.029521089528983850e+02 2.291540000000000177e+01 8.182948827743530273e-02 3.668529167771339417e-02 6.844826042652130127e-02 6.860025227069854736e-02
6.610353127406841622e+02 -1.440983036437426563e+03 2.022804453447735682e+02 2.291740000000000066e+01 4.357730597257614136e-02 -6.688559800386428833e-02 6.844826042652130127e-02 6.860025227069854736e-02
6.405980158866068450e+02 -1.449477711803913735e+03 2.072810786131121290e+02 2.291940000000000310e+01 3.976282477378845215e-02 -4.540927335619926453e-02 6.844826042652130127e-02 6.860025227069854736e-02
6.435619890172728219e+02 -1.448266077469051652e+03 2.065677507978407164e+02 2.292140000000000200e+01 -6.739857792854309082e-02 -7.239490747451782227e-02 6.844826042652130127e-02 6.860025227069854736e-02
6.465228791877023014e+02 -1.447048848732593115e+03 2.058511515482606171e+02 2.292340000000000089e+01 2.820227062329649925e-03 -3.619506256654858589e-03 6.844826042652130127e-02 6.860025227069854736e-02
6.494806722793848621e+02 -1.445826031398610212e+03 2.051312842813149757e+02 2.292539999999999978e+01 2.218452468514442444e-02 -1.759690418839454651e-02 6.844826042652130127e-02 6.860025227069854736e-02
6.524353541164556418e+02 -1.444597631327619411e+03 2.044081524470707905e+02 2.292740000000000222e+01 1.973237544298171997e-01 -2.430000022286549211e-04 6.844826042652130127e-02 6.860025227069854736e-02
6.553869105071779586e+02 -1.443363654419884142e+03 2.036817595188893222e+02 2.292940000000000111e+01 3.227422758936882019e-02 1.362187042832374573e-02 6.844826042652130127e-02 6.860025227069854736e-02
6.583353274084581699e+02 -1.442124106546574467e+03 2.029521089528983850e+02 2.293140000000000001e+01 -4.543018341064453125e-02 5.936432629823684692e-02 6.844826042652130127e-02 6.860025227069854736e-02
6.610353127406841622e+02 -1.440983036437426563e+03 2.022804453447735682e+02 2.293340000000000245e+01 1.229754183441400528e-03 -2.892483258619904518e-03 6.844826042652130127e-02 6.860025227069854736e-02
