# Baseline: 6-16
# u [m], v [m], w [m], frequency [GHz], real, imag
-1.345251246944936383e+03 6.719270452549856600e+03 -5.196541106539955308e+02 2.267940000000000000e+19 -2.673915587365627289e-02 6.915280967950820923e-02
-1.358507370363717882e+03 6.716719602021462379e+03 -5.181430682009529392e+02 2.268140000000000000e+19 1.333557367324829102e-01 -6.647703796625137329e-02
-1.371756976183098686e+03 6.714143728292478045e+03 -5.166173833318205197e+02 2.268340000000000000e+19 -3.757800906896591187e-02 -1.266426872462034225e-02
-1.385000001086297516e+03 6.711542843672617892e+03 -5.150770633376475871e+02 2.268540000000000000e+19 -3.556327521800994873e-02 7.817059010267257690e-02
-1.394928122173648489e+03 6.709576555172359804e+03 -5.139126803991798624e+02 2.268740000000000000e+19 -9.933238476514816284e-02 -5.200562998652458191e-02
-1.411466054665055935e+03 6.706266091667094770e+03 -5.119525475297550656e+02 2.268940000000000000e+19 1.857269555330276489e-01 6.628064811229705811e-02
-1.424688956404718965e+03 6.703590249590483836e+03 -5.103683667023048542e+02 2.269140000000000000e+19 -1.224896535277366638e-01 -1.125730499625205994e-01
-1.441208246019901708e+03 6.700211358346886300e+03 -5.083681941794398540e+02 2.269340000000000000e+19 -2.462437897920608521e-01 -9.264580905437469482e-03
-1.345251246944936383e+03 6.719270452549856600e+03 -5.196541106539955308e+02 2.269540000000000000e+19 -1.674474775791168213e-01 1.067323312163352966e-01
-1.358507370363717882e+03 6.716719602021462379e+03 -5.181430682009529392e+02 2.269740000000000000e+19 2.150077931582927704e-02 -3.757793083786964417e-02
-1.371756976183098686e+03 6.714143728292478045e+03 -5.166173833318205197e+02 2.269940000000000000e+19 -2.309207431972026825e-02 -5.322684720158576965e-02
-1.385000001086297516e+03 6.711542843672617892e+03 -5.150770633376475871e+02 2.270140000000000000e+19 2.038709074258804321e-02 -1.466700714081525803e-02
-1.394928122173648489e+03 6.709576555172359804e+03 -5.139126803991798624e+02 2.270340000000000000e+19 1.006708145141601562e-01 -7.142095267772674561e-02
-1.411466054665055935e+03 6.706266091667094770e+03 -5.119525475297550656e+02 2.270540000000000000e+19 4.294398427009582520e-02 -9.494137018918991089e-02
-1.424688956404718965e+03 6.703590249590483836e+03 -5.103683667023048542e+02 2.270740000000000000e+19 8.640018105506896973e-02 1.046126428991556168e-02
-1.441208246019901708e+03 6.700211358346886300e+03 -5.083681941794398540e+02 2.270940000000000000e+19 -1.754541735863313079e-04 -5.826947093009948730e-02
-1.477511588787526762e+03 6.692637407268102834e+03 -5.038856680568093225e+02 2.271140000000000000e+19 -5.235506594181060791e-02 -4.381741955876350403e-02
-1.490699687198785341e+03 6.689836893713695645e+03 -5.022285383472554372e+02 2.271340000000000000e+19 -7.281246036291122437e-02 -2.303501404821872711e-02
-1.503880635281579544e+03 6.687011485633305711e+03 -5.005568423971147922e+02 2.271540000000000000e+19 -1.143476143479347229e-01 -5.592349544167518616e-02
-1.517054370139074535e+03 6.684161196509521687e+03 -4.988705881835959985e+02 2.271740000000000000e+19 6.107053905725479126e-02 5.676495283842086792e-02
-1.530220828679384795e+03 6.681286039993065970e+03 -4.971697837826069417e+02 2.271940000000000000e+19 3.200452029705047607e-02 -8.708231151103973389e-03
-1.543379947891290612e+03 6.678386029843617507e+03 -4.954544373337452043e+02 2.272140000000000000e+19 -4.144012928009033203e-02 -1.173261106014251709e-01
-1.556531664752987126e+03 6.675461179950316364e+03 -4.937245570524164577e+02 2.272340000000000000e+19 -5.045196041464805603e-03 -2.087313234806060791e-01
-1.568580944614381906e+03 6.672758574347950344e+03 -4.921262577781271261e+02 2.272540000000000000e+19 -7.761764805763959885e-03 -1.176008358597755432e-01
-1.477511588787526762e+03 6.692637407268102834e+03 -5.038856680568093225e+02 2.272740000000000000e+19 -5.123959481716156006e-02 5.069635808467864990e-02
-1.490699687198785341e+03 6.689836893713695645e+03 -5.022285383472554372e+02 2.272940000000000000e+19 -1.870865561068058014e-02 5.463723093271255493e-02
-1.503880635281579544e+03 6.687011485633305711e+03 -5.005568423971147922e+02 2.273140000000000000e+19 -9.314781986176967621e-03 1.109777484089136124e-02
-1.517054370139074535e+03 6.684161196509521687e+03 -4.988705881835959985e+02 2.273340000000000000e+19 3.371119126677513123e-02 4.140407964587211609e-02
-1.530220828679384795e+03 6.681286039993065970e+03 -4.971697837826069417e+02 2.273540000000000000e+19 -2.780488319694995880e-02 4.210092872381210327e-02
-1.543379947891290612e+03 6.678386029843617507e+03 -4.954544373337452043e+02 2.273740000000000000e+19 3.231840208172798157e-02 -4.211331903934478760e-02
-1.556531664752987126e+03 6.675461179950316364e+03 -4.937245570524164577e+02 2.273940000000000000e+19 5.818033218383789062e-02 -2.551473677158355713e-02
-1.568580944614381906e+03 6.672758574347950344e+03 -4.921262577781271261e+02 2.274140000000000000e+19 -1.032216474413871765e-01 3.716060891747474670e-02
-1.609063251154804448e+03 6.663513664506988789e+03 -4.866598641232727687e+02 2.274340000000000000e+19 -3.301901742815971375e-02 -6.177090574055910110e-03
-1.622177013058254715e+03 6.660464828193204085e+03 -4.848574402275053785e+02 2.274540000000000000e+19 5.120098218321800232e-02 -2.951268665492534637e-02
-1.635282995692399027e+03 6.657391237859856119e+03 -4.830405331891403762e+02 2.274740000000000000e+19 -7.672496140003204346e-02 8.100177161395549774e-03
-1.648381136107225757e+03 6.654292908269885629e+03 -4.812091517351012158e+02 2.274940000000000000e+19 1.648423820734024048e-02 4.633781313896179199e-02
-1.661471371892100933e+03 6.651169854185984150e+03 -4.793633045914511968e+02 2.275140000000000000e+19 6.835016608238220215e-02 5.366108193993568420e-02
-1.674553639990355350e+03 6.648022090652425504e+03 -4.775030006499727051e+02 2.275340000000000000e+19 4.717110842466354370e-02 -1.344963163137435913e-02
-1.687627878112820099e+03 6.644849632657324037e+03 -4.756282487685527371e+02 2.275540000000000000e+19 6.859456747770309448e-02 -9.091894142329692841e-03
-1.699605592391229948e+03 6.641920179804912550e+03 -4.738972255126361119e+02 2.275740000000000000e+19 2.357300836592912674e-03 -3.827615082263946533e-02
-1.609063251154804448e+03 6.663513664506988789e+03 -4.866598641232727687e+02 2.275940000000000000e+19 1.847413927316665649e-02 -8.587216958403587341e-03
-1.622177013058254715e+03 6.660464828193204085e+03 -4.848574402275053785e+02 2.276140000000000000e+19 -6.956801563501358032e-02 -6.150160729885101318e-02
-1.635282995692399027e+03 6.657391237859856119e+03 -4.830405331891403762e+02 2.276340000000000000e+19 -5.875031347386538982e-04 -3.802652657032012939e-02
-1.648381136107225757e+03 6.654292908269885629e+03 -4.812091517351012158e+02 2.276540000000000000e+19 -7.346694916486740112e-02 -1.084920833818614483e-03
-1.661471371892100933e+03 6.651169854185984150e+03 -4.793633045914511968e+02 2.276740000000000000e+19 -4.290333390235900879e-02 -1.433888375759124756e-01
-1.674553639990355350e+03 6.648022090652425504e+03 -4.775030006499727051e+02 2.276940000000000000e+19 -1.501440815627574921e-02 7.759643346071243286e-02
-1.687627878112820099e+03 6.644849632657324037e+03 -4.756282487685527371e+02 2.277140000000000000e+19 -1.008539181202650070e-02 -1.012463420629501343e-01
-1.699605592391229948e+03 6.641920179804912550e+03 -4.738972255126361119e+02 2.277340000000000000e+19 -2.040788717567920685e-02 -7.264030165970325470e-03
-1.739843279119370436e+03 6.631913161703758306e+03 -4.679849424517782950e+02 2.277540000000000000e+19 -2.074364200234413147e-02 5.909799039363861084e-02
-1.752876429184057315e+03 6.628617461598965747e+03 -4.660380868918525721e+02 2.277740000000000000e+19 7.367663830518722534e-02 -5.245390161871910095e-02
-1.765901174213604236e+03 6.625297159954947347e+03 -4.640768382938231866e+02 2.277940000000000000e+19 8.091513067483901978e-02 7.861101068556308746e-03
-1.778917452192569726e+03 6.621952272580842873e+03 -4.621012059959242038e+02 2.278140000000000000e+19 3.743366897106170654e-02 2.467496693134307861e-02
-1.791925200465829903e+03 6.618582815577667134e+03 -4.601111995081266173e+02 2.278340000000000000e+19 -1.046566590666770935e-01 -4.952882230281829834e-02
-1.804924357144184114e+03 6.615188804976913161e+03 -4.581068282986827285e+02 2.278540000000000000e+19 3.927921503782272339e-02 -3.905168734490871429e-03
-1.817914859654912334e+03 6.611770257116023458e+03 -4.560881020158848855e+02 2.278740000000000000e+19 9.969664365053176880e-02 1.420273035764694214e-01
-1.829815276832998279e+03 6.608615358805397591e+03 -4.542251831044454775e+02 2.278940000000000000e+19 5.746544152498245239e-02 -1.753573119640350342e-01
-1.739843279119370436e+03 6.631913161703758306e+03 -4.679849424517782950e+02 2.279140000000000000e+19 1.361957937479019165e-02 7.926406338810920715e-03
-1.752876429184057315e+03 6.628617461598965747e+03 -4.660380868918525721e+02 2.279340000000000000e+19 -1.174749806523323059e-02 6.697419285774230957e-02
-1.765901174213604236e+03 6.625297159954947347e+03 -4.640768382938231866e+02 2.279540000000000000e+19 6.175812799483537674e-03 -8.691449463367462158e-02
-1.778917452192569726e+03 6.621952272580842873e+03 -4.621012059959242038e+02 2.279740000000000000e+19 -2.044289605692028999e-03 -4.446469247341156006e-02
-1.791925200465829903e+03 6.618582815577667134e+03 -4.601111995081266173e+02 2.279940000000000000e+19 -4.573849961161613464e-02 8.140759915113449097e-02
-1.804924357144184114e+03 6.615188804976913161e+03 -4.581068282986827285e+02 2.280140000000000000e+19 3.006664104759693146e-02 6.267506629228591919e-02
-1.817914859654912334e+03 6.611770257116023458e+03 -4.560881020158848855e+02 2.280340000000000000e+19 -5.390962585806846619e-02 7.346763461828231812e-02
-1.829815276832998279e+03 6.608615358805397591e+03 -4.542251831044454775e+02 2.280540000000000000e+19 -8.756484836339950562e-03 6.624706834554672241e-02
-1.867630497344679270e+03 6.598438808879012868e+03 -4.482168420590690516e+02 2.280740000000000000e+19 1.597076654434204102e-02 3.106522560119628906e-02
-1.880578296732898480e+03 6.594901896743616817e+03 -4.461288701966390704e+02 2.280940000000000000e+19 3.351556882262229919e-02 -8.748615533113479614e-02
-1.893517080119878983e+03 6.591340544376211255e+03 -4.440266005491436658e+02 2.281140000000000000e+19 7.136429194360971451e-03 3.181950747966766357e-02
-1.906446785358821671e+03 6.587754768882839926e+03 -4.419100432143216608e+02 2.281340000000000000e+19 -4.286350682377815247e-02 1.295526232570409775e-02
-1.919367350931933515e+03 6.584144587324445638e+03 -4.397792082626771730e+02 2.281540000000000000e+19 1.230661664158105850e-02 -7.105191797018051147e-02
-1.932278714689720346e+03 6.580510017066209002e+03 -4.376341059436796854e+02 2.281740000000000000e+19 -7.815926522016525269e-02 -2.623839117586612701e-02
-1.945180815021848730e+03 6.576851075452053010e+03 -4.354747464936389747e+02 2.281940000000000000e+19 -1.085823848843574524e-01 3.769358247518539429e-02
-1.956999669238889055e+03 6.573475960925960862e+03 -4.334829992795477551e+02 2.282140000000000000e+19 1.018057838082313538e-01 5.533464998006820679e-02
-1.867630497344679270e+03 6.598438808879012868e+03 -4.482168420590690516e+02 2.282340000000000000e+19 -1.973637612536549568e-03 1.112926006317138672e-02
-1.880578296732898480e+03 6.594901896743616817e+03 -4.461288701966390704e+02 2.282540000000000000e+19 -2.064222469925880432e-02 -6.121112499386072159e-03
-1.893517080119878983e+03 6.591340544376211255e+03 -4.440266005491436658e+02 2.282740000000000000e+19 -1.788231916725635529e-02 -2.516572549939155579e-02
-1.906446785358821671e+03 6.587754768882839926e+03 -4.419100432143216608e+02 2.282940000000000000e+19 5.044872313737869263e-02 5.333444848656654358e-02
-1.919367350931933515e+03 6.584144587324445638e+03 -4.397792082626771730e+02 2.283140000000000000e+19 6.554457545280456543e-02 -5.594417452812194824e-02
-1.932278714689720346e+03 6.580510017066209002e+03 -4.376341059436796854e+02 2.283340000000000000e+19 4.497456364333629608e-03 -2.274812944233417511e-02
-1.945180815021848730e+03 6.576851075452053010e+03 -4.354747464936389747e+02 2.283540000000000000e+19 -2.043417841196060181e-02 -6.394096463918685913e-02
-1.956999669238889055e+03 6.573475960925960862e+03 -4.334829992795477551e+02 2.283740000000000000e+19 1.345521509647369385e-01 -5.097451806068420410e-02
-1.996695347439119814e+03 6.561971947511756298e+03 -4.266949451553351764e+02 2.283940000000000000e+19 2.745324745774269104e-02 6.960164010524749756e-02
-2.009550204990239536e+03 6.558191414211743904e+03 -4.244644564860714695e+02 2.284140000000000000e+19 5.137466266751289368e-02 -1.390600204467773438e-01
-2.022395429493708889e+03 6.554386616313711784e+03 -4.222197736811114055e+02 2.284340000000000000e+19 -2.520094625651836395e-02 6.459123641252517700e-02
-2.035230959073037639e+03 6.550557572145708946e+03 -4.199609075533228406e+02 2.284540000000000000e+19 7.669777423143386841e-02 2.160441689193248749e-02
-2.048056732613723852e+03 6.546704299939212433e+03 -4.176878688580162020e+02 2.284740000000000000e+19 1.845696754753589630e-02 -8.614265918731689453e-02
-2.060872688645509243e+03 6.542826818161427582e+03 -4.154006684889990311e+02 2.284940000000000000e+19 5.287765059620141983e-03 -1.082999538630247116e-02
-2.073678765656147334e+03 6.538925145423171671e+03 -4.130993174242130408e+02 2.285140000000000000e+19 -2.386934123933315277e-02 -1.306023001670837402e-01
-2.085409066198094024e+03 6.535327684427779786e+03 -4.109775038928564186e+02 2.285340000000000000e+19 -6.863074004650115967e-02 1.241116151213645935e-01
-1.996695347439119814e+03 6.561971947511756298e+03 -4.266949451553351764e+02 2.285540000000000000e+19 -9.721851907670497894e-03 2.980471588671207428e-02
-2.009550204990239536e+03 6.558191414211743904e+03 -4.244644564860714695e+02 2.285740000000000000e+19 8.308585733175277710e-02 5.198926106095314026e-02
-2.022395429493708889e+03 6.554386616313711784e+03 -4.222197736811114055e+02 2.285940000000000000e+19 -2.326266281306743622e-02 -4.010375589132308960e-02
-2.035230959073037639e+03 6.550557572145708946e+03 -4.199609075533228406e+02 2.286140000000000000e+19 4.082616791129112244e-02 -8.073765039443969727e-02
-2.048056732613723852e+03 6.546704299939212433e+03 -4.176878688580162020e+02 2.286340000000000000e+19 6.402893923223018646e-03 -7.015129923820495605e-02
-2.060872688645509243e+03 6.542826818161427582e+03 -4.154006684889990311e+02 2.286540000000000000e+19 2.571590803563594818e-02 2.676046267151832581e-02
-2.073678765656147334e+03 6.538925145423171671e+03 -4.130993174242130408e+02 2.286740000000000000e+19 -9.462284296751022339e-02 -8.835406042635440826e-03
-2.085409066198094024e+03 6.535327684427779786e+03 -4.109775038928564186e+02 2.286940000000000000e+19 5.195450037717819214e-02 -3.081114776432514191e-02
-2.124803059946692429e+03 6.523076919604783143e+03 -4.037526272346014480e+02 2.287140000000000000e+19 1.651741680689156055e-03 5.942811816930770874e-02
-2.137558824269133311e+03 6.519054574233498897e+03 -4.013806891140132507e+02 2.287340000000000000e+19 8.426589518785476685e-02 1.130871474742889404e-01
-2.150304342571696452e+03 6.515008151671455380e+03 -3.989946673949352203e+02 2.287540000000000000e+19 1.780906505882740021e-02 -5.505418777465820312e-02
-2.163039554168517043e+03 6.510937671185291947e+03 -3.965945734382000296e+02 2.287740000000000000e+19 -3.841691091656684875e-02 -3.232392668724060059e-02
-2.175764397757378902e+03 6.506843152368622214e+03 -3.941804187968972997e+02 2.287940000000000000e+19 -1.100966855883598328e-01 5.629086494445800781e-02
-2.188478812794883652e+03 6.502724614702784493e+03 -3.917522149573221668e+02 2.288140000000000000e+19 5.079761613160371780e-03 7.215337455272674561e-02
-2.201182738079254705e+03 6.498582078012864258e+03 -3.893099736080153548e+02 2.288340000000000000e+19 -1.639655604958534241e-02 5.741228349506855011e-03
-2.212818871392678830e+03 6.494763992121677802e+03 -3.870591091609238674e+02 2.288540000000000000e+19 -1.933086290955543518e-02 -4.103711619973182678e-02
-2.124803059946692429e+03 6.523076919604783143e+03 -4.037526272346014480e+02 2.288740000000000000e+19 1.662623509764671326e-02 -1.225458681583404541e-01
-2.137558824269133311e+03 6.519054574233498897e+03 -4.013806891140132507e+02 2.288940000000000000e+19 3.189224982634186745e-03 -8.470804244279861450e-02
-2.150304342571696452e+03 6.515008151671455380e+03 -3.989946673949352203e+02 2.289140000000000000e+19 -6.423079967498779297e-02 7.186227291822433472e-02
-2.163039554168517043e+03 6.510937671185291947e+03 -3.965945734382000296e+02 2.289340000000000000e+19 5.613916437141597271e-04 3.470388054847717285e-02
-2.175764397757378902e+03 6.506843152368622214e+03 -3.941804187968972997e+02 2.289540000000000000e+19 -5.097784101963043213e-02 -2.705694176256656647e-02
-2.188478812794883652e+03 6.502724614702784493e+03 -3.917522149573221668e+02 2.289740000000000000e+19 -9.407926350831985474e-03 -8.307325094938278198e-02
-2.201182738079254705e+03 6.498582078012864258e+03 -3.893099736080153548e+02 2.289940000000000000e+19 -1.964895054697990417e-02 1.683257967233657837e-01
-2.212818871392678830e+03 6.494763992121677802e+03 -3.870591091609238674e+02 2.290140000000000000e+19 1.055683358572423458e-03 5.088483914732933044e-02
-2.251892328661744614e+03 6.481772338529109220e+03 -3.794008674631543840e+02 2.290340000000000000e+19 7.651254534721374512e-03 2.763535082340240479e-02
-2.264542895204421711e+03 6.477510106072433700e+03 -3.768886150396123753e+02 2.290540000000000000e+19 -6.039419025182723999e-02 -9.440589696168899536e-02
-2.277182608060621988e+03 6.473223995234452559e+03 -3.743623962237274441e+02 2.290740000000000000e+19 3.356965724378824234e-03 -1.015309095382690430e-01
-2.289811406960018303e+03 6.468914026452439430e+03 -3.718222230611842747e+02 2.290940000000000000e+19 -2.299664169549942017e-02 4.239862039685249329e-02
-2.302429231376384905e+03 6.464580220382428706e+03 -3.692681077260957068e+02 2.291140000000000000e+19 2.702270867303013802e-03 -7.890310138463973999e-02
-2.315036020704567363e+03 6.460222597840667731e+03 -3.667000624864772931e+02 2.291340000000000000e+19 4.308693483471870422e-02 -7.010498642921447754e-02
-2.327631714963197282e+03 6.455841179560430646e+03 -3.641180995609409479e+02 2.291540000000000000e+19 -2.077385410666465759e-02 -2.797117643058300018e-02
-2.339168110560544392e+03 6.451804296627693475e+03 -3.617392617697999526e+02 2.291740000000000000e+19 -1.036289613693952560e-02 -5.602429155260324478e-03
-2.251892328661744614e+03 6.481772338529109220e+03 -3.794008674631543840e+02 2.291940000000000000e+19 -8.391661942005157471e-02 2.596376836299896240e-02
-2.264542895204421711e+03 6.477510106072433700e+03 -3.768886150396123753e+02 2.292140000000000000e+19 1.690115965902805328e-02 4.919999837875366211e-02
-2.277182608060621988e+03 6.473223995234452559e+03 -3.743623962237274441e+02 2.292340000000000000e+19 3.758160024881362915e-02 -4.355508461594581604e-02
-2.289811406960018303e+03 6.468914026452439430e+03 -3.718222230611842747e+02 2.292540000000000000e+19 2.501501701772212982e-02 4.582215845584869385e-02
-2.302429231376384905e+03 6.464580220382428706e+03 -3.692681077260957068e+02 2.292740000000000000e+19 1.901414245367050171e-02 2.121215872466564178e-02
-2.315036020704567363e+03 6.460222597840667731e+03 -3.667000624864772931e+02 2.292940000000000000e+19 -5.382098630070686340e-02 9.038711898028850555e-03
-2.327631714963197282e+03 6.455841179560430646e+03 -3.641180995609409479e+02 2.293140000000000000e+19 2.699039131402969360e-02 3.485174477100372314e-02
-2.339168110560544392e+03 6.451804296627693475e+03 -3.617392617697999526e+02 2.293340000000000000e+19 -8.751261979341506958e-02 1.595963686704635620e-01
