# Baseline: 3-16
# u [m], v [m], w [m], frequency [GHz], real, imag
-2.063489027358192743e+03 6.191147832808750536e+03 -1.304480559752207910e+03 2.267940000000000000e+19 1.170116662979125977e-02 5.750740319490432739e-02
-2.076613912811921637e+03 6.187243138565876507e+03 -1.302177017873375689e+03 2.268140000000000000e+19 -1.760849915444850922e-02 -4.844791814684867859e-02
-2.089728849154443651e+03 6.183313670147142147e+03 -1.299858983919230241e+03 2.268340000000000000e+19 3.915891423821449280e-02 9.493220597505569458e-02
-2.102833773712563925e+03 6.179359446330780884e+03 -1.297526468967274923e+03 2.268540000000000000e+19 -4.147514700889587402e-02 -8.682938665151596069e-02
-2.112656175607402474e+03 6.176378316643736980e+03 -1.295768038204745835e+03 2.268740000000000000e+19 -2.647032961249351501e-02 -1.621083542704582214e-02
-2.129013336656383217e+03 6.171376808317681025e+03 -1.292818040789709585e+03 2.268940000000000000e+19 7.584071904420852661e-02 9.164633229374885559e-03
-2.142087849480356454e+03 6.167348432407924520e+03 -1.290442150147101984e+03 2.269140000000000000e+19 7.969503104686737061e-02 4.897126182913780212e-02
-2.158416971062306857e+03 6.162279258567461511e+03 -1.287452571783784379e+03 2.269340000000000000e+19 5.295043811202049255e-03 -1.011034566909074783e-02
-2.063489027358192743e+03 6.191147832808750536e+03 -1.304480559752207910e+03 2.269540000000000000e+19 -6.118738278746604919e-02 -6.428941339254379272e-02
-2.076613912811921637e+03 6.187243138565876507e+03 -1.302177017873375689e+03 2.269740000000000000e+19 1.208367422223091125e-01 2.026702649891376495e-02
-2.089728849154443651e+03 6.183313670147142147e+03 -1.299858983919230241e+03 2.269940000000000000e+19 5.147846788167953491e-02 -2.803604863584041595e-02
-2.102833773712563925e+03 6.179359446330780884e+03 -1.297526468967274923e+03 2.270140000000000000e+19 -1.854020059108734131e-01 -4.943669587373733521e-02
-2.112656175607402474e+03 6.176378316643736980e+03 -1.295768038204745835e+03 2.270340000000000000e+19 8.163649588823318481e-03 9.053415060043334961e-02
-2.129013336656383217e+03 6.171376808317681025e+03 -1.292818040789709585e+03 2.270540000000000000e+19 4.763686563819646835e-03 2.132106758654117584e-02
-2.142087849480356454e+03 6.167348432407924520e+03 -1.290442150147101984e+03 2.270740000000000000e+19 5.569357424974441528e-02 -7.271914929151535034e-02
-2.158416971062306857e+03 6.162279258567461511e+03 -1.287452571783784379e+03 2.270940000000000000e+19 3.576809167861938477e-02 -1.661274209618568420e-02
-2.194282652286089160e+03 6.150988333377053095e+03 -1.280794342988054950e+03 2.271140000000000000e+19 4.089352861046791077e-02 -1.995720900595188141e-02
-2.207305228580680250e+03 6.146836757653434688e+03 -1.278346387773876586e+03 2.271340000000000000e+19 2.363739535212516785e-02 -8.023452758789062500e-02
-2.220317230219781322e+03 6.142660601158726422e+03 -1.275884054549760776e+03 2.271540000000000000e+19 3.006148152053356171e-02 -5.648729205131530762e-02
-2.233318595112778439e+03 6.138459883821021322e+03 -1.273407355065679894e+03 2.271740000000000000e+19 9.460150264203548431e-03 -3.159330226480960846e-03
-2.246309260993313728e+03 6.134234625758545008e+03 -1.270916301183158339e+03 2.271940000000000000e+19 -7.760633528232574463e-02 1.463640332221984863e-01
-2.259289165691458948e+03 6.129984847192209600e+03 -1.268410904823719193e+03 2.272140000000000000e+19 -1.322077121585607529e-02 -7.996933907270431519e-02
-2.272258247043758274e+03 6.125710568475486980e+03 -1.265891177986488628e+03 2.272340000000000000e+19 -6.457674782723188400e-03 2.622236311435699463e-02
-2.284137150048931289e+03 6.121771285795050972e+03 -1.263569031882698937e+03 2.272540000000000000e+19 -1.124877482652664185e-02 7.446250319480895996e-02
-2.194282652286089160e+03 6.150988333377053095e+03 -1.280794342988054950e+03 2.272740000000000000e+19 -3.208802267909049988e-02 2.452408894896507263e-02
-2.207305228580680250e+03 6.146836757653434688e+03 -1.278346387773876586e+03 2.272940000000000000e+19 -1.308577042073011398e-02 -4.958222061395645142e-02
-2.220317230219781322e+03 6.142660601158726422e+03 -1.275884054549760776e+03 2.273140000000000000e+19 1.088767126202583313e-02 -4.544357582926750183e-02
-2.233318595112778439e+03 6.138459883821021322e+03 -1.273407355065679894e+03 2.273340000000000000e+19 -3.818589821457862854e-02 -6.554593890905380249e-02
-2.246309260993313728e+03 6.134234625758545008e+03 -1.270916301183158339e+03 2.273540000000000000e+19 -7.374458014965057373e-02 7.678695768117904663e-02
-2.259289165691458948e+03 6.129984847192209600e+03 -1.268410904823719193e+03 2.273740000000000000e+19 -1.930278725922107697e-02 -3.517936170101165771e-02
-2.272258247043758274e+03 6.125710568475486980e+03 -1.265891177986488628e+03 2.273940000000000000e+19 1.752905361354351044e-02 4.085054993629455566e-02
-2.284137150048931289e+03 6.121771285795050972e+03 -1.263569031882698937e+03 2.274140000000000000e+19 -3.161098808050155640e-02 9.017095714807510376e-02
-2.324025099167655299e+03 6.108368862733240348e+03 -1.255669207921462203e+03 2.274340000000000000e+19 -3.507056832313537598e-02 5.073954910039901733e-02
-2.336939134019107769e+03 6.103972392381187092e+03 -1.253078010912024865e+03 2.274540000000000000e+19 -3.270061314105987549e-02 -5.516655370593070984e-02
-2.349841974092632427e+03 6.099551546306881392e+03 -1.250472556768425648e+03 2.274740000000000000e+19 2.223263680934906006e-02 3.356937377247959375e-04
-2.362733557413948347e+03 6.095106345744336977e+03 -1.247852858005098824e+03 2.274940000000000000e+19 1.087831184267997742e-01 -2.950633410364389420e-03
-2.375613822556586001e+03 6.090636811873879196e+03 -1.245218927104315753e+03 2.275140000000000000e+19 4.465808346867561340e-02 2.710839919745922089e-02
-2.388482707475361167e+03 6.086142966225881537e+03 -1.242570776754121425e+03 2.275340000000000000e+19 -2.294198423624038696e-02 -5.241212248802185059e-02
-2.401340150897167860e+03 6.081624830197634765e+03 -1.239908419563615325e+03 2.275540000000000000e+19 -7.752755191177129745e-03 4.530118033289909363e-02
-2.413116184070980580e+03 6.077462194342603652e+03 -1.237455636644074502e+03 2.275740000000000000e+19 -3.225522488355636597e-02 2.324419654905796051e-02
-2.324025099167655299e+03 6.108368862733240348e+03 -1.255669207921462203e+03 2.275940000000000000e+19 7.130618672817945480e-03 9.596370905637741089e-02
-2.336939134019107769e+03 6.103972392381187092e+03 -1.253078010912024865e+03 2.276140000000000000e+19 -7.380969077348709106e-02 4.109425097703933716e-02
-2.349841974092632427e+03 6.099551546306881392e+03 -1.250472556768425648e+03 2.276340000000000000e+19 -3.989277034997940063e-02 9.530706331133842468e-03
-2.362733557413948347e+03 6.095106345744336977e+03 -1.247852858005098824e+03 2.276540000000000000e+19 -5.975981429219245911e-02 1.583843231201171875e-01
-2.375613822556586001e+03 6.090636811873879196e+03 -1.245218927104315753e+03 2.276740000000000000e+19 -3.584178164601325989e-03 -1.137624084949493408e-01
-2.388482707475361167e+03 6.086142966225881537e+03 -1.242570776754121425e+03 2.276940000000000000e+19 -1.319949030876159668e-01 -8.974213153123855591e-03
-2.401340150897167860e+03 6.081624830197634765e+03 -1.239908419563615325e+03 2.277140000000000000e+19 6.926185637712478638e-02 -9.634663164615631104e-02
-2.413116184070980580e+03 6.077462194342603652e+03 -1.237455636644074502e+03 2.277340000000000000e+19 7.810904178768396378e-03 -6.012786924839019775e-02
-2.452654278899552082e+03 6.063309816789764227e+03 -1.229117178429404248e+03 2.277540000000000000e+19 2.689974009990692139e-02 8.927447348833084106e-02
-2.465453592553601993e+03 6.058670555661671642e+03 -1.226383979598597762e+03 2.277740000000000000e+19 1.492757815867662430e-02 -2.465072274208068848e-02
-2.478241096125201238e+03 6.054007135709343856e+03 -1.223636651440705009e+03 2.277940000000000000e+19 2.451599948108196259e-02 1.079644784331321716e-01
-2.491016728728502585e+03 6.049319579136988068e+03 -1.220875207036764778e+03 2.278140000000000000e+19 7.378952577710151672e-03 -1.589417457580566406e-01
-2.503780428866762577e+03 6.044607908508695800e+03 -1.218099659679332262e+03 2.278340000000000000e+19 1.360744796693325043e-02 7.020746916532516479e-02
-2.516532135811938588e+03 6.039872146242038980e+03 -1.215310022574162531e+03 2.278540000000000000e+19 -4.865963419433683157e-04 2.397337928414344788e-02
-2.529271788182441014e+03 6.035112315133122138e+03 -1.212506309149503068e+03 2.278740000000000000e+19 -5.661565810441970825e-02 -6.870813667774200439e-02
-2.540939316515758946e+03 6.030728317992403390e+03 -1.209924063113274315e+03 2.278940000000000000e+19 8.953765779733657837e-02 -1.189262326806783676e-02
-2.452654278899552082e+03 6.063309816789764227e+03 -1.229117178429404248e+03 2.279140000000000000e+19 1.416548788547515869e-01 1.465995013713836670e-01
-2.465453592553601993e+03 6.058670555661671642e+03 -1.226383979598597762e+03 2.279340000000000000e+19 -8.958165347576141357e-02 4.551780968904495239e-02
-2.478241096125201238e+03 6.054007135709343856e+03 -1.223636651440705009e+03 2.279540000000000000e+19 3.038539178669452667e-02 8.822790347039699554e-03
-2.491016728728502585e+03 6.049319579136988068e+03 -1.220875207036764778e+03 2.279740000000000000e+19 -1.085325777530670166e-01 -1.743918098509311676e-02
-2.503780428866762577e+03 6.044607908508695800e+03 -1.218099659679332262e+03 2.279940000000000000e+19 -1.790629513561725616e-02 6.270454078912734985e-02
-2.516532135811938588e+03 6.039872146242038980e+03 -1.215310022574162531e+03 2.280140000000000000e+19 1.548918522894382477e-02 -7.138712331652641296e-03
-2.529271788182441014e+03 6.035112315133122138e+03 -1.212506309149503068e+03 2.280340000000000000e+19 -3.359416127204895020e-02 2.842825837433338165e-02
-2.540939316515758946e+03 6.030728317992403390e+03 -1.209924063113274315e+03 2.280540000000000000e+19 4.830812569707632065e-03 -8.252395689487457275e-02
-2.577994354469741666e+03 6.016643735877224572e+03 -1.201628581694543527e+03 2.280740000000000000e+19 9.258749923901632428e-05 6.078396365046501160e-02
-2.590674885614444065e+03 6.011767894858345244e+03 -1.198757022874553059e+03 2.280940000000000000e+19 3.833513334393501282e-02 -2.676303684711456299e-02
-2.603343007578641391e+03 6.006868119413738896e+03 -1.195871466904634872e+03 2.281140000000000000e+19 7.471983134746551514e-02 9.597393684089183807e-03
-2.615998659515606505e+03 6.001944433078086149e+03 -1.192971927644765628e+03 2.281340000000000000e+19 1.394974347203969955e-02 -2.723447978496551514e-02
-2.628641781211501439e+03 5.996996859277944168e+03 -1.190058418890774874e+03 2.281540000000000000e+19 4.848467186093330383e-02 -2.559656277298927307e-03
-2.641272311851339055e+03 5.992025421811507840e+03 -1.187130954656885706e+03 2.281740000000000000e+19 -6.302537769079208374e-02 1.144133731722831726e-01
-2.653890191164935459e+03 5.987030144401965117e+03 -1.184189548912680721e+03 2.281940000000000000e+19 2.120587229728698730e-01 -2.361663728952407837e-01
-2.665445577535773282e+03 5.982430520782307212e+03 -1.181481202287905717e+03 2.282140000000000000e+19 7.765356451272964478e-02 3.353521600365638733e-02
-2.577994354469741666e+03 6.016643735877224572e+03 -1.201628581694543527e+03 2.282340000000000000e+19 5.226549133658409119e-02 5.715604498982429504e-02
-2.590674885614444065e+03 6.011767894858345244e+03 -1.198757022874553059e+03 2.282540000000000000e+19 -5.141491815447807312e-02 -7.117085158824920654e-02
-2.603343007578641391e+03 6.006868119413738896e+03 -1.195871466904634872e+03 2.282740000000000000e+19 4.302606731653213501e-02 -5.032059922814369202e-02
-2.615998659515606505e+03 6.001944433078086149e+03 -1.192971927644765628e+03 2.282940000000000000e+19 -3.536787629127502441e-02 -1.316400319337844849e-01
-2.628641781211501439e+03 5.996996859277944168e+03 -1.190058418890774874e+03 2.283140000000000000e+19 2.400733297690749168e-03 -3.143453225493431091e-02
-2.641272311851339055e+03 5.992025421811507840e+03 -1.187130954656885706e+03 2.283340000000000000e+19 3.914773464202880859e-02 3.888266533613204956e-02
-2.653890191164935459e+03 5.987030144401965117e+03 -1.184189548912680721e+03 2.283540000000000000e+19 1.360448915511369705e-02 -1.891119591891765594e-02
-2.665445577535773282e+03 5.982430520782307212e+03 -1.181481202287905717e+03 2.283740000000000000e+19 3.275487571954727173e-03 -5.246474966406822205e-02
-2.704233987958168200e+03 5.966811115318449083e+03 -1.172284793459831235e+03 2.283940000000000000e+19 9.172675758600234985e-02 -1.154161058366298676e-02
-2.716787705723077579e+03 5.961696999202688858e+03 -1.169273892730982425e+03 2.284140000000000000e+19 -5.424846708774566650e-02 -7.035869359970092773e-02
-2.729328410939730475e+03 5.956559188216048824e+03 -1.166249135909014740e+03 2.284340000000000000e+19 -1.332634538412094116e-01 -1.294467151165008545e-01
-2.741856043198535190e+03 5.951397707107822498e+03 -1.163210537564475999e+03 2.284540000000000000e+19 -1.202871501445770264e-01 8.663656562566757202e-02
-2.754370542851005666e+03 5.946212580453685405e+03 -1.160158112165257990e+03 2.284740000000000000e+19 1.005028747022151947e-02 7.002020720392465591e-03
-2.766871849918676162e+03 5.941003833104045043e+03 -1.157091874340541835e+03 2.284940000000000000e+19 -7.513134926557540894e-02 5.930852517485618591e-02
-2.779359904399537299e+03 5.935771490059340067e+03 -1.154011838807386994e+03 2.285140000000000000e+19 -5.556699261069297791e-02 -7.643014937639236450e-02
-2.790795764914963456e+03 5.930954768564773076e+03 -1.151176539859181958e+03 2.285340000000000000e+19 4.369037970900535583e-02 -4.689846560359001160e-02
-2.704233987958168200e+03 5.966811115318449083e+03 -1.172284793459831235e+03 2.285540000000000000e+19 -7.623840868473052979e-02 1.006790027022361755e-01
-2.716787705723077579e+03 5.961696999202688858e+03 -1.169273892730982425e+03 2.285740000000000000e+19 7.031976431608200073e-02 -4.991147667169570923e-02
-2.729328410939730475e+03 5.956559188216048824e+03 -1.166249135909014740e+03 2.285940000000000000e+19 -7.816107943654060364e-03 4.412781074643135071e-02
-2.741856043198535190e+03 5.951397707107822498e+03 -1.163210537564475999e+03 2.286140000000000000e+19 1.079038344323635101e-02 -1.563726179301738739e-02
-2.754370542851005666e+03 5.946212580453685405e+03 -1.160158112165257990e+03 2.286340000000000000e+19 -1.150487139821052551e-01 9.146989881992340088e-02
-2.766871849918676162e+03 5.941003833104045043e+03 -1.157091874340541835e+03 2.286540000000000000e+19 -5.057590082287788391e-02 -3.738330677151679993e-02
-2.779359904399537299e+03 5.935771490059340067e+03 -1.154011838807386994e+03 2.286740000000000000e+19 6.690934300422668457e-02 -5.380442366003990173e-02
-2.790795764914963456e+03 5.930954768564773076e+03 -1.151176539859181958e+03 2.286940000000000000e+19 -5.898348987102508545e-02 -7.620126754045486450e-02
-2.829178403560094466e+03 5.914606662837629301e+03 -1.141554015033868154e+03 2.287140000000000000e+19 -4.609243571758270264e-02 5.947037413716316223e-02
-2.841599300658212542e+03 5.909256718873664795e+03 -1.138405213199681384e+03 2.287340000000000000e+19 1.191275287419557571e-02 4.279670491814613342e-02
-2.854006587544834019e+03 5.903883331149941114e+03 -1.135242703087809105e+03 2.287540000000000000e+19 -3.533054143190383911e-02 -4.483605921268463135e-02
-2.866400205144563643e+03 5.898486525251253624e+03 -1.132066499756218946e+03 2.287740000000000000e+19 3.153718262910842896e-02 -2.048958465456962585e-02
-2.878780093799474344e+03 5.893066327155612271e+03 -1.128876618493879278e+03 2.287940000000000000e+19 2.999126911163330078e-02 -9.596704505383968353e-03
-2.891146194607450525e+03 5.887622762651801168e+03 -1.125673074477897671e+03 2.288140000000000000e+19 -5.121248587965965271e-02 -9.170851111412048340e-02
-2.903498448043368171e+03 5.882155857943027513e+03 -1.122455883128984169e+03 2.288340000000000000e+19 1.496085375547409058e-01 -7.213115692138671875e-02
-2.914809310055237347e+03 5.877124343626402151e+03 -1.119494988698447742e+03 2.288540000000000000e+19 -9.610151499509811401e-02 6.841749697923660278e-02
-2.829178403560094466e+03 5.914606662837629301e+03 -1.141554015033868154e+03 2.288740000000000000e+19 1.315519213676452637e-03 1.178853679448366165e-02
-2.841599300658212542e+03 5.909256718873664795e+03 -1.138405213199681384e+03 2.288940000000000000e+19 -4.416891839355230331e-03 -6.458802148699760437e-03
-2.854006587544834019e+03 5.903883331149941114e+03 -1.135242703087809105e+03 2.289140000000000000e+19 1.289910674095153809e-01 -3.514150623232126236e-03
-2.866400205144563643e+03 5.898486525251253624e+03 -1.132066499756218946e+03 2.289340000000000000e+19 -6.360333412885665894e-03 3.074854239821434021e-02
-2.878780093799474344e+03 5.893066327155612271e+03 -1.128876618493879278e+03 2.289540000000000000e+19 -7.872881740331649780e-02 1.553917676210403442e-01
-2.891146194607450525e+03 5.887622762651801168e+03 -1.125673074477897671e+03 2.289740000000000000e+19 -9.516886621713638306e-02 1.713731326162815094e-02
-2.903498448043368171e+03 5.882155857943027513e+03 -1.122455883128984169e+03 2.289940000000000000e+19 -2.922930009663105011e-02 -1.172184720635414124e-01
-2.914809310055237347e+03 5.877124343626402151e+03 -1.119494988698447742e+03 2.290140000000000000e+19 -2.438247576355934143e-02 8.717240765690803528e-03
-2.952767808883967518e+03 5.860055361062474731e+03 -1.109450952767121407e+03 2.290340000000000000e+19 4.889155924320220947e-02 -2.957313135266304016e-02
-2.965049941023000883e+03 5.854472149588043976e+03 -1.106165756761182593e+03 2.290540000000000000e+19 5.771948024630546570e-03 -1.919708302011713386e-04
-2.977317872193223138e+03 5.848865756522271113e+03 -1.102867006757877562e+03 2.290740000000000000e+19 -2.539228834211826324e-02 -6.319490075111389160e-02
-2.989571543897041920e+03 5.843236208597965742e+03 -1.099554718486572710e+03 2.290940000000000000e+19 -1.047823578119277954e-01 -4.666744917631149292e-02
-3.001810897406059212e+03 5.837583532795527390e+03 -1.096228907821904386e+03 2.291140000000000000e+19 9.805346839129924774e-03 -3.282459825277328491e-02
-3.014035873933016774e+03 5.831907756265925855e+03 -1.092889590738449442e+03 2.291340000000000000e+19 -5.915111675858497620e-02 2.406400628387928009e-02
-3.026246415313202760e+03 5.826208906014037893e+03 -1.089536783124428439e+03 2.291540000000000000e+19 9.169953316450119019e-02 -7.799304276704788208e-02
-3.037426864055410533e+03 5.820965007627068189e+03 -1.086451710691526841e+03 2.291740000000000000e+19 5.226594209671020508e-02 -7.500779628753662109e-02
-2.952767808883967518e+03 5.860055361062474731e+03 -1.109450952767121407e+03 2.291940000000000000e+19 -3.045477159321308136e-02 3.064174577593803406e-02
-2.965049941023000883e+03 5.854472149588043976e+03 -1.106165756761182593e+03 2.292140000000000000e+19 7.217308133840560913e-02 1.013902798295021057e-01
-2.977317872193223138e+03 5.848865756522271113e+03 -1.102867006757877562e+03 2.292340000000000000e+19 2.715105563402175903e-02 -4.483821243047714233e-02
-2.989571543897041920e+03 5.843236208597965742e+03 -1.099554718486572710e+03 2.292540000000000000e+19 -1.083942279219627380e-01 -9.696118533611297607e-02
-3.001810897406059212e+03 5.837583532795527390e+03 -1.096228907821904386e+03 2.292740000000000000e+19 6.830078363418579102e-02 1.160165145993232727e-01
-3.014035873933016774e+03 5.831907756265925855e+03 -1.092889590738449442e+03 2.292940000000000000e+19 2.022926695644855499e-02 -5.106066539883613586e-02
-3.026246415313202760e+03 5.826208906014037893e+03 -1.089536783124428439e+03 2.293140000000000000e+19 8.932283148169517517e-03 -1.305970456451177597e-02
-3.037426864055410533e+03 5.820965007627068189e+03 -1.086451710691526841e+03 2.293340000000000000e+19 1.540071964263916016e-01 -2.199855819344520569e-02
