# Baseline: 14-25
# Entries: 128
# u [m], v [m], w [m], frequency [GHz], real, imag, std(real), std(imag)
-5.610352353035359556e+02 -9.520363359805678556e+02 -6.823401486329863701e+02 2.267940000000000111e+01 -1.198015362024307251e-01 7.883416838012635708e-04 6.940425932407379150e-02 6.953502446413040161e-02
-5.599908079148498246e+02 -9.530927984219193831e+02 -6.817229725944692973e+02 2.268140000000000001e+01 1.135921850800514221e-02 -2.288542874157428741e-02 6.940425932407379150e-02 6.953502446413040161e-02
-5.589437064046825299e+02 -9.541472881511451760e+02 -6.811069551108010955e+02 2.268340000000000245e+01 -6.778232753276824951e-02 -3.196449577808380127e-02 6.940425932407379150e-02 6.953502446413040161e-02
-5.578939357769154412e+02 -9.551998001290926368e+02 -6.804920991257764626e+02 2.268540000000000134e+01 4.093521088361740112e-02 7.180267572402954102e-02 6.940425932407379150e-02 6.953502446413040161e-02
-5.571049423428479486e+02 -9.559879452742467265e+02 -6.800316846765067567e+02 2.268740000000000023e+01 -1.035616397857666016e-01 1.879248768091201782e-02 6.940425932407379150e-02 6.953502446413040161e-02
-5.557864072768932147e+02 -9.572988706923391646e+02 -6.792658834162979247e+02 2.268940000000000268e+01 -8.033587597310543060e-03 2.410795912146568298e-02 6.940425932407379150e-02 6.953502446413040161e-02
-5.547286595128208546e+02 -9.583454192101615945e+02 -6.786545295729623604e+02 2.269140000000000157e+01 -2.824285328388214111e-01 1.853366382420063019e-02 6.940425932407379150e-02 6.953502446413040161e-02
-5.534028573367779700e+02 -9.596508760247434111e+02 -6.778919397780489362e+02 2.269340000000000046e+01 6.845561414957046509e-02 5.653997510671615601e-02 6.940425932407379150e-02 6.953502446413040161e-02
-5.610352353035359556e+02 -9.520363359805678556e+02 -6.823401486329863701e+02 2.269540000000000290e+01 -1.723628193140029907e-01 -8.927905559539794922e-02 6.940425932407379150e-02 6.953502446413040161e-02
-5.599908079148498246e+02 -9.530927984219193831e+02 -6.817229725944692973e+02 2.269740000000000180e+01 7.469294965267181396e-02 2.041758149862289429e-01 6.940425932407379150e-02 6.953502446413040161e-02
-5.589437064046825299e+02 -9.541472881511451760e+02 -6.811069551108010955e+02 2.269940000000000069e+01 -2.201968878507614136e-01 5.946208257228136063e-04 6.940425932407379150e-02 6.953502446413040161e-02
-5.578939357769154412e+02 -9.551998001290926368e+02 -6.804920991257764626e+02 2.270140000000000313e+01 -3.801599889993667603e-02 -7.247549295425415039e-02 6.940425932407379150e-02 6.953502446413040161e-02
-5.571049423428479486e+02 -9.559879452742467265e+02 -6.800316846765067567e+02 2.270340000000000202e+01 -6.370496749877929688e-02 6.068658549338579178e-03 6.940425932407379150e-02 6.953502446413040161e-02
-5.557864072768932147e+02 -9.572988706923391646e+02 -6.792658834162979247e+02 2.270540000000000092e+01 2.248787134885787964e-02 -1.004786137491464615e-02 6.940425932407379150e-02 6.953502446413040161e-02
-5.547286595128208546e+02 -9.583454192101615945e+02 -6.786545295729623604e+02 2.270739999999999981e+01 -5.043054744601249695e-02 3.600525483489036560e-02 6.940425932407379150e-02 6.953502446413040161e-02
-5.534028573367779700e+02 -9.596508760247434111e+02 -6.778919397780489362e+02 2.270940000000000225e+01 1.306104380637407303e-02 3.057398274540901184e-02 6.940425932407379150e-02 6.953502446413040161e-02
-5.504712298052883170e+02 -9.625115849227895524e+02 -6.762208757218267010e+02 2.271140000000000114e+01 -5.945221334695816040e-02 4.317952319979667664e-02 6.940425932407379150e-02 6.953502446413040161e-02
-5.494002881878701601e+02 -9.635480943348176197e+02 -6.756154172002993619e+02 2.271340000000000003e+01 2.971811220049858093e-02 -1.137850135564804077e-01 6.940425932407379150e-02 6.953502446413040161e-02
-5.483267231400496939e+02 -9.645825809913003468e+02 -6.750111464668981398e+02 2.271540000000000248e+01 -1.149412337690591812e-02 2.689904533326625824e-02 6.940425932407379150e-02 6.953502446413040161e-02
-5.472505397847021413e+02 -9.656150399558893014e+02 -6.744080664050690075e+02 2.271740000000000137e+01 -3.296266496181488037e-02 -5.393582396209239960e-03 6.940425932407379150e-02 6.953502446413040161e-02
-5.461717432759141957e+02 -9.666454662839144021e+02 -6.738061799030901966e+02 2.271940000000000026e+01 -6.011771038174629211e-04 5.486102402210235596e-02 6.940425932407379150e-02 6.953502446413040161e-02
-5.450903387765168873e+02 -9.676738550440194331e+02 -6.732054898414326090e+02 2.272140000000000271e+01 -1.495541185140609741e-01 -2.008132264018058777e-02 6.940425932407379150e-02 6.953502446413040161e-02
-5.440063314656324565e+02 -9.687002013110501366e+02 -6.726059990969139335e+02 2.272340000000000160e+01 -4.080582037568092346e-02 2.953116036951541901e-02 6.940425932407379150e-02 6.953502446413040161e-02
-5.430104090294224761e+02 -9.696392463886165842e+02 -6.720575065861743269e+02 2.272540000000000049e+01 1.083579808473587036e-01 -1.652658102102577686e-03 6.940425932407379150e-02 6.953502446413040161e-02
-5.504712298052883170e+02 -9.625115849227895524e+02 -6.762208757218267010e+02 2.272740000000000293e+01 -1.173781603574752808e-01 7.718218956142663956e-03 6.940425932407379150e-02 6.953502446413040161e-02
-5.494002881878701601e+02 -9.635480943348176197e+02 -6.756154172002993619e+02 2.272940000000000182e+01 1.932661421597003937e-02 -6.138267368078231812e-02 6.940425932407379150e-02 6.953502446413040161e-02
-5.483267231400496939e+02 -9.645825809913003468e+02 -6.750111464668981398e+02 2.273140000000000072e+01 -6.245242431759834290e-02 -5.621102452278137207e-02 6.940425932407379150e-02 6.953502446413040161e-02
-5.472505397847021413e+02 -9.656150399558893014e+02 -6.744080664050690075e+02 2.273340000000000316e+01 -1.016019582748413086e-01 3.034205175936222076e-02 6.940425932407379150e-02 6.953502446413040161e-02
-5.461717432759141957e+02 -9.666454662839144021e+02 -6.738061799030901966e+02 2.273540000000000205e+01 -9.286589920520782471e-02 -4.543643817305564880e-02 6.940425932407379150e-02 6.953502446413040161e-02
-5.450903387765168873e+02 -9.676738550440194331e+02 -6.732054898414326090e+02 2.273740000000000094e+01 1.274070329964160919e-02 8.917659521102905273e-02 6.940425932407379150e-02 6.953502446413040161e-02
-5.440063314656324565e+02 -9.687002013110501366e+02 -6.726059990969139335e+02 2.273939999999999984e+01 1.874238252639770508e-02 4.969644919037818909e-02 6.940425932407379150e-02 6.953502446413040161e-02
-5.430104090294224761e+02 -9.696392463886165842e+02 -6.720575065861743269e+02 2.274140000000000228e+01 2.141645818483084440e-04 -1.966404542326927185e-02 6.940425932407379150e-02 6.953502446413040161e-02
-5.396443779884781407e+02 -9.727850634161014796e+02 -6.702200865505666343e+02 2.274340000000000117e+01 -2.865164913237094879e-02 9.391913563013076782e-02 6.940425932407379150e-02 6.953502446413040161e-02
-5.385474346700375463e+02 -9.738011237510722822e+02 -6.696266353031129483e+02 2.274540000000000006e+01 4.234930127859115601e-02 1.381607167422771454e-02 6.940425932407379150e-02 6.953502446413040161e-02
-5.374479198375165652e+02 -9.748151122836649165e+02 -6.690344004919428471e+02 2.274740000000000251e+01 4.784911498427391052e-02 -9.898452460765838623e-02 6.940425932407379150e-02 6.953502446413040161e-02
-5.363458387720548899e+02 -9.758270241435384378e+02 -6.684433849616464158e+02 2.274940000000000140e+01 7.797591388225555420e-02 2.702342160046100616e-02 6.940425932407379150e-02 6.953502446413040161e-02
-5.352411967248566498e+02 -9.768368545090636417e+02 -6.678535915283326858e+02 2.275140000000000029e+01 -2.886183001101016998e-02 -9.672026336193084717e-02 6.940425932407379150e-02 6.953502446413040161e-02
-5.341339990171032923e+02 -9.778445985158225540e+02 -6.672650230330700651e+02 2.275340000000000273e+01 -6.958573311567306519e-02 -3.883432596921920776e-02 6.940425932407379150e-02 6.953502446413040161e-02
-5.330242509206095747e+02 -9.788502513656274004e+02 -6.666776822782172758e+02 2.275540000000000163e+01 -3.786234930157661438e-02 -3.454938530921936035e-02 6.940425932407379150e-02 6.953502446413040161e-02
-5.320047782805904717e+02 -9.797702854020765244e+02 -6.661403518328241944e+02 2.275740000000000052e+01 -2.729910239577293396e-02 8.347642421722412109e-02 6.940425932407379150e-02 6.953502446413040161e-02
-5.396443779884781407e+02 -9.727850634161014796e+02 -6.702200865505666343e+02 2.275940000000000296e+01 5.676119029521942139e-02 -1.913937553763389587e-02 6.940425932407379150e-02 6.953502446413040161e-02
-5.385474346700375463e+02 -9.738011237510722822e+02 -6.696266353031129483e+02 2.276140000000000185e+01 -1.394946686923503876e-02 -3.388720378279685974e-02 6.940425932407379150e-02 6.953502446413040161e-02
-5.374479198375165652e+02 -9.748151122836649165e+02 -6.690344004919428471e+02 2.276340000000000074e+01 -2.388036623597145081e-02 -2.341194823384284973e-02 6.940425932407379150e-02 6.953502446413040161e-02
-5.363458387720548899e+02 -9.758270241435384378e+02 -6.684433849616464158e+02 2.276540000000000319e+01 -9.914215654134750366e-02 3.459100425243377686e-02 6.940425932407379150e-02 6.953502446413040161e-02
-5.352411967248566498e+02 -9.768368545090636417e+02 -6.678535915283326858e+02 2.276740000000000208e+01 5.546200647950172424e-02 -5.982550233602523804e-02 6.940425932407379150e-02 6.953502446413040161e-02
-5.341339990171032923e+02 -9.778445985158225540e+02 -6.672650230330700651e+02 2.276940000000000097e+01 -6.484854966402053833e-02 -5.537712574005126953e-02 6.940425932407379150e-02 6.953502446413040161e-02
-5.330242509206095747e+02 -9.788502513656274004e+02 -6.666776822782172758e+02 2.277139999999999986e+01 -4.354202002286911011e-02 1.717595756053924561e-02 6.940425932407379150e-02 6.953502446413040161e-02
-5.320047782805904717e+02 -9.797702854020765244e+02 -6.661403518328241944e+02 2.277340000000000231e+01 2.585768327116966248e-02 -8.007524907588958740e-02 6.940425932407379150e-02 6.953502446413040161e-02
-5.285598611262587383e+02 -9.828518550199285073e+02 -6.643406528325519957e+02 2.277540000000000120e+01 7.369699887931346893e-03 4.730102419853210449e-02 6.940425932407379150e-02 6.953502446413040161e-02
-5.274374410284452779e+02 -9.838469800624524169e+02 -6.637594928430452228e+02 2.277740000000000009e+01 4.856278374791145325e-02 5.056401342153549194e-02 6.940425932407379150e-02 6.953502446413040161e-02
-5.263125026093549650e+02 -9.848399852048160028e+02 -6.631795773806248917e+02 2.277940000000000254e+01 -4.914351552724838257e-02 -1.847414532676339149e-03 6.940425932407379150e-02 6.953502446413040161e-02
-5.251850512252221961e+02 -9.858308657189656969e+02 -6.626009092064722381e+02 2.278140000000000143e+01 -7.664670795202255249e-02 -8.613734506070613861e-03 6.940425932407379150e-02 6.953502446413040161e-02
-5.240550923031544244e+02 -9.868196168352016002e+02 -6.620234911060590548e+02 2.278340000000000032e+01 2.930406667292118073e-02 2.834105491638183594e-02 6.940425932407379150e-02 6.953502446413040161e-02
-5.229226312193583226e+02 -9.878062338491728269e+02 -6.614473258266622224e+02 2.278540000000000276e+01 -5.989645724184811115e-04 -3.070429153740406036e-02 6.940425932407379150e-02 6.953502446413040161e-02
-5.217876734250537538e+02 -9.887907120117001796e+02 -6.608724161417073901e+02 2.278740000000000165e+01 -7.922208309173583984e-02 -3.215827420353889465e-02 6.940425932407379150e-02 6.953502446413040161e-02
-5.207451384149760543e+02 -9.896912947568063146e+02 -6.603465048820762604e+02 2.278940000000000055e+01 7.952500134706497192e-02 2.629259787499904633e-02 6.940425932407379150e-02 6.953502446413040161e-02
-5.285598611262587383e+02 -9.828518550199285073e+02 -6.643406528325519957e+02 2.279140000000000299e+01 2.489297837018966675e-02 5.751864518970251083e-04 6.940425932407379150e-02 6.953502446413040161e-02
-5.274374410284452779e+02 -9.838469800624524169e+02 -6.637594928430452228e+02 2.279340000000000188e+01 -1.279790848493576050e-01 2.341940067708492279e-02 6.940425932407379150e-02 6.953502446413040161e-02
-5.263125026093549650e+02 -9.848399852048160028e+02 -6.631795773806248917e+02 2.279540000000000077e+01 -4.633118864148855209e-03 -1.800093241035938263e-02 6.940425932407379150e-02 6.953502446413040161e-02
-5.251850512252221961e+02 -9.858308657189656969e+02 -6.626009092064722381e+02 2.279739999999999966e+01 9.695769846439361572e-02 5.886486917734146118e-02 6.940425932407379150e-02 6.953502446413040161e-02
-5.240550923031544244e+02 -9.868196168352016002e+02 -6.620234911060590548e+02 2.279940000000000211e+01 -7.312580198049545288e-02 1.859701797366142273e-02 6.940425932407379150e-02 6.953502446413040161e-02
-5.229226312193583226e+02 -9.878062338491728269e+02 -6.614473258266622224e+02 2.280140000000000100e+01 -1.271134316921234131e-01 1.968852989375591278e-02 6.940425932407379150e-02 6.953502446413040161e-02
-5.217876734250537538e+02 -9.887907120117001796e+02 -6.608724161417073901e+02 2.280339999999999989e+01 -4.954461008310317993e-02 6.826836615800857544e-02 6.940425932407379150e-02 6.953502446413040161e-02
-5.207451384149760543e+02 -9.896912947568063146e+02 -6.603465048820762604e+02 2.280540000000000234e+01 2.323327958583831787e-02 -1.350402925163507462e-02 6.940425932407379150e-02 6.953502446413040161e-02
-5.174139704518951248e+02 -9.925446462985756853e+02 -6.586802767664631801e+02 2.280740000000000123e+01 -3.982764109969139099e-02 -8.214563131332397461e-02 6.940425932407379150e-02 6.953502446413040161e-02
-5.162670219203870374e+02 -9.935187205224749505e+02 -6.581114744211243988e+02 2.280940000000000012e+01 1.095597594976425171e-01 1.923258006572723389e-01 6.940425932407379150e-02 6.953502446413040161e-02
-5.151176085105917082e+02 -9.944906285735921756e+02 -6.575439436247146432e+02 2.281140000000000256e+01 -1.371305286884307861e-01 -1.108110994100570679e-01 6.940425932407379150e-02 6.953502446413040161e-02
-5.139657357433499101e+02 -9.954603657837329820e+02 -6.569776871031511973e+02 2.281340000000000146e+01 -1.688293367624282837e-02 2.118331044912338257e-01 6.940425932407379150e-02 6.953502446413040161e-02
-5.128114090991550711e+02 -9.964279275390334760e+02 -6.564127075505934954e+02 2.281540000000000035e+01 -4.732788354158401489e-02 -1.714040040969848633e-01 6.940425932407379150e-02 6.953502446413040161e-02
-5.116546341304329530e+02 -9.973933091853861015e+02 -6.558490076846677539e+02 2.281740000000000279e+01 5.525015667080879211e-02 2.552730441093444824e-01 6.940425932407379150e-02 6.953502446413040161e-02
-5.104954163571357526e+02 -9.983565061162180427e+02 -6.552865901952133072e+02 2.281940000000000168e+01 1.926837489008903503e-02 -5.173970758914947510e-02 6.940425932407379150e-02 6.953502446413040161e-02
-5.094306898438640019e+02 -9.992375414042990087e+02 -6.547721532744923252e+02 2.282140000000000057e+01 2.421886622905731201e-01 1.051471084356307983e-01 6.940425932407379150e-02 6.953502446413040161e-02
-5.174139704518951248e+02 -9.925446462985756853e+02 -6.586802767664631801e+02 2.282340000000000302e+01 -2.240488976240158081e-01 -1.212881729006767273e-01 6.940425932407379150e-02 6.953502446413040161e-02
-5.162670219203870374e+02 -9.935187205224749505e+02 -6.581114744211243988e+02 2.282540000000000191e+01 1.601337343454360962e-01 -1.933756656944751740e-02 6.940425932407379150e-02 6.953502446413040161e-02
-5.151176085105917082e+02 -9.944906285735921756e+02 -6.575439436247146432e+02 2.282740000000000080e+01 -5.603213235735893250e-02 -7.977996021509170532e-03 6.940425932407379150e-02 6.953502446413040161e-02
-5.139657357433499101e+02 -9.954603657837329820e+02 -6.569776871031511973e+02 2.282939999999999969e+01 -9.490299969911575317e-02 5.049912258982658386e-02 6.940425932407379150e-02 6.953502446413040161e-02
-5.128114090991550711e+02 -9.964279275390334760e+02 -6.564127075505934954e+02 2.283140000000000214e+01 6.438974291086196899e-02 -1.300041526556015015e-01 6.940425932407379150e-02 6.953502446413040161e-02
-5.116546341304329530e+02 -9.973933091853861015e+02 -6.558490076846677539e+02 2.283340000000000103e+01 3.977278992533683777e-02 2.214065194129943848e-01 6.940425932407379150e-02 6.953502446413040161e-02
-5.104954163571357526e+02 -9.983565061162180427e+02 -6.552865901952133072e+02 2.283539999999999992e+01 4.366229847073554993e-02 -9.053566306829452515e-02 6.940425932407379150e-02 6.953502446413040161e-02
-5.094306898438640019e+02 -9.992375414042990087e+02 -6.547721532744923252e+02 2.283740000000000236e+01 -7.006484270095825195e-02 2.088739536702632904e-02 6.940425932407379150e-02 6.953502446413040161e-02
-5.058342283834173827e+02 -1.002187354619121606e+03 -6.530497977590779328e+02 2.283940000000000126e+01 3.882911801338195801e-02 7.317914813756942749e-02 6.940425932407379150e-02 6.953502446413040161e-02
-5.046628800682120186e+02 -1.003139559011355800e+03 -6.524938324180906193e+02 2.284140000000000015e+01 1.992108225822448730e-01 -1.507180631160736084e-01 6.940425932407379150e-02 6.953502446413040161e-02
-5.034891223927736519e+02 -1.004089551201249151e+03 -6.519391655028185824e+02 2.284340000000000259e+01 -5.844046175479888916e-02 1.475027203559875488e-01 6.940425932407379150e-02 6.953502446413040161e-02
-5.023129610111935222e+02 -1.005037326612611537e+03 -6.513857996851342023e+02 2.284540000000000148e+01 -1.640183292329311371e-02 -2.678060345351696014e-02 6.940425932407379150e-02 6.953502446413040161e-02
-5.011344015235983989e+02 -1.005982880732746366e+03 -6.508337375998054313e+02 2.284740000000000038e+01 -3.061317093670368195e-02 -9.113501757383346558e-02 6.940425932407379150e-02 6.953502446413040161e-02
-4.999534495784376986e+02 -1.006926209029858114e+03 -6.502829818927190217e+02 2.284940000000000282e+01 -1.454026065766811371e-02 -5.140386149287223816e-02 6.940425932407379150e-02 6.953502446413040161e-02
-4.987701108439074460e+02 -1.007867306976299574e+03 -6.497335352073066588e+02 2.285140000000000171e+01 -3.785304725170135498e-02 6.041873618960380554e-02 6.940425932407379150e-02 6.953502446413040161e-02
-4.976833220155753565e+02 -1.008728045461416968e+03 -6.492310111950336022e+02 2.285340000000000060e+01 9.337659925222396851e-02 -5.652663484215736389e-02 6.940425932407379150e-02 6.953502446413040161e-02
-5.058342283834173827e+02 -1.002187354619121606e+03 -6.530497977590779328e+02 2.285540000000000305e+01 -9.739807993173599243e-02 1.755027100443840027e-02 6.940425932407379150e-02 6.953502446413040161e-02
-5.046628800682120186e+02 -1.003139559011355800e+03 -6.524938324180906193e+02 2.285740000000000194e+01 -1.085727941244840622e-02 6.660637445747852325e-03 6.940425932407379150e-02 6.953502446413040161e-02
-5.034891223927736519e+02 -1.004089551201249151e+03 -6.519391655028185824e+02 2.285940000000000083e+01 -2.788143418729305267e-02 -1.846615411341190338e-02 6.940425932407379150e-02 6.953502446413040161e-02
-5.023129610111935222e+02 -1.005037326612611537e+03 -6.513857996851342023e+02 2.286139999999999972e+01 -1.367734670639038086e-01 7.863421738147735596e-02 6.940425932407379150e-02 6.953502446413040161e-02
-5.011344015235983989e+02 -1.005982880732746366e+03 -6.508337375998054313e+02 2.286340000000000217e+01 6.851276755332946777e-02 6.881681084632873535e-02 6.940425932407379150e-02 6.953502446413040161e-02
-4.999534495784376986e+02 -1.006926209029858114e+03 -6.502829818927190217e+02 2.286540000000000106e+01 -5.671966820955276489e-02 -2.312972955405712128e-02 6.940425932407379150e-02 6.953502446413040161e-02
-4.987701108439074460e+02 -1.007867306976299574e+03 -6.497335352073066588e+02 2.286739999999999995e+01 6.293478608131408691e-02 5.276918411254882812e-02 6.940425932407379150e-02 6.953502446413040161e-02
-4.976833220155753565e+02 -1.008728045461416968e+03 -6.492310111950336022e+02 2.286940000000000239e+01 -9.180390089750289917e-02 2.683930844068527222e-02 6.940425932407379150e-02 6.953502446413040161e-02
-4.940130013103727151e+02 -1.011609305447617317e+03 -6.475488911148027000e+02 2.287140000000000128e+01 3.483062982559204102e-02 1.914595812559127808e-02 6.940425932407379150e-02 6.953502446413040161e-02
-4.928178137338957185e+02 -1.012539184353144606e+03 -6.470060288219334552e+02 2.287340000000000018e+01 1.010240241885185242e-01 1.015645116567611694e-01 6.940425932407379150e-02 6.953502446413040161e-02
-4.916202735175263570e+02 -1.013466806045955195e+03 -6.464644912332460081e+02 2.287540000000000262e+01 9.002341888844966888e-03 -6.793148070573806763e-02 6.940425932407379150e-02 6.953502446413040161e-02
-4.904203863631988725e+02 -1.014392166109327036e+03 -6.459242809271813712e+02 2.287740000000000151e+01 -1.151160746812820435e-01 2.303406217833980918e-04 6.940425932407379150e-02 6.953502446413040161e-02
-4.892181580466850050e+02 -1.015315260088940818e+03 -6.453854005040956281e+02 2.287940000000000040e+01 1.254249513149261475e-01 -5.395735800266265869e-02 6.940425932407379150e-02 6.953502446413040161e-02
-4.880135942880761490e+02 -1.016236083592816044e+03 -6.448478525279123232e+02 2.288140000000000285e+01 3.256737440824508667e-02 -2.673210389912128448e-02 6.940425932407379150e-02 6.953502446413040161e-02
-4.868067008856432949e+02 -1.017154632188511187e+03 -6.443116395861555930e+02 2.288340000000000174e+01 -1.048326343297958374e-01 1.415028516203165054e-02 6.940425932407379150e-02 6.953502446413040161e-02
-4.856983698272294419e+02 -1.017994661962818896e+03 -6.438212689656843395e+02 2.288540000000000063e+01 2.055712416768074036e-02 1.450152602046728134e-02 6.940425932407379150e-02 6.953502446413040161e-02
-4.940130013103727151e+02 -1.011609305447617317e+03 -6.475488911148027000e+02 2.288740000000000308e+01 1.718149147927761078e-02 9.229578077793121338e-02 6.940425932407379150e-02 6.953502446413040161e-02
-4.928178137338957185e+02 -1.012539184353144606e+03 -6.470060288219334552e+02 2.288940000000000197e+01 -7.671907544136047363e-02 -1.246516555547714233e-01 6.940425932407379150e-02 6.953502446413040161e-02
-4.916202735175263570e+02 -1.013466806045955195e+03 -6.464644912332460081e+02 2.289140000000000086e+01 -7.558233290910720825e-02 -5.214577540755271912e-02 6.940425932407379150e-02 6.953502446413040161e-02
-4.904203863631988725e+02 -1.014392166109327036e+03 -6.459242809271813712e+02 2.289339999999999975e+01 -9.829229861497879028e-02 -3.598352521657943726e-02 6.940425932407379150e-02 6.953502446413040161e-02
-4.892181580466850050e+02 -1.015315260088940818e+03 -6.453854005040956281e+02 2.289540000000000219e+01 -4.951725900173187256e-02 -1.909823715686798096e-02 6.940425932407379150e-02 6.953502446413040161e-02
-4.880135942880761490e+02 -1.016236083592816044e+03 -6.448478525279123232e+02 2.289740000000000109e+01 5.807992536574602127e-03 -4.646368324756622314e-02 6.940425932407379150e-02 6.953502446413040161e-02
-4.868067008856432949e+02 -1.017154632188511187e+03 -6.443116395861555930e+02 2.289939999999999998e+01 7.643396407365798950e-02 -3.902512788772583008e-02 6.940425932407379150e-02 6.953502446413040161e-02
-4.856983698272294419e+02 -1.017994661962818896e+03 -6.438212689656843395e+02 2.290140000000000242e+01 8.826170861721038818e-02 -6.943316757678985596e-02 6.940425932407379150e-02 6.953502446413040161e-02
-4.819559463158461199e+02 -1.020805989891552485e+03 -6.421801892991015848e+02 2.290340000000000131e+01 4.513435065746307373e-02 2.995698340237140656e-02 6.940425932407379150e-02 6.953502446413040161e-02
-4.807374914620197046e+02 -1.021713098296329463e+03 -6.416506898526755549e+02 2.290540000000000020e+01 -2.308352151885628700e-03 1.542739628348499537e-04 6.940425932407379150e-02 6.953502446413040161e-02
-4.795167417776358434e+02 -1.022617905587921541e+03 -6.411225407376090288e+02 2.290740000000000265e+01 -1.712822914123535156e-02 8.396187424659729004e-02 6.940425932407379150e-02 6.953502446413040161e-02
-4.782937030835953465e+02 -1.023520407451887991e+03 -6.405957444723003391e+02 2.290940000000000154e+01 9.561053663492202759e-02 -4.061299562454223633e-02 6.940425932407379150e-02 6.953502446413040161e-02
-4.770683812415247758e+02 -1.024420599562768757e+03 -6.400703035815445219e+02 2.291140000000000043e+01 1.361174788326025009e-02 5.315867438912391663e-02 6.940425932407379150e-02 6.953502446413040161e-02
-4.758407821368612645e+02 -1.025318477596834782e+03 -6.395462205890925134e+02 2.291340000000000288e+01 -1.451633125543594360e-01 -9.525547176599502563e-02 6.940425932407379150e-02 6.953502446413040161e-02
-4.746109116103909855e+02 -1.026214037282119762e+03 -6.390234979884469340e+02 2.291540000000000177e+01 2.018920890986919403e-02 -6.892520189285278320e-02 6.940425932407379150e-02 6.953502446413040161e-02
-4.734815689116807675e+02 -1.027032956206192921e+03 -6.385455155098470641e+02 2.291740000000000066e+01 1.838472113013267517e-02 5.975043401122093201e-02 6.940425932407379150e-02 6.953502446413040161e-02
-4.819559463158461199e+02 -1.020805989891552485e+03 -6.421801892991015848e+02 2.291940000000000310e+01 -1.072596609592437744e-01 -6.074377521872520447e-02 6.940425932407379150e-02 6.953502446413040161e-02
-4.807374914620197046e+02 -1.021713098296329463e+03 -6.416506898526755549e+02 2.292140000000000200e+01 1.501821633428335190e-02 -3.441147878766059875e-02 6.940425932407379150e-02 6.953502446413040161e-02
-4.795167417776358434e+02 -1.022617905587921541e+03 -6.411225407376090288e+02 2.292340000000000089e+01 6.127005442976951599e-02 7.540384680032730103e-02 6.940425932407379150e-02 6.953502446413040161e-02
-4.782937030835953465e+02 -1.023520407451887991e+03 -6.405957444723003391e+02 2.292539999999999978e+01 1.186399683356285095e-01 3.569719195365905762e-02 6.940425932407379150e-02 6.953502446413040161e-02
-4.770683812415247758e+02 -1.024420599562768757e+03 -6.400703035815445219e+02 2.292740000000000222e+01 4.414746165275573730e-02 6.859035044908523560e-02 6.940425932407379150e-02 6.953502446413040161e-02
-4.758407821368612645e+02 -1.025318477596834782e+03 -6.395462205890925134e+02 2.292940000000000111e+01 3.764306753873825073e-02 -2.642290294170379639e-02 6.940425932407379150e-02 6.953502446413040161e-02
-4.746109116103909855e+02 -1.026214037282119762e+03 -6.390234979884469340e+02 2.293140000000000001e+01 1.166634820401668549e-02 9.317384660243988037e-02 6.940425932407379150e-02 6.953502446413040161e-02
-4.734815689116807675e+02 -1.027032956206192921e+03 -6.385455155098470641e+02 2.293340000000000245e+01 -1.542649697512388229e-02 -4.815497994422912598e-02 6.940425932407379150e-02 6.953502446413040161e-02
