# Baseline: 14-18
# u [m], v [m], w [m], frequency [GHz], real, imag
-1.060360549010352770e+03 4.047749834516534975e+03 -5.665269595522752297e+02 2.267940000000000000e+19 2.609809637069702148e-01 8.174421638250350952e-02
-1.068625743418357160e+03 4.045741643380536971e+03 -5.653402410460897727e+02 2.268140000000000000e+19 -2.797169089317321777e-01 4.984911903738975525e-02
-1.076885815135276289e+03 4.043717850667157109e+03 -5.641443946209681144e+02 2.268340000000000000e+19 2.247013300657272339e-01 -5.108351632952690125e-02
-1.085140724688161072e+03 4.041678466047762868e+03 -5.629394259916801957e+02 2.268540000000000000e+19 -3.252799212932586670e-01 -5.452841147780418396e-02
-1.091328658983889682e+03 4.040139187952694101e+03 -5.620300012799904152e+02 2.268740000000000000e+19 3.028199374675750732e-01 -2.177352644503116608e-02
-1.101634899303137217e+03 4.037552960204466672e+03 -5.605021452304519016e+02 2.268940000000000000e+19 -1.421644687652587891e-01 4.266829043626785278e-02
-1.109874085256270519e+03 4.035466858767736539e+03 -5.592698447884827146e+02 2.269140000000000000e+19 1.850365549325942993e-01 -1.007871981710195541e-02
-1.120165799559312518e+03 4.032837991996582787e+03 -5.577170428832737343e+02 2.269340000000000000e+19 -2.481516897678375244e-01 2.022131681442260742e-01
-1.060360549010352770e+03 4.047749834516534975e+03 -5.665269595522752297e+02 2.269540000000000000e+19 -5.258191842585802078e-03 9.739681333303451538e-02
-1.068625743418357160e+03 4.045741643380536971e+03 -5.653402410460897727e+02 2.269740000000000000e+19 -9.281934797763824463e-02 -1.110293939709663391e-01
-1.076885815135276289e+03 4.043717850667157109e+03 -5.641443946209681144e+02 2.269940000000000000e+19 1.833472698926925659e-01 -1.986444443464279175e-01
-1.085140724688161072e+03 4.041678466047762868e+03 -5.629394259916801957e+02 2.270140000000000000e+19 -4.711740463972091675e-02 2.296790480613708496e-02
-1.091328658983889682e+03 4.040139187952694101e+03 -5.620300012799904152e+02 2.270340000000000000e+19 1.854217238724231720e-02 -2.020963840186595917e-02
-1.101634899303137217e+03 4.037552960204466672e+03 -5.605021452304519016e+02 2.270540000000000000e+19 -7.050934433937072754e-02 8.394639939069747925e-02
-1.109874085256270519e+03 4.035466858767736539e+03 -5.592698447884827146e+02 2.270740000000000000e+19 2.663865126669406891e-02 3.202435746788978577e-02
-1.120165799559312518e+03 4.032837991996582787e+03 -5.577170428832737343e+02 2.270940000000000000e+19 6.957708392292261124e-03 1.038425117731094360e-01
-1.142777234831341957e+03 4.026967029768164139e+03 -5.542497138819575184e+02 2.271140000000000000e+19 2.619752101600170135e-02 -3.713387530297040939e-03
-1.150989426804489312e+03 4.024803267559236701e+03 -5.529719789060014818e+02 2.271340000000000000e+19 1.154187396168708801e-01 4.455628991127014160e-02
-1.159196101858779912e+03 4.022624003994520081e+03 -5.516851752120107903e+02 2.271540000000000000e+19 -1.081248745322227478e-02 8.110653609037399292e-03
-1.167397220833624715e+03 4.020429249473216260e+03 -5.503893089404879220e+02 2.271740000000000000e+19 -1.197086721658706665e-01 2.544620074331760406e-02
-1.175592744452080296e+03 4.018219014506527401e+03 -5.490843862976615810e+02 2.271940000000000000e+19 7.376889139413833618e-02 1.109151076525449753e-02
-1.183782633492517789e+03 4.015993309672016494e+03 -5.477704135285453049e+02 2.272140000000000000e+19 1.654513529501855373e-03 3.868514299392700195e-02
-1.191966848731841992e+03 4.013752145629295228e+03 -5.464473969261913453e+02 2.272340000000000000e+19 8.044359833002090454e-02 -8.309172838926315308e-02
-1.199464101585240542e+03 4.011684370462653078e+03 -5.452268073300072047e+02 2.272540000000000000e+19 -4.283149912953376770e-02 -7.725574821233749390e-02
-1.142777234831341957e+03 4.026967029768164139e+03 -5.542497138819575184e+02 2.272740000000000000e+19 1.519367471337318420e-02 -1.557960826903581619e-02
-1.150989426804489312e+03 4.024803267559236701e+03 -5.529719789060014818e+02 2.272940000000000000e+19 5.746179074048995972e-02 1.518961042165756226e-01
-1.159196101858779912e+03 4.022624003994520081e+03 -5.516851752120107903e+02 2.273140000000000000e+19 2.770270220935344696e-02 -1.307308226823806763e-01
-1.167397220833624715e+03 4.020429249473216260e+03 -5.503893089404879220e+02 2.273340000000000000e+19 -8.976980298757553101e-02 -3.312819823622703552e-02
-1.175592744452080296e+03 4.018219014506527401e+03 -5.490843862976615810e+02 2.273540000000000000e+19 -6.715041399002075195e-02 1.594397239387035370e-02
-1.183782633492517789e+03 4.015993309672016494e+03 -5.477704135285453049e+02 2.273740000000000000e+19 -6.062364950776100159e-02 -6.211378145962953568e-03
-1.191966848731841992e+03 4.013752145629295228e+03 -5.464473969261913453e+02 2.273940000000000000e+19 -1.232155337929725647e-01 -1.892302557826042175e-02
-1.199464101585240542e+03 4.011684370462653078e+03 -5.452268073300072047e+02 2.274140000000000000e+19 8.261164277791976929e-02 -6.595888640731573105e-03
-1.224646189195022544e+03 4.004633112871547382e+03 -5.410650193912465511e+02 2.274340000000000000e+19 6.486654281616210938e-02 -1.518336683511734009e-02
-1.232801448580191391e+03 4.002314815119326795e+03 -5.396968794435969130e+02 2.274540000000000000e+19 9.662120044231414795e-02 -3.529228270053863525e-02
-1.240950799686881055e+03 3.999981123588659557e+03 -5.383197342817954905e+02 2.274740000000000000e+19 -3.293919190764427185e-02 8.807766437530517578e-02
-1.249094203372533912e+03 3.997632049488629036e+03 -5.369335905205045947e+02 2.274940000000000000e+19 -8.283191919326782227e-02 -6.988247483968734741e-02
-1.257231620835061904e+03 3.995267604011982712e+03 -5.355384547643673159e+02 2.275140000000000000e+19 4.436275362968444824e-02 -1.098989602178335190e-02
-1.265363012875914364e+03 3.992887798548611045e+03 -5.341343337339839081e+02 2.275340000000000000e+19 2.347950823605060577e-02 -5.332947522401809692e-02
-1.273488340778763813e+03 3.990492644429924439e+03 -5.327212341150717521e+02 2.275540000000000000e+19 -1.850418932735919952e-02 -3.928118199110031128e-02
-1.280931275658180311e+03 3.988283808078377660e+03 -5.314181253003266647e+02 2.275740000000000000e+19 -6.426119059324264526e-02 2.863391675055027008e-02
-1.224646189195022544e+03 4.004633112871547382e+03 -5.410650193912465511e+02 2.275940000000000000e+19 -7.145338505506515503e-02 8.889190852642059326e-02
-1.232801448580191391e+03 4.002314815119326795e+03 -5.396968794435969130e+02 2.276140000000000000e+19 6.517643481492996216e-02 7.752896845340728760e-02
-1.240950799686881055e+03 3.999981123588659557e+03 -5.383197342817954905e+02 2.276340000000000000e+19 3.474360331892967224e-02 1.020227838307619095e-02
-1.249094203372533912e+03 3.997632049488629036e+03 -5.369335905205045947e+02 2.276540000000000000e+19 9.571413695812225342e-02 1.822584494948387146e-02
-1.257231620835061904e+03 3.995267604011982712e+03 -5.355384547643673159e+02 2.276740000000000000e+19 -1.467582285404205322e-01 -7.175335288047790527e-02
-1.265363012875914364e+03 3.992887798548611045e+03 -5.341343337339839081e+02 2.276940000000000000e+19 2.501748688519001007e-02 -1.386131048202514648e-01
-1.273488340778763813e+03 3.990492644429924439e+03 -5.327212341150717521e+02 2.277140000000000000e+19 7.229510694742202759e-02 3.269421868026256561e-03
-1.280931275658180311e+03 3.988283808078377660e+03 -5.314181253003266647e+02 2.277340000000000000e+19 2.729529282078146935e-03 4.035852383822202682e-03
-1.305928233169621762e+03 3.980758771920531672e+03 -5.269791857509351303e+02 2.277540000000000000e+19 -9.598520700819790363e-04 7.439241558313369751e-02
-1.314022657429383116e+03 3.978287048005726319e+03 -5.255212955327805275e+02 2.277740000000000000e+19 4.381920024752616882e-02 -5.458008870482444763e-02
-1.322110784537830114e+03 3.975800045353678343e+03 -5.240544679711409799e+02 2.277940000000000000e+19 1.982823945581912994e-03 7.080717384815216064e-02
-1.330192575984514633e+03 3.973297775805893252e+03 -5.225787100501252098e+02 2.278140000000000000e+19 7.835311442613601685e-02 2.969233505427837372e-02
-1.338267992866948589e+03 3.970780251407337801e+03 -5.210940288734827845e+02 2.278340000000000000e+19 -1.609983295202255249e-02 4.489579051733016968e-02
-1.346336996763333900e+03 3.968247484136100411e+03 -5.196004315051724234e+02 2.278540000000000000e+19 1.421329658478498459e-02 3.695394098758697510e-02
-1.354399548832730716e+03 3.965699486183930276e+03 -5.180979251348052230e+02 2.278740000000000000e+19 -3.239941550418734550e-03 5.563994124531745911e-02
-1.361784604181542591e+03 3.963350645611906657e+03 -5.167129206621086723e+02 2.278940000000000000e+19 -1.433294713497161865e-01 7.655615359544754028e-02
-1.305928233169621762e+03 3.980758771920531672e+03 -5.269791857509351303e+02 2.279140000000000000e+19 1.408082153648138046e-02 -1.168096363544464111e-01
-1.314022657429383116e+03 3.978287048005726319e+03 -5.255212955327805275e+02 2.279340000000000000e+19 -8.688798546791076660e-02 1.163717173039913177e-02
-1.322110784537830114e+03 3.975800045353678343e+03 -5.240544679711409799e+02 2.279540000000000000e+19 -4.407898336648941040e-02 -1.425566673278808594e-01
-1.330192575984514633e+03 3.973297775805893252e+03 -5.225787100501252098e+02 2.279740000000000000e+19 -8.573702722787857056e-02 2.835058607161045074e-03
-1.338267992866948589e+03 3.970780251407337801e+03 -5.210940288734827845e+02 2.279940000000000000e+19 1.125068366527557373e-01 4.681639745831489563e-02
-1.346336996763333900e+03 3.968247484136100411e+03 -5.196004315051724234e+02 2.280140000000000000e+19 7.065906375646591187e-02 -3.579929098486900330e-02
-1.354399548832730716e+03 3.965699486183930276e+03 -5.180979251348052230e+02 2.280340000000000000e+19 2.150276675820350647e-02 -1.455990597605705261e-02
-1.361784604181542591e+03 3.963350645611906657e+03 -5.167129206621086723e+02 2.280540000000000000e+19 1.575092598795890808e-02 2.115614339709281921e-02
-1.385245536004364340e+03 3.955791285562208486e+03 -5.122559152187549216e+02 2.280740000000000000e+19 -2.585944831371307373e-01 -6.954108923673629761e-02
-1.393276361487940221e+03 3.953169845668336620e+03 -5.107104506901548007e+02 2.280940000000000000e+19 1.930381357669830322e-01 -2.231391333043575287e-02
-1.401300510645489567e+03 3.950533247206685246e+03 -5.091561196784962249e+02 2.281140000000000000e+19 -1.002710014581680298e-01 -1.383604109287261963e-01
-1.409317944935907462e+03 3.947881502841441034e+03 -5.075929296496038887e+02 2.281340000000000000e+19 1.716811060905456543e-01 -1.459129005670547485e-01
-1.417328626213336520e+03 3.945214625189438721e+03 -5.060208880410553434e+02 2.281540000000000000e+19 -2.148669809103012085e-01 2.212300896644592285e-02
-1.425332515945413888e+03 3.942532627078539917e+03 -5.044400024144976555e+02 2.281740000000000000e+19 5.674409121274948120e-02 -9.461900591850280762e-02
-1.433329575939271763e+03 3.939835521307006275e+03 -5.028502803137913588e+02 2.281940000000000000e+19 -9.769572317600250244e-02 1.781502962112426758e-01
-1.440654269648437548e+03 3.937350105767313380e+03 -5.013853912864772724e+02 2.282140000000000000e+19 5.568749830126762390e-02 4.346061497926712036e-02
-1.385245536004364340e+03 3.955791285562208486e+03 -5.122559152187549216e+02 2.282340000000000000e+19 8.933192119002342224e-03 7.094436138868331909e-02
-1.393276361487940221e+03 3.953169845668336620e+03 -5.107104506901548007e+02 2.282540000000000000e+19 -1.009142920374870300e-01 -2.351352274417877197e-01
-1.401300510645489567e+03 3.950533247206685246e+03 -5.091561196784962249e+02 2.282740000000000000e+19 -1.253898348659276962e-02 1.732247322797775269e-01
-1.409317944935907462e+03 3.947881502841441034e+03 -5.075929296496038887e+02 2.282940000000000000e+19 8.996567130088806152e-02 -1.853412017226219177e-02
-1.417328626213336520e+03 3.945214625189438721e+03 -5.060208880410553434e+02 2.283140000000000000e+19 -5.050729960203170776e-02 1.555834114551544189e-01
-1.425332515945413888e+03 3.942532627078539917e+03 -5.044400024144976555e+02 2.283340000000000000e+19 -8.720662444829940796e-02 -7.942568510770797729e-02
-1.433329575939271763e+03 3.939835521307006275e+03 -5.028502803137913588e+02 2.283540000000000000e+19 2.940017264336347580e-03 1.762328110635280609e-02
-1.440654269648437548e+03 3.937350105767313380e+03 -5.013853912864772724e+02 2.283740000000000000e+19 8.342185616493225098e-02 -4.268975928425788879e-02
-1.465248753339217046e+03 3.928896280934072820e+03 -4.964031800125241602e+02 2.283940000000000000e+19 -4.434598982334136963e-02 -5.235408991575241089e-02
-1.473211091002349349e+03 3.926123831993606018e+03 -4.947693905504098666e+02 2.284140000000000000e+19 6.984746456146240234e-02 -5.631356313824653625e-02
-1.481166369903875648e+03 3.923336353881812101e+03 -4.931268108723552928e+02 2.284340000000000000e+19 -3.624263405799865723e-02 4.806384071707725525e-02
-1.489114551722574333e+03 3.920533860026221646e+03 -4.914754488908320127e+02 2.284540000000000000e+19 -1.489802002906799316e-01 -2.256030403077602386e-02
-1.497055598614336986e+03 3.917716363770525277e+03 -4.898153124685899797e+02 2.284740000000000000e+19 4.373430460691452026e-02 1.250832900404930115e-02
-1.504989472519984702e+03 3.914883878617910341e+03 -4.881464095620498824e+02 2.284940000000000000e+19 9.827803075313568115e-02 -1.302991509437561035e-01
-1.512916135359621649e+03 3.912036418163483631e+03 -4.864687481814788157e+02 2.285140000000000000e+19 -4.230753052979707718e-03 -7.748147472739219666e-03
-1.520175968658468264e+03 3.909413292625734812e+03 -4.849233159907859658e+02 2.285340000000000000e+19 -6.899586319923400879e-02 -8.239718526601791382e-02
-1.465248753339217046e+03 3.928896280934072820e+03 -4.964031800125241602e+02 2.285540000000000000e+19 -3.074426576495170593e-02 5.521166604012250900e-03
-1.473211091002349349e+03 3.926123831993606018e+03 -4.947693905504098666e+02 2.285740000000000000e+19 5.593565478920936584e-02 3.085177578032016754e-02
-1.481166369903875648e+03 3.923336353881812101e+03 -4.931268108723552928e+02 2.285940000000000000e+19 -2.886310033500194550e-02 1.676774211227893829e-02
-1.489114551722574333e+03 3.920533860026221646e+03 -4.914754488908320127e+02 2.286140000000000000e+19 -5.238052457571029663e-02 1.144757941365242004e-01
-1.497055598614336986e+03 3.917716363770525277e+03 -4.898153124685899797e+02 2.286340000000000000e+19 -1.620262861251831055e-02 -5.051364656537771225e-03
-1.504989472519984702e+03 3.914883878617910341e+03 -4.881464095620498824e+02 2.286540000000000000e+19 5.011273175477981567e-02 -1.796510629355907440e-02
-1.512916135359621649e+03 3.912036418163483631e+03 -4.864687481814788157e+02 2.286740000000000000e+19 -1.012926921248435974e-02 -1.313393712043762207e-01
-1.520175968658468264e+03 3.909413292625734812e+03 -4.849233159907859658e+02 2.286940000000000000e+19 4.500149562954902649e-02 -6.379074882715940475e-03
-1.544549918793966981e+03 3.900497096621391393e+03 -4.796706789332584435e+02 2.287140000000000000e+19 8.053720742464065552e-02 -1.896253973245620728e-02
-1.552439958446453147e+03 3.897574965329798488e+03 -4.779493463539747040e+02 2.287340000000000000e+19 -1.704649627208709717e-02 5.343390256166458130e-02
-1.560322559948061553e+03 3.894637941573545959e+03 -4.762193041019551742e+02 2.287540000000000000e+19 2.952259220182895660e-02 -3.185369074344635010e-02
-1.568197685766984705e+03 3.891686039336960221e+03 -4.744805604146279165e+02 2.287740000000000000e+19 3.834558278322219849e-02 -9.049335494637489319e-03
-1.576065297995511855e+03 3.888719272829284819e+03 -4.727331236616079195e+02 2.287940000000000000e+19 1.945486292243003845e-02 -4.639975726604461670e-02
-1.583925359200422008e+03 3.885737656166118541e+03 -4.709770021570136009e+02 2.288140000000000000e+19 -7.365743815898895264e-02 -1.468510366976261139e-03
-1.591777831546734660e+03 3.882741203699815287e+03 -4.692122043541934886e+02 2.288340000000000000e+19 -3.034563362598419189e-02 -5.175119265913963318e-02
-1.598969330231003369e+03 3.879981623466766450e+03 -4.675869685718395772e+02 2.288540000000000000e+19 -2.554514631628990173e-02 3.426349023357033730e-03
-1.544549918793966981e+03 3.900497096621391393e+03 -4.796706789332584435e+02 2.288740000000000000e+19 3.816858679056167603e-02 -1.244029998779296875e-01
-1.552439958446453147e+03 3.897574965329798488e+03 -4.779493463539747040e+02 2.288940000000000000e+19 -8.570177480578422546e-03 9.440269321203231812e-02
-1.560322559948061553e+03 3.894637941573545959e+03 -4.762193041019551742e+02 2.289140000000000000e+19 -9.076833724975585938e-03 -1.706458628177642822e-02
-1.568197685766984705e+03 3.891686039336960221e+03 -4.744805604146279165e+02 2.289340000000000000e+19 -7.669249176979064941e-02 -2.917475625872612000e-02
-1.576065297995511855e+03 3.888719272829284819e+03 -4.727331236616079195e+02 2.289540000000000000e+19 -2.350039547309279442e-03 5.015769973397254944e-02
-1.583925359200422008e+03 3.885737656166118541e+03 -4.709770021570136009e+02 2.289740000000000000e+19 5.413318797945976257e-02 -6.434548646211624146e-02
-1.591777831546734660e+03 3.882741203699815287e+03 -4.692122043541934886e+02 2.289940000000000000e+19 1.690731011331081390e-02 -4.229089990258216858e-02
-1.598969330231003369e+03 3.879981623466766450e+03 -4.675869685718395772e+02 2.290140000000000000e+19 1.244428916834294796e-03 -9.691075980663299561e-02
-1.623111082638660264e+03 3.870607323160746546e+03 -4.620664193995305595e+02 2.290340000000000000e+19 6.525158882141113281e-02 5.870891734957695007e-02
-1.630925048329008405e+03 3.867536907970866196e+03 -4.602583674879115279e+02 2.290540000000000000e+19 -1.084776818752288818e-01 9.810110554099082947e-03
-1.638731200287918000e+03 3.864451744061977024e+03 -4.584416905630322958e+02 2.290740000000000000e+19 -4.681439138948917389e-03 -1.948704011738300323e-02
-1.646529501293062367e+03 3.861351846144962565e+03 -4.566163972873061994e+02 2.290940000000000000e+19 -2.076967209577560425e-01 6.285209953784942627e-02
-1.654319913969398385e+03 3.858237229076486074e+03 -4.547824964087103012e+02 2.291140000000000000e+19 2.168946526944637299e-02 -4.006016626954078674e-02
-1.662102400898511178e+03 3.855107907816722673e+03 -4.529399967358783670e+02 2.291340000000000000e+19 1.129959989339113235e-02 5.771320685744285583e-02
-1.669876925052412389e+03 3.851963897254745916e+03 -4.510889070353006787e+02 2.291540000000000000e+19 -8.070219308137893677e-02 1.720987632870674133e-02
-1.676996646386454131e+03 3.849069183431858619e+03 -4.493846457187035526e+02 2.291740000000000000e+19 4.770689457654953003e-02 -3.970713168382644653e-02
-1.623111082638660264e+03 3.870607323160746546e+03 -4.620664193995305595e+02 2.291940000000000000e+19 4.262102767825126648e-02 -9.306528419256210327e-02
-1.630925048329008405e+03 3.867536907970866196e+03 -4.602583674879115279e+02 2.292140000000000000e+19 -1.073209103196859360e-02 -6.290131062269210815e-02
-1.638731200287918000e+03 3.864451744061977024e+03 -4.584416905630322958e+02 2.292340000000000000e+19 1.768450066447257996e-02 1.510641872882843018e-01
-1.646529501293062367e+03 3.861351846144962565e+03 -4.566163972873061994e+02 2.292540000000000000e+19 1.255552098155021667e-02 1.107667945325374603e-02
-1.654319913969398385e+03 3.858237229076486074e+03 -4.547824964087103012e+02 2.292740000000000000e+19 1.085063666105270386e-01 1.884230226278305054e-02
-1.662102400898511178e+03 3.855107907816722673e+03 -4.529399967358783670e+02 2.292940000000000000e+19 -3.597304597496986389e-02 -8.380487561225891113e-02
-1.669876925052412389e+03 3.851963897254745916e+03 -4.510889070353006787e+02 2.293140000000000000e+19 4.129264503717422485e-02 3.955507650971412659e-02
-1.676996646386454131e+03 3.849069183431858619e+03 -4.493846457187035526e+02 2.293340000000000000e+19 -3.254162613302469254e-03 2.839818969368934631e-02
