# Baseline: 11-13
# Entries: 128
# u [m], v [m], w [m], frequency [GHz], real, imag
2.239979633519832987e+03 -7.522246166129224321e+02 2.164862277787531639e+03 2.267940000000000000e+19 -2.109438180923461914e-02 3.434746759012341499e-03
2.243787253390590195e+03 -7.479976763884753836e+02 2.162382378731614153e+03 2.268140000000000000e+19 -1.541973929852247238e-02 2.730770781636238098e-02
2.247584143200495419e+03 -7.437635519002446927e+02 2.159898287491363590e+03 2.268340000000000000e+19 -4.869944881647825241e-03 -1.384577807039022446e-02
2.251370284805172105e+03 -7.395222633822071430e+02 2.157410015937724893e+03 2.268540000000000000e+19 1.781852915883064270e-02 3.992229700088500977e-02
2.254203163509399928e+03 -7.363368305271079635e+02 2.155541206060640889e+03 2.268740000000000000e+19 -1.884624548256397247e-02 4.340386018157005310e-02
2.258910250971878213e+03 -7.310182754812939265e+02 2.152420979542898749e+03 2.268940000000000000e+19 -1.220859959721565247e-02 6.732652336359024048e-02
2.262664039371172748e+03 -7.267556168853579948e+02 2.149920238630204040e+03 2.269140000000000000e+19 1.053174585103988647e-01 7.189653068780899048e-02
2.267341495977344948e+03 -7.214176218139983803e+02 2.146788669195597322e+03 2.269340000000000000e+19 -9.012963622808456421e-02 6.613347679376602173e-02
2.239979633519832987e+03 -7.522246166129224321e+02 2.164862277787531639e+03 2.269540000000000000e+19 -1.270839124917984009e-01 -7.363421469926834106e-02
2.243787253390590195e+03 -7.479976763884753836e+02 2.162382378731614153e+03 2.269740000000000000e+19 -7.687798142433166504e-02 1.250204592943191528e-01
2.247584143200495419e+03 -7.437635519002446927e+02 2.159898287491363590e+03 2.269940000000000000e+19 -1.202303543686866760e-02 7.848268002271652222e-02
2.251370284805172105e+03 -7.395222633822071430e+02 2.157410015937724893e+03 2.270140000000000000e+19 1.083150506019592285e-01 -3.004262782633304596e-02
2.254203163509399928e+03 -7.363368305271079635e+02 2.155541206060640889e+03 2.270340000000000000e+19 -1.292850524187088013e-01 1.134618837386369705e-02
2.258910250971878213e+03 -7.310182754812939265e+02 2.152420979542898749e+03 2.270540000000000000e+19 1.225192546844482422e-01 -4.049903154373168945e-02
2.262664039371172748e+03 -7.267556168853579948e+02 2.149920238630204040e+03 2.270740000000000000e+19 7.480826228857040405e-03 -1.149085815995931625e-02
2.267341495977344948e+03 -7.214176218139983803e+02 2.146788669195597322e+03 2.270940000000000000e+19 -1.249709501862525940e-01 5.791964009404182434e-03
2.277570810388995142e+03 -7.096343606365900314e+02 2.139876069326920970e+03 2.271140000000000000e+19 -3.782768175005912781e-02 1.102013066411018372e-01
2.281270318310254424e+03 -7.053364935450896382e+02 2.137354785682544843e+03 2.271340000000000000e+19 -5.300416797399520874e-02 3.093334101140499115e-02
2.284958916761527689e+03 -7.010316463854480844e+02 2.134829429647225425e+03 2.271540000000000000e+19 -5.289049074053764343e-02 -9.506271034479141235e-02
2.288636588141671382e+03 -6.967198396996468546e+02 2.132300013271526950e+03 2.271740000000000000e+19 8.343186974525451660e-02 7.310238480567932129e-02
2.292303314837546168e+03 -6.924010941379007136e+02 2.129766548669400436e+03 2.271940000000000000e+19 -1.600698940455913544e-02 1.400068774819374084e-02
2.295959079301140264e+03 -6.880754303685770310e+02 2.127229047965337486e+03 2.272140000000000000e+19 1.184839569032192230e-02 1.099186241626739502e-01
2.299603864024355516e+03 -6.837428691083358672e+02 2.124687523312055873e+03 2.272340000000000000e+19 9.304971992969512939e-02 -1.307005435228347778e-01
2.302935396644562388e+03 -6.797654003358582031e+02 2.122354318746394256e+03 2.272540000000000000e+19 1.061602830886840820e-01 1.398049294948577881e-01
2.277570810388995142e+03 -7.096343606365900314e+02 2.139876069326920970e+03 2.272740000000000000e+19 -1.630410104990005493e-01 -3.926858678460121155e-02
2.281270318310254424e+03 -7.053364935450896382e+02 2.137354785682544843e+03 2.272940000000000000e+19 2.692533656954765320e-02 -7.136484235525131226e-02
2.284958916761527689e+03 -7.010316463854480844e+02 2.134829429647225425e+03 2.273140000000000000e+19 -1.265892293304204941e-02 3.192372247576713562e-02
2.288636588141671382e+03 -6.967198396996468546e+02 2.132300013271526950e+03 2.273340000000000000e+19 3.420455381274223328e-02 1.087825819849967957e-01
2.292303314837546168e+03 -6.924010941379007136e+02 2.129766548669400436e+03 2.273540000000000000e+19 -7.947968691587448120e-02 -1.261307150125503540e-01
2.295959079301140264e+03 -6.880754303685770310e+02 2.127229047965337486e+03 2.273740000000000000e+19 1.292514055967330933e-01 -1.578219607472419739e-02
2.299603864024355516e+03 -6.837428691083358672e+02 2.124687523312055873e+03 2.273940000000000000e+19 -8.109848201274871826e-02 1.882271766662597656e-01
2.302935396644562388e+03 -6.797654003358582031e+02 2.122354318746394256e+03 2.274140000000000000e+19 1.733047328889369965e-02 -9.765113145112991333e-02
2.314072857646320699e+03 -6.663440640994896285e+02 2.114481428614039942e+03 2.274340000000000000e+19 1.240827664732933044e-01 -2.989637665450572968e-02
2.317662483128066469e+03 -6.619773269988506854e+02 2.111919967008675030e+03 2.274540000000000000e+19 -1.569748073816299438e-01 -5.066787078976631165e-02
2.321241025052979239e+03 -6.576038172453220341e+02 2.109354554683791775e+03 2.274740000000000000e+19 1.485923528671264648e-01 -6.530261784791946411e-02
2.324808466232791034e+03 -6.532235558455467981e+02 2.106785203961463594e+03 2.274940000000000000e+19 5.963315721601247787e-03 -4.217279329895973206e-02
2.328364789669071797e+03 -6.488365636706777195e+02 2.104211927084188574e+03 2.275140000000000000e+19 -6.849111616611480713e-02 1.231006067246198654e-02
2.331909978230839442e+03 -6.444428618532957671e+02 2.101634736447706018e+03 2.275340000000000000e+19 4.192356765270233154e-02 9.529728442430496216e-02
2.335444015038414364e+03 -6.400424713135250840e+02 2.099053644323024400e+03 2.275540000000000000e+19 8.851844072341918945e-02 2.612700499594211578e-02
2.338673880160481076e+03 -6.360030068279372699e+02 2.096684275820895891e+03 2.275740000000000000e+19 3.396593034267425537e-02 3.567133098840713501e-02
2.314072857646320699e+03 -6.663440640994896285e+02 2.114481428614039942e+03 2.275940000000000000e+19 -2.887289505451917648e-03 -6.873337924480438232e-02
2.317662483128066469e+03 -6.619773269988506854e+02 2.111919967008675030e+03 2.276140000000000000e+19 2.324879728257656097e-02 2.026151306927204132e-02
2.321241025052979239e+03 -6.576038172453220341e+02 2.109354554683791775e+03 2.276340000000000000e+19 -4.355579148977994919e-03 1.654991507530212402e-02
2.324808466232791034e+03 -6.532235558455467981e+02 2.106785203961463594e+03 2.276540000000000000e+19 -2.673656493425369263e-02 2.909329161047935486e-02
2.328364789669071797e+03 -6.488365636706777195e+02 2.104211927084188574e+03 2.276740000000000000e+19 1.081214472651481628e-01 1.540631428360939026e-02
2.331909978230839442e+03 -6.444428618532957671e+02 2.101634736447706018e+03 2.276940000000000000e+19 -1.357314060442149639e-03 -4.075061529874801636e-02
2.335444015038414364e+03 -6.400424713135250840e+02 2.099053644323024400e+03 2.277140000000000000e+19 6.767529249191284180e-02 9.802369028329849243e-02
2.338673880160481076e+03 -6.360030068279372699e+02 2.096684275820895891e+03 2.277340000000000000e+19 -6.005052477121353149e-02 3.013079613447189331e-02
2.349468307023216767e+03 -6.223744438971987165e+02 2.088690508449516983e+03 2.277540000000000000e+19 1.449158415198326111e-02 1.951195672154426575e-02
2.352946332324508148e+03 -6.179409264066480318e+02 2.086090094622534252e+03 2.277740000000000000e+19 1.452198177576065063e-01 1.149249821901321411e-01
2.356413105136391096e+03 -6.135008471020983052e+02 2.083485853745170061e+03 2.277940000000000000e+19 4.774291592184454203e-04 7.668661326169967651e-02
2.359868608952334398e+03 -6.090542271243568848e+02 2.080877798217152304e+03 2.278140000000000000e+19 3.461749106645584106e-02 1.810149103403091431e-02
2.363312827138966895e+03 -6.046010878776957043e+02 2.078265940592636525e+03 2.278340000000000000e+19 -7.877206057310104370e-02 -1.685465686023235321e-02
2.366745743309152658e+03 -6.001414505496056790e+02 2.075650293298523593e+03 2.278540000000000000e+19 -2.838091738522052765e-02 -3.679363429546356201e-02
2.370167340938235157e+03 -5.956753366070124684e+02 2.073030868925507548e+03 2.278740000000000000e+19 -3.694514557719230652e-02 3.087867423892021179e-02
2.373293993024762585e+03 -5.915758093554268271e+02 2.070626470267341574e+03 2.278940000000000000e+19 5.461674183607101440e-02 -2.143721655011177063e-02
2.349468307023216767e+03 -6.223744438971987165e+02 2.088690508449516983e+03 2.279140000000000000e+19 3.751841932535171509e-02 -4.843205958604812622e-02
2.352946332324508148e+03 -6.179409264066480318e+02 2.086090094622534252e+03 2.279340000000000000e+19 -4.327181726694107056e-02 5.034387484192848206e-02
2.356413105136391096e+03 -6.135008471020983052e+02 2.083485853745170061e+03 2.279540000000000000e+19 -6.900387257337570190e-02 -5.281210318207740784e-02
2.359868608952334398e+03 -6.090542271243568848e+02 2.080877798217152304e+03 2.279740000000000000e+19 1.476000808179378510e-02 5.816489830613136292e-02
2.363312827138966895e+03 -6.046010878776957043e+02 2.078265940592636525e+03 2.279940000000000000e+19 -1.183239519596099854e-01 -5.815251264721155167e-03
2.366745743309152658e+03 -6.001414505496056790e+02 2.075650293298523593e+03 2.280140000000000000e+19 3.639743477106094360e-02 -2.343440800905227661e-02
2.370167340938235157e+03 -5.956753366070124684e+02 2.073030868925507548e+03 2.280340000000000000e+19 -5.987863615155220032e-02 1.851397566497325897e-02
2.373293993024762585e+03 -5.915758093554268271e+02 2.070626470267341574e+03 2.280540000000000000e+19 -2.953481301665306091e-02 3.246517479419708252e-02
2.383178317726797559e+03 -5.784956192464607057e+02 2.062954977366093772e+03 2.280740000000000000e+19 8.162498474121093750e-02 -3.720097476616501808e-03
2.386544979478847381e+03 -5.739985031843999650e+02 2.060317473953091394e+03 2.280940000000000000e+19 -7.355110347270965576e-02 3.681175038218498230e-02
2.389900227995424757e+03 -5.694950355433222740e+02 2.057676266794432649e+03 2.281140000000000000e+19 1.114750728011131287e-01 -8.639985695481300354e-03
2.393244047160927494e+03 -5.649852379541551954e+02 2.055031368576290333e+03 2.281340000000000000e+19 -2.663249336183071136e-02 1.295023970305919647e-02
2.396576421066018611e+03 -5.604691318740219685e+02 2.052382791882806487e+03 2.281540000000000000e+19 5.097168311476707458e-02 -2.061968296766281128e-02
2.399897333681505188e+03 -5.559467390258727164e+02 2.049730549453919139e+03 2.281740000000000000e+19 -3.546257317066192627e-02 8.574359118938446045e-02
2.403206769160861768e+03 -5.514180809898073221e+02 2.047074653945690670e+03 2.281940000000000000e+19 3.212265670299530029e-02 -2.282060869038105011e-02
2.406230468950144768e+03 -5.472614051220922420e+02 2.044636931015786786e+03 2.282140000000000000e+19 2.710812166333198547e-02 1.037751063704490662e-01
2.383178317726797559e+03 -5.784956192464607057e+02 2.062954977366093772e+03 2.282340000000000000e+19 -7.797978073358535767e-02 -3.782704845070838928e-02
2.386544979478847381e+03 -5.739985031843999650e+02 2.060317473953091394e+03 2.282540000000000000e+19 -4.562625661492347717e-02 2.878404594957828522e-02
2.389900227995424757e+03 -5.694950355433222740e+02 2.057676266794432649e+03 2.282740000000000000e+19 1.921819895505905151e-01 -5.059369280934333801e-02
2.393244047160927494e+03 -5.649852379541551954e+02 2.055031368576290333e+03 2.282940000000000000e+19 -3.641352429986000061e-02 4.059506580233573914e-02
2.396576421066018611e+03 -5.604691318740219685e+02 2.052382791882806487e+03 2.283140000000000000e+19 5.566674843430519104e-02 -1.895167119801044464e-02
2.399897333681505188e+03 -5.559467390258727164e+02 2.049730549453919139e+03 2.283340000000000000e+19 -3.506844863295555115e-02 3.504918888211250305e-02
2.403206769160861768e+03 -5.514180809898073221e+02 2.047074653945690670e+03 2.283540000000000000e+19 6.376274675130844116e-02 -1.097232941538095474e-02
2.406230468950144768e+03 -5.472614051220922420e+02 2.044636931015786786e+03 2.283740000000000000e+19 -1.571757197380065918e-01 -4.426414147019386292e-02
2.416329423676434999e+03 -5.332412310149412633e+02 2.036414795671813863e+03 2.283940000000000000e+19 1.356378346681594849e-01 1.477164626121520996e-01
2.419581236913442808e+03 -5.286815728563512948e+02 2.033740825844914752e+03 2.284140000000000000e+19 3.716136515140533447e-02 -6.716237217187881470e-02
2.422821478857515558e+03 -5.241157799301621480e+02 2.031063279424016628e+03 2.284340000000000000e+19 -1.830849982798099518e-02 5.366293340921401978e-02
2.426050133900153924e+03 -5.195438742301881803e+02 2.028382169307087452e+03 2.284540000000000000e+19 -6.977734714746475220e-02 -1.750019844621419907e-03
2.429267186668613704e+03 -5.149658775249155269e+02 2.025697508259863071e+03 2.284740000000000000e+19 6.650944799184799194e-02 4.794264957308769226e-02
2.432472621744337630e+03 -5.103818117552294211e+02 2.023009309149073260e+03 2.284940000000000000e+19 9.766300022602081299e-02 1.077880933880805969e-01
2.435666423742402458e+03 -5.057916989231774778e+02 2.020317584877220725e+03 2.285140000000000000e+19 -1.442075967788696289e-01 7.621570676565170288e-02
2.438583991695909845e+03 -5.015788784818219597e+02 2.017847129744703579e+03 2.285340000000000000e+19 -1.546782851219177246e-01 -1.893117837607860565e-02
2.416329423676434999e+03 -5.332412310149412633e+02 2.036414795671813863e+03 2.285540000000000000e+19 -7.810548692941665649e-02 5.583890900015830994e-02
2.419581236913442808e+03 -5.286815728563512948e+02 2.033740825844914752e+03 2.285740000000000000e+19 -8.599220961332321167e-02 -9.897618554532527924e-03
2.422821478857515558e+03 -5.241157799301621480e+02 2.031063279424016628e+03 2.285940000000000000e+19 9.020201861858367920e-02 1.575164496898651123e-02
2.426050133900153924e+03 -5.195438742301881803e+02 2.028382169307087452e+03 2.286140000000000000e+19 -4.150599241256713867e-02 2.033875061897560954e-04
2.429267186668613704e+03 -5.149658775249155269e+02 2.025697508259863071e+03 2.286340000000000000e+19 3.812066838145256042e-02 8.149652183055877686e-02
2.432472621744337630e+03 -5.103818117552294211e+02 2.023009309149073260e+03 2.286540000000000000e+19 6.818716973066329956e-02 3.766505792737007141e-02
2.435666423742402458e+03 -5.057916989231774778e+02 2.020317584877220725e+03 2.286740000000000000e+19 -1.227139960974454880e-02 -1.026249900460243225e-01
2.438583991695909845e+03 -5.015788784818219597e+02 2.017847129744703579e+03 2.286940000000000000e+19 -1.122720912098884583e-01 5.368791520595550537e-02
2.448324996470721999e+03 -4.873712162185482839e+02 2.009515693760162776e+03 2.287140000000000000e+19 9.628338366746902466e-02 3.533371910452842712e-02
2.451460405116458787e+03 -4.827511978847455225e+02 2.006806537087564493e+03 2.287340000000000000e+19 7.138428837060928345e-02 -5.057470500469207764e-02
2.454584089815032257e+03 -4.781252647219496339e+02 2.004093932796432682e+03 2.287540000000000000e+19 -8.350378833711147308e-03 2.314457483589649200e-02
2.457696035693569229e+03 -4.734934387559245010e+02 2.001377893802475910e+03 2.287740000000000000e+19 3.038254566490650177e-02 2.333867736160755157e-02
2.460796227772387738e+03 -4.688557422824187597e+02 1.998658433179617305e+03 2.287940000000000000e+19 -7.354366593062877655e-03 2.368586510419845581e-02
2.463884651301182203e+03 -4.642121973671211208e+02 1.995935563866730718e+03 2.288140000000000000e+19 1.100889816880226135e-01 -1.699809357523918152e-02
2.466961291413630988e+03 -4.595628263621501333e+02 1.993209298970641157e+03 2.288340000000000000e+19 1.292574256658554077e-01 8.431156724691390991e-02
2.469771331326121981e+03 -4.552958774007147440e+02 1.990707293877051598e+03 2.288540000000000000e+19 -5.908562988042831421e-02 1.872386597096920013e-02
2.448324996470721999e+03 -4.873712162185482839e+02 2.009515693760162776e+03 2.288740000000000000e+19 -5.747178196907043457e-02 4.428035393357276917e-02
2.451460405116458787e+03 -4.827511978847455225e+02 2.006806537087564493e+03 2.288940000000000000e+19 1.431888341903686523e-02 -1.879190355539321899e-01
2.454584089815032257e+03 -4.781252647219496339e+02 2.004093932796432682e+03 2.289140000000000000e+19 -5.066660791635513306e-02 -5.860225111246109009e-02
2.457696035693569229e+03 -4.734934387559245010e+02 2.001377893802475910e+03 2.289340000000000000e+19 -4.865446686744689941e-02 2.589981630444526672e-02
2.460796227772387738e+03 -4.688557422824187597e+02 1.998658433179617305e+03 2.289540000000000000e+19 -4.721006378531455994e-02 1.133936196565628052e-01
2.463884651301182203e+03 -4.642121973671211208e+02 1.995935563866730718e+03 2.289740000000000000e+19 -1.023596972227096558e-01 -1.028407458215951920e-02
2.466961291413630988e+03 -4.595628263621501333e+02 1.993209298970641157e+03 2.289940000000000000e+19 3.282274305820465088e-02 3.675187472254037857e-03
2.469771331326121981e+03 -4.552958774007147440e+02 1.990707293877051598e+03 2.290140000000000000e+19 -2.939089015126228333e-02 1.783221215009689331e-02
2.479149724593673000e+03 -4.409075260813984301e+02 1.982270544275443854e+03 2.290340000000000000e+19 1.053922995924949646e-01 5.860704928636550903e-02
2.482167228131335833e+03 -4.362293585859287646e+02 1.979527497285281925e+03 2.290540000000000000e+19 -5.258677527308464050e-02 1.194241419434547424e-01
2.485172860779359780e+03 -4.315454988873136131e+02 1.976781133217876686e+03 2.290740000000000000e+19 -3.915039822459220886e-02 -1.343654002994298935e-02
2.488166608205790908e+03 -4.268559693196408489e+02 1.974031465168740851e+03 2.290940000000000000e+19 -5.572242662310600281e-02 -2.456237562000751495e-02
2.491148456062321657e+03 -4.221607923583504771e+02 1.971278506316172979e+03 2.291140000000000000e+19 -1.118803694844245911e-01 1.066086739301681519e-01
2.494118390026851102e+03 -4.174599905551654615e+02 1.968522269883099625e+03 2.291340000000000000e+19 -2.209579758346080780e-02 -9.174907207489013672e-02
2.497076395968952056e+03 -4.127535862759709175e+02 1.965762768983385058e+03 2.291540000000000000e+19 -3.871292248368263245e-02 -1.474360935389995575e-02
2.499777562625491555e+03 -4.084345514997543205e+02 1.963230411707337908e+03 2.291740000000000000e+19 -7.868278771638870239e-03 -2.517411112785339355e-02
2.479149724593673000e+03 -4.409075260813984301e+02 1.982270544275443854e+03 2.291940000000000000e+19 2.098661363124847412e-01 1.056231930851936340e-01
2.482167228131335833e+03 -4.362293585859287646e+02 1.979527497285281925e+03 2.292140000000000000e+19 -1.302371621131896973e-01 -2.688586711883544922e-02
2.485172860779359780e+03 -4.315454988873136131e+02 1.976781133217876686e+03 2.292340000000000000e+19 -6.409497931599617004e-03 6.814479082822799683e-02
2.488166608205790908e+03 -4.268559693196408489e+02 1.974031465168740851e+03 2.292540000000000000e+19 1.776185780763626099e-01 -8.610504865646362305e-02
2.491148456062321657e+03 -4.221607923583504771e+02 1.971278506316172979e+03 2.292740000000000000e+19 -2.429931797087192535e-02 -3.682894632220268250e-02
2.494118390026851102e+03 -4.174599905551654615e+02 1.968522269883099625e+03 2.292940000000000000e+19 1.599850878119468689e-02 -4.773212596774101257e-02
2.497076395968952056e+03 -4.127535862759709175e+02 1.965762768983385058e+03 2.293140000000000000e+19 3.125221282243728638e-02 8.128240704536437988e-02
2.499777562625491555e+03 -4.084345514997543205e+02 1.963230411707337908e+03 2.293340000000000000e+19 5.164914205670356750e-02 -6.859074346721172333e-03
