# Baseline: 2-17
# Entries: 128
# u [m], v [m], w [m], frequency [GHz], real, imag, std(real), std(imag)
-1.624415841325917654e+03 -7.255809658072418642e+03 -2.545964026436264703e+03 2.267940000000000111e+01 1.347592771053314209e-01 1.175979673862457275e-01 7.609169185161590576e-02 7.583454251289367676e-02
-1.613528239265444881e+03 -7.258859682917539430e+03 -2.544192635875429460e+03 2.268140000000000001e+01 -4.809867218136787415e-02 -1.440160125494003296e-01 7.609169185161590576e-02 7.583454251289367676e-02
-1.602632947345799948e+03 -7.261889150736291413e+03 -2.542433291580324294e+03 2.268340000000000245e+01 5.551413446664810181e-02 1.589645296335220337e-01 7.609169185161590576e-02 7.583454251289367676e-02
-1.591730017633160287e+03 -7.264898047051694448e+03 -2.540686001958330962e+03 2.268540000000000134e+01 -8.499454706907272339e-02 -7.425187528133392334e-02 7.609169185161590576e-02 7.583454251289367676e-02
-1.583548075142325160e+03 -7.267141854250517099e+03 -2.539383073470023646e+03 2.268740000000000023e+01 1.280952543020248413e-01 7.702969759702682495e-02 7.609169185161590576e-02 7.583454251289367676e-02
-1.569901453579008376e+03 -7.270854067670638869e+03 -2.537227620124805981e+03 2.268940000000000268e+01 -2.336698323488235474e-01 -2.631540298461914062e-01 7.609169185161590576e-02 7.583454251289367676e-02
-1.558975923931583338e+03 -7.273801163408606953e+03 -2.535516544499894280e+03 2.269140000000000157e+01 2.141799628734588623e-01 1.915534734725952148e-01 7.609169185161590576e-02 7.583454251289367676e-02
-1.545308869087197763e+03 -7.277456859046542377e+03 -2.533394209220803987e+03 2.269340000000000046e+01 1.111348867416381836e-01 1.527738105505704880e-02 7.609169185161590576e-02 7.583454251289367676e-02
-1.624415841325917654e+03 -7.255809658072418642e+03 -2.545964026436264703e+03 2.269540000000000290e+01 8.455128222703933716e-02 1.794721186161041260e-01 7.609169185161590576e-02 7.583454251289367676e-02
-1.613528239265444881e+03 -7.258859682917539430e+03 -2.544192635875429460e+03 2.269740000000000180e+01 -6.645268946886062622e-02 -1.561557757668197155e-03 7.609169185161590576e-02 7.583454251289367676e-02
-1.602632947345799948e+03 -7.261889150736291413e+03 -2.542433291580324294e+03 2.269940000000000069e+01 5.198125913739204407e-02 5.043466016650199890e-02 7.609169185161590576e-02 7.583454251289367676e-02
-1.591730017633160287e+03 -7.264898047051694448e+03 -2.540686001958330962e+03 2.270140000000000313e+01 8.210078626871109009e-02 -3.153356257826089859e-03 7.609169185161590576e-02 7.583454251289367676e-02
-1.583548075142325160e+03 -7.267141854250517099e+03 -2.539383073470023646e+03 2.270340000000000202e+01 3.013901039958000183e-02 3.829832002520561218e-02 7.609169185161590576e-02 7.583454251289367676e-02
-1.569901453579008376e+03 -7.270854067670638869e+03 -2.537227620124805981e+03 2.270540000000000092e+01 5.507486313581466675e-02 3.473824262619018555e-02 7.609169185161590576e-02 7.583454251289367676e-02
-1.558975923931583338e+03 -7.273801163408606953e+03 -2.535516544499894280e+03 2.270739999999999981e+01 6.561771035194396973e-02 8.595047146081924438e-02 7.609169185161590576e-02 7.583454251289367676e-02
-1.545308869087197763e+03 -7.277456859046542377e+03 -2.533394209220803987e+03 2.270940000000000225e+01 1.023959964513778687e-01 7.587089668959379196e-03 7.609169185161590576e-02 7.583454251289367676e-02
-1.515200040045098604e+03 -7.285383121710049636e+03 -2.528793200755389989e+03 2.271140000000000114e+01 1.282662246376276016e-02 -7.551966607570648193e-02 7.609169185161590576e-02 7.583454251289367676e-02
-1.504237889662030284e+03 -7.288226935826399313e+03 -2.527142644734563873e+03 2.271340000000000003e+01 2.834375016391277313e-02 2.681353315711021423e-02 7.609169185161590576e-02 7.583454251289367676e-02
-1.493268572531516156e+03 -7.291050052353783030e+03 -2.525504216586754410e+03 2.271540000000000248e+01 -8.225474506616592407e-02 -7.359553128480911255e-02 7.609169185161590576e-02 7.583454251289367676e-02
-1.482292140997087927e+03 -7.293852457821068128e+03 -2.523877924130053998e+03 2.271740000000000137e+01 -7.633773237466812134e-02 -1.029826998710632324e-01 7.609169185161590576e-02 7.583454251289367676e-02
-1.471308647627309938e+03 -7.296634138806962255e+03 -2.522263775153085135e+03 2.271940000000000026e+01 9.462431818246841431e-02 -1.074628811329603195e-02 7.609169185161590576e-02 7.583454251289367676e-02
-1.460318144986275911e+03 -7.299395081999007743e+03 -2.520661777380740659e+03 2.272140000000000271e+01 -6.492003798484802246e-02 -1.995122134685516357e-01 7.609169185161590576e-02 7.583454251289367676e-02
-1.449320685710023326e+03 -7.302135274174725964e+03 -2.519071938485146802e+03 2.272340000000000160e+01 9.196846932172775269e-02 -8.691421826370060444e-04 7.609169185161590576e-02 7.583454251289367676e-02
-1.439233702277422708e+03 -7.304629141148569033e+03 -2.517625118896349704e+03 2.272540000000000049e+01 5.822316184639930725e-02 3.365927562117576599e-02 7.609169185161590576e-02 7.583454251289367676e-02
-1.515200040045098604e+03 -7.285383121710049636e+03 -2.528793200755389989e+03 2.272740000000000293e+01 1.312351524829864502e-01 4.305384308099746704e-02 7.609169185161590576e-02 7.583454251289367676e-02
-1.504237889662030284e+03 -7.288226935826399313e+03 -2.527142644734563873e+03 2.272940000000000182e+01 1.850188523530960083e-01 3.339729085564613342e-02 7.609169185161590576e-02 7.583454251289367676e-02
-1.493268572531516156e+03 -7.291050052353783030e+03 -2.525504216586754410e+03 2.273140000000000072e+01 -4.408608004450798035e-02 7.857588678598403931e-02 7.609169185161590576e-02 7.583454251289367676e-02
-1.482292140997087927e+03 -7.293852457821068128e+03 -2.523877924130053998e+03 2.273340000000000316e+01 -1.534554064273834229e-01 -9.575831145048141479e-02 7.609169185161590576e-02 7.583454251289367676e-02
-1.471308647627309938e+03 -7.296634138806962255e+03 -2.522263775153085135e+03 2.273540000000000205e+01 3.282284736633300781e-02 -1.274115145206451416e-01 7.609169185161590576e-02 7.583454251289367676e-02
-1.460318144986275911e+03 -7.299395081999007743e+03 -2.520661777380740659e+03 2.273740000000000094e+01 5.782023817300796509e-02 -1.534512545913457870e-02 7.609169185161590576e-02 7.583454251289367676e-02
-1.449320685710023326e+03 -7.302135274174725964e+03 -2.519071938485146802e+03 2.273939999999999984e+01 -2.219470916315913200e-03 4.202105849981307983e-02 7.609169185161590576e-02 7.583454251289367676e-02
-1.439233702277422708e+03 -7.304629141148569033e+03 -2.517625118896349704e+03 2.274140000000000228e+01 -1.388994604349136353e-01 -4.125899448990821838e-02 7.609169185161590576e-02 7.583454251289367676e-02
-1.405262334752607785e+03 -7.312888272079679155e+03 -2.512834322879360570e+03 2.274340000000000117e+01 4.319164901971817017e-02 -1.467172335833311081e-02 7.609169185161590576e-02 7.583454251289367676e-02
-1.394230882268568848e+03 -7.315524514493344213e+03 -2.511305391307750142e+03 2.274540000000000006e+01 -8.158475905656814575e-02 -2.337422780692577362e-02 7.609169185161590576e-02 7.583454251289367676e-02
-1.383192789272054370e+03 -7.318139928736645743e+03 -2.509788663368341076e+03 2.274740000000000251e+01 8.521230891346931458e-03 -7.773195207118988037e-02 7.609169185161590576e-02 7.583454251289367676e-02
-1.372148108780705115e+03 -7.320734502247351884e+03 -2.508284146346174566e+03 2.274940000000000140e+01 -5.543367564678192139e-02 -1.487445384263992310e-01 7.609169185161590576e-02 7.583454251289367676e-02
-1.361096893420556398e+03 -7.323308222662439221e+03 -2.506791847410180708e+03 2.275140000000000029e+01 -4.604165256023406982e-02 -6.452010571956634521e-02 7.609169185161590576e-02 7.583454251289367676e-02
-1.350039196426305352e+03 -7.325861077584288978e+03 -2.505311773748732321e+03 2.275340000000000273e+01 -1.941026374697685242e-02 -5.232402589172124863e-03 7.609169185161590576e-02 7.583454251289367676e-02
-1.338975070447715098e+03 -7.328393054858255709e+03 -2.503843932408723504e+03 2.275540000000000163e+01 -4.838209971785545349e-02 5.381995067000389099e-02 7.609169185161590576e-02 7.583454251289367676e-02
-1.328827433241679273e+03 -7.330695949299120912e+03 -2.502509007052604375e+03 2.275740000000000052e+01 -1.717079430818557739e-02 -5.400743335485458374e-02 7.609169185161590576e-02 7.583454251289367676e-02
-1.405262334752607785e+03 -7.312888272079679155e+03 -2.512834322879360570e+03 2.275940000000000296e+01 -6.541620939970016479e-02 1.466017123311758041e-02 7.609169185161590576e-02 7.583454251289367676e-02
-1.394230882268568848e+03 -7.315524514493344213e+03 -2.511305391307750142e+03 2.276140000000000185e+01 -6.578271090984344482e-02 -2.676429972052574158e-02 7.609169185161590576e-02 7.583454251289367676e-02
-1.383192789272054370e+03 -7.318139928736645743e+03 -2.509788663368341076e+03 2.276340000000000074e+01 -4.525414109230041504e-02 -7.043324410915374756e-02 7.609169185161590576e-02 7.583454251289367676e-02
-1.372148108780705115e+03 -7.320734502247351884e+03 -2.508284146346174566e+03 2.276540000000000319e+01 3.711993992328643799e-02 -1.212901845574378967e-01 7.609169185161590576e-02 7.583454251289367676e-02
-1.361096893420556398e+03 -7.323308222662439221e+03 -2.506791847410180708e+03 2.276740000000000208e+01 6.995856761932373047e-02 -7.681939005851745605e-02 7.609169185161590576e-02 7.583454251289367676e-02
-1.350039196426305352e+03 -7.325861077584288978e+03 -2.505311773748732321e+03 2.276940000000000097e+01 1.950257644057273865e-02 -3.482156246900558472e-02 7.609169185161590576e-02 7.583454251289367676e-02
-1.338975070447715098e+03 -7.328393054858255709e+03 -2.503843932408723504e+03 2.277139999999999986e+01 1.446885615587234497e-01 1.493283808231353760e-01 7.609169185161590576e-02 7.583454251289367676e-02
-1.328827433241679273e+03 -7.330695949299120912e+03 -2.502509007052604375e+03 2.277340000000000231e+01 2.266348525881767273e-02 3.053894825279712677e-02 7.609169185161590576e-02 7.583454251289367676e-02
-1.294655336916556507e+03 -7.338311946450396135e+03 -2.498095029980474010e+03 2.277540000000000120e+01 7.562635093927383423e-02 1.497083157300949097e-01 7.609169185161590576e-02 7.583454251289367676e-02
-1.283559861219317099e+03 -7.340739355644495845e+03 -2.496688454492195433e+03 2.277740000000000009e+01 6.747711449861526489e-02 9.914636611938476562e-02 7.609169185161590576e-02 7.583454251289367676e-02
-1.272458274883434569e+03 -7.343145815944420065e+03 -2.495294152618896987e+03 2.277940000000000254e+01 -3.233022987842559814e-03 -3.752577118575572968e-03 7.609169185161590576e-02 7.583454251289367676e-02
-1.261350630767520443e+03 -7.345531315892147177e+03 -2.493912130999319743e+03 2.278140000000000143e+01 -1.119135040789842606e-02 5.191019922494888306e-02 7.609169185161590576e-02 7.583454251289367676e-02
-1.250236982339343285e+03 -7.347895844004872743e+03 -2.492542396285906761e+03 2.278340000000000032e+01 1.894006133079528809e-02 1.109148487448692322e-01 7.609169185161590576e-02 7.583454251289367676e-02
-1.239117382476247712e+03 -7.350239389032502913e+03 -2.491184954995634143e+03 2.278540000000000276e+01 -4.713131487369537354e-02 -3.687331220135092735e-03 7.609169185161590576e-02 7.583454251289367676e-02
-1.227991884703551477e+03 -7.352561939694171087e+03 -2.489839813662643337e+03 2.278740000000000165e+01 -7.596295326948165894e-02 -8.712036535143852234e-03 7.609169185161590576e-02 7.583454251289367676e-02
-1.217788449524661701e+03 -7.354672759634298018e+03 -2.488617421317186199e+03 2.278940000000000055e+01 -5.327078979462385178e-03 5.774741992354393005e-02 7.609169185161590576e-02 7.583454251289367676e-02
-1.294655336916556507e+03 -7.338311946450396135e+03 -2.498095029980474010e+03 2.279140000000000299e+01 2.616047114133834839e-02 1.043120101094245911e-01 7.609169185161590576e-02 7.583454251289367676e-02
-1.283559861219317099e+03 -7.340739355644495845e+03 -2.496688454492195433e+03 2.279340000000000188e+01 6.659218575805425644e-03 -1.562866941094398499e-02 7.609169185161590576e-02 7.583454251289367676e-02
-1.272458274883434569e+03 -7.343145815944420065e+03 -2.495294152618896987e+03 2.279540000000000077e+01 4.691979289054870605e-02 -1.028762478381395340e-02 7.609169185161590576e-02 7.583454251289367676e-02
-1.261350630767520443e+03 -7.345531315892147177e+03 -2.493912130999319743e+03 2.279739999999999966e+01 -1.499652117490768433e-01 -3.296166658401489258e-02 7.609169185161590576e-02 7.583454251289367676e-02
-1.250236982339343285e+03 -7.347895844004872743e+03 -2.492542396285906761e+03 2.279940000000000211e+01 -3.789736423641443253e-03 6.239393353462219238e-02 7.609169185161590576e-02 7.583454251289367676e-02
-1.239117382476247712e+03 -7.350239389032502913e+03 -2.491184954995634143e+03 2.280140000000000100e+01 2.008678950369358063e-02 1.585878990590572357e-02 7.609169185161590576e-02 7.583454251289367676e-02
-1.227991884703551477e+03 -7.352561939694171087e+03 -2.489839813662643337e+03 2.280339999999999989e+01 -8.228189311921596527e-03 9.607673436403274536e-02 7.609169185161590576e-02 7.583454251289367676e-02
-1.217788449524661701e+03 -7.354672759634298018e+03 -2.488617421317186199e+03 2.280540000000000234e+01 -1.634495332837104797e-02 2.509566722437739372e-03 7.609169185161590576e-02 7.583454251289367676e-02
-1.185290463416174816e+03 -7.361270362510442283e+03 -2.484797498991874363e+03 2.280740000000000123e+01 5.287679377943277359e-03 7.010801881551742554e-02 7.609169185161590576e-02 7.583454251289367676e-02
-1.174137209304287808e+03 -7.363491285704320944e+03 -2.483511897036140908e+03 2.280940000000000012e+01 -7.326359627768397331e-04 -1.545212715864181519e-01 7.609169185161590576e-02 7.583454251289367676e-02
-1.162978368067021847e+03 -7.365691151152419479e+03 -2.482238631735422132e+03 2.281140000000000256e+01 -2.535009756684303284e-02 1.122914031147956848e-01 7.609169185161590576e-02 7.583454251289367676e-02
-1.151813993302053632e+03 -7.367869948288724117e+03 -2.480977709205214069e+03 2.281340000000000146e+01 9.398781508207321167e-02 -1.120290160179138184e-01 7.609169185161590576e-02 7.583454251289367676e-02
-1.140644138128127224e+03 -7.370027666747022522e+03 -2.479729135444662461e+03 2.281540000000000035e+01 -4.134364053606987000e-02 1.020971536636352539e-01 7.609169185161590576e-02 7.583454251289367676e-02
-1.129468856273501160e+03 -7.372164296148243920e+03 -2.478492916459633307e+03 2.281740000000000279e+01 -1.009120717644691467e-01 -2.913394868373870850e-01 7.609169185161590576e-02 7.583454251289367676e-02
-1.118288201064547138e+03 -7.374279826297200088e+03 -2.477269058148866861e+03 2.281940000000000168e+01 -7.185188680887222290e-02 1.069930568337440491e-01 7.609169185161590576e-02 7.583454251289367676e-02
-1.108034659699029817e+03 -7.376200787360532559e+03 -2.476157894043480155e+03 2.282140000000000057e+01 4.502038471400737762e-03 -1.341907829046249390e-01 7.609169185161590576e-02 7.583454251289367676e-02
-1.185290463416174816e+03 -7.361270362510442283e+03 -2.484797498991874363e+03 2.282340000000000302e+01 -2.162013053894042969e-01 -1.888014934957027435e-02 7.609169185161590576e-02 7.583454251289367676e-02
-1.174137209304287808e+03 -7.363491285704320944e+03 -2.483511897036140908e+03 2.282540000000000191e+01 -3.458308428525924683e-02 5.032218992710113525e-02 7.609169185161590576e-02 7.583454251289367676e-02
-1.162978368067021847e+03 -7.365691151152419479e+03 -2.482238631735422132e+03 2.282740000000000080e+01 -1.292217522859573364e-01 3.377766534686088562e-02 7.609169185161590576e-02 7.583454251289367676e-02
-1.151813993302053632e+03 -7.367869948288724117e+03 -2.480977709205214069e+03 2.282939999999999969e+01 -7.948091626167297363e-02 4.047626629471778870e-02 7.609169185161590576e-02 7.583454251289367676e-02
-1.140644138128127224e+03 -7.370027666747022522e+03 -2.479729135444662461e+03 2.283140000000000214e+01 1.004513353109359741e-01 1.549507826566696167e-01 7.609169185161590576e-02 7.583454251289367676e-02
-1.129468856273501160e+03 -7.372164296148243920e+03 -2.478492916459633307e+03 2.283340000000000103e+01 5.933360382914543152e-02 -1.041817143559455872e-01 7.609169185161590576e-02 7.583454251289367676e-02
-1.118288201064547138e+03 -7.374279826297200088e+03 -2.477269058148866861e+03 2.283539999999999992e+01 -4.262268170714378357e-02 4.511694982647895813e-02 7.609169185161590576e-02 7.583454251289367676e-02
-1.108034659699029817e+03 -7.376200787360532559e+03 -2.476157894043480155e+03 2.283740000000000236e+01 4.817454144358634949e-03 9.226229786872863770e-02 7.609169185161590576e-02 7.583454251289367676e-02
-1.073512917569315050e+03 -7.382530753330804146e+03 -2.472497347940412055e+03 2.283940000000000126e+01 -1.316966563463211060e-01 -2.846690081059932709e-02 7.609169185161590576e-02 7.583454251289367676e-02
-1.062306199020858912e+03 -7.384540637315946697e+03 -2.471335379706000822e+03 2.284140000000000015e+01 -1.158459410071372986e-01 3.621242567896842957e-02 7.609169185161590576e-02 7.583454251289367676e-02
-1.051094428384642242e+03 -7.386529362846531512e+03 -2.470185806383795352e+03 2.284340000000000259e+01 1.483052670955657959e-01 -1.881287992000579834e-02 7.609169185161590576e-02 7.583454251289367676e-02
-1.039877659668695969e+03 -7.388496920342711746e+03 -2.469048633511343269e+03 2.284540000000000148e+01 -3.612859919667243958e-02 5.918059870600700378e-02 7.609169185161590576e-02 7.583454251289367676e-02
-1.028655946280053968e+03 -7.390443300436265417e+03 -2.467923866503093905e+03 2.284740000000000038e+01 -2.278610831126570702e-03 8.449420332908630371e-02 7.609169185161590576e-02 7.583454251289367676e-02
-1.017429342000972952e+03 -7.392368493798435338e+03 -2.466811510749883382e+03 2.284940000000000282e+01 -8.769818395376205444e-02 2.332551218569278717e-02 7.609169185161590576e-02 7.583454251289367676e-02
-1.006197900715461742e+03 -7.394272491189090033e+03 -2.465711571590532458e+03 2.285140000000000171e+01 -6.237439066171646118e-02 8.645801804959774017e-03 7.609169185161590576e-02 7.583454251289367676e-02
-9.958982697530731230e+02 -7.395999464372243892e+03 -2.464714047936079169e+03 2.285340000000000060e+01 3.017701208591461182e-02 -2.520460635423660278e-02 7.609169185161590576e-02 7.583454251289367676e-02
-1.073512917569315050e+03 -7.382530753330804146e+03 -2.472497347940412055e+03 2.285540000000000305e+01 -4.357626661658287048e-02 -1.157954218797385693e-03 7.609169185161590576e-02 7.583454251289367676e-02
-1.062306199020858912e+03 -7.384540637315946697e+03 -2.471335379706000822e+03 2.285740000000000194e+01 -1.240871697664260864e-01 -7.936973124742507935e-02 7.609169185161590576e-02 7.583454251289367676e-02
-1.051094428384642242e+03 -7.386529362846531512e+03 -2.470185806383795352e+03 2.285940000000000083e+01 -3.623065724968910217e-02 -3.341895341873168945e-02 7.609169185161590576e-02 7.583454251289367676e-02
-1.039877659668695969e+03 -7.388496920342711746e+03 -2.469048633511343269e+03 2.286139999999999972e+01 1.935445331037044525e-02 -2.183500863611698151e-02 7.609169185161590576e-02 7.583454251289367676e-02
-1.028655946280053968e+03 -7.390443300436265417e+03 -2.467923866503093905e+03 2.286340000000000217e+01 -3.624122217297554016e-02 1.795408129692077637e-02 7.609169185161590576e-02 7.583454251289367676e-02
-1.017429342000972952e+03 -7.392368493798435338e+03 -2.466811510749883382e+03 2.286540000000000106e+01 -4.529240727424621582e-02 -4.558967426419258118e-02 7.609169185161590576e-02 7.583454251289367676e-02
-1.006197900715461742e+03 -7.394272491189090033e+03 -2.465711571590532458e+03 2.286739999999999995e+01 6.206791847944259644e-03 -6.846186518669128418e-02 7.609169185161590576e-02 7.583454251289367676e-02
-9.958982697530731230e+02 -7.395999464372243892e+03 -2.464714047936079169e+03 2.286940000000000239e+01 3.121347166597843170e-02 4.723957926034927368e-02 7.609169185161590576e-02 7.583454251289367676e-02
-9.612248395755182173e+02 -7.401676340541951504e+03 -2.461436085150449344e+03 2.287140000000000128e+01 -1.343758311122655869e-02 5.864663794636726379e-02 7.609169185161590576e-02 7.583454251289367676e-02
-9.499700193080637973e+02 -7.403474223539551531e+03 -2.460398306664617849e+03 2.287340000000000018e+01 -8.814264088869094849e-02 -6.582877784967422485e-02 7.609169185161590576e-02 7.583454251289367676e-02
-9.387106848771044270e+02 -7.405250857418264786e+03 -2.459372975463355942e+03 2.287540000000000262e+01 2.035865746438503265e-02 2.182259224355220795e-02 7.609169185161590576e-02 7.583454251289367676e-02
-9.274468898923714733e+02 -7.407006233719051124e+03 -2.458360096428518773e+03 2.287740000000000151e+01 -1.284741759300231934e-01 3.599260747432708740e-02 7.609169185161590576e-02 7.583454251289367676e-02
-9.161786885732527708e+02 -7.408740343992181806e+03 -2.457359674435694160e+03 2.287940000000000040e+01 2.370918914675712585e-02 7.170683145523071289e-02 7.609169185161590576e-02 7.583454251289367676e-02
-9.049061345326921355e+02 -7.410453179986980103e+03 -2.456371714244739451e+03 2.288140000000000285e+01 2.949049323797225952e-02 -2.243917435407638550e-02 7.609169185161590576e-02 7.583454251289367676e-02
-8.936292820320182955e+02 -7.412144733458724659e+03 -2.455396220611155513e+03 2.288340000000000174e+01 -7.083485275506973267e-02 -1.188661251217126846e-02 7.609169185161590576e-02 7.583454251289367676e-02
-8.832884903791286888e+02 -7.413676892317041165e+03 -2.454512814770755085e+03 2.288540000000000063e+01 2.224037796258926392e-02 -5.586576834321022034e-02 7.609169185161590576e-02 7.583454251289367676e-02
-9.612248395755182173e+02 -7.401676340541951504e+03 -2.461436085150449344e+03 2.288740000000000308e+01 2.285641804337501526e-02 4.075108468532562256e-02 7.609169185161590576e-02 7.583454251289367676e-02
-9.499700193080637973e+02 -7.403474223539551531e+03 -2.460398306664617849e+03 2.288940000000000197e+01 -1.192003637552261353e-01 3.207660093903541565e-02 7.609169185161590576e-02 7.583454251289367676e-02
-9.387106848771044270e+02 -7.405250857418264786e+03 -2.459372975463355942e+03 2.289140000000000086e+01 8.332055807113647461e-02 -1.225377991795539856e-01 7.609169185161590576e-02 7.583454251289367676e-02
-9.274468898923714733e+02 -7.407006233719051124e+03 -2.458360096428518773e+03 2.289339999999999975e+01 1.116787642240524292e-01 -9.425166994333267212e-02 7.609169185161590576e-02 7.583454251289367676e-02
-9.161786885732527708e+02 -7.408740343992181806e+03 -2.457359674435694160e+03 2.289540000000000219e+01 -5.823238566517829895e-02 -1.075843349099159241e-01 7.609169185161590576e-02 7.583454251289367676e-02
-9.049061345326921355e+02 -7.410453179986980103e+03 -2.456371714244739451e+03 2.289740000000000109e+01 1.346046850085258484e-02 2.290140464901924133e-02 7.609169185161590576e-02 7.583454251289367676e-02
-8.936292820320182955e+02 -7.412144733458724659e+03 -2.455396220611155513e+03 2.289939999999999998e+01 2.437102980911731720e-02 -6.441327184438705444e-02 7.609169185161590576e-02 7.583454251289367676e-02
-8.832884903791286888e+02 -7.413676892317041165e+03 -2.454512814770755085e+03 2.290140000000000242e+01 5.080224946141242981e-03 -2.104374207556247711e-02 7.609169185161590576e-02 7.583454251289367676e-02
-8.484799651668161005e+02 -7.418697962027215908e+03 -2.451619003956382585e+03 2.290340000000000131e+01 1.551739312708377838e-02 1.887295842170715332e-01 7.609169185161590576e-02 7.583454251289367676e-02
-8.371824294244401017e+02 -7.420282983622670145e+03 -2.450705911866752558e+03 2.290540000000000020e+01 -5.185195710510015488e-03 -1.052095666527748108e-01 7.609169185161590576e-02 7.583454251289367676e-02
-8.258809192514627284e+02 -7.421846675665419752e+03 -2.449805313441725957e+03 2.290740000000000265e+01 1.153865605592727661e-01 -2.444625087082386017e-02 7.609169185161590576e-02 7.583454251289367676e-02
-8.145754885370685088e+02 -7.423389030699021532e+03 -2.448917212975770781e+03 2.290940000000000154e+01 -5.113606154918670654e-02 -1.059254258871078491e-01 7.609169185161590576e-02 7.583454251289367676e-02
-8.032661914647605954e+02 -7.424910041331097091e+03 -2.448041614725445015e+03 2.291140000000000043e+01 -1.174367368221282959e-01 -4.899147525429725647e-02 7.609169185161590576e-02 7.583454251289367676e-02
-7.919530823548453782e+02 -7.426409700256275755e+03 -2.447178522896192135e+03 2.291340000000000288e+01 4.824416711926460266e-02 3.903887420892715454e-02 7.609169185161590576e-02 7.583454251289367676e-02
-7.806362150336977948e+02 -7.427888000339603423e+03 -2.446327941594327513e+03 2.291540000000000177e+01 1.261672675609588623e-01 -1.294499933719635010e-01 7.609169185161590576e-02 7.583454251289367676e-02
-7.702592130919919100e+02 -7.429224611426484444e+03 -2.445559076452503632e+03 2.291740000000000066e+01 9.456945955753326416e-02 9.855936467647552490e-02 7.609169185161590576e-02 7.583454251289367676e-02
-8.484799651668161005e+02 -7.418697962027215908e+03 -2.451619003956382585e+03 2.291940000000000310e+01 -7.517230510711669922e-02 6.602805107831954956e-02 7.609169185161590576e-02 7.583454251289367676e-02
-8.371824294244401017e+02 -7.420282983622670145e+03 -2.450705911866752558e+03 2.292140000000000200e+01 -1.929773576557636261e-02 4.003981500864028931e-02 7.609169185161590576e-02 7.583454251289367676e-02
-8.258809192514627284e+02 -7.421846675665419752e+03 -2.449805313441725957e+03 2.292340000000000089e+01 1.833730377256870270e-02 -9.458885178901255131e-04 7.609169185161590576e-02 7.583454251289367676e-02
-8.145754885370685088e+02 -7.423389030699021532e+03 -2.448917212975770781e+03 2.292539999999999978e+01 5.291073117405176163e-03 5.153287574648857117e-02 7.609169185161590576e-02 7.583454251289367676e-02
-8.032661914647605954e+02 -7.424910041331097091e+03 -2.448041614725445015e+03 2.292740000000000222e+01 9.126261621713638306e-02 -1.034150868654251099e-01 7.609169185161590576e-02 7.583454251289367676e-02
-7.919530823548453782e+02 -7.426409700256275755e+03 -2.447178522896192135e+03 2.292940000000000111e+01 -7.785584777593612671e-02 6.365460157394409180e-02 7.609169185161590576e-02 7.583454251289367676e-02
-7.806362150336977948e+02 -7.427888000339603423e+03 -2.446327941594327513e+03 2.293140000000000001e+01 -6.019791471771895885e-04 4.400771483778953552e-02 7.609169185161590576e-02 7.583454251289367676e-02
-7.702592130919919100e+02 -7.429224611426484444e+03 -2.445559076452503632e+03 2.293340000000000245e+01 -6.875291466712951660e-02 -3.673147875815629959e-03 7.609169185161590576e-02 7.583454251289367676e-02
