# Baseline: 4-11
# Entries: 128
# u [m], v [m], w [m], frequency [GHz], real, imag, std(real), std(imag)
4.271455604233401573e+03 2.705193548212352653e+03 4.619092952079407041e+03 2.267940000000000111e+01 -5.270192027091979980e-02 7.146878540515899658e-02 7.774254679679870605e-02 7.838273048400878906e-02
4.271444032134076224e+03 2.713245883370889715e+03 4.614378340458622915e+03 2.268140000000000001e+01 1.766609698534011841e-01 -2.192756384611129761e-01 7.774254679679870605e-02 7.838273048400878906e-02
4.271412047264897410e+03 2.721298189147297307e+03 4.609663773031675191e+03 2.268340000000000245e+01 -1.035688724368810654e-02 7.674649357795715332e-02 7.774254679679870605e-02 7.838273048400878906e-02
4.271359649778888524e+03 2.729350427061429400e+03 4.604949272328406551e+03 2.268540000000000134e+01 1.849550902843475342e-01 -1.427549570798873901e-01 7.774254679679870605e-02 7.838273048400878906e-02
4.271307593909485149e+03 2.735389542096394507e+03 4.601413450790758361e+03 2.268740000000000023e+01 -1.760944724082946777e-01 1.570430099964141846e-01 7.774254679679870605e-02 7.838273048400878906e-02
4.271193618056016021e+03 2.745454545159736426e+03 4.595520561341930261e+03 2.268940000000000268e+01 2.872317433357238770e-01 1.941467449069023132e-02 7.774254679679870605e-02 7.838273048400878906e-02
4.271079984616120782e+03 2.753506348105539018e+03 4.590806396280570880e+03 2.269140000000000157e+01 -1.982443593442440033e-02 1.264055073261260986e-01 7.774254679679870605e-02 7.838273048400878906e-02
4.270910066679931333e+03 2.763570796296210574e+03 4.584913905677602997e+03 2.269340000000000046e+01 1.678099930286407471e-01 -1.498548835515975952e-01 7.774254679679870605e-02 7.838273048400878906e-02
4.271455604233401573e+03 2.705193548212352653e+03 4.619092952079407041e+03 2.269540000000000290e+01 -4.272188991308212280e-02 1.312281787395477295e-01 7.774254679679870605e-02 7.838273048400878906e-02
4.271444032134076224e+03 2.713245883370889715e+03 4.614378340458622915e+03 2.269740000000000180e+01 8.942572772502899170e-02 -1.472888514399528503e-02 7.774254679679870605e-02 7.838273048400878906e-02
4.271412047264897410e+03 2.721298189147297307e+03 4.609663773031675191e+03 2.269940000000000069e+01 4.094477277249097824e-03 9.395053982734680176e-02 7.774254679679870605e-02 7.838273048400878906e-02
4.271359649778888524e+03 2.729350427061429400e+03 4.604949272328406551e+03 2.270140000000000313e+01 -6.806235760450363159e-02 1.116690486669540405e-01 7.774254679679870605e-02 7.838273048400878906e-02
4.271307593909485149e+03 2.735389542096394507e+03 4.601413450790758361e+03 2.270340000000000202e+01 -8.966218680143356323e-02 7.703953236341476440e-02 7.774254679679870605e-02 7.838273048400878906e-02
4.271193618056016021e+03 2.745454545159736426e+03 4.595520561341930261e+03 2.270540000000000092e+01 3.048118948936462402e-02 8.041378110647201538e-02 7.774254679679870605e-02 7.838273048400878906e-02
4.271079984616120782e+03 2.753506348105539018e+03 4.590806396280570880e+03 2.270739999999999981e+01 -1.202742829918861389e-01 -9.106165915727615356e-02 7.774254679679870605e-02 7.838273048400878906e-02
4.270910066679931333e+03 2.763570796296210574e+03 4.584913905677602997e+03 2.270940000000000225e+01 1.050839349627494812e-01 4.078241065144538879e-02 7.774254679679870605e-02 7.838273048400878906e-02
4.270421347482716556e+03 2.785710954602438960e+03 4.571951531299240742e+03 2.271140000000000114e+01 1.343986988067626953e-01 2.451489120721817017e-02 7.774254679679870605e-02 7.838273048400878906e-02
4.270205666295661104e+03 2.793761262223388258e+03 4.567238376679454632e+03 2.271340000000000003e+01 6.490260362625122070e-02 6.332747638225555420e-02 7.774254679679870605e-02 7.838273048400878906e-02
4.269969578268116493e+03 2.801811155080553817e+03 4.562525491885811789e+03 2.271540000000000248e+01 2.379841543734073639e-02 1.734801381826400757e-01 7.774254679679870605e-02 7.838273048400878906e-02
4.269713084526892999e+03 2.809860594761403263e+03 4.557812899407277655e+03 2.271740000000000137e+01 -3.359263762831687927e-02 2.178355865180492401e-02 7.774254679679870605e-02 7.838273048400878906e-02
4.269436186300458758e+03 2.817909542715386124e+03 4.553100621813497128e+03 2.271940000000000026e+01 1.864179596304893494e-02 -4.361822456121444702e-02 7.774254679679870605e-02 7.838273048400878906e-02
4.269138884913940274e+03 2.825957960422340420e+03 4.548388681656189874e+03 2.272140000000000271e+01 5.302815511822700500e-02 6.443747133016586304e-02 7.774254679679870605e-02 7.838273048400878906e-02
4.268821181791477102e+03 2.834005809336613765e+03 4.543677101501869402e+03 2.272340000000000160e+01 2.482870221138000488e-02 -5.760273337364196777e-02 7.774254679679870605e-02 7.838273048400878906e-02
4.268512292570243517e+03 2.841382479879888706e+03 4.539358483353207703e+03 2.272540000000000049e+01 6.665476411581039429e-02 2.108134031295776367e-01 7.774254679679870605e-02 7.838273048400878906e-02
4.270421347482716556e+03 2.785710954602438960e+03 4.571951531299240742e+03 2.272740000000000293e+01 -9.809115529060363770e-02 8.251531422138214111e-02 7.774254679679870605e-02 7.838273048400878906e-02
4.270205666295661104e+03 2.793761262223388258e+03 4.567238376679454632e+03 2.272940000000000182e+01 -3.504139184951782227e-02 -3.868458326905965805e-03 7.774254679679870605e-02 7.838273048400878906e-02
4.269969578268116493e+03 2.801811155080553817e+03 4.562525491885811789e+03 2.273140000000000072e+01 -3.380587697029113770e-02 -8.712215721607208252e-02 7.774254679679870605e-02 7.838273048400878906e-02
4.269713084526892999e+03 2.809860594761403263e+03 4.557812899407277655e+03 2.273340000000000316e+01 1.151786670088768005e-01 -2.173079177737236023e-02 7.774254679679870605e-02 7.838273048400878906e-02
4.269436186300458758e+03 2.817909542715386124e+03 4.553100621813497128e+03 2.273540000000000205e+01 6.624564528465270996e-03 -7.555138319730758667e-02 7.774254679679870605e-02 7.838273048400878906e-02
4.269138884913940274e+03 2.825957960422340420e+03 4.548388681656189874e+03 2.273740000000000094e+01 -2.003260143101215363e-02 1.105142384767532349e-02 7.774254679679870605e-02 7.838273048400878906e-02
4.268821181791477102e+03 2.834005809336613765e+03 4.543677101501869402e+03 2.273939999999999984e+01 3.583894670009613037e-02 -3.303568437695503235e-02 7.774254679679870605e-02 7.838273048400878906e-02
4.268512292570243517e+03 2.841382479879888706e+03 4.539358483353207703e+03 2.274140000000000228e+01 1.434506475925445557e-01 6.054427474737167358e-02 7.774254679679870605e-02 7.838273048400878906e-02
4.267346383796696500e+03 2.866190747261993238e+03 4.524834831591490911e+03 2.274340000000000117e+01 -2.007035352289676666e-02 1.020323336124420166e-01 7.774254679679870605e-02 7.838273048400878906e-02
4.266926696750159863e+03 2.874235174662363534e+03 4.520125389573975554e+03 2.274540000000000006e+01 -1.985093811526894569e-03 -7.921617361716926098e-04 7.774254679679870605e-02 7.838273048400878906e-02
4.266486618549356535e+03 2.882278802340007132e+03 4.515416442754506534e+03 2.274740000000000251e+01 2.006904222071170807e-03 1.564935594797134399e-01 7.774254679679870605e-02 7.838273048400878906e-02
4.266026151308074077e+03 2.890321591660146169e+03 4.510708013750870123e+03 2.274940000000000140e+01 -4.715711344033479691e-03 -2.296535670757293701e-02 7.774254679679870605e-02 7.838273048400878906e-02
4.265545297220088287e+03 2.898363504300156819e+03 4.506000124997983221e+03 2.275140000000000029e+01 -1.327712181955575943e-02 -3.577376157045364380e-02 7.774254679679870605e-02 7.838273048400878906e-02
4.265044058601944016e+03 2.906404501521471502e+03 4.501292799174129868e+03 2.275340000000000273e+01 -1.567912846803665161e-01 2.369112148880958557e-02 7.774254679679870605e-02 7.838273048400878906e-02
4.264522437840632847e+03 2.914444545038040815e+03 4.496586058692557344e+03 2.275540000000000163e+01 5.613832920789718628e-02 6.132517009973526001e-02 7.774254679679870605e-02 7.838273048400878906e-02
4.264026641901470612e+03 2.921813727214232131e+03 4.492272072103290157e+03 2.275740000000000052e+01 1.921635866165161133e-02 3.338283300399780273e-02 7.774254679679870605e-02 7.838273048400878906e-02
4.267346383796696500e+03 2.866190747261993238e+03 4.524834831591490911e+03 2.275940000000000296e+01 -3.389321640133857727e-02 7.416137307882308960e-02 7.774254679679870605e-02 7.838273048400878906e-02
4.266926696750159863e+03 2.874235174662363534e+03 4.520125389573975554e+03 2.276140000000000185e+01 8.313198387622833252e-02 -2.151029184460639954e-02 7.774254679679870605e-02 7.838273048400878906e-02
4.266486618549356535e+03 2.882278802340007132e+03 4.515416442754506534e+03 2.276340000000000074e+01 -6.976321339607238770e-02 3.412352129817008972e-02 7.774254679679870605e-02 7.838273048400878906e-02
4.266026151308074077e+03 2.890321591660146169e+03 4.510708013750870123e+03 2.276540000000000319e+01 -3.548160940408706665e-02 -1.878520473837852478e-02 7.774254679679870605e-02 7.838273048400878906e-02
4.265545297220088287e+03 2.898363504300156819e+03 4.506000124997983221e+03 2.276740000000000208e+01 3.933714702725410461e-02 4.350785166025161743e-02 7.774254679679870605e-02 7.838273048400878906e-02
4.265044058601944016e+03 2.906404501521471502e+03 4.501292799174129868e+03 2.276940000000000097e+01 7.888458669185638428e-03 4.627095907926559448e-02 7.774254679679870605e-02 7.838273048400878906e-02
4.264522437840632847e+03 2.914444545038040815e+03 4.496586058692557344e+03 2.277139999999999986e+01 -7.972512394189834595e-02 4.384750127792358398e-02 7.774254679679870605e-02 7.838273048400878906e-02
4.264026641901470612e+03 2.921813727214232131e+03 4.492272072103290157e+03 2.277340000000000231e+01 8.225982077419757843e-03 5.628858227282762527e-03 7.774254679679870605e-02 7.838273048400878906e-02
4.262232184789233543e+03 2.946594412018161620e+03 4.477765400977072204e+03 2.277540000000000120e+01 2.133951336145401001e-02 5.604397505521774292e-02 7.774254679679870605e-02 7.838273048400878906e-02
4.261608692723548302e+03 2.954629109693477403e+03 4.473061925172960400e+03 2.277740000000000009e+01 -5.033738166093826294e-02 -1.353113055229187012e-01 7.774254679679870605e-02 7.838273048400878906e-02
4.260964834965948285e+03 2.962662622733736498e+03 4.468359169898581968e+03 2.277940000000000254e+01 -3.487310186028480530e-02 -1.030317470431327820e-01 7.774254679679870605e-02 7.838273048400878906e-02
4.260300614582083654e+03 2.970694912888507133e+03 4.463657157545428163e+03 2.278140000000000143e+01 1.083887591958045959e-01 -7.711184024810791016e-02 7.774254679679870605e-02 7.838273048400878906e-02
4.259616034769309408e+03 2.978725941493542905e+03 4.458955910747100461e+03 2.278340000000000032e+01 1.175116673111915588e-01 -2.139876782894134521e-02 7.774254679679870605e-02 7.838273048400878906e-02
4.258911098784813476e+03 2.986755670338216987e+03 4.454255451871536025e+03 2.278540000000000276e+01 1.685455068945884705e-02 -1.516841650009155273e-01 7.774254679679870605e-02 7.838273048400878906e-02
4.258185810021919679e+03 2.994784060770613905e+03 4.449555803544863920e+03 2.278740000000000165e+01 6.386587768793106079e-02 3.512022644281387329e-02 7.774254679679870605e-02 7.838273048400878906e-02
4.257503344615046444e+03 3.002142228312260613e+03 4.445248512823375677e+03 2.278940000000000055e+01 -6.937163323163986206e-02 -4.930447041988372803e-02 7.774254679679870605e-02 7.838273048400878906e-02
4.262232184789233543e+03 2.946594412018161620e+03 4.477765400977072204e+03 2.279140000000000299e+01 8.114881068468093872e-02 -4.717889055609703064e-02 7.774254679679870605e-02 7.838273048400878906e-02
4.261608692723548302e+03 2.954629109693477403e+03 4.473061925172960400e+03 2.279340000000000188e+01 1.987501047551631927e-02 4.536258801817893982e-02 7.774254679679870605e-02 7.838273048400878906e-02
4.260964834965948285e+03 2.962662622733736498e+03 4.468359169898581968e+03 2.279540000000000077e+01 -3.634250909090042114e-02 5.628515407443046570e-02 7.774254679679870605e-02 7.838273048400878906e-02
4.260300614582083654e+03 2.970694912888507133e+03 4.463657157545428163e+03 2.279739999999999966e+01 -7.332196831703186035e-02 -4.641474038362503052e-02 7.774254679679870605e-02 7.838273048400878906e-02
4.259616034769309408e+03 2.978725941493542905e+03 4.458955910747100461e+03 2.279940000000000211e+01 -2.571534551680088043e-02 -4.071329534053802490e-02 7.774254679679870605e-02 7.838273048400878906e-02
4.258911098784813476e+03 2.986755670338216987e+03 4.454255451871536025e+03 2.280140000000000100e+01 -5.122036114335060120e-02 -6.080362573266029358e-02 7.774254679679870605e-02 7.838273048400878906e-02
4.258185810021919679e+03 2.994784060770613905e+03 4.449555803544863920e+03 2.280339999999999989e+01 8.004168421030044556e-02 -6.653293967247009277e-03 7.774254679679870605e-02 7.838273048400878906e-02
4.257503344615046444e+03 3.002142228312260613e+03 4.445248512823375677e+03 2.280540000000000234e+01 -3.246555104851722717e-02 -4.535344894975423813e-03 7.774254679679870605e-02 7.838273048400878906e-02
4.255217054212990661e+03 3.025546467732556266e+03 4.431548398167757114e+03 2.280740000000000123e+01 5.774554237723350525e-02 -6.878170371055603027e-02 7.774254679679870605e-02 7.838273048400878906e-02
4.254393444318896400e+03 3.033567848277548819e+03 4.426852984119810571e+03 2.280940000000000012e+01 -2.862467765808105469e-01 -8.993611484766006470e-02 7.774254679679870605e-02 7.838273048400878906e-02
4.253549503254031151e+03 3.041587666519223603e+03 4.422158511679906042e+03 2.281140000000000256e+01 9.362745285034179688e-02 1.211689505726099014e-02 7.774254679679870605e-02 7.838273048400878906e-02
4.252685235072252908e+03 3.049605883937189901e+03 4.417465003396290740e+03 2.281340000000000146e+01 -4.847635328769683838e-02 -2.094020098447799683e-01 7.774254679679870605e-02 7.838273048400878906e-02
4.251800643885882891e+03 3.057622462381787955e+03 4.412772481600071842e+03 2.281540000000000035e+01 2.453940659761428833e-01 9.479013830423355103e-02 7.774254679679870605e-02 7.838273048400878906e-02
4.250895733949741953e+03 3.065637363292309601e+03 4.408080968862833288e+03 2.281740000000000279e+01 6.364151835441589355e-02 2.948766201734542847e-02 7.774254679679870605e-02 7.838273048400878906e-02
4.249970509582282830e+03 3.073650548423228429e+03 4.403390487571538870e+03 2.281940000000000168e+01 7.625400274991989136e-02 3.177244961261749268e-02 7.774254679679870605e-02 7.838273048400878906e-02
4.249104803895251280e+03 3.080994450806789700e+03 4.399091791358169758e+03 2.282140000000000057e+01 -2.264068275690078735e-02 6.151759997010231018e-02 7.774254679679870605e-02 7.838273048400878906e-02
4.255217054212990661e+03 3.025546467732556266e+03 4.431548398167757114e+03 2.282340000000000302e+01 -9.010422229766845703e-02 -2.557033486664295197e-02 7.774254679679870605e-02 7.838273048400878906e-02
4.254393444318896400e+03 3.033567848277548819e+03 4.426852984119810571e+03 2.282540000000000191e+01 -1.294290721416473389e-01 -5.668376758694648743e-02 7.774254679679870605e-02 7.838273048400878906e-02
4.253549503254031151e+03 3.041587666519223603e+03 4.422158511679906042e+03 2.282740000000000080e+01 -1.316450536251068115e-02 6.848719716072082520e-02 7.774254679679870605e-02 7.838273048400878906e-02
4.252685235072252908e+03 3.049605883937189901e+03 4.417465003396290740e+03 2.282939999999999969e+01 -5.966673791408538818e-02 3.924232348799705505e-02 7.774254679679870605e-02 7.838273048400878906e-02
4.251800643885882891e+03 3.057622462381787955e+03 4.412772481600071842e+03 2.283140000000000214e+01 2.702345326542854309e-02 -1.265558600425720215e-01 7.774254679679870605e-02 7.838273048400878906e-02
4.250895733949741953e+03 3.065637363292309601e+03 4.408080968862833288e+03 2.283340000000000103e+01 -6.287238746881484985e-02 1.645323932170867920e-01 7.774254679679870605e-02 7.838273048400878906e-02
4.249970509582282830e+03 3.073650548423228429e+03 4.403390487571538870e+03 2.283539999999999992e+01 7.189691066741943359e-02 1.252007335424423218e-01 7.774254679679870605e-02 7.838273048400878906e-02
4.249104803895251280e+03 3.080994450806789700e+03 4.399091791358169758e+03 2.283740000000000236e+01 -1.878988579846918583e-03 8.435355126857757568e-02 7.774254679679870605e-02 7.838273048400878906e-02
4.246066557842638758e+03 3.105685364046481027e+03 4.384639325884714708e+03 2.283940000000000126e+01 -1.690940558910369873e-02 6.860107183456420898e-02 7.774254679679870605e-02 7.838273048400878906e-02
4.245039829707276112e+03 3.113689394991747122e+03 4.379954338562386511e+03 2.284140000000000015e+01 5.066119879484176636e-02 1.658103615045547485e-01 7.774254679679870605e-02 7.838273048400878906e-02
4.243992815150853858e+03 3.121691480304446486e+03 4.375270517227379969e+03 2.284340000000000259e+01 5.604479834437370300e-02 1.851027458906173706e-02 7.774254679679870605e-02 7.838273048400878906e-02
4.242925519216960311e+03 3.129691581437858986e+03 4.370587884442049472e+03 2.284540000000000148e+01 5.475603044033050537e-02 7.900888472795486450e-02 7.774254679679870605e-02 7.838273048400878906e-02
4.241837946987408031e+03 3.137689660300643482e+03 4.365906462502070099e+03 2.284740000000000038e+01 1.196552515029907227e-01 -8.084783330559730530e-03 7.774254679679870605e-02 7.838273048400878906e-02
4.240730103674303791e+03 3.145685678560344513e+03 4.361226273844122261e+03 2.284940000000000282e+01 -1.066672280430793762e-01 -1.195613369345664978e-01 7.774254679679870605e-02 7.838273048400878906e-02
4.239601994595099313e+03 3.153679597838731297e+03 4.356547340931547296e+03 2.285140000000000171e+01 -3.389745578169822693e-02 -1.164206340909004211e-01 7.774254679679870605e-02 7.838273048400878906e-02
4.238550354171595245e+03 3.161005508347297564e+03 4.352259424773748833e+03 2.285340000000000060e+01 -3.790963813662528992e-02 -7.399168610572814941e-02 7.774254679679870605e-02 7.838273048400878906e-02
4.246066557842638758e+03 3.105685364046481027e+03 4.384639325884714708e+03 2.285540000000000305e+01 1.013981644064188004e-02 8.863066881895065308e-02 7.774254679679870605e-02 7.838273048400878906e-02
4.245039829707276112e+03 3.113689394991747122e+03 4.379954338562386511e+03 2.285740000000000194e+01 5.105035006999969482e-02 1.289328932762145996e-01 7.774254679679870605e-02 7.838273048400878906e-02
4.243992815150853858e+03 3.121691480304446486e+03 4.375270517227379969e+03 2.285940000000000083e+01 -2.746432460844516754e-02 -4.197131097316741943e-02 7.774254679679870605e-02 7.838273048400878906e-02
4.242925519216960311e+03 3.129691581437858986e+03 4.370587884442049472e+03 2.286139999999999972e+01 3.865080699324607849e-02 -3.112150914967060089e-02 7.774254679679870605e-02 7.838273048400878906e-02
4.241837946987408031e+03 3.137689660300643482e+03 4.365906462502070099e+03 2.286340000000000217e+01 6.811849027872085571e-02 -1.644562435103580356e-04 7.774254679679870605e-02 7.838273048400878906e-02
4.240730103674303791e+03 3.145685678560344513e+03 4.361226273844122261e+03 2.286540000000000106e+01 -9.893367439508438110e-02 -7.964636385440826416e-02 7.774254679679870605e-02 7.838273048400878906e-02
4.239601994595099313e+03 3.153679597838731297e+03 4.356547340931547296e+03 2.286739999999999995e+01 -4.679349437355995178e-02 1.098273470997810364e-01 7.774254679679870605e-02 7.838273048400878906e-02
4.238550354171595245e+03 3.161005508347297564e+03 4.352259424773748833e+03 2.286940000000000239e+01 9.158501029014587402e-02 -5.803980305790901184e-02 7.774254679679870605e-02 7.838273048400878906e-02
4.234887009923390906e+03 3.185633521076814759e+03 4.337844613947253492e+03 2.287140000000000128e+01 1.851833313703536987e-01 -4.847250133752822876e-02 7.774254679679870605e-02 7.838273048400878906e-02
4.233657654870369697e+03 3.193616372277383562e+03 4.333172295242496148e+03 2.287340000000000018e+01 -6.333864480257034302e-02 5.669674277305603027e-02 7.774254679679870605e-02 7.838273048400878906e-02
4.232408067899887101e+03 3.201596895113072605e+03 4.328501366541932839e+03 2.287540000000000262e+01 -8.602342009544372559e-02 -4.943049326539039612e-02 7.774254679679870605e-02 7.838273048400878906e-02
4.231138254961834718e+03 3.209575051585773508e+03 4.323831850085507540e+03 2.287740000000000151e+01 -7.322009652853012085e-02 -1.437412295490503311e-02 7.774254679679870605e-02 7.838273048400878906e-02
4.229848222168551729e+03 3.217550803291823286e+03 4.319163768350398641e+03 2.287940000000000040e+01 -5.032844468951225281e-02 1.747679151594638824e-02 7.774254679679870605e-02 7.838273048400878906e-02
4.228537975658012328e+03 3.225524112283424984e+03 4.314497143546770531e+03 2.288140000000000285e+01 1.392789930105209351e-01 5.503434687852859497e-02 7.774254679679870605e-02 7.838273048400878906e-02
4.227207521737274874e+03 3.233494940180439698e+03 4.309831998137847222e+03 2.288340000000000174e+01 3.328958293423056602e-03 -1.785150915384292603e-02 7.774254679679870605e-02 7.838273048400878906e-02
4.225970449844694485e+03 3.240799352985988207e+03 4.305556914024886282e+03 2.288540000000000063e+01 -1.128039583563804626e-01 -9.913434833288192749e-02 7.774254679679870605e-02 7.838273048400878906e-02
4.234887009923390906e+03 3.185633521076814759e+03 4.337844613947253492e+03 2.288740000000000308e+01 -1.553212944418191910e-02 -8.298587799072265625e-02 7.774254679679870605e-02 7.838273048400878906e-02
4.233657654870369697e+03 3.193616372277383562e+03 4.333172295242496148e+03 2.288940000000000197e+01 6.134397163987159729e-02 -1.027224510908126831e-01 7.774254679679870605e-02 7.838273048400878906e-02
4.232408067899887101e+03 3.201596895113072605e+03 4.328501366541932839e+03 2.289140000000000086e+01 1.000948324799537659e-01 -6.145498156547546387e-02 7.774254679679870605e-02 7.838273048400878906e-02
4.231138254961834718e+03 3.209575051585773508e+03 4.323831850085507540e+03 2.289339999999999975e+01 -2.393361926078796387e-02 2.725553698837757111e-02 7.774254679679870605e-02 7.838273048400878906e-02
4.229848222168551729e+03 3.217550803291823286e+03 4.319163768350398641e+03 2.289540000000000219e+01 -1.736752316355705261e-02 -6.797407567501068115e-02 7.774254679679870605e-02 7.838273048400878906e-02
4.228537975658012328e+03 3.225524112283424984e+03 4.314497143546770531e+03 2.289740000000000109e+01 5.881346762180328369e-02 -7.782856374979019165e-02 7.774254679679870605e-02 7.838273048400878906e-02
4.227207521737274874e+03 3.233494940180439698e+03 4.309831998137847222e+03 2.289939999999999998e+01 3.408810868859291077e-02 2.564523182809352875e-02 7.774254679679870605e-02 7.838273048400878906e-02
4.225970449844694485e+03 3.240799352985988207e+03 4.305556914024886282e+03 2.290140000000000242e+01 -3.784734010696411133e-02 -2.220610715448856354e-02 7.774254679679870605e-02 7.838273048400878906e-02
4.221683760520363649e+03 3.265352679439821713e+03 4.291186656067442527e+03 2.290340000000000131e+01 -6.135153397917747498e-02 -6.574463099241256714e-02 7.774254679679870605e-02 7.838273048400878906e-02
4.220252366888803408e+03 3.273310530524382557e+03 4.286529242021423670e+03 2.290540000000000020e+01 -2.039942145347595215e-01 8.212287910282611847e-03 7.774254679679870605e-02 7.838273048400878906e-02
4.218800805491972824e+03 3.281265671876781198e+03 4.281873441184486182e+03 2.290740000000000265e+01 6.488400977104902267e-03 2.420414984226226807e-02 7.774254679679870605e-02 7.838273048400878906e-02
4.217329083251161137e+03 3.289218065564302378e+03 4.277219275757000105e+03 2.290940000000000154e+01 -4.653473570942878723e-02 -6.814743578433990479e-02 7.774254679679870605e-02 7.838273048400878906e-02
4.215837207219600714e+03 3.297167673473436935e+03 4.272566768045016033e+03 2.291140000000000043e+01 -3.868001699447631836e-02 5.882320925593376160e-02 7.774254679679870605e-02 7.838273048400878906e-02
4.214325184563279436e+03 3.305114457421042971e+03 4.267915940395204416e+03 2.291340000000000288e+01 -5.912794172763824463e-02 -6.264427304267883301e-02 7.774254679679870605e-02 7.838273048400878906e-02
4.212793022476440456e+03 3.313058379597352086e+03 4.263266814935590446e+03 2.291540000000000177e+01 6.255195289850234985e-02 -3.014410845935344696e-02 7.774254679679870605e-02 7.838273048400878906e-02
4.211371111367907361e+03 3.320337797898690951e+03 4.259006609453814235e+03 2.291740000000000066e+01 -5.225413292646408081e-02 -8.624660968780517578e-02 7.774254679679870605e-02 7.838273048400878906e-02
4.221683760520363649e+03 3.265352679439821713e+03 4.291186656067442527e+03 2.291940000000000310e+01 3.902269899845123291e-02 1.268715411424636841e-01 7.774254679679870605e-02 7.838273048400878906e-02
4.220252366888803408e+03 3.273310530524382557e+03 4.286529242021423670e+03 2.292140000000000200e+01 4.806510359048843384e-02 -5.427689105272293091e-02 7.774254679679870605e-02 7.838273048400878906e-02
4.218800805491972824e+03 3.281265671876781198e+03 4.281873441184486182e+03 2.292340000000000089e+01 2.736650221049785614e-02 9.313684701919555664e-02 7.774254679679870605e-02 7.838273048400878906e-02
4.217329083251161137e+03 3.289218065564302378e+03 4.277219275757000105e+03 2.292539999999999978e+01 5.809744074940681458e-02 -3.667519241571426392e-02 7.774254679679870605e-02 7.838273048400878906e-02
4.215837207219600714e+03 3.297167673473436935e+03 4.272566768045016033e+03 2.292740000000000222e+01 -1.430058330297470093e-01 -4.088734835386276245e-02 7.774254679679870605e-02 7.838273048400878906e-02
4.214325184563279436e+03 3.305114457421042971e+03 4.267915940395204416e+03 2.292940000000000111e+01 -4.680180177092552185e-02 3.824897482991218567e-02 7.774254679679870605e-02 7.838273048400878906e-02
4.212793022476440456e+03 3.313058379597352086e+03 4.263266814935590446e+03 2.293140000000000001e+01 -1.057023927569389343e-02 -8.131089806556701660e-02 7.774254679679870605e-02 7.838273048400878906e-02
4.211371111367907361e+03 3.320337797898690951e+03 4.259006609453814235e+03 2.293340000000000245e+01 -1.368586625903844833e-02 1.357090473175048828e-01 7.774254679679870605e-02 7.838273048400878906e-02
