# Baseline: 5-16
# u [m], v [m], w [m], frequency [GHz], real, imag
-1.683450887865787763e+03 5.937588486789668423e+03 -9.568341306071446297e+02 2.267940000000000000e+19 2.064798325300216675e-01 -1.199354678392410278e-01
-1.695713736261655640e+03 5.934401194205074717e+03 -9.549517656297963413e+02 2.268140000000000000e+19 -1.359595954418182373e-01 5.044908449053764343e-02
-1.707968457498509451e+03 5.931190754170891523e+03 -9.530558586130511003e+02 2.268340000000000000e+19 2.131826132535934448e-01 -3.745334148406982422e-01
-1.720214993013907360e+03 5.927957182029266733e+03 -9.511464186171540405e+02 2.268540000000000000e+19 -6.010510027408599854e-03 1.756705790758132935e-01
-1.729394746653811580e+03 5.925517553776863679e+03 -9.497058854809379227e+02 2.268740000000000000e+19 3.117331564426422119e-01 -1.845113746821880341e-02
-1.744683272484558984e+03 5.921420703433126619e+03 -9.472869763042950808e+02 2.268940000000000000e+19 -2.296409010887145996e-01 3.269416391849517822e-01
-1.756904899085662464e+03 5.918117828329490294e+03 -9.453369924984079944e+02 2.269140000000000000e+19 3.331570923328399658e-01 -1.109014004468917847e-01
-1.772170429430409513e+03 5.913957728378863976e+03 -9.428810812091295475e+02 2.269340000000000000e+19 2.418455481529235840e-01 1.975318491458892822e-01
-1.683450887865787763e+03 5.937588486789668423e+03 -9.568341306071446297e+02 2.269540000000000000e+19 1.874086707830429077e-01 -1.174732297658920288e-01
-1.695713736261655640e+03 5.934401194205074717e+03 -9.549517656297963413e+02 2.269740000000000000e+19 -6.123632565140724182e-02 7.916360348463058472e-02
-1.707968457498509451e+03 5.931190754170891523e+03 -9.530558586130511003e+02 2.269940000000000000e+19 -1.246500015258789062e-02 -4.205425083637237549e-02
-1.720214993013907360e+03 5.927957182029266733e+03 -9.511464186171540405e+02 2.270140000000000000e+19 8.050391077995300293e-02 5.808736011385917664e-02
-1.729394746653811580e+03 5.925517553776863679e+03 -9.497058854809379227e+02 2.270340000000000000e+19 2.014993429183959961e-01 -7.343103177845478058e-03
-1.744683272484558984e+03 5.921420703433126619e+03 -9.472869763042950808e+02 2.270540000000000000e+19 4.951879009604454041e-02 2.927293628454208374e-02
-1.756904899085662464e+03 5.918117828329490294e+03 -9.453369924984079944e+02 2.270740000000000000e+19 5.922627076506614685e-02 -3.085252642631530762e-02
-1.772170429430409513e+03 5.913957728378863976e+03 -9.428810812091295475e+02 2.270940000000000000e+19 3.625716641545295715e-02 -8.975823223590850830e-02
-1.805706622102591382e+03 5.904675792175551578e+03 -9.374021911652423569e+02 2.271140000000000000e+19 -1.785581000149250031e-02 -7.729160785675048828e-02
-1.817885565026681434e+03 5.901257729625443972e+03 -9.353848217783271366e+02 2.271340000000000000e+19 -8.126524835824966431e-02 -3.361622616648674011e-02
-1.830055796025249265e+03 5.897816678266890449e+03 -9.333540040094308097e+02 2.271540000000000000e+19 3.576805116608738899e-03 1.721549779176712036e-02
-1.842217257024424043e+03 5.894352654520187571e+03 -9.313097475494058699e+02 2.271740000000000000e+19 3.692549094557762146e-02 1.880017481744289398e-02
-1.854369889780327867e+03 5.890865674975362708e+03 -9.292520621887072139e+02 2.271940000000000000e+19 1.181695833802223206e-01 2.442222647368907928e-02
-1.866513636133640603e+03 5.887355756320132059e+03 -9.271809577748707625e+02 2.272140000000000000e+19 -4.815599322319030762e-02 4.575370810925960541e-03
-1.878648437925424105e+03 5.883822915364587061e+03 -9.250964442270876589e+02 2.272340000000000000e+19 6.612247973680496216e-02 -9.548168629407882690e-03
-1.889764214510760894e+03 5.880564647038626390e+03 -9.231740395603138722e+02 2.272540000000000000e+19 -2.437412505969405174e-03 -1.230489239096641541e-01
-1.805706622102591382e+03 5.904675792175551578e+03 -9.374021911652423569e+02 2.272740000000000000e+19 -3.057840466499328613e-02 -3.452146053314208984e-02
-1.817885565026681434e+03 5.901257729625443972e+03 -9.353848217783271366e+02 2.272940000000000000e+19 7.072855532169342041e-02 -1.090735718607902527e-01
-1.830055796025249265e+03 5.897816678266890449e+03 -9.333540040094308097e+02 2.273140000000000000e+19 -7.372794300317764282e-02 -3.181612491607666016e-02
-1.842217257024424043e+03 5.894352654520187571e+03 -9.313097475494058699e+02 2.273340000000000000e+19 -1.174667254090309143e-01 1.839905045926570892e-02
-1.854369889780327867e+03 5.890865674975362708e+03 -9.292520621887072139e+02 2.273540000000000000e+19 -6.068557128310203552e-02 4.516728222370147705e-02
-1.866513636133640603e+03 5.887355756320132059e+03 -9.271809577748707625e+02 2.273740000000000000e+19 2.622081199660897255e-03 -8.231981098651885986e-02
-1.878648437925424105e+03 5.883822915364587061e+03 -9.250964442270876589e+02 2.273940000000000000e+19 6.837497930973768234e-03 2.851282060146331787e-02
-1.889764214510760894e+03 5.880564647038626390e+03 -9.231740395603138722e+02 2.274140000000000000e+19 -1.964201033115386963e-02 4.991574212908744812e-02
-1.927097039321619377e+03 5.869462668129763188e+03 -9.166244990603142924e+02 2.274340000000000000e+19 -7.394978404045104980e-02 -8.523338288068771362e-02
-1.939186248231574837e+03 5.865815471424195493e+03 -9.144730907354662577e+02 2.274540000000000000e+19 -1.202802080661058426e-02 8.175671845674514771e-02
-1.951266164956693046e+03 5.862145455454217881e+03 -9.123083340637057290e+02 2.274740000000000000e+19 3.373110294342041016e-02 -4.210979491472244263e-02
-1.963336731475314764e+03 5.858452637847484766e+03 -9.101302394427268609e+02 2.274940000000000000e+19 2.708929404616355896e-02 8.913474529981613159e-02
-1.975397890273010489e+03 5.854737036199363502e+03 -9.079388172506403407e+02 2.275140000000000000e+19 -1.345140039920806885e-01 -8.443038910627365112e-03
-1.987449583250276419e+03 5.850998668408454250e+03 -9.057340780438778438e+02 2.275340000000000000e+19 5.205989256501197815e-02 1.528185792267322540e-02
-1.999491753024909485e+03 5.847237552274918926e+03 -9.035160323202803738e+02 2.275540000000000000e+19 -5.095363408327102661e-02 -2.611062303185462952e-02
-2.010522116018142015e+03 5.843770183310375614e+03 -9.014713125875783817e+02 2.275740000000000000e+19 -7.389014586806297302e-03 -5.870381370186805725e-03
-1.927097039321619377e+03 5.869462668129763188e+03 -9.166244990603142924e+02 2.275940000000000000e+19 -2.271930128335952759e-02 -1.415470093488693237e-01
-1.939186248231574837e+03 5.865815471424195493e+03 -9.144730907354662577e+02 2.276140000000000000e+19 3.183959051966667175e-02 -5.847148131579160690e-03
-1.951266164956693046e+03 5.862145455454217881e+03 -9.123083340637057290e+02 2.276340000000000000e+19 -2.620353735983371735e-02 -9.628981351852416992e-02
-1.963336731475314764e+03 5.858452637847484766e+03 -9.101302394427268609e+02 2.276540000000000000e+19 6.273306906223297119e-02 -3.373683616518974304e-02
-1.975397890273010489e+03 5.854737036199363502e+03 -9.079388172506403407e+02 2.276740000000000000e+19 8.710701018571853638e-02 -2.735906466841697693e-02
-1.987449583250276419e+03 5.850998668408454250e+03 -9.057340780438778438e+02 2.276940000000000000e+19 6.456603854894638062e-02 -1.503702998161315918e-01
-1.999491753024909485e+03 5.847237552274918926e+03 -9.035160323202803738e+02 2.277140000000000000e+19 -6.758301705121994019e-02 -1.861071912571787834e-03
-2.010522116018142015e+03 5.843770183310375614e+03 -9.014713125875783817e+02 2.277340000000000000e+19 -2.066072449088096619e-02 5.017340928316116333e-02
-2.047564047334398310e+03 5.831965966201112678e+03 -8.945109976659440463e+02 2.277540000000000000e+19 7.159652188420295715e-03 -1.064525824040174484e-02
-2.059557737179562537e+03 5.828091380641677461e+03 -8.922265799243165247e+02 2.277740000000000000e+19 4.270409420132637024e-02 5.610375851392745972e-02
-2.071541558522425476e+03 5.824194156434865363e+03 -8.899289203488524436e+02 2.277940000000000000e+19 3.932435438036918640e-02 -9.676049649715423584e-02
-2.083515454303756997e+03 5.820274312136749359e+03 -8.876180298795552517e+02 2.278140000000000000e+19 8.592328056693077087e-03 -1.679634451866149902e-01
-2.095479366886047046e+03 5.816331866615953004e+03 -8.852939196401899835e+02 2.278340000000000000e+19 8.930058032274246216e-02 1.099088191986083984e-01
-2.107433239346535629e+03 5.812366838630171515e+03 -8.829566006886275318e+02 2.278540000000000000e+19 -2.101201191544532776e-02 -6.120305042713880539e-03
-2.119377014144086843e+03 5.808379247265499544e+03 -8.806060842758336094e+02 2.278740000000000000e+19 -5.384588241577148438e-02 1.253534555435180664e-01
-2.130316685350235275e+03 5.804704436855118729e+03 -8.784400279114784098e+02 2.278940000000000000e+19 4.502911120653152466e-03 3.840714320540428162e-02
-2.047564047334398310e+03 5.831965966201112678e+03 -8.945109976659440463e+02 2.279140000000000000e+19 8.829773962497711182e-02 2.399637922644615173e-02
-2.059557737179562537e+03 5.828091380641677461e+03 -8.922265799243165247e+02 2.279340000000000000e+19 1.328839808702468872e-01 3.723594360053539276e-03
-2.071541558522425476e+03 5.824194156434865363e+03 -8.899289203488524436e+02 2.279540000000000000e+19 5.343828350305557251e-02 6.803985685110092163e-02
-2.083515454303756997e+03 5.820274312136749359e+03 -8.876180298795552517e+02 2.279740000000000000e+19 -8.409957401454448700e-03 2.010543271899223328e-02
-2.095479366886047046e+03 5.816331866615953004e+03 -8.852939196401899835e+02 2.279940000000000000e+19 9.788502007722854614e-02 1.525738928467035294e-02
-2.107433239346535629e+03 5.812366838630171515e+03 -8.829566006886275318e+02 2.280140000000000000e+19 2.039820700883865356e-02 5.489389970898628235e-02
-2.119377014144086843e+03 5.808379247265499544e+03 -8.806060842758336094e+02 2.280340000000000000e+19 7.341354340314865112e-02 -6.444613635540008545e-02
-2.130316685350235275e+03 5.804704436855118729e+03 -8.784400279114784098e+02 2.280540000000000000e+19 5.096710845828056335e-02 4.017754644155502319e-02
-2.165066913383222982e+03 5.792884800261497730e+03 -8.714737146250694195e+02 2.280740000000000000e+19 -9.073875844478607178e-03 -2.096586823463439941e-01
-2.176961078824742344e+03 5.788788423224264079e+03 -8.690595700163823949e+02 2.280940000000000000e+19 -5.773221701383590698e-02 2.370094507932662964e-01
-2.188844814069379481e+03 5.784669595578664484e+03 -8.666322944131434269e+02 2.281140000000000000e+19 3.048770129680633545e-01 -1.005945354700088501e-01
-2.200718062037910840e+03 5.780528337108348751e+03 -8.641918994741264441e+02 2.281340000000000000e+19 -3.872295320034027100e-01 4.108570888638496399e-02
-2.212580766239050263e+03 5.776364667517162161e+03 -8.617383968105987151e+02 2.281540000000000000e+19 2.966146469116210938e-01 -2.356266379356384277e-01
-2.224432869611727710e+03 5.772178606832641890e+03 -8.592717982241063055e+02 2.281740000000000000e+19 4.054507985711097717e-02 6.029906868934631348e-01
-2.236274315600222053e+03 5.767970175030283826e+03 -8.567921154850524772e+02 2.281940000000000000e+19 -2.368867769837379456e-02 -9.535470604896545410e-02
-2.247119700751036817e+03 5.764093095040292610e+03 -8.545077553599286375e+02 2.282140000000000000e+19 1.441118121147155762e-01 1.489713639020919800e-01
-2.165066913383222982e+03 5.792884800261497730e+03 -8.714737146250694195e+02 2.282340000000000000e+19 3.346027433872222900e-02 -8.514668047428131104e-02
-2.176961078824742344e+03 5.788788423224264079e+03 -8.690595700163823949e+02 2.282540000000000000e+19 3.778962790966033936e-02 1.324930787086486816e-01
-2.188844814069379481e+03 5.784669595578664484e+03 -8.666322944131434269e+02 2.282740000000000000e+19 1.085632666945457458e-01 8.974188566207885742e-02
-2.200718062037910840e+03 5.780528337108348751e+03 -8.641918994741264441e+02 2.282940000000000000e+19 -2.864394523203372955e-02 9.697957336902618408e-02
-2.212580766239050263e+03 5.776364667517162161e+03 -8.617383968105987151e+02 2.283140000000000000e+19 4.839645698666572571e-02 -2.607315406203269958e-02
-2.224432869611727710e+03 5.772178606832641890e+03 -8.592717982241063055e+02 2.283340000000000000e+19 9.030210971832275391e-02 1.856691204011440277e-02
-2.236274315600222053e+03 5.767970175030283826e+03 -8.567921154850524772e+02 2.283540000000000000e+19 1.045228838920593262e-01 4.801164939999580383e-02
-2.247119700751036817e+03 5.764093095040292610e+03 -8.545077553599286375e+02 2.283740000000000000e+19 -9.285230934619903564e-02 -8.292293548583984375e-02
-2.283532392710671502e+03 5.750913141185807945e+03 -8.467427813608799170e+02 2.283940000000000000e+19 -5.034613981842994690e-02 -2.627604827284812927e-02
-2.295319702427906122e+03 5.746593158157072139e+03 -8.441978571860639704e+02 2.284140000000000000e+19 -1.040075439959764481e-02 1.264495551586151123e-01
-2.307096015679362608e+03 5.742250926395182432e+03 -8.416399209630947098e+02 2.284340000000000000e+19 -5.078042671084403992e-02 -1.787627674639225006e-02
-2.318861275737585402e+03 5.737886466817055407e+03 -8.390689850138044221e+02 2.284540000000000000e+19 1.017479598522186279e-01 4.549464955925941467e-02
-2.330615426584008674e+03 5.733499800203462655e+03 -8.364850615793747011e+02 2.284740000000000000e+19 2.456688135862350464e-02 -1.505295187234878540e-01
-2.342358411884323687e+03 5.729090947578053601e+03 -8.338881630436076193e+02 2.284940000000000000e+19 9.149923920631408691e-02 -3.067578002810478210e-02
-2.354090175276196987e+03 5.724659930102025100e+03 -8.312783018708813643e+02 2.285140000000000000e+19 -3.258844465017318726e-02 3.916189074516296387e-02
-2.364834529996191577e+03 5.720578992612629008e+03 -8.288747171799944908e+02 2.285340000000000000e+19 8.609570562839508057e-03 8.798281196504831314e-04
-2.283532392710671502e+03 5.750913141185807945e+03 -8.467427813608799170e+02 2.285540000000000000e+19 -2.459559962153434753e-02 -1.659595519304275513e-01
-2.295319702427906122e+03 5.746593158157072139e+03 -8.441978571860639704e+02 2.285740000000000000e+19 4.292179364711046219e-03 -2.711284533143043518e-02
-2.307096015679362608e+03 5.742250926395182432e+03 -8.416399209630947098e+02 2.285940000000000000e+19 -1.083062067627906799e-01 -1.294069737195968628e-01
-2.318861275737585402e+03 5.737886466817055407e+03 -8.390689850138044221e+02 2.286140000000000000e+19 3.497387981042265892e-03 1.800702139735221863e-02
-2.330615426584008674e+03 5.733499800203462655e+03 -8.364850615793747011e+02 2.286340000000000000e+19 2.688767574727535248e-02 5.397089570760726929e-02
-2.342358411884323687e+03 5.729090947578053601e+03 -8.338881630436076193e+02 2.286540000000000000e+19 2.122439257800579071e-02 1.082511022686958313e-01
-2.354090175276196987e+03 5.724659930102025100e+03 -8.312783018708813643e+02 2.286740000000000000e+19 -6.574666500091552734e-02 -7.140063494443893433e-02
-2.364834529996191577e+03 5.720578992612629008e+03 -8.288747171799944908e+02 2.286940000000000000e+19 4.936512187123298645e-02 -6.498622149229049683e-02
-2.400903889019104099e+03 5.706714636890217662e+03 -8.207094812453548229e+02 2.287140000000000000e+19 4.890366643667221069e-02 -8.685029298067092896e-02
-2.412578702471241286e+03 5.702173115104134013e+03 -8.180349953252156183e+02 2.287340000000000000e+19 5.803705006837844849e-02 4.593499004840850830e-02
-2.424241957960149648e+03 5.697609557290942575e+03 -8.153476226384376560e+02 2.287540000000000000e+19 -2.640133537352085114e-02 2.243389934301376343e-02
-2.435893599953014927e+03 5.693023985179534066e+03 -8.126473759806830230e+02 2.287740000000000000e+19 -5.754458159208297729e-02 8.202014118432998657e-02
-2.447533572363487110e+03 5.688416420842971092e+03 -8.099342683498554152e+02 2.287940000000000000e+19 2.760635502636432648e-02 -9.790018200874328613e-02
-2.459161819809879944e+03 5.683786886203607537e+03 -8.072083126546289122e+02 2.288140000000000000e+19 1.202559247612953186e-01 2.123316749930381775e-02
-2.470778286318774462e+03 5.679135403546240013e+03 -8.044695220167881189e+02 2.288340000000000000e+19 8.169359713792800903e-02 -1.709749922156333923e-02
-2.481416468880747743e+03 5.674852561499372314e+03 -8.019478630034019488e+02 2.288540000000000000e+19 -5.833660811185836792e-02 2.711449982598423958e-03
-2.400903889019104099e+03 5.706714636890217662e+03 -8.207094812453548229e+02 2.288740000000000000e+19 2.602921612560749054e-02 3.324732184410095215e-02
-2.412578702471241286e+03 5.702173115104134013e+03 -8.180349953252156183e+02 2.288940000000000000e+19 -1.731303147971630096e-02 -3.821997344493865967e-02
-2.424241957960149648e+03 5.697609557290942575e+03 -8.153476226384376560e+02 2.289140000000000000e+19 9.830062836408615112e-02 -3.846842423081398010e-02
-2.435893599953014927e+03 5.693023985179534066e+03 -8.126473759806830230e+02 2.289340000000000000e+19 8.981449156999588013e-02 -6.843048334121704102e-02
-2.447533572363487110e+03 5.688416420842971092e+03 -8.099342683498554152e+02 2.289540000000000000e+19 -2.626279555261135101e-02 6.057044118642807007e-02
-2.459161819809879944e+03 5.683786886203607537e+03 -8.072083126546289122e+02 2.289740000000000000e+19 6.437136977910995483e-02 3.010518848896026611e-03
-2.470778286318774462e+03 5.679135403546240013e+03 -8.044695220167881189e+02 2.289940000000000000e+19 -2.386634983122348785e-02 9.949709475040435791e-02
-2.481416468880747743e+03 5.674852561499372314e+03 -8.019478630034019488e+02 2.290140000000000000e+19 -1.918106526136398315e-02 1.729837991297245026e-02
-2.517125233948075220e+03 5.660310438732593866e+03 -7.933862726358775035e+02 2.290340000000000000e+19 2.148502506315708160e-02 6.101391743868589401e-03
-2.528681963897238802e+03 5.655549551638268895e+03 -7.905835049093280986e+02 2.290540000000000000e+19 -1.423472724854946136e-02 -1.450646575540304184e-02
-2.540226580285640011e+03 5.650766851631481586e+03 -7.877679817840656824e+02 2.290740000000000000e+19 -1.491879969835281372e-01 -2.536692284047603607e-02
-2.551759028064705490e+03 5.645962361517434147e+03 -7.849397166852828605e+02 2.290940000000000000e+19 1.640777662396430969e-02 -8.758145570755004883e-02
-2.563279251962679609e+03 5.641136104322282335e+03 -7.820987231678468561e+02 2.291140000000000000e+19 -2.021599188446998596e-02 -1.325573679059743881e-02
-2.574787196646362190e+03 5.636288103227562715e+03 -7.792450148776739525e+02 2.291340000000000000e+19 2.049806714057922363e-02 4.736034944653511047e-02
-2.586282807362562835e+03 5.631418381299692555e+03 -7.763786053925088027e+02 2.291540000000000000e+19 8.030288666486740112e-02 -6.952390074729919434e-02
-2.596809725025096668e+03 5.626935685036521136e+03 -7.737400792621081109e+02 2.291740000000000000e+19 6.231231242418289185e-02 -5.767203867435455322e-02
-2.517125233948075220e+03 5.660310438732593866e+03 -7.933862726358775035e+02 2.291940000000000000e+19 6.888414174318313599e-02 2.613406442105770111e-02
-2.528681963897238802e+03 5.655549551638268895e+03 -7.905835049093280986e+02 2.292140000000000000e+19 5.266027525067329407e-02 -5.413638800382614136e-02
-2.540226580285640011e+03 5.650766851631481586e+03 -7.877679817840656824e+02 2.292340000000000000e+19 1.074412465095520020e-02 -6.692600995302200317e-02
-2.551759028064705490e+03 5.645962361517434147e+03 -7.849397166852828605e+02 2.292540000000000000e+19 -1.352285034954547882e-02 5.859685689210891724e-02
-2.563279251962679609e+03 5.641136104322282335e+03 -7.820987231678468561e+02 2.292740000000000000e+19 -8.879222907125949860e-03 -7.834278047084808350e-03
-2.574787196646362190e+03 5.636288103227562715e+03 -7.792450148776739525e+02 2.292940000000000000e+19 -2.952480502426624298e-02 -6.318835914134979248e-02
-2.586282807362562835e+03 5.631418381299692555e+03 -7.763786053925088027e+02 2.293140000000000000e+19 -7.622858136892318726e-02 9.596208482980728149e-02
-2.596809725025096668e+03 5.626935685036521136e+03 -7.737400792621081109e+02 2.293340000000000000e+19 -3.175791725516319275e-02 -1.068370882421731949e-03
