# Baseline: 2-13
# u [m], v [m], w [m], frequency [GHz], real, imag
5.341241343830811275e+03 -4.529779622752173964e+03 4.793530960796590989e+03 2.267940000000000000e+19 -4.706646129488945007e-02 4.285652935504913330e-02
5.355078542884637500e+03 -4.519695054069507023e+03 4.787608172524258407e+03 2.268140000000000000e+19 3.640297055244445801e-02 3.775583580136299133e-02
5.368890123985980608e+03 -4.509584372252335015e+03 4.781670128937030313e+03 2.268340000000000000e+19 -4.631851613521575928e-02 -2.284908480942249298e-02
5.382676021132672759e+03 -4.499447625617515769e+03 4.775716858411614339e+03 2.268540000000000000e+19 2.950187027454376221e-02 2.393612265586853027e-02
5.392999355583143370e+03 -4.491828801542357724e+03 4.771242404192875256e+03 2.268740000000000000e+19 -5.431184172630310059e-02 -1.773206889629364014e-02
5.410170499781245780e+03 -4.479096132065263191e+03 4.763764750581393855e+03 2.268940000000000000e+19 2.610217407345771790e-02 1.109144687652587891e-01
5.423878949415321586e+03 -4.468881482758200036e+03 4.757765970601652043e+03 2.269140000000000000e+19 -1.646625101566314697e-01 4.199942573904991150e-02
5.440979070521695576e+03 -4.456077842292993410e+03 4.750246857528441979e+03 2.269340000000000000e+19 -6.275048106908798218e-02 7.183700054883956909e-02
5.341241343830811275e+03 -4.529779622752173964e+03 4.793530960796590989e+03 2.269540000000000000e+19 1.462417375296354294e-02 -1.384832523763179779e-02
5.355078542884637500e+03 -4.519695054069507023e+03 4.787608172524258407e+03 2.269740000000000000e+19 7.888290286064147949e-02 -3.538789600133895874e-02
5.368890123985980608e+03 -4.509584372252335015e+03 4.781670128937030313e+03 2.269940000000000000e+19 -3.154182061553001404e-02 9.900200180709362030e-03
5.382676021132672759e+03 -4.499447625617515769e+03 4.775716858411614339e+03 2.270140000000000000e+19 -1.066223829984664917e-01 -5.085408315062522888e-02
5.392999355583143370e+03 -4.491828801542357724e+03 4.771242404192875256e+03 2.270340000000000000e+19 -3.326467052102088928e-02 3.396264091134071350e-02
5.410170499781245780e+03 -4.479096132065263191e+03 4.763764750581393855e+03 2.270540000000000000e+19 -9.118559956550598145e-02 -4.063227772712707520e-02
5.423878949415321586e+03 -4.468881482758200036e+03 4.757765970601652043e+03 2.270740000000000000e+19 7.457308471202850342e-02 7.611584663391113281e-02
5.440979070521695576e+03 -4.456077842292993410e+03 4.750246857528441979e+03 2.270940000000000000e+19 -2.908754721283912659e-02 7.950922846794128418e-02
5.478452622694530874e+03 -4.427764675917800560e+03 4.733620013420480063e+03 2.271140000000000000e+19 -1.977951824665069580e-02 -3.801946341991424561e-02
5.492030683182176290e+03 -4.417421167807220627e+03 4.727545959275439600e+03 2.271340000000000000e+19 4.586058482527732849e-02 1.237402111291885376e-01
5.505582470207576080e+03 -4.407052036091837181e+03 4.721456937301033577e+03 2.271540000000000000e+19 -1.326444447040557861e-01 -1.447451561689376831e-01
5.519107919104556458e+03 -4.396657330251446183e+03 4.715352976553097506e+03 2.271740000000000000e+19 -1.165850535035133362e-01 4.827068373560905457e-02
5.532606965096854765e+03 -4.386237100068653490e+03 4.709234106264913862e+03 2.271940000000000000e+19 3.389496356248855591e-02 -4.201586544513702393e-02
5.546079543581541657e+03 -4.375791395411886697e+03 4.703100355719776417e+03 2.272140000000000000e+19 -1.594140380620956421e-02 -1.373884230852127075e-01
5.559525590035865207e+03 -4.365320266308302052e+03 4.696951754293811064e+03 2.272340000000000000e+19 -7.215128093957901001e-02 -1.008737832307815552e-01
5.571828109512055562e+03 -4.355699761776864761e+03 4.691302703652376294e+03 2.272540000000000000e+19 9.796342253684997559e-02 7.976687699556350708e-02
5.478452622694530874e+03 -4.427764675917800560e+03 4.733620013420480063e+03 2.272740000000000000e+19 -1.715203374624252319e-02 -1.749610006809234619e-01
5.492030683182176290e+03 -4.417421167807220627e+03 4.727545959275439600e+03 2.272940000000000000e+19 -4.885696992278099060e-02 2.574574574828147888e-02
5.505582470207576080e+03 -4.407052036091837181e+03 4.721456937301033577e+03 2.273140000000000000e+19 7.491049822419881821e-03 -7.765043526887893677e-02
5.519107919104556458e+03 -4.396657330251446183e+03 4.715352976553097506e+03 2.273340000000000000e+19 -5.922844633460044861e-02 -1.662168502807617188e-01
5.532606965096854765e+03 -4.386237100068653490e+03 4.709234106264913862e+03 2.273540000000000000e+19 -2.474455907940864563e-02 7.960016839206218719e-03
5.546079543581541657e+03 -4.375791395411886697e+03 4.703100355719776417e+03 2.273740000000000000e+19 4.741918295621871948e-02 -1.861088722944259644e-02
5.559525590035865207e+03 -4.365320266308302052e+03 4.696951754293811064e+03 2.273940000000000000e+19 3.404215350747108459e-02 -3.228713572025299072e-02
5.571828109512055562e+03 -4.355699761776864761e+03 4.691302703652376294e+03 2.274140000000000000e+19 2.288712002336978912e-02 4.785050824284553528e-02
5.613043171223778700e+03 -4.323182508902375048e+03 4.672209429013649242e+03 2.274340000000000000e+19 -3.384676203131675720e-02 -2.835109643638134003e-02
5.626355595026531773e+03 -4.312585011526089147e+03 4.665987015899269863e+03 2.274540000000000000e+19 1.216510590165853500e-02 3.466710075736045837e-02
5.639641102805094306e+03 -4.301962392045171327e+03 4.659749929432610770e+03 2.274740000000000000e+19 -8.450923860073089600e-02 -1.117190718650817871e-01
5.652899630747192532e+03 -4.291314701481704105e+03 4.653498199571382429e+03 2.274940000000000000e+19 1.608913764357566833e-02 -1.210053730756044388e-02
5.666131115677710113e+03 -4.280641990569884911e+03 4.647231856103904647e+03 2.275140000000000000e+19 1.602397882379591465e-03 7.106822915375232697e-03
5.679335493859786766e+03 -4.269944310721322836e+03 4.640950929215857286e+03 2.275340000000000000e+19 -4.476514644920825958e-03 -1.837168075144290924e-02
5.692512702423233350e+03 -4.259221712871999443e+03 4.634655448813292423e+03 2.275540000000000000e+19 1.114943549036979675e-01 -4.822188243269920349e-02
5.704568235891195400e+03 -4.249371135059267544e+03 4.628872017303320717e+03 2.275740000000000000e+19 -2.166597545146942139e-02 8.488181978464126587e-02
5.613043171223778700e+03 -4.323182508902375048e+03 4.672209429013649242e+03 2.275940000000000000e+19 -6.716254353523254395e-02 -4.770629480481147766e-02
5.626355595026531773e+03 -4.312585011526089147e+03 4.665987015899269863e+03 2.276140000000000000e+19 8.053033798933029175e-02 8.900523185729980469e-02
5.639641102805094306e+03 -4.301962392045171327e+03 4.659749929432610770e+03 2.276340000000000000e+19 8.743148297071456909e-03 -5.384633317589759827e-02
5.652899630747192532e+03 -4.291314701481704105e+03 4.653498199571382429e+03 2.276540000000000000e+19 2.054805681109428406e-02 -2.368015050888061523e-02
5.666131115677710113e+03 -4.280641990569884911e+03 4.647231856103904647e+03 2.276740000000000000e+19 1.777759008109569550e-02 -1.542917639017105103e-01
5.679335493859786766e+03 -4.269944310721322836e+03 4.640950929215857286e+03 2.276940000000000000e+19 6.893279403448104858e-02 4.000848904252052307e-02
5.692512702423233350e+03 -4.259221712871999443e+03 4.634655448813292423e+03 2.277140000000000000e+19 2.515430562198162079e-02 -1.447679661214351654e-02
5.704568235891195400e+03 -4.249371135059267544e+03 4.628872017303320717e+03 2.277340000000000000e+19 1.490042507648468018e-01 -1.948083564639091492e-02
5.744948580275882705e+03 -4.216083170307573710e+03 4.609328596108455713e+03 2.277540000000000000e+19 1.119913160800933838e-01 1.538028568029403687e-02
5.757988997003903933e+03 -4.205236754899384323e+03 4.602960801646301661e+03 2.277740000000000000e+19 -1.859797164797782898e-02 -2.475754171609878540e-02
5.771001867470771685e+03 -4.194365731352201692e+03 4.596578635591152306e+03 2.277940000000000000e+19 -8.484162390232086182e-02 1.869764528237283230e-03
5.783987129717590506e+03 -4.183470151426854500e+03 4.590182128330806336e+03 2.278140000000000000e+19 -1.461437554098665714e-03 -5.932618305087089539e-02
5.796944721238601232e+03 -4.172550067570384272e+03 4.583771310655559319e+03 2.278340000000000000e+19 3.149248659610748291e-02 -6.770433485507965088e-02
5.809874580383280772e+03 -4.161605531739225626e+03 4.577346213067324243e+03 2.278540000000000000e+19 7.059771567583084106e-02 1.145396661013364792e-02
5.822776644912520169e+03 -4.150636596616039242e+03 4.570906866494001406e+03 2.278740000000000000e+19 1.699604094028472900e-01 1.252538263797760010e-01
5.834579423621276874e+03 -4.140560659179160211e+03 4.564991821580988471e+03 2.278940000000000000e+19 1.499827802181243896e-01 -6.375990062952041626e-02
5.744948580275882705e+03 -4.216083170307573710e+03 4.609328596108455713e+03 2.279140000000000000e+19 -4.938576370477676392e-02 3.494565561413764954e-02
5.757988997003903933e+03 -4.205236754899384323e+03 4.602960801646301661e+03 2.279340000000000000e+19 9.941700845956802368e-02 -1.043872535228729248e-01
5.771001867470771685e+03 -4.194365731352201692e+03 4.596578635591152306e+03 2.279540000000000000e+19 -5.680404976010322571e-02 -5.746171623468399048e-02
5.783987129717590506e+03 -4.183470151426854500e+03 4.590182128330806336e+03 2.279740000000000000e+19 -4.536028206348419189e-02 -1.744270883500576019e-02
5.796944721238601232e+03 -4.172550067570384272e+03 4.583771310655559319e+03 2.279940000000000000e+19 -1.901629380881786346e-02 -2.418777532875537872e-02
5.809874580383280772e+03 -4.161605531739225626e+03 4.577346213067324243e+03 2.280140000000000000e+19 -3.641612594947218895e-03 5.000194907188415527e-02
5.822776644912520169e+03 -4.150636596616039242e+03 4.570906866494001406e+03 2.280340000000000000e+19 2.786346711218357086e-02 2.991245128214359283e-02
5.834579423621276874e+03 -4.140560659179160211e+03 4.564991821580988471e+03 2.280540000000000000e+19 -6.387531757354736328e-02 -2.125553088262677193e-03
5.871975964140187898e+03 -4.108363925060480142e+03 4.546091258618725988e+03 2.280740000000000000e+19 5.034852027893066406e-02 2.399333316134288907e-04
5.884742820993423265e+03 -4.097277801295673271e+03 4.539583477109385967e+03 2.280940000000000000e+19 1.063315011560916901e-02 -3.080245805904269218e-03
5.897481525156170392e+03 -4.086167585903339841e+03 4.533061627225426491e+03 2.281140000000000000e+19 -7.820608094334602356e-03 7.962487637996673584e-03
5.910192015442908996e+03 -4.075033332247858198e+03 4.526525740292493538e+03 2.281340000000000000e+19 -1.824820879846811295e-03 -6.933437660336494446e-03
5.922874231379068988e+03 -4.063875093304885922e+03 4.519975847407699803e+03 2.281540000000000000e+19 -1.621772162616252899e-02 -1.177718862891197205e-02
5.935528111961491049e+03 -4.052692922746655768e+03 4.513411980076702093e+03 2.281740000000000000e+19 -1.697991625405848026e-03 -9.504847228527069092e-03
5.948153596808877410e+03 -4.041486873932771687e+03 4.506834169621288311e+03 2.281940000000000000e+19 1.027386486530303955e-01 2.135620452463626862e-02
5.959702324310635959e+03 -4.031194034747862588e+03 4.500792465089813049e+03 2.282140000000000000e+19 -9.415949694812297821e-03 -1.312710996717214584e-02
5.871975964140187898e+03 -4.108363925060480142e+03 4.546091258618725988e+03 2.282340000000000000e+19 4.204166680574417114e-02 -1.725127734243869781e-02
5.884742820993423265e+03 -4.097277801295673271e+03 4.539583477109385967e+03 2.282540000000000000e+19 6.213722005486488342e-02 1.613673195242881775e-02
5.897481525156170392e+03 -4.086167585903339841e+03 4.533061627225426491e+03 2.282740000000000000e+19 -8.177170157432556152e-02 -5.656119436025619507e-02
5.910192015442908996e+03 -4.075033332247858198e+03 4.526525740292493538e+03 2.282940000000000000e+19 1.107743531465530396e-01 -7.331106346100568771e-03
5.922874231379068988e+03 -4.063875093304885922e+03 4.519975847407699803e+03 2.283140000000000000e+19 2.377693355083465576e-02 -3.095067478716373444e-02
5.935528111961491049e+03 -4.052692922746655768e+03 4.513411980076702093e+03 2.283340000000000000e+19 -1.977566257119178772e-02 -3.893944621086120605e-02
5.948153596808877410e+03 -4.041486873932771687e+03 4.506834169621288311e+03 2.283540000000000000e+19 4.440810158848762512e-02 4.610719904303550720e-02
5.959702324310635959e+03 -4.031194034747862588e+03 4.500792465089813049e+03 2.283740000000000000e+19 5.629620701074600220e-02 1.488645374774932861e-01
5.998370372050530932e+03 -3.996424970763405327e+03 4.480384127352479481e+03 2.283940000000000000e+19 5.637530703097581863e-03 -5.635800957679748535e-02
6.010852974266880665e+03 -3.985100337699203919e+03 4.473737074983611819e+03 2.284140000000000000e+19 -6.987475603818893433e-02 -7.701492309570312500e-02
6.023306820436827365e+03 -3.973752149701583221e+03 4.467076269271326055e+03 2.284340000000000000e+19 -4.585654661059379578e-02 3.223973512649536133e-02
6.035731850569212838e+03 -3.962380461435737743e+03 4.460401742301306513e+03 2.284540000000000000e+19 -9.076735004782676697e-03 1.085817813873291016e-01
6.048128005504108842e+03 -3.950985327046370912e+03 4.453713525853402643e+03 2.284740000000000000e+19 -1.637614518404006958e-01 6.460904330015182495e-02
6.060495225829998162e+03 -3.939566801146614580e+03 4.447011651982059448e+03 2.284940000000000000e+19 -7.268031686544418335e-02 -3.297977894544601440e-02
6.072833452188583578e+03 -3.928124938541799111e+03 4.440296152854183674e+03 2.285140000000000000e+19 -2.348252758383750916e-02 -5.148870870471000671e-03
6.084118342895781097e+03 -3.917616406258510324e+03 4.434128509305981424e+03 2.285340000000000000e+19 -2.425867877900600433e-02 2.366370894014835358e-02
5.998370372050530932e+03 -3.996424970763405327e+03 4.480384127352479481e+03 2.285540000000000000e+19 7.583330571651458740e-02 6.409785151481628418e-02
6.010852974266880665e+03 -3.985100337699203919e+03 4.473737074983611819e+03 2.285740000000000000e+19 1.354710664600133896e-02 1.043385937809944153e-01
6.023306820436827365e+03 -3.973752149701583221e+03 4.467076269271326055e+03 2.285940000000000000e+19 3.214787319302558899e-02 -2.996661514043807983e-02
6.035731850569212838e+03 -3.962380461435737743e+03 4.460401742301306513e+03 2.286140000000000000e+19 -2.980272844433784485e-02 -2.450256049633026123e-02
6.048128005504108842e+03 -3.950985327046370912e+03 4.453713525853402643e+03 2.286340000000000000e+19 -1.542604714632034302e-01 -1.140290033072233200e-02
6.060495225829998162e+03 -3.939566801146614580e+03 4.447011651982059448e+03 2.286540000000000000e+19 -8.369079977273941040e-02 1.236710771918296814e-01
6.072833452188583578e+03 -3.928124938541799111e+03 4.440296152854183674e+03 2.286740000000000000e+19 -1.137353107333183289e-01 2.865293808281421661e-02
6.084118342895781097e+03 -3.917616406258510324e+03 4.434128509305981424e+03 2.286940000000000000e+19 -7.975204288959503174e-02 1.192940212786197662e-02
6.121895240512317287e+03 -3.882125216587008708e+03 4.413298546756226642e+03 2.287140000000000000e+19 -1.154249627143144608e-02 1.690321601927280426e-02
6.134087614840613242e+03 -3.870567493372502668e+03 4.406515404327709803e+03 2.287340000000000000e+19 6.729807704687118530e-02 -8.521764725446701050e-02
6.146250643010393105e+03 -3.858986763667455762e+03 4.399718830448326116e+03 2.287540000000000000e+19 6.777746975421905518e-02 6.043742969632148743e-02
6.158384267109392567e+03 -3.847383082612026556e+03 4.392908857479110338e+03 2.287740000000000000e+19 1.241481676697731018e-02 -2.749258419498801231e-03
6.170488428731161548e+03 -3.835756506061652544e+03 4.386085518200543447e+03 2.287940000000000000e+19 -4.750129953026771545e-02 -5.228848010301589966e-02
6.182563070285574213e+03 -3.824107089334418561e+03 4.379248845077286205e+03 2.288140000000000000e+19 -2.063377574086189270e-02 3.340641409158706665e-02
6.194608133650527634e+03 -3.812434888505893923e+03 4.372398871018450336e+03 2.288340000000000000e+19 1.102264150977134705e-01 -6.006160378456115723e-02
6.205623787164294299e+03 -3.801715692003760978e+03 4.366108239993788629e+03 2.288540000000000000e+19 -3.586341626942157745e-03 -8.694986999034881592e-02
6.121895240512317287e+03 -3.882125216587008708e+03 4.413298546756226642e+03 2.288740000000000000e+19 -2.475452236831188202e-02 -6.662536412477493286e-02
6.134087614840613242e+03 -3.870567493372502668e+03 4.406515404327709803e+03 2.288940000000000000e+19 -7.967200130224227905e-03 -1.939625071827322245e-04
6.146250643010393105e+03 -3.858986763667455762e+03 4.399718830448326116e+03 2.289140000000000000e+19 -1.506051886826753616e-02 1.660947874188423157e-02
6.158384267109392567e+03 -3.847383082612026556e+03 4.392908857479110338e+03 2.289340000000000000e+19 5.741737037897109985e-02 8.083427697420120239e-02
6.170488428731161548e+03 -3.835756506061652544e+03 4.386085518200543447e+03 2.289540000000000000e+19 -1.677274517714977264e-02 1.665396615862846375e-02
6.182563070285574213e+03 -3.824107089334418561e+03 4.379248845077286205e+03 2.289740000000000000e+19 2.175367437303066254e-02 -8.147193491458892822e-02
6.194608133650527634e+03 -3.812434888505893923e+03 4.372398871018450336e+03 2.289940000000000000e+19 5.769219249486923218e-02 9.227541834115982056e-02
6.205623787164294299e+03 -3.801715692003760978e+03 4.366108239993788629e+03 2.290140000000000000e+19 -5.303005501627922058e-02 -5.803857371211051941e-02
6.242491456513516823e+03 -3.765519361018997643e+03 4.344866620854562825e+03 2.290340000000000000e+19 3.455746173858642578e-02 -2.621626667678356171e-02
6.254387768029256222e+03 -3.753734078863163177e+03 4.337950634594105395e+03 2.290540000000000000e+19 -1.060479189618490636e-04 -3.199487552046775818e-02
6.266254157707563536e+03 -3.741926349313022456e+03 4.331021544993765929e+03 2.290740000000000000e+19 7.009171694517135620e-02 -1.150429132394492626e-03
6.278090568965352759e+03 -3.730096228671372501e+03 4.324079385093538804e+03 2.290940000000000000e+19 -6.990619003772735596e-02 1.159934420138597488e-02
6.289896945073802272e+03 -3.718243773636137576e+03 4.317124188164962106e+03 2.291140000000000000e+19 2.750843763351440430e-03 -1.331435609608888626e-02
6.301673229325528155e+03 -3.706369041136750639e+03 4.310155987615093181e+03 2.291340000000000000e+19 -9.596359729766845703e-02 3.693416342139244080e-02
6.313419365690821905e+03 -3.694472087671942063e+03 4.303174816597913377e+03 2.291540000000000000e+19 -1.206906512379646301e-01 7.498328387737274170e-02
6.324160508596764885e+03 -3.683547358537693981e+03 4.296764209603887139e+03 2.291740000000000000e+19 7.006831467151641846e-02 3.533040732145309448e-02
6.242491456513516823e+03 -3.765519361018997643e+03 4.344866620854562825e+03 2.291940000000000000e+19 -1.457237917929887772e-02 -6.910336017608642578e-02
6.254387768029256222e+03 -3.753734078863163177e+03 4.337950634594105395e+03 2.292140000000000000e+19 -1.556603051722049713e-02 -2.022682502865791321e-02
6.266254157707563536e+03 -3.741926349313022456e+03 4.331021544993765929e+03 2.292340000000000000e+19 4.830183461308479309e-02 -3.448284417390823364e-02
6.278090568965352759e+03 -3.730096228671372501e+03 4.324079385093538804e+03 2.292540000000000000e+19 -4.558929428458213806e-02 -4.820713773369789124e-03
6.289896945073802272e+03 -3.718243773636137576e+03 4.317124188164962106e+03 2.292740000000000000e+19 -9.654968976974487305e-02 -5.863472446799278259e-02
6.301673229325528155e+03 -3.706369041136750639e+03 4.310155987615093181e+03 2.292940000000000000e+19 2.385413274168968201e-02 8.295933157205581665e-02
6.313419365690821905e+03 -3.694472087671942063e+03 4.303174816597913377e+03 2.293140000000000000e+19 -6.990521680563688278e-03 -3.992616385221481323e-02
6.324160508596764885e+03 -3.683547358537693981e+03 4.296764209603887139e+03 2.293340000000000000e+19 -5.565118975937366486e-03 5.616433918476104736e-02
