# Baseline: 3-4
# u [m], v [m], w [m], frequency [GHz], real, imag
-2.370010843445672435e+03 -3.338390472999078156e+03 -2.803761444389297139e+03 2.267940000000000000e+19 4.902561008930206299e-02 -4.684697464108467102e-02
-2.366801895557908210e+03 -3.342854675209171546e+03 -2.801151904649375410e+03 2.268140000000000000e+19 -6.462549790740013123e-03 -1.384333372116088867e-01
-2.363581643218604313e+03 -3.347312815225524901e+03 -2.798545929259014429e+03 2.268340000000000000e+19 1.214524731040000916e-01 7.596732676029205322e-02
-2.360350101816708047e+03 -3.351764871743745971e+03 -2.795943530671541794e+03 2.268540000000000000e+19 -1.435457170009613037e-01 1.715482473373413086e-01
-2.357919398520300092e+03 -3.355100100340829158e+03 -2.793993974016457742e+03 2.268740000000000000e+19 5.120509862899780273e-02 -3.667608648538589478e-02
-2.353853213739716011e+03 -3.360650649089134731e+03 -2.790749513705837671e+03 2.268940000000000000e+19 -7.858401536941528320e-02 -4.488994181156158447e-02
-2.350587898225260233e+03 -3.365084327298631251e+03 -2.788157920238950737e+03 2.269140000000000000e+19 -1.931232661008834839e-01 -1.814115047454833984e-01
-2.346490921759846060e+03 -3.370617999160903310e+03 -2.784923382025414867e+03 2.269340000000000000e+19 2.127507030963897705e-01 -1.169663742184638977e-01
-2.370010843445672435e+03 -3.338390472999078156e+03 -2.803761444389297139e+03 2.269540000000000000e+19 -7.314831018447875977e-02 -7.145704329013824463e-02
-2.366801895557908210e+03 -3.342854675209171546e+03 -2.801151904649375410e+03 2.269740000000000000e+19 2.076818943023681641e-01 -4.322964698076248169e-02
-2.363581643218604313e+03 -3.347312815225524901e+03 -2.798545929259014429e+03 2.269940000000000000e+19 1.831665933132171631e-01 -1.599952578544616699e-02
-2.360350101816708047e+03 -3.351764871743745971e+03 -2.795943530671541794e+03 2.270140000000000000e+19 5.588986724615097046e-02 -3.683014959096908569e-02
-2.357919398520300092e+03 -3.355100100340829158e+03 -2.793993974016457742e+03 2.270340000000000000e+19 1.220120340585708618e-01 1.542143821716308594e-01
-2.353853213739716011e+03 -3.360650649089134731e+03 -2.790749513705837671e+03 2.270540000000000000e+19 -2.788694016635417938e-02 -2.907282672822475433e-02
-2.350587898225260233e+03 -3.365084327298631251e+03 -2.788157920238950737e+03 2.270740000000000000e+19 1.917878389358520508e-01 1.756622269749641418e-02
-2.346490921759846060e+03 -3.370617999160903310e+03 -2.784923382025414867e+03 2.270940000000000000e+19 5.468994751572608948e-02 2.246367931365966797e-02
-2.337414524440237983e+03 -3.382757142946973090e+03 -2.777827935290919868e+03 2.271140000000000000e+19 6.379512697458267212e-02 -1.611966043710708618e-01
-2.334093231878572624e+03 -3.387159766824055623e+03 -2.775254598088691182e+03 2.271340000000000000e+19 1.162271760404109955e-02 -8.136545866727828979e-02
-2.330760791424316267e+03 -3.391556116444491636e+03 -2.772684949191362648e+03 2.271540000000000000e+19 7.078625261783599854e-02 -1.134204119443893433e-01
-2.327417218979360769e+03 -3.395946170829816310e+03 -2.770119000860746837e+03 2.271740000000000000e+19 1.241661906242370605e-01 4.149749875068664551e-04
-2.324062530556845104e+03 -3.400329908955102383e+03 -2.767556765385720155e+03 2.271940000000000000e+19 -4.205700755119323730e-02 1.857830956578254700e-02
-2.320696742211402579e+03 -3.404707309840907783e+03 -2.764998255028467611e+03 2.272140000000000000e+19 1.351474523544311523e-01 -3.947945777326822281e-03
-2.317319870062696737e+03 -3.409078352522974455e+03 -2.762443482042199776e+03 2.272340000000000000e+19 2.883850224316120148e-02 1.307830214500427246e-01
-2.314214821596366619e+03 -3.413079619782866757e+03 -2.760104852516002666e+03 2.272540000000000000e+19 -3.468836098909378052e-02 -1.396829448640346527e-02
-2.337414524440237983e+03 -3.382757142946973090e+03 -2.777827935290919868e+03 2.272740000000000000e+19 -8.315133303403854370e-02 5.976158194243907928e-03
-2.334093231878572624e+03 -3.387159766824055623e+03 -2.775254598088691182e+03 2.272940000000000000e+19 -1.277363114058971405e-02 -2.662188187241554260e-02
-2.330760791424316267e+03 -3.391556116444491636e+03 -2.772684949191362648e+03 2.273140000000000000e+19 2.539537474513053894e-02 -1.106055304408073425e-01
-2.327417218979360769e+03 -3.395946170829816310e+03 -2.770119000860746837e+03 2.273340000000000000e+19 7.928459346294403076e-02 2.314388751983642578e-02
-2.324062530556845104e+03 -3.400329908955102383e+03 -2.767556765385720155e+03 2.273540000000000000e+19 9.600036591291427612e-02 -7.231906801462173462e-02
-2.320696742211402579e+03 -3.404707309840907783e+03 -2.764998255028467611e+03 2.273740000000000000e+19 -1.238114982843399048e-01 -1.075274404138326645e-02
-2.317319870062696737e+03 -3.409078352522974455e+03 -2.762443482042199776e+03 2.273940000000000000e+19 1.325096841901540756e-02 -1.785115152597427368e-02
-2.314214821596366619e+03 -3.413079619782866757e+03 -2.760104852516002666e+03 2.274140000000000000e+19 -5.439805984497070312e-02 -9.207666851580142975e-03
-2.303701867256948844e+03 -3.426498523542180919e+03 -2.752262007924610771e+03 2.274340000000000000e+19 7.053086906671524048e-02 1.577749103307723999e-02
-2.300269819515880499e+03 -3.430837462098723336e+03 -2.749726104794732237e+03 2.274540000000000000e+19 -1.313139945268630981e-01 -9.207713603973388672e-02
-2.296826785681918864e+03 -3.435169917460043507e+03 -2.747194012088864838e+03 2.274740000000000000e+19 -1.304963417351245880e-02 2.133796177804470062e-02
-2.293372782292490683e+03 -3.439495868816697111e+03 -2.744665741969024111e+03 2.274940000000000000e+19 -5.971845705062150955e-03 -6.338591873645782471e-02
-2.289907825805218181e+03 -3.443815295556121782e+03 -2.742141306482058553e+03 2.275140000000000000e+19 1.180415675044059753e-01 8.934600651264190674e-02
-2.286431932911208150e+03 -3.448128176871338837e+03 -2.739620717788336151e+03 2.275340000000000000e+19 6.742461770772933960e-02 -1.152900606393814087e-01
-2.282945120160647548e+03 -3.452434492227303963e+03 -2.737103987889194741e+03 2.275540000000000000e+19 7.337979972362518311e-02 -1.036774218082427979e-01
-2.279739435273995241e+03 -3.456376246383293619e+03 -2.734800336231094207e+03 2.275740000000000000e+19 8.007103204727172852e-02 2.944414317607879639e-02
-2.303701867256948844e+03 -3.426498523542180919e+03 -2.752262007924610771e+03 2.275940000000000000e+19 -4.161894693970680237e-02 -9.050820022821426392e-02
-2.300269819515880499e+03 -3.430837462098723336e+03 -2.749726104794732237e+03 2.276140000000000000e+19 -6.471085548400878906e-02 -1.416964679956436157e-01
-2.296826785681918864e+03 -3.435169917460043507e+03 -2.747194012088864838e+03 2.276340000000000000e+19 4.396245256066322327e-02 -8.206728100776672363e-02
-2.293372782292490683e+03 -3.439495868816697111e+03 -2.744665741969024111e+03 2.276540000000000000e+19 -8.671777695417404175e-02 3.254096955060958862e-02
-2.289907825805218181e+03 -3.443815295556121782e+03 -2.742141306482058553e+03 2.276740000000000000e+19 -3.214277327060699463e-02 -5.482434108853340149e-02
-2.286431932911208150e+03 -3.448128176871338837e+03 -2.739620717788336151e+03 2.276940000000000000e+19 9.329399466514587402e-02 -2.723642438650131226e-02
-2.282945120160647548e+03 -3.452434492227303963e+03 -2.737103987889194741e+03 2.277140000000000000e+19 7.409270107746124268e-02 1.048047468066215515e-02
-2.279739435273995241e+03 -3.456376246383293619e+03 -2.734800336231094207e+03 2.277340000000000000e+19 -6.604353431612253189e-03 -4.593740776181221008e-02
-2.268889005357072165e+03 -3.469593682053824978e+03 -2.727075897023647940e+03 2.277540000000000000e+19 3.995782881975173950e-02 -9.968772530555725098e-02
-2.265347844779726529e+03 -3.473866858976740332e+03 -2.724578641471041010e+03 2.277740000000000000e+19 4.442328214645385742e-02 -3.257954865694046021e-02
-2.261795865310196859e+03 -3.478133346687237008e+03 -2.722085316743958629e+03 2.277940000000000000e+19 6.971299648284912109e-02 -7.991816103458404541e-02
-2.258233083860729039e+03 -3.482393124871034615e+03 -2.719595934714000578e+03 2.278140000000000000e+19 -7.562566548585891724e-02 3.702206537127494812e-02
-2.254659517581160344e+03 -3.486646173023273604e+03 -2.717110507364036948e+03 2.278340000000000000e+19 3.519583493471145630e-02 -7.088132202625274658e-02
-2.251075183474089499e+03 -3.490892470908493578e+03 -2.714629046519402891e+03 2.278540000000000000e+19 -8.726800978183746338e-02 -2.054905332624912262e-02
-2.247480098793089837e+03 -3.495131998086713793e+03 -2.712151564124847482e+03 2.278740000000000000e+19 1.829424500465393066e-02 9.619730710983276367e-02
-2.244175311457545831e+03 -3.499012352949391698e+03 -2.709883992666074846e+03 2.278940000000000000e+19 -3.242222964763641357e-02 -1.982696726918220520e-02
-2.268889005357072165e+03 -3.469593682053824978e+03 -2.727075897023647940e+03 2.279140000000000000e+19 8.446478843688964844e-02 -2.971999533474445343e-02
-2.265347844779726529e+03 -3.473866858976740332e+03 -2.724578641471041010e+03 2.279340000000000000e+19 7.946839183568954468e-02 -1.221002116799354553e-01
-2.261795865310196859e+03 -3.478133346687237008e+03 -2.722085316743958629e+03 2.279540000000000000e+19 7.408487796783447266e-02 -9.431964904069900513e-02
-2.258233083860729039e+03 -3.482393124871034615e+03 -2.719595934714000578e+03 2.279740000000000000e+19 5.882637202739715576e-02 -6.934244185686111450e-02
-2.254659517581160344e+03 -3.486646173023273604e+03 -2.717110507364036948e+03 2.279940000000000000e+19 1.446336973458528519e-02 3.553795441985130310e-02
-2.251075183474089499e+03 -3.490892470908493578e+03 -2.714629046519402891e+03 2.280140000000000000e+19 2.524817734956741333e-02 -1.695316657423973083e-02
-2.247480098793089837e+03 -3.495131998086713793e+03 -2.712151564124847482e+03 2.280340000000000000e+19 -1.359641458839178085e-02 -5.976389348506927490e-02
-2.244175311457545831e+03 -3.499012352949391698e+03 -2.709883992666074846e+03 2.280540000000000000e+19 -3.958611562848091125e-02 4.294715076684951782e-02
-2.233599658756145800e+03 -3.511320431445436952e+03 -2.702691617151981973e+03 2.280740000000000000e+19 1.770071238279342651e-01 -1.001811102032661438e-01
-2.229952856157671249e+03 -3.515526948434329825e+03 -2.700233530539839194e+03 2.280940000000000000e+19 -3.414300456643104553e-02 2.289031445980072021e-01
-2.226295404008526475e+03 -3.519726576895835024e+03 -2.697779491227755443e+03 2.281140000000000000e+19 5.880272015929222107e-02 -9.890293329954147339e-02
-2.222627319876155525e+03 -3.523919296658589701e+03 -2.695329511002790696e+03 2.281340000000000000e+19 -5.016528442502021790e-02 2.126877605915069580e-01
-2.218948621212963644e+03 -3.528105087774231833e+03 -2.692883601521586115e+03 2.281540000000000000e+19 1.114312335848808289e-01 -8.633731305599212646e-02
-2.215259325713834642e+03 -3.532283930108546883e+03 -2.690441774549279216e+03 2.281740000000000000e+19 -2.684303373098373413e-02 1.697363704442977905e-01
-2.211559450983573242e+03 -3.536455803721037682e+03 -2.688004041737708576e+03 2.281940000000000000e+19 1.189162284135818481e-01 -2.693774104118347168e-01
-2.208158755003401893e+03 -3.540273971484291906e+03 -2.685773007513595076e+03 2.282140000000000000e+19 1.129678934812545776e-01 2.177194058895111084e-01
-2.233599658756145800e+03 -3.511320431445436952e+03 -2.702691617151981973e+03 2.282340000000000000e+19 7.425981014966964722e-02 -2.614960968494415283e-01
-2.229952856157671249e+03 -3.515526948434329825e+03 -2.700233530539839194e+03 2.282540000000000000e+19 -2.960007113870233297e-04 9.422105550765991211e-02
-2.226295404008526475e+03 -3.519726576895835024e+03 -2.697779491227755443e+03 2.282740000000000000e+19 -2.251554280519485474e-01 1.149632409214973450e-02
-2.222627319876155525e+03 -3.523919296658589701e+03 -2.695329511002790696e+03 2.282940000000000000e+19 3.833668306469917297e-02 9.380602277815341949e-03
-2.218948621212963644e+03 -3.528105087774231833e+03 -2.692883601521586115e+03 2.283140000000000000e+19 -8.723412454128265381e-02 -1.243424192070960999e-01
-2.215259325713834642e+03 -3.532283930108546883e+03 -2.690441774549279216e+03 2.283340000000000000e+19 1.192048117518424988e-01 -1.379278600215911865e-01
-2.211559450983573242e+03 -3.536455803721037682e+03 -2.688004041737708576e+03 2.283540000000000000e+19 -8.629319816827774048e-02 1.533574331551790237e-02
-2.208158755003401893e+03 -3.540273971484291906e+03 -2.685773007513595076e+03 2.283740000000000000e+19 -1.502404361963272095e-02 -3.209877014160156250e-02
-2.196654514756775825e+03 -3.553073212013871398e+03 -2.678294285207151461e+03 2.283940000000000000e+19 -1.499269739724695683e-03 8.613494783639907837e-02
-2.192902010583482934e+03 -3.557209943089211720e+03 -2.675877197868255280e+03 2.284140000000000000e+19 -4.740933421999216080e-03 -6.080618500709533691e-02
-2.189139034122862540e+03 -3.561339586210864127e+03 -2.673464274358661442e+03 2.284340000000000000e+19 5.003650113940238953e-02 1.254500597715377808e-01
-2.185365603501498754e+03 -3.565462121485996704e+03 -2.671055526301612190e+03 2.284540000000000000e+19 -1.931347139179706573e-02 -1.566553562879562378e-01
-2.181581736686055592e+03 -3.569577529285747460e+03 -2.668650965166000333e+03 2.284740000000000000e+19 -1.038483530282974243e-02 -3.395317494869232178e-02
-2.177787451811324445e+03 -3.573685789886076236e+03 -2.666250602476228778e+03 2.284940000000000000e+19 2.358991280198097229e-02 5.377994850277900696e-02
-2.173982767088697983e+03 -3.577786883568742269e+03 -2.663854449753200242e+03 2.285140000000000000e+19 2.120756311342120171e-03 -4.065028205513954163e-02
-2.170486150919760348e+03 -3.581539998510709665e+03 -2.661661630652749864e+03 2.285340000000000000e+19 2.828023768961429596e-02 1.310980618000030518e-01
-2.196654514756775825e+03 -3.553073212013871398e+03 -2.678294285207151461e+03 2.285540000000000000e+19 -1.468765735626220703e-01 1.342331767082214355e-01
-2.192902010583482934e+03 -3.557209943089211720e+03 -2.675877197868255280e+03 2.285740000000000000e+19 -8.889312855899333954e-03 -2.880220673978328705e-02
-2.189139034122862540e+03 -3.561339586210864127e+03 -2.673464274358661442e+03 2.285940000000000000e+19 1.133098453283309937e-02 -5.267641507089138031e-03
-2.185365603501498754e+03 -3.565462121485996704e+03 -2.671055526301612190e+03 2.286140000000000000e+19 -1.449295226484537125e-02 -1.213442254811525345e-02
-2.181581736686055592e+03 -3.569577529285747460e+03 -2.668650965166000333e+03 2.286340000000000000e+19 -2.991469763219356537e-02 -3.683819249272346497e-02
-2.177787451811324445e+03 -3.573685789886076236e+03 -2.666250602476228778e+03 2.286540000000000000e+19 -8.857417851686477661e-02 5.094194039702415466e-02
-2.173982767088697983e+03 -3.577786883568742269e+03 -2.663854449753200242e+03 2.286740000000000000e+19 -1.150452159345149994e-02 -1.640223897993564606e-02
-2.170486150919760348e+03 -3.581539998510709665e+03 -2.661661630652749864e+03 2.286940000000000000e+19 -4.946300759911537170e-02 4.801854083780199289e-04
-2.158660394193539105e+03 -3.594119197576982970e+03 -2.654312167295721338e+03 2.287140000000000000e+19 1.270787268877029419e-01 -8.767481148242950439e-02
-2.154803984122910606e+03 -3.598184163202689433e+03 -2.651937235869450433e+03 2.287340000000000000e+19 4.094517603516578674e-02 4.708835482597351074e-02
-2.150937284198100315e+03 -3.602241844668528302e+03 -2.649566582909517365e+03 2.287540000000000000e+19 1.094036456197500229e-02 -6.787954270839691162e-02
-2.147060312829925806e+03 -3.606292222654476518e+03 -2.647200219703404400e+03 2.287740000000000000e+19 -2.992712520062923431e-02 -9.118377417325973511e-02
-2.143173088680557157e+03 -3.610335277663615216e+03 -2.644838157641835551e+03 2.287940000000000000e+19 -4.068868234753608704e-02 -8.623465150594711304e-02
-2.139275630245066168e+03 -3.614370990459523455e+03 -2.642480407963205835e+03 2.288140000000000000e+19 8.486889302730560303e-02 1.287900954484939575e-01
-2.135367956284213051e+03 -3.618399341616027868e+03 -2.640126982016717648e+03 2.288340000000000000e+19 -7.291013002395629883e-02 5.783712491393089294e-02
-2.131777093239621991e+03 -3.622085607677065582e+03 -2.637973427416070535e+03 2.288540000000000000e+19 1.219330057501792908e-01 3.521750122308731079e-02
-2.158660394193539105e+03 -3.594119197576982970e+03 -2.654312167295721338e+03 2.288740000000000000e+19 1.173801440745592117e-02 5.794483795762062073e-02
-2.154803984122910606e+03 -3.598184163202689433e+03 -2.651937235869450433e+03 2.288940000000000000e+19 9.824128448963165283e-02 -6.572690606117248535e-02
-2.150937284198100315e+03 -3.602241844668528302e+03 -2.649566582909517365e+03 2.289140000000000000e+19 1.602282933890819550e-02 1.094296798110008240e-01
-2.147060312829925806e+03 -3.606292222654476518e+03 -2.647200219703404400e+03 2.289340000000000000e+19 -6.278479122556746006e-04 4.500389099121093750e-02
-2.143173088680557157e+03 -3.610335277663615216e+03 -2.644838157641835551e+03 2.289540000000000000e+19 8.101209998130798340e-02 -6.097684055566787720e-02
-2.139275630245066168e+03 -3.614370990459523455e+03 -2.642480407963205835e+03 2.289740000000000000e+19 -2.405549958348274231e-02 7.697393000125885010e-02
-2.135367956284213051e+03 -3.618399341616027868e+03 -2.640126982016717648e+03 2.289940000000000000e+19 3.819369152188301086e-02 -5.332473292946815491e-02
-2.131777093239621991e+03 -3.622085607677065582e+03 -2.637973427416070535e+03 2.290140000000000000e+19 2.744454331696033478e-02 -1.262699812650680542e-01
-2.119635479273908913e+03 -3.634438745493996976e+03 -2.630756740096021986e+03 2.290340000000000000e+19 5.165032669901847839e-02 -5.068536847829818726e-02
-2.115677008878345532e+03 -3.638430000290891712e+03 -2.628425101156968594e+03 2.290540000000000000e+19 -7.956628501415252686e-02 5.025611072778701782e-02
-2.111708435867703884e+03 -3.642413778336824180e+03 -2.626097853198302346e+03 2.290740000000000000e+19 9.884323924779891968e-02 -9.127860516309738159e-02
-2.107729779165301807e+03 -3.646390060635766531e+03 -2.623775007317131895e+03 2.290940000000000000e+19 -1.114801988005638123e-01 -2.811312302947044373e-02
-2.103741057839509267e+03 -3.650358828130460552e+03 -2.621456574646223544e+03 2.291140000000000000e+19 -2.765373140573501587e-02 7.629824802279472351e-03
-2.099742291048895822e+03 -3.654320061758409793e+03 -2.619142566321289905e+03 2.291340000000000000e+19 8.179354481399059296e-03 -1.043503805994987488e-01
-2.095733497819197510e+03 -3.658273742672642129e+03 -2.616832993352033554e+03 2.291540000000000000e+19 -1.558829993009567261e-01 3.409847617149353027e-02
-2.092050106952582610e+03 -3.661891395157363149e+03 -2.614719734203114967e+03 2.291740000000000000e+19 -3.398925065994262695e-02 4.234457761049270630e-02
-2.119635479273908913e+03 -3.634438745493996976e+03 -2.630756740096021986e+03 2.291940000000000000e+19 1.186871808022260666e-02 4.340463876724243164e-02
-2.115677008878345532e+03 -3.638430000290891712e+03 -2.628425101156968594e+03 2.292140000000000000e+19 -4.214217513799667358e-02 5.565780401229858398e-02
-2.111708435867703884e+03 -3.642413778336824180e+03 -2.626097853198302346e+03 2.292340000000000000e+19 -9.379535913467407227e-02 -3.417509421706199646e-02
-2.107729779165301807e+03 -3.646390060635766531e+03 -2.623775007317131895e+03 2.292540000000000000e+19 5.692663416266441345e-02 1.263005286455154419e-01
-2.103741057839509267e+03 -3.650358828130460552e+03 -2.621456574646223544e+03 2.292740000000000000e+19 6.165309250354766846e-02 -1.756160892546176910e-02
-2.099742291048895822e+03 -3.654320061758409793e+03 -2.619142566321289905e+03 2.292940000000000000e+19 9.179193526506423950e-03 -5.067863315343856812e-02
-2.095733497819197510e+03 -3.658273742672642129e+03 -2.616832993352033554e+03 2.293140000000000000e+19 4.434219002723693848e-02 1.932088471949100494e-02
-2.092050106952582610e+03 -3.661891395157363149e+03 -2.614719734203114967e+03 2.293340000000000000e+19 1.049152109771966934e-02 -1.153951659798622131e-01
