# Baseline: 9-13
# Entries: 128
# u [m], v [m], w [m], frequency [GHz], real, imag, std(real), std(imag)
3.365236519617438717e+03 -1.126325682878046564e+03 3.236435056903127588e+03 2.267940000000000111e+01 -1.693612546660006046e-03 -5.304940044879913330e-02 7.036887854337692261e-02 7.033103704452514648e-02
3.370932137792940466e+03 -1.119975316922337925e+03 3.232709400225888658e+03 2.268140000000000001e+01 3.229522332549095154e-02 4.801412671804428101e-02 7.036887854337692261e-02 7.033103704452514648e-02
3.376611635700520765e+03 -1.113614204430280779e+03 3.228977472788016712e+03 2.268340000000000245e+01 6.626007705926895142e-02 8.621600270271301270e-02 7.036887854337692261e-02 7.033103704452514648e-02
3.382274986199297473e+03 -1.107242375800274203e+03 3.225239292423602365e+03 2.268540000000000134e+01 -9.064416401088237762e-03 -4.618074744939804077e-02 7.036887854337692261e-02 7.033103704452514648e-02
3.386512392177690799e+03 -1.102456823345439034e+03 3.222431758812271255e+03 2.268740000000000023e+01 -1.090480387210845947e-02 -5.643041804432868958e-02 7.036887854337692261e-02 7.033103704452514648e-02
3.393553136633751365e+03 -1.094466692152580890e+03 3.217744244504492144e+03 2.268940000000000268e+01 -1.474653370678424835e-02 3.546844050288200378e-02 7.036887854337692261e-02 7.033103704452514648e-02
3.399167882477840976e+03 -1.088062898409795025e+03 3.213987412897658942e+03 2.269140000000000157e+01 -1.830676198005676270e-01 5.633342638611793518e-02 7.036887854337692261e-02 7.033103704452514648e-02
3.406164112582348935e+03 -1.080043689596867807e+03 3.209282932560306108e+03 2.269340000000000046e+01 2.028821259737014771e-01 -1.042807325720787048e-01 7.036887854337692261e-02 7.033103704452514648e-02
3.365236519617438717e+03 -1.126325682878046564e+03 3.236435056903127588e+03 2.269540000000000290e+01 3.605038300156593323e-02 -8.754943311214447021e-02 7.036887854337692261e-02 7.033103704452514648e-02
3.370932137792940466e+03 -1.119975316922337925e+03 3.232709400225888658e+03 2.269740000000000180e+01 -5.992275476455688477e-02 1.359436288475990295e-02 7.036887854337692261e-02 7.033103704452514648e-02
3.376611635700520765e+03 -1.113614204430280779e+03 3.228977472788016712e+03 2.269940000000000069e+01 4.546734690666198730e-02 1.734143681824207306e-02 7.036887854337692261e-02 7.033103704452514648e-02
3.382274986199297473e+03 -1.107242375800274203e+03 3.225239292423602365e+03 2.270140000000000313e+01 3.172368183732032776e-02 -8.513342589139938354e-02 7.036887854337692261e-02 7.033103704452514648e-02
3.386512392177690799e+03 -1.102456823345439034e+03 3.222431758812271255e+03 2.270340000000000202e+01 6.534944474697113037e-02 -2.370989136397838593e-02 7.036887854337692261e-02 7.033103704452514648e-02
3.393553136633751365e+03 -1.094466692152580890e+03 3.217744244504492144e+03 2.270540000000000092e+01 1.085141822695732117e-01 2.410587854683399200e-02 7.036887854337692261e-02 7.033103704452514648e-02
3.399167882477840976e+03 -1.088062898409795025e+03 3.213987412897658942e+03 2.270739999999999981e+01 1.023031994700431824e-01 -1.552329584956169128e-02 7.036887854337692261e-02 7.033103704452514648e-02
3.406164112582348935e+03 -1.080043689596867807e+03 3.209282932560306108e+03 2.270940000000000225e+01 -1.359658315777778625e-03 -7.939811795949935913e-02 7.036887854337692261e-02 7.033103704452514648e-02
3.421464044783508143e+03 -1.062342092061523090e+03 3.198898454799480078e+03 2.271140000000000114e+01 -1.208841800689697266e-01 3.281016275286674500e-02 7.036887854337692261e-02 7.033103704452514648e-02
3.426997246692595127e+03 -1.055885636518466754e+03 3.195110897634918729e+03 2.271340000000000003e+01 3.340238332748413086e-02 3.372669219970703125e-02 7.036887854337692261e-02 7.033103704452514648e-02
3.432514059983442166e+03 -1.049418741201144940e+03 3.191317249673174501e+03 2.271540000000000248e+01 6.408931314945220947e-02 -6.059404090046882629e-02 7.036887854337692261e-02 7.033103704452514648e-02
3.438014458331088463e+03 -1.042941436968456856e+03 3.187517529016881326e+03 2.271740000000000137e+01 3.200701996684074402e-02 -3.285910934209823608e-02 7.036887854337692261e-02 7.033103704452514648e-02
3.443498415392969946e+03 -1.036453754841671753e+03 3.183711753863767626e+03 2.271940000000000026e+01 -5.837650038301944733e-03 -6.464180350303649902e-02 7.036887854337692261e-02 7.033103704452514648e-02
3.448965904924279585e+03 -1.029955725869111347e+03 3.179899942427267433e+03 2.272140000000000271e+01 -1.596903242170810699e-02 -1.503867655992507935e-01 7.036887854337692261e-02 7.033103704452514648e-02
3.454416900740251549e+03 -1.023447381171423331e+03 3.176082112963084001e+03 2.272340000000000160e+01 6.824911385774612427e-02 -2.127817645668983459e-02 7.036887854337692261e-02 7.033103704452514648e-02
3.459399346036369479e+03 -1.017472493558454630e+03 3.172577241019391295e+03 2.272540000000000049e+01 1.543369982391595840e-02 -3.997408598661422729e-02 7.036887854337692261e-02 7.033103704452514648e-02
3.421464044783508143e+03 -1.062342092061523090e+03 3.198898454799480078e+03 2.272740000000000293e+01 -9.444636851549148560e-02 2.592991665005683899e-02 7.036887854337692261e-02 7.033103704452514648e-02
3.426997246692595127e+03 -1.055885636518466754e+03 3.195110897634918729e+03 2.272940000000000182e+01 -3.182416781783103943e-02 -5.389586836099624634e-02 7.036887854337692261e-02 7.033103704452514648e-02
3.432514059983442166e+03 -1.049418741201144940e+03 3.191317249673174501e+03 2.273140000000000072e+01 1.455875486135482788e-01 4.752267152070999146e-02 7.036887854337692261e-02 7.033103704452514648e-02
3.438014458331088463e+03 -1.042941436968456856e+03 3.187517529016881326e+03 2.273340000000000316e+01 -9.037098288536071777e-02 4.061746224761009216e-02 7.036887854337692261e-02 7.033103704452514648e-02
3.443498415392969946e+03 -1.036453754841671753e+03 3.183711753863767626e+03 2.273540000000000205e+01 -4.355882853269577026e-02 6.668716669082641602e-02 7.036887854337692261e-02 7.033103704452514648e-02
3.448965904924279585e+03 -1.029955725869111347e+03 3.179899942427267433e+03 2.273740000000000094e+01 -1.588160917162895203e-02 -8.770425617694854736e-02 7.036887854337692261e-02 7.033103704452514648e-02
3.454416900740251549e+03 -1.023447381171423331e+03 3.176082112963084001e+03 2.273939999999999984e+01 6.307639181613922119e-02 -7.399851921945810318e-03 7.036887854337692261e-02 7.033103704452514648e-02
3.459399346036369479e+03 -1.017472493558454630e+03 3.172577241019391295e+03 2.274140000000000228e+01 -4.329868406057357788e-02 6.909844279289245605e-02 7.036887854337692261e-02 7.033103704452514648e-02
3.476055426599688872e+03 -9.973114684481587346e+02 3.160750980469384103e+03 2.274340000000000117e+01 -8.343492448329925537e-02 1.048435345292091370e-01 7.036887854337692261e-02 7.033103704452514648e-02
3.481423564193261427e+03 -9.907520132252186613e+02 3.156903335453886484e+03 2.274540000000000006e+01 3.131693601608276367e-02 -1.018437221646308899e-01 7.036887854337692261e-02 7.033103704452514648e-02
3.486775052812939975e+03 -9.841824298047311004e+02 3.153049782413040248e+03 2.274740000000000251e+01 -5.814664438366889954e-02 4.742394015192985535e-02 7.036887854337692261e-02 7.033103704452514648e-02
3.492109866754731229e+03 -9.776027497414189611e+02 3.149190339856059836e+03 2.274940000000000140e+01 -3.409362584352493286e-02 -4.815530031919479370e-02 7.036887854337692261e-02 7.033103704452514648e-02
3.497427980598883096e+03 -9.710130043862676530e+02 3.145325026172501111e+03 2.275140000000000029e+01 6.275146454572677612e-02 1.967941643670201302e-03 7.036887854337692261e-02 7.033103704452514648e-02
3.502729368727786095e+03 -9.644132254827412680e+02 3.141453859981976166e+03 2.275340000000000273e+01 -5.796324834227561951e-02 7.967241108417510986e-02 7.036887854337692261e-02 7.033103704452514648e-02
3.508014005899984568e+03 -9.578034444549534783e+02 3.137576859716616127e+03 2.275540000000000163e+01 -3.015962615609169006e-02 -1.956335501745343208e-03 7.036887854337692261e-02 7.033103704452514648e-02
3.512843733585532391e+03 -9.517358456160256992e+02 3.134017907465980443e+03 2.275740000000000052e+01 4.898522794246673584e-02 1.806264072656631470e-01 7.036887854337692261e-02 7.033103704452514648e-02
3.476055426599688872e+03 -9.973114684481587346e+02 3.160750980469384103e+03 2.275940000000000296e+01 -1.242292523384094238e-01 9.144034981727600098e-02 7.036887854337692261e-02 7.033103704452514648e-02
3.481423564193261427e+03 -9.907520132252186613e+02 3.156903335453886484e+03 2.276140000000000185e+01 -3.252083808183670044e-02 1.937090046703815460e-02 7.036887854337692261e-02 7.033103704452514648e-02
3.486775052812939975e+03 -9.841824298047311004e+02 3.153049782413040248e+03 2.276340000000000074e+01 -7.844641804695129395e-02 3.183585405349731445e-02 7.036887854337692261e-02 7.033103704452514648e-02
3.492109866754731229e+03 -9.776027497414189611e+02 3.149190339856059836e+03 2.276540000000000319e+01 -3.958716616034507751e-02 -3.556162584573030472e-03 7.036887854337692261e-02 7.033103704452514648e-02
3.497427980598883096e+03 -9.710130043862676530e+02 3.145325026172501111e+03 2.276740000000000208e+01 7.513591647148132324e-02 1.200315728783607483e-02 7.036887854337692261e-02 7.033103704452514648e-02
3.502729368727786095e+03 -9.644132254827412680e+02 3.141453859981976166e+03 2.276940000000000097e+01 -3.568671643733978271e-02 3.683300688862800598e-02 7.036887854337692261e-02 7.033103704452514648e-02
3.508014005899984568e+03 -9.578034444549534783e+02 3.137576859716616127e+03 2.277139999999999986e+01 -5.945045873522758484e-02 9.288543835282325745e-03 7.036887854337692261e-02 7.033103704452514648e-02
3.512843733585532391e+03 -9.517358456160256992e+02 3.134017907465980443e+03 2.277340000000000231e+01 7.480858359485864639e-03 -7.650150358676910400e-02 7.036887854337692261e-02 7.033103704452514648e-02
3.528984540040604315e+03 -9.312649329296915539e+02 3.122010889679924730e+03 2.277540000000000120e+01 -1.598471030592918396e-02 -4.922137781977653503e-02 7.036887854337692261e-02 7.033103704452514648e-02
3.534185044507606108e+03 -9.246056169297519318e+02 3.118104998031773903e+03 2.277740000000000009e+01 -4.058794304728507996e-02 3.860851004719734192e-02 7.036887854337692261e-02 7.033103704452514648e-02
3.539368647388461341e+03 -9.179364894300989590e+02 3.114193384118265840e+03 2.277940000000000254e+01 -2.494018897414207458e-02 1.246002689003944397e-01 7.036887854337692261e-02 7.033103704452514648e-02
3.544535324002205471e+03 -9.112575821848371334e+02 3.110276066564003486e+03 2.278140000000000143e+01 5.645930767059326172e-02 -5.376178398728370667e-02 7.036887854337692261e-02 7.033103704452514648e-02
3.549685049478581277e+03 -9.045689273435875748e+02 3.106353064225413164e+03 2.278340000000000032e+01 -1.246033683419227600e-01 -3.263901546597480774e-02 7.036887854337692261e-02 7.033103704452514648e-02
3.554817799315880166e+03 -8.978705567301500423e+02 3.102424395767663555e+03 2.278540000000000276e+01 2.690557949244976044e-02 3.755073249340057373e-02 7.036887854337692261e-02 7.033103704452514648e-02
3.559933548807136503e+03 -8.911625025878236102e+02 3.098490080101817512e+03 2.278740000000000165e+01 2.892767637968063354e-02 -1.597156748175621033e-02 7.036887854337692261e-02 7.033103704452514648e-02
3.564608247787251457e+03 -8.850050959641379222e+02 3.094878750559358650e+03 2.278940000000000055e+01 8.908985182642936707e-03 7.854956388473510742e-02 7.036887854337692261e-02 7.033103704452514648e-02
3.528984540040604315e+03 -9.312649329296915539e+02 3.122010889679924730e+03 2.279140000000000299e+01 4.135555028915405273e-02 -1.897262409329414368e-02 7.036887854337692261e-02 7.033103704452514648e-02
3.534185044507606108e+03 -9.246056169297519318e+02 3.118104998031773903e+03 2.279340000000000188e+01 9.114797413349151611e-02 2.307455055415630341e-02 7.036887854337692261e-02 7.033103704452514648e-02
3.539368647388461341e+03 -9.179364894300989590e+02 3.114193384118265840e+03 2.279540000000000077e+01 2.955377101898193359e-02 4.508386552333831787e-02 7.036887854337692261e-02 7.033103704452514648e-02
3.544535324002205471e+03 -9.112575821848371334e+02 3.110276066564003486e+03 2.279739999999999966e+01 6.005093920975923538e-03 -3.705510869622230530e-02 7.036887854337692261e-02 7.033103704452514648e-02
3.549685049478581277e+03 -9.045689273435875748e+02 3.106353064225413164e+03 2.279940000000000211e+01 5.153028666973114014e-02 -1.594162918627262115e-02 7.036887854337692261e-02 7.033103704452514648e-02
3.554817799315880166e+03 -8.978705567301500423e+02 3.102424395767663555e+03 2.280140000000000100e+01 4.295567050576210022e-02 -3.972174227237701416e-02 7.036887854337692261e-02 7.033103704452514648e-02
3.559933548807136503e+03 -8.911625025878236102e+02 3.098490080101817512e+03 2.280339999999999989e+01 4.105198755860328674e-02 9.848164767026901245e-02 7.036887854337692261e-02 7.033103704452514648e-02
3.564608247787251457e+03 -8.850050959641379222e+02 3.094878750559358650e+03 2.280540000000000234e+01 -7.568398118019104004e-02 -3.072634525597095490e-02 7.036887854337692261e-02 7.033103704452514648e-02
3.579385993350444551e+03 -8.653591657538671598e+02 3.083356560516909667e+03 2.280740000000000123e+01 -4.603394120931625366e-02 1.277364194393157959e-01 7.036887854337692261e-02 7.033103704452514648e-02
3.584419231233687242e+03 -8.586047607604349423e+02 3.079395215621401348e+03 2.280940000000000012e+01 3.679322823882102966e-02 -1.856990903615951538e-01 7.036887854337692261e-02 7.033103704452514648e-02
3.589435327195285026e+03 -8.518408600370562453e+02 3.075428333660912358e+03 2.281140000000000256e+01 1.072550490498542786e-01 5.834669992327690125e-02 7.036887854337692261e-02 7.033103704452514648e-02
3.594434257142412662e+03 -8.450674960719056799e+02 3.071455933689058838e+03 2.281340000000000146e+01 3.527916560415178537e-04 -2.247524708509445190e-01 7.036887854337692261e-02 7.033103704452514648e-02
3.599415997290997893e+03 -8.382847010919072090e+02 3.067478034606094297e+03 2.281540000000000035e+01 -6.824689358472824097e-02 -2.061555832624435425e-01 7.036887854337692261e-02 7.033103704452514648e-02
3.604380523678152258e+03 -8.314925077230249144e+02 3.063494655546139711e+03 2.281740000000000279e+01 1.128766089677810669e-01 1.503604948520660400e-01 7.036887854337692261e-02 7.033103704452514648e-02
3.609327812614461891e+03 -8.246909483764669631e+02 3.059505815517219162e+03 2.281940000000000168e+01 -2.130420953035354614e-01 1.376340836286544800e-01 7.036887854337692261e-02 7.033103704452514648e-02
3.613847884612727739e+03 -8.184481042084569253e+02 3.055844666919000247e+03 2.282140000000000057e+01 5.785094946622848511e-02 -3.441089093685150146e-01 7.036887854337692261e-02 7.033103704452514648e-02
3.579385993350444551e+03 -8.653591657538671598e+02 3.083356560516909667e+03 2.282340000000000302e+01 5.985987186431884766e-02 1.965172588825225830e-02 7.036887854337692261e-02 7.033103704452514648e-02
3.584419231233687242e+03 -8.586047607604349423e+02 3.079395215621401348e+03 2.282540000000000191e+01 8.368958369828760624e-04 -2.200223356485366821e-01 7.036887854337692261e-02 7.033103704452514648e-02
3.589435327195285026e+03 -8.518408600370562453e+02 3.075428333660912358e+03 2.282740000000000080e+01 -6.934898346662521362e-02 5.489754304289817810e-02 7.036887854337692261e-02 7.033103704452514648e-02
3.594434257142412662e+03 -8.450674960719056799e+02 3.071455933689058838e+03 2.282939999999999969e+01 6.486425548791885376e-02 5.203089863061904907e-02 7.036887854337692261e-02 7.033103704452514648e-02
3.599415997290997893e+03 -8.382847010919072090e+02 3.067478034606094297e+03 2.283140000000000214e+01 -1.262972354888916016e-01 -2.612259238958358765e-02 7.036887854337692261e-02 7.033103704452514648e-02
3.604380523678152258e+03 -8.314925077230249144e+02 3.063494655546139711e+03 2.283340000000000103e+01 -5.233680084347724915e-02 -5.652185156941413879e-02 7.036887854337692261e-02 7.033103704452514648e-02
3.609327812614461891e+03 -8.246909483764669631e+02 3.059505815517219162e+03 2.283539999999999992e+01 -2.593975141644477844e-02 1.312660574913024902e-01 7.036887854337692261e-02 7.033103704452514648e-02
3.613847884612727739e+03 -8.184481042084569253e+02 3.055844666919000247e+03 2.283740000000000236e+01 1.306769400835037231e-01 1.437059938907623291e-01 7.036887854337692261e-02 7.033103704452514648e-02
3.628944121406663726e+03 -7.973917031047756154e+02 3.043496228017649173e+03 2.283940000000000126e+01 -8.460685610771179199e-02 -2.118490822613239288e-02 7.036887854337692261e-02 7.033103704452514648e-02
3.633804869459359907e+03 -7.905438032079739514e+02 3.039480370118006249e+03 2.284140000000000015e+01 6.028589978814125061e-02 1.128662005066871643e-01 7.036887854337692261e-02 7.033103704452514648e-02
3.638648239311560246e+03 -7.836867332077124502e+02 3.035459166119479050e+03 2.284340000000000259e+01 -7.184820622205734253e-02 3.019702993333339691e-02 7.036887854337692261e-02 7.033103704452514648e-02
3.643474207632379148e+03 -7.768205261350832416e+02 3.031432635392550765e+03 2.284540000000000148e+01 2.452217414975166321e-02 -4.036140814423561096e-02 7.036887854337692261e-02 7.033103704452514648e-02
3.648282751443701727e+03 -7.699452146825640284e+02 3.027400797108988627e+03 2.284740000000000038e+01 1.038104966282844543e-01 9.386909753084182739e-02 7.036887854337692261e-02 7.033103704452514648e-02
3.653073847699344242e+03 -7.630608318013428288e+02 3.023363670592119433e+03 2.284940000000000282e+01 1.746508926153182983e-01 1.163388714194297791e-01 7.036887854337692261e-02 7.033103704452514648e-02
3.657847473403786353e+03 -7.561674105342516441e+02 3.019321275218865139e+03 2.285140000000000171e+01 -6.022140011191368103e-02 8.922486007213592529e-02 7.036887854337692261e-02 7.033103704452514648e-02
3.662208153092702105e+03 -7.498406434376385050e+02 3.015611200670479775e+03 2.285340000000000060e+01 -1.044313423335552216e-02 -8.115996606647968292e-03 7.036887854337692261e-02 7.033103704452514648e-02
3.628944121406663726e+03 -7.973917031047756154e+02 3.043496228017649173e+03 2.285540000000000305e+01 -8.980351686477661133e-02 -1.594542525708675385e-02 7.036887854337692261e-02 7.033103704452514648e-02
3.633804869459359907e+03 -7.905438032079739514e+02 3.039480370118006249e+03 2.285740000000000194e+01 5.530768260359764099e-02 9.415207803249359131e-02 7.036887854337692261e-02 7.033103704452514648e-02
3.638648239311560246e+03 -7.836867332077124502e+02 3.035459166119479050e+03 2.285940000000000083e+01 -1.101855305023491383e-03 9.666197001934051514e-02 7.036887854337692261e-02 7.033103704452514648e-02
3.643474207632379148e+03 -7.768205261350832416e+02 3.031432635392550765e+03 2.286139999999999972e+01 8.054395020008087158e-02 -3.185960464179515839e-03 7.036887854337692261e-02 7.033103704452514648e-02
3.648282751443701727e+03 -7.699452146825640284e+02 3.027400797108988627e+03 2.286340000000000217e+01 -3.702198714017868042e-02 4.437506943941116333e-02 7.036887854337692261e-02 7.033103704452514648e-02
3.653073847699344242e+03 -7.630608318013428288e+02 3.023363670592119433e+03 2.286540000000000106e+01 -2.522832527756690979e-02 4.127494990825653076e-02 7.036887854337692261e-02 7.033103704452514648e-02
3.657847473403786353e+03 -7.561674105342516441e+02 3.019321275218865139e+03 2.286739999999999995e+01 -1.918914169073104858e-01 -2.009853720664978027e-02 7.036887854337692261e-02 7.033103704452514648e-02
3.662208153092702105e+03 -7.498406434376385050e+02 3.015611200670479775e+03 2.286940000000000239e+01 -5.853680893778800964e-02 -1.716777980327606201e-01 7.036887854337692261e-02 7.033103704452514648e-02
3.676766815612595110e+03 -7.285040012646136347e+02 3.003099391991862831e+03 2.287140000000000128e+01 5.030754022300243378e-03 -1.118194535374641418e-01 7.036887854337692261e-02 7.033103704452514648e-02
3.681452747841869041e+03 -7.215658833720898429e+02 2.999030942786663218e+03 2.287340000000000018e+01 1.299330219626426697e-02 -4.984538257122039795e-02 7.036887854337692261e-02 7.033103704452514648e-02
3.686121073707543474e+03 -7.146189256783854944e+02 2.994957341175601414e+03 2.287540000000000262e+01 -9.821578860282897949e-03 1.943327039480209351e-01 7.036887854337692261e-02 7.033103704452514648e-02
3.690771770982204089e+03 -7.076631612605139026e+02 2.990878606554591897e+03 2.287740000000000151e+01 4.366173595190048218e-02 3.433029726147651672e-02 7.036887854337692261e-02 7.033103704452514648e-02
3.695404817279229519e+03 -7.006986236007289790e+02 2.986794758557030036e+03 2.287940000000000040e+01 -8.361384272575378418e-02 6.224991753697395325e-02 7.036887854337692261e-02 7.033103704452514648e-02
3.700020190555192130e+03 -6.937253458355926341e+02 2.982705816613385196e+03 2.288140000000000285e+01 -6.328976899385452271e-02 3.387077152729034424e-02 7.036887854337692261e-02 7.033103704452514648e-02
3.704617868593707499e+03 -6.867433615315999305e+02 2.978611800406219118e+03 2.288340000000000174e+01 2.242401242256164551e-02 1.978558255359530449e-03 7.036887854337692261e-02 7.033103704452514648e-02
3.708817069165396333e+03 -6.803356991932927258e+02 2.974854575371698502e+03 2.288540000000000063e+01 -2.872639149427413940e-02 -7.491246610879898071e-02 7.036887854337692261e-02 7.033103704452514648e-02
3.676766815612595110e+03 -7.285040012646136347e+02 3.003099391991862831e+03 2.288740000000000308e+01 2.042532153427600861e-02 -1.432999521493911743e-01 7.036887854337692261e-02 7.033103704452514648e-02
3.681452747841869041e+03 -7.215658833720898429e+02 2.999030942786663218e+03 2.288940000000000197e+01 6.695029884576797485e-02 9.617304056882858276e-02 7.036887854337692261e-02 7.033103704452514648e-02
3.686121073707543474e+03 -7.146189256783854944e+02 2.994957341175601414e+03 2.289140000000000086e+01 -4.278206825256347656e-02 9.930358082056045532e-02 7.036887854337692261e-02 7.033103704452514648e-02
3.690771770982204089e+03 -7.076631612605139026e+02 2.990878606554591897e+03 2.289339999999999975e+01 -2.268190123140811920e-02 -4.770364984869956970e-02 7.036887854337692261e-02 7.033103704452514648e-02
3.695404817279229519e+03 -7.006986236007289790e+02 2.986794758557030036e+03 2.289540000000000219e+01 -1.733252853155136108e-01 2.786472998559474945e-02 7.036887854337692261e-02 7.033103704452514648e-02
3.700020190555192130e+03 -6.937253458355926341e+02 2.982705816613385196e+03 2.289740000000000109e+01 -5.330459680408239365e-03 -6.343754380941390991e-02 7.036887854337692261e-02 7.033103704452514648e-02
3.704617868593707499e+03 -6.867433615315999305e+02 2.978611800406219118e+03 2.289939999999999998e+01 -8.234515786170959473e-02 7.935506850481033325e-02 7.036887854337692261e-02 7.033103704452514648e-02
3.708817069165396333e+03 -6.803356991932927258e+02 2.974854575371698502e+03 2.290140000000000242e+01 -2.572856470942497253e-02 -1.018080636858940125e-01 7.036887854337692261e-02 7.033103704452514648e-02
3.722831190366457577e+03 -6.587290266359848374e+02 2.962185384464055915e+03 2.290340000000000131e+01 3.035864233970642090e-02 -7.495295256376266479e-02 7.036887854337692261e-02 7.033103704452514648e-02
3.727340064219336000e+03 -6.517040111398872568e+02 2.958066291001577611e+03 2.290540000000000020e+01 -2.786378748714923859e-02 1.285052951425313950e-02 7.036887854337692261e-02 7.033103704452514648e-02
3.731831112122382820e+03 -6.446704901599647428e+02 2.953942241165737414e+03 2.290740000000000265e+01 -8.497174829244613647e-02 5.290390551090240479e-02 7.036887854337692261e-02 7.033103704452514648e-02
3.736304312660639425e+03 -6.376284972342149331e+02 2.949813254621277792e+03 2.290940000000000154e+01 -7.624808698892593384e-02 3.593991743400692940e-03 7.036887854337692261e-02 7.033103704452514648e-02
3.740759644395136092e+03 -6.305780661126952964e+02 2.945679351157140445e+03 2.291140000000000043e+01 -1.453381627798080444e-01 1.766338199377059937e-01 7.036887854337692261e-02 7.033103704452514648e-02
3.745197085926489308e+03 -6.235192306598088408e+02 2.941540550629160407e+03 2.291340000000000288e+01 3.368521109223365784e-02 -5.039030686020851135e-03 7.036887854337692261e-02 7.033103704452514648e-02
3.749616616142126986e+03 -6.164520244606994765e+02 2.937396872729288134e+03 2.291540000000000177e+01 -5.400883499532938004e-03 -1.573104038834571838e-02 7.036887854337692261e-02 7.033103704452514648e-02
3.753652327366462941e+03 -6.099665344040271293e+02 2.933594295895487448e+03 2.291740000000000066e+01 1.261669397354125977e-01 -1.402008831501007080e-01 7.036887854337692261e-02 7.033103704452514648e-02
3.722831190366457577e+03 -6.587290266359848374e+02 2.962185384464055915e+03 2.291940000000000310e+01 8.494862355291843414e-03 1.582768745720386505e-02 7.036887854337692261e-02 7.033103704452514648e-02
3.727340064219336000e+03 -6.517040111398872568e+02 2.958066291001577611e+03 2.292140000000000200e+01 1.699597947299480438e-02 -7.799917459487915039e-02 7.036887854337692261e-02 7.033103704452514648e-02
3.731831112122382820e+03 -6.446704901599647428e+02 2.953942241165737414e+03 2.292340000000000089e+01 -5.892659351229667664e-02 -7.174618542194366455e-02 7.036887854337692261e-02 7.033103704452514648e-02
3.736304312660639425e+03 -6.376284972342149331e+02 2.949813254621277792e+03 2.292539999999999978e+01 -2.166224829852581024e-02 9.092031419277191162e-02 7.036887854337692261e-02 7.033103704452514648e-02
3.740759644395136092e+03 -6.305780661126952964e+02 2.945679351157140445e+03 2.292740000000000222e+01 9.795310348272323608e-02 2.377582341432571411e-02 7.036887854337692261e-02 7.033103704452514648e-02
3.745197085926489308e+03 -6.235192306598088408e+02 2.941540550629160407e+03 2.292940000000000111e+01 2.780745364725589752e-02 -1.991751231253147125e-02 7.036887854337692261e-02 7.033103704452514648e-02
3.749616616142126986e+03 -6.164520244606994765e+02 2.937396872729288134e+03 2.293140000000000001e+01 -2.000118978321552277e-02 -1.901849545538425446e-02 7.036887854337692261e-02 7.033103704452514648e-02
3.753652327366462941e+03 -6.099665344040271293e+02 2.933594295895487448e+03 2.293340000000000245e+01 -1.153332274407148361e-02 3.007319942116737366e-02 7.036887854337692261e-02 7.033103704452514648e-02
