# Baseline: 4-6
# u [m], v [m], w [m], frequency [GHz], real, imag
1.651773063032416076e+03 2.810267853257972547e+03 2.018934995291084761e+03 2.267940000000000000e+19 -7.831888645887374878e-02 -5.289398506283760071e-02
1.648695353109704683e+03 2.813378211753585219e+03 2.017117954976953115e+03 2.268140000000000000e+19 3.411368653178215027e-02 1.203531697392463684e-01
1.645609770247259348e+03 2.816482757080189003e+03 2.015304328671604935e+03 2.268340000000000000e+19 7.437194138765335083e-02 -9.239800274372100830e-02
1.642516329190441866e+03 2.819581474401908963e+03 2.013494125041914913e+03 2.268540000000000000e+19 6.356380879878997803e-02 1.550951786339282990e-02
1.640191345086546335e+03 2.821901861812204970e+03 2.012138616210891541e+03 2.268740000000000000e+19 8.058517426252365112e-02 -5.476539209485054016e-02
1.636305931748389185e+03 2.825761365739721441e+03 2.009884020445882697e+03 2.268940000000000000e+19 -7.553926855325698853e-02 -3.071491234004497528e-02
1.633189005149622972e+03 2.828842510116070116e+03 2.008084136794153892e+03 2.269140000000000000e+19 1.339624375104904175e-01 -1.861201673746109009e-01
1.629282196717441138e+03 2.832685899381478521e+03 2.005839004421070513e+03 2.269340000000000000e+19 1.375212371349334717e-01 1.038484275341033936e-01
1.651773063032416076e+03 2.810267853257972547e+03 2.018934995291084761e+03 2.269540000000000000e+19 4.184868186712265015e-02 2.617031335830688477e-02
1.648695353109704683e+03 2.813378211753585219e+03 2.017117954976953115e+03 2.269740000000000000e+19 2.525806799530982971e-02 1.506852805614471436e-01
1.645609770247259348e+03 2.816482757080189003e+03 2.015304328671604935e+03 2.269940000000000000e+19 -5.312159284949302673e-02 -5.183320958167314529e-03
1.642516329190441866e+03 2.819581474401908963e+03 2.013494125041914913e+03 2.270140000000000000e+19 -1.847702078521251678e-02 -2.987742982804775238e-02
1.640191345086546335e+03 2.821901861812204970e+03 2.012138616210891541e+03 2.270340000000000000e+19 -6.100429594516754150e-02 9.221608191728591919e-02
1.636305931748389185e+03 2.825761365739721441e+03 2.009884020445882697e+03 2.270540000000000000e+19 1.516291052103042603e-01 7.197219878435134888e-02
1.633189005149622972e+03 2.828842510116070116e+03 2.008084136794153892e+03 2.270740000000000000e+19 1.531921233981847763e-02 7.550881803035736084e-02
1.629282196717441138e+03 2.832685899381478521e+03 2.005839004421070513e+03 2.270940000000000000e+19 -4.708594083786010742e-02 1.175506338477134705e-01
1.620643460941676040e+03 2.841108069055922897e+03 2.000919260359674354e+03 2.271140000000000000e+19 -1.236333996057510376e-01 3.840688988566398621e-02
1.617487690496677942e+03 2.844159630763795576e+03 1.999136748662070204e+03 2.271340000000000000e+19 -7.513773441314697266e-02 3.154227510094642639e-02
1.614324196486114943e+03 2.847205231969912347e+03 1.997357737038716778e+03 2.271540000000000000e+19 -9.526867419481277466e-02 -3.796715289354324341e-02
1.611152994005657774e+03 2.850244858141317764e+03 1.995582233978662543e+03 2.271740000000000000e+19 -8.941493928432464600e-03 -6.674401462078094482e-02
1.607974098242916170e+03 2.853278494720582785e+03 1.993810247985168417e+03 2.271940000000000000e+19 -7.649543881416320801e-02 -1.374977976083755493e-01
1.604787524411233562e+03 2.856306127189499421e+03 1.992041787538493963e+03 2.272140000000000000e+19 6.839038431644439697e-02 3.053315915167331696e-02
1.601593287771925816e+03 2.859327741048146436e+03 1.990276861108127605e+03 2.272340000000000000e+19 5.740472674369812012e-02 1.803949475288391113e-01
1.598658616161817690e+03 2.862092331229966021e+03 1.988662078411430912e+03 2.272540000000000000e+19 -1.126820072531700134e-01 -3.695955127477645874e-02
1.620643460941676040e+03 2.841108069055922897e+03 2.000919260359674354e+03 2.272740000000000000e+19 1.604567468166351318e-02 -7.379930000752210617e-03
1.617487690496677942e+03 2.844159630763795576e+03 1.999136748662070204e+03 2.272940000000000000e+19 5.556141212582588196e-02 7.087773084640502930e-02
1.614324196486114943e+03 2.847205231969912347e+03 1.997357737038716778e+03 2.273140000000000000e+19 -7.855518907308578491e-02 -1.043864861130714417e-01
1.611152994005657774e+03 2.850244858141317764e+03 1.995582233978662543e+03 2.273340000000000000e+19 -4.645333811640739441e-02 2.135529182851314545e-02
1.607974098242916170e+03 2.853278494720582785e+03 1.993810247985168417e+03 2.273540000000000000e+19 -1.414922066032886505e-02 -2.300143241882324219e-02
1.604787524411233562e+03 2.856306127189499421e+03 1.992041787538493963e+03 2.273740000000000000e+19 6.973867863416671753e-02 -6.414975970983505249e-02
1.601593287771925816e+03 2.859327741048146436e+03 1.990276861108127605e+03 2.273940000000000000e+19 2.157488837838172913e-02 -1.380005851387977600e-02
1.598658616161817690e+03 2.862092331229966021e+03 1.988662078411430912e+03 2.274140000000000000e+19 1.059869527816772461e-01 5.003546923398971558e-02
1.588740019244098221e+03 2.871353721768432024e+03 1.983252664126421450e+03 2.274340000000000000e+19 -7.684238255023956299e-02 5.043264105916023254e-02
1.585507698555028355e+03 2.874345026286707707e+03 1.981505534110212238e+03 2.274540000000000000e+19 1.295859068632125854e-01 -1.201273798942565918e-01
1.582267807281685464e+03 2.877330225907068780e+03 1.979761988509579396e+03 2.274740000000000000e+19 -7.113935425877571106e-03 -1.547341793775558472e-01
1.579020360985768320e+03 2.880309306291149369e+03 1.978022035699026446e+03 2.274940000000000000e+19 -1.031769718974828720e-02 9.955483488738536835e-03
1.575765375140732885e+03 2.883282253244017738e+03 1.976285683969194451e+03 2.275140000000000000e+19 1.469082236289978027e-01 -8.730048686265945435e-02
1.572502865426202334e+03 2.886249052444797144e+03 1.974552941684187317e+03 2.275340000000000000e+19 -1.791905798017978668e-02 -7.947548478841781616e-02
1.569232847376299560e+03 2.889209689767615600e+03 1.972823817094131755e+03 2.275540000000000000e+19 7.743510603904724121e-02 -2.167454361915588379e-01
1.566228843594245518e+03 2.891918260920985631e+03 1.971241925099655873e+03 2.275740000000000000e+19 -8.069174736738204956e-02 -1.239780411124229431e-01
1.588740019244098221e+03 2.871353721768432024e+03 1.983252664126421450e+03 2.275940000000000000e+19 -2.640610747039318085e-02 -1.418114826083183289e-02
1.585507698555028355e+03 2.874345026286707707e+03 1.981505534110212238e+03 2.276140000000000000e+19 -8.797823637723922729e-02 2.484040707349777222e-02
1.582267807281685464e+03 2.877330225907068780e+03 1.979761988509579396e+03 2.276340000000000000e+19 1.205462738871574402e-01 -3.210633248090744019e-02
1.579020360985768320e+03 2.880309306291149369e+03 1.978022035699026446e+03 2.276540000000000000e+19 1.949072442948818207e-02 -3.173859417438507080e-02
1.575765375140732885e+03 2.883282253244017738e+03 1.976285683969194451e+03 2.276740000000000000e+19 -1.090697385370731354e-02 -6.594180315732955933e-02
1.572502865426202334e+03 2.886249052444797144e+03 1.974552941684187317e+03 2.276940000000000000e+19 2.940833941102027893e-02 1.711084842681884766e-01
1.569232847376299560e+03 2.889209689767615600e+03 1.972823817094131755e+03 2.277140000000000000e+19 -5.580047145485877991e-02 3.391923382878303528e-02
1.566228843594245518e+03 2.891918260920985631e+03 1.971241925099655873e+03 2.277340000000000000e+19 1.058947667479515076e-01 -3.154328092932701111e-02
1.556078005576890064e+03 2.900990337139831354e+03 1.965943661046022044e+03 2.277540000000000000e+19 -1.153568029403686523e-01 -6.050564721226692200e-02
1.552770681410181851e+03 2.903919953039447137e+03 1.964232748764295593e+03 2.277740000000000000e+19 -8.768968284130096436e-02 7.728467136621475220e-02
1.549455943398598947e+03 2.906843322441633518e+03 1.962525503597076522e+03 2.277940000000000000e+19 -4.948011413216590881e-02 -3.357077762484550476e-02
1.546133807324795725e+03 2.909760431427181175e+03 1.960821933673159720e+03 2.278140000000000000e+19 -1.042468324303627014e-01 -1.420670002698898315e-01
1.542804289180227443e+03 2.912671265954301361e+03 1.959122047192831360e+03 2.278340000000000000e+19 -6.400261074304580688e-02 2.592039667069911957e-02
1.539467404806335480e+03 2.915575812173620307e+03 1.957425852243923146e+03 2.278540000000000000e+19 -1.122462972998619080e-01 -8.245250210165977478e-03
1.536123170265561384e+03 2.918474056103812018e+03 1.955733356991228675e+03 2.278740000000000000e+19 -1.902479827404022217e-01 -1.332353707402944565e-02
1.533051271774784482e+03 2.921125312136397497e+03 1.954185112657245554e+03 2.278940000000000000e+19 -4.751677066087722778e-02 1.475530713796615601e-01
1.556078005576890064e+03 2.900990337139831354e+03 1.965943661046022044e+03 2.279140000000000000e+19 -8.752973377704620361e-02 -1.549093332141637802e-02
1.552770681410181851e+03 2.903919953039447137e+03 1.964232748764295593e+03 2.279340000000000000e+19 -8.269040286540985107e-02 1.775968670845031738e-01
1.549455943398598947e+03 2.906843322441633518e+03 1.962525503597076522e+03 2.279540000000000000e+19 -6.434422731399536133e-02 3.999402374029159546e-02
1.546133807324795725e+03 2.909760431427181175e+03 1.960821933673159720e+03 2.279740000000000000e+19 -5.654921010136604309e-02 -1.086905300617218018e-01
1.542804289180227443e+03 2.912671265954301361e+03 1.959122047192831360e+03 2.279940000000000000e+19 -5.052080377936363220e-02 -1.558056026697158813e-01
1.539467404806335480e+03 2.915575812173620307e+03 1.957425852243923146e+03 2.280140000000000000e+19 5.810884293168783188e-03 6.424792855978012085e-02
1.536123170265561384e+03 2.918474056103812018e+03 1.955733356991228675e+03 2.280340000000000000e+19 -7.616530172526836395e-03 -1.202609166502952576e-01
1.533051271774784482e+03 2.921125312136397497e+03 1.954185112657245554e+03 2.280540000000000000e+19 -5.199052393436431885e-02 -2.642217278480529785e-02
1.523235801631082950e+03 2.929525358443648656e+03 1.949279877516507668e+03 2.280740000000000000e+19 3.151715919375419617e-02 4.174075089395046234e-03
1.519856267276124072e+03 2.932392946549059616e+03 1.947605377861924808e+03 2.280940000000000000e+19 1.028018891811370850e-01 -3.928670659661293030e-03
1.516469476549764067e+03 2.935254151933362209e+03 1.945934624872264067e+03 2.281140000000000000e+19 3.754799067974090576e-02 -2.308977954089641571e-02
1.513075445719369554e+03 2.938108960853837289e+03 1.944267626572345989e+03 2.281340000000000000e+19 6.486429274082183838e-02 -4.378938674926757812e-02
1.509674190933395721e+03 2.940957359727730363e+03 1.942604390893488016e+03 2.281540000000000000e+19 1.030817162245512009e-02 9.430804848670959473e-02
1.506265728552215023e+03 2.943799334853847085e+03 1.940944925836073025e+03 2.281740000000000000e+19 7.113623619079589844e-02 8.036121726036071777e-02
1.502850074840487196e+03 2.946634872670952063e+03 1.939289239318666660e+03 2.281940000000000000e+19 -2.732417359948158264e-02 -1.975875049829483032e-01
1.499712846706517894e+03 2.949228531340637801e+03 1.937774804505236716e+03 2.282140000000000000e+19 -2.422725595533847809e-02 -1.234192997217178345e-01
1.523235801631082950e+03 2.929525358443648656e+03 1.949279877516507668e+03 2.282340000000000000e+19 6.794398277997970581e-02 2.566285058856010437e-02
1.519856267276124072e+03 2.932392946549059616e+03 1.947605377861924808e+03 2.282540000000000000e+19 2.976563386619091034e-02 -2.765334956347942352e-02
1.516469476549764067e+03 2.935254151933362209e+03 1.945934624872264067e+03 2.282740000000000000e+19 4.458128288388252258e-02 6.277885288000106812e-02
1.513075445719369554e+03 2.938108960853837289e+03 1.944267626572345989e+03 2.282940000000000000e+19 1.781568303704261780e-02 -4.837722051888704300e-03
1.509674190933395721e+03 2.940957359727730363e+03 1.942604390893488016e+03 2.283140000000000000e+19 5.378462374210357666e-02 3.146903589367866516e-02
1.506265728552215023e+03 2.943799334853847085e+03 1.940944925836073025e+03 2.283340000000000000e+19 5.982493981719017029e-03 2.563047409057617188e-02
1.502850074840487196e+03 2.946634872670952063e+03 1.939289239318666660e+03 2.283540000000000000e+19 2.352239564061164856e-02 6.001597642898559570e-02
1.499712846706517894e+03 2.949228531340637801e+03 1.937774804505236716e+03 2.283740000000000000e+19 9.152546525001525879e-02 -1.008945330977439880e-01
1.489115874237727439e+03 2.957912379820563729e+03 1.932704436902654834e+03 2.283940000000000000e+19 -9.410834312438964844e-02 -3.787013888359069824e-02
1.485664509850645118e+03 2.960715528080155309e+03 1.931067761623343813e+03 2.284140000000000000e+19 -1.511583290994167328e-02 1.247680857777595520e-01
1.482206052676841182e+03 2.963512158113202531e+03 1.929434912130758221e+03 2.284340000000000000e+19 -1.182831525802612305e-01 -7.507020235061645508e-02
1.478740519376001430e+03 2.966302256448108892e+03 1.927805896290459714e+03 2.284540000000000000e+19 -9.265825152397155762e-02 7.175965607166290283e-02
1.475267926448774233e+03 2.969085809800221796e+03 1.926180721858758488e+03 2.284740000000000000e+19 -3.338148444890975952e-02 6.182901188731193542e-02
1.471788290538157980e+03 2.971862804828693243e+03 1.924559396624686087e+03 2.284940000000000000e+19 -6.977279670536518097e-03 -3.145298361778259277e-02
1.468301628345307563e+03 2.974633228204912484e+03 1.922941928370026289e+03 2.285140000000000000e+19 -9.154302068054676056e-03 3.386811167001724243e-02
1.465099452202891143e+03 2.977167082647703410e+03 1.921462594686424154e+03 2.285340000000000000e+19 -1.735979169607162476e-01 6.842085719108581543e-02
1.489115874237727439e+03 2.957912379820563729e+03 1.932704436902654834e+03 2.285540000000000000e+19 2.384120598435401917e-02 -3.350071609020233154e-02
1.485664509850645118e+03 2.960715528080155309e+03 1.931067761623343813e+03 2.285740000000000000e+19 3.905883058905601501e-02 9.001264721155166626e-02
1.482206052676841182e+03 2.963512158113202531e+03 1.929434912130758221e+03 2.285940000000000000e+19 3.596659749746322632e-02 -6.965250521898269653e-02
1.478740519376001430e+03 2.966302256448108892e+03 1.927805896290459714e+03 2.286140000000000000e+19 -7.701622694730758667e-02 3.995447233319282532e-02
1.475267926448774233e+03 2.969085809800221796e+03 1.926180721858758488e+03 2.286340000000000000e+19 -1.176419034600257874e-01 -5.903520062565803528e-02
1.471788290538157980e+03 2.971862804828693243e+03 1.924559396624686087e+03 2.286540000000000000e+19 -2.017410472035408020e-02 -1.017005816102027893e-01
1.468301628345307563e+03 2.974633228204912484e+03 1.922941928370026289e+03 2.286740000000000000e+19 -1.410492695868015289e-02 -1.186401583254337311e-02
1.465099452202891143e+03 2.977167082647703410e+03 1.921462594686424154e+03 2.286940000000000000e+19 7.288490235805511475e-02 -1.365500092506408691e-01
1.454285050580137067e+03 2.985648940809830037e+03 1.916510779496454916e+03 2.287140000000000000e+19 1.439017243683338165e-03 -1.223777700215578079e-02
1.450763507733831602e+03 2.988386307842856240e+03 1.914912711783782470e+03 2.287340000000000000e+19 -1.973050832748413086e-02 3.047649934887886047e-02
1.447235039224962520e+03 2.991117024147016309e+03 1.913318547216643310e+03 2.287540000000000000e+19 8.324704319238662720e-02 2.535565011203289032e-02
1.443699661853879434e+03 2.993841076720437741e+03 1.911728293385385086e+03 2.287740000000000000e+19 6.591033190488815308e-02 1.165671832859516144e-02
1.440157392638461715e+03 2.996558452450606183e+03 1.910141957944853630e+03 2.287940000000000000e+19 3.407312929630279541e-02 -4.754045978188514709e-02
1.436608248432498613e+03 2.999269138408541494e+03 1.908559548442630557e+03 2.288140000000000000e+19 1.847331374883651733e-01 6.400996446609497070e-02
1.433052246320099584e+03 3.001973121546190214e+03 1.906981072495749004e+03 2.288340000000000000e+19 -8.303311467170715332e-02 1.173150464892387390e-01
1.429786654577063700e+03 3.004445959181789476e+03 1.905537547878546775e+03 2.288540000000000000e+19 -2.718654461205005646e-02 -1.210843957960605621e-02
1.454285050580137067e+03 2.985648940809830037e+03 1.916510779496454916e+03 2.288740000000000000e+19 -1.136899814009666443e-01 2.138125011697411537e-03
1.450763507733831602e+03 2.988386307842856240e+03 1.914912711783782470e+03 2.288940000000000000e+19 4.083415865898132324e-02 8.010999858379364014e-02
1.447235039224962520e+03 2.991117024147016309e+03 1.913318547216643310e+03 2.289140000000000000e+19 7.148166000843048096e-02 -1.048481985926628113e-01
1.443699661853879434e+03 2.993841076720437741e+03 1.911728293385385086e+03 2.289340000000000000e+19 -7.281042635440826416e-02 -8.431724458932876587e-02
1.440157392638461715e+03 2.996558452450606183e+03 1.910141957944853630e+03 2.289540000000000000e+19 6.304805167019367218e-03 6.019569933414459229e-02
1.436608248432498613e+03 2.999269138408541494e+03 1.908559548442630557e+03 2.289740000000000000e+19 -3.380266949534416199e-02 7.160315755754709244e-03
1.433052246320099584e+03 3.001973121546190214e+03 1.906981072495749004e+03 2.289940000000000000e+19 -5.190743599086999893e-03 7.139148563146591187e-02
1.429786654577063700e+03 3.004445959181789476e+03 1.905537547878546775e+03 2.290140000000000000e+19 2.195675671100616455e-02 1.335097104310989380e-01
1.418759999051685554e+03 3.012721768027362486e+03 1.900706654792054678e+03 2.290340000000000000e+19 1.884218305349349976e-02 3.105585090816020966e-02
1.415169963059765450e+03 3.015392043806501988e+03 1.899147959435398889e+03 2.290540000000000000e+19 -4.282212257385253906e-02 -2.407540380954742432e-02
1.411573171735102505e+03 3.018055539624641369e+03 1.897593242664152058e+03 2.290740000000000000e+19 1.260859658941626549e-03 9.143799543380737305e-03
1.407969642228277735e+03 3.020712242781292844e+03 1.896042511891743288e+03 2.290940000000000000e+19 6.465182453393936157e-02 -2.088956534862518311e-02
1.404359391809835415e+03 3.023362140543559690e+03 1.894495774550415035e+03 2.291140000000000000e+19 -6.035539507865905762e-02 -1.292676031589508057e-01
1.400742437820446185e+03 3.026005220183667006e+03 1.892953038069318154e+03 2.291340000000000000e+19 -3.885509073734283447e-02 -7.689913362264633179e-02
1.397118797469192486e+03 3.028641469126250286e+03 1.891414309788545779e+03 2.291540000000000000e+19 -3.813012316823005676e-02 -2.760228142142295837e-02
1.393791353457716923e+03 3.031052106156738319e+03 1.890007285281388022e+03 2.291740000000000000e+19 6.937099993228912354e-02 -8.459923416376113892e-02
1.418759999051685554e+03 3.012721768027362486e+03 1.900706654792054678e+03 2.291940000000000000e+19 -4.325364157557487488e-02 6.823750585317611694e-02
1.415169963059765450e+03 3.015392043806501988e+03 1.899147959435398889e+03 2.292140000000000000e+19 4.015862569212913513e-02 -7.517830282449722290e-02
1.411573171735102505e+03 3.018055539624641369e+03 1.897593242664152058e+03 2.292340000000000000e+19 5.370800849050283432e-03 -8.113858103752136230e-02
1.407969642228277735e+03 3.020712242781292844e+03 1.896042511891743288e+03 2.292540000000000000e+19 -3.546815365552902222e-02 -1.440182887017726898e-02
1.404359391809835415e+03 3.023362140543559690e+03 1.894495774550415035e+03 2.292740000000000000e+19 -8.299971371889114380e-02 1.133065521717071533e-01
1.400742437820446185e+03 3.026005220183667006e+03 1.892953038069318154e+03 2.292940000000000000e+19 -1.572212763130664825e-02 1.716771721839904785e-01
1.397118797469192486e+03 3.028641469126250286e+03 1.891414309788545779e+03 2.293140000000000000e+19 -3.848053887486457825e-02 -8.158242702484130859e-02
1.393791353457716923e+03 3.031052106156738319e+03 1.890007285281388022e+03 2.293340000000000000e+19 -6.084283068776130676e-02 1.059562491718679667e-04
