# Baseline: 10-22
# Entries: 128
# u [m], v [m], w [m], frequency [GHz], real, imag, std(real), std(imag)
2.358823145448172625e+02 -4.943638091932674001e+02 1.711040208594786236e+02 2.267940000000000111e+01 -2.782086630759295076e-05 1.274939768336480483e-05 5.020900163799524307e-03 4.997109062969684601e-03
2.370041601386256787e+02 -4.939178664908305905e+02 1.708414391987896863e+02 2.268140000000000001e+01 6.475027475971728563e-05 -3.602325887186452746e-05 5.020900163799524307e-03 4.997109062969684601e-03
2.381248709311379059e+02 -4.934698063282378371e+02 1.705776192698948819e+02 2.268340000000000245e+01 1.114186306949704885e-04 -1.254614617209881544e-04 5.020900163799524307e-03 4.997109062969684601e-03
2.392444415667430064e+02 -4.930196308466846062e+02 1.703125623335418197e+02 2.268540000000000134e+01 -5.566647359955823049e-06 2.166667545679956675e-04 5.020900163799524307e-03 4.997109062969684601e-03
2.403628666874486726e+02 -4.925673422005500015e+02 1.700462696582015099e+02 2.268740000000000023e+01 6.001714427839033306e-05 -7.852953785913996398e-06 5.020900163799524307e-03 4.997109062969684601e-03
2.414801409407707524e+02 -4.921129425543769571e+02 1.697787425182876575e+02 2.268940000000000268e+01 1.198342870338819921e-04 5.323150617186911404e-05 5.020900163799524307e-03 4.997109062969684601e-03
2.425962589564003338e+02 -4.916564340923337681e+02 1.695099821997288529e+02 2.269140000000000157e+01 -2.937158278655260801e-04 -3.025465703103691339e-04 5.020900163799524307e-03 4.997109062969684601e-03
2.436183617392896394e+02 -4.912361441120307290e+02 1.692625520197626088e+02 2.269340000000000046e+01 2.648132503964006901e-04 9.293180482927709818e-05 5.020900163799524307e-03 4.997109062969684601e-03
2.358823145448172625e+02 -4.943638091932674001e+02 1.711040208594786236e+02 2.269540000000000290e+01 1.432517019566148520e-04 4.098021963727660477e-05 5.020900163799524307e-03 4.997109062969684601e-03
2.370041601386256787e+02 -4.939178664908305905e+02 1.708414391987896863e+02 2.269740000000000180e+01 4.179927636869251728e-04 5.032794433645904064e-05 5.020900163799524307e-03 4.997109062969684601e-03
2.381248709311379059e+02 -4.934698063282378371e+02 1.705776192698948819e+02 2.269940000000000069e+01 4.221012059133499861e-04 1.208942558150738478e-04 5.020900163799524307e-03 4.997109062969684601e-03
2.392444415667430064e+02 -4.930196308466846062e+02 1.703125623335418197e+02 2.270140000000000313e+01 -5.125912139192223549e-04 -6.829303456470370293e-04 5.020900163799524307e-03 4.997109062969684601e-03
2.403628666874486726e+02 -4.925673422005500015e+02 1.700462696582015099e+02 2.270340000000000202e+01 -1.883404329419136047e-03 -1.698304986348375678e-04 5.020900163799524307e-03 4.997109062969684601e-03
2.414801409407707524e+02 -4.921129425543769571e+02 1.697787425182876575e+02 2.270540000000000092e+01 1.445037469238741323e-05 2.027187729254364967e-04 5.020900163799524307e-03 4.997109062969684601e-03
2.425962589564003338e+02 -4.916564340923337681e+02 1.695099821997288529e+02 2.270739999999999981e+01 -1.026637270115315914e-03 -1.257509720744565129e-04 5.020900163799524307e-03 4.997109062969684601e-03
2.436183617392896394e+02 -4.912361441120307290e+02 1.692625520197626088e+02 2.270940000000000225e+01 1.044314471073448658e-03 -3.805720771197229624e-04 5.020900163799524307e-03 4.997109062969684601e-03
2.470490621378317257e+02 -4.898093558330404562e+02 1.684226348940104288e+02 2.271140000000000114e+01 1.162263564765453339e-03 2.384393592365086079e-04 5.020900163799524307e-03 4.997109062969684601e-03
2.481593190715452408e+02 -4.893423362164921286e+02 1.681477280653131459e+02 2.271340000000000003e+01 -1.783560001058503985e-04 1.093149767257273197e-04 5.020900163799524307e-03 4.997109062969684601e-03
2.492683878106502959e+02 -4.888732210404594412e+02 1.678715958618199409e+02 2.271540000000000248e+01 -3.530104877427220345e-04 -6.764440331608057022e-04 5.020900163799524307e-03 4.997109062969684601e-03
2.503762630629009607e+02 -4.884020125434934130e+02 1.675942396011967048e+02 2.271740000000000137e+01 -9.066591883311048150e-05 9.152354323305189610e-04 5.020900163799524307e-03 4.997109062969684601e-03
2.514829395224429902e+02 -4.879287129823210307e+02 1.673156606117694309e+02 2.271940000000000026e+01 2.888485905714333057e-04 5.375065375119447708e-04 5.020900163799524307e-03 4.997109062969684601e-03
2.525884118930120223e+02 -4.874533246220244678e+02 1.670358602267434662e+02 2.272140000000000271e+01 2.107650740072131157e-03 1.303456490859389305e-03 5.020900163799524307e-03 4.997109062969684601e-03
2.536926748802758027e+02 -4.869758497393733592e+02 1.667548397861638989e+02 2.272340000000000160e+01 -5.420504603534936905e-04 1.993703423067927361e-03 5.020900163799524307e-03 4.997109062969684601e-03
2.547038645667174137e+02 -4.865363599332533227e+02 1.664961825764344212e+02 2.272540000000000049e+01 -7.596244686283171177e-04 5.323466757545247674e-05 5.020900163799524307e-03 4.997109062969684601e-03
2.470490621378317257e+02 -4.898093558330404562e+02 1.684226348940104288e+02 2.272740000000000293e+01 5.324340891093015671e-04 1.964032649993896484e-03 5.020900163799524307e-03 4.997109062969684601e-03
2.481593190715452408e+02 -4.893423362164921286e+02 1.681477280653131459e+02 2.272940000000000182e+01 -2.011212287470698357e-03 -1.385760260745882988e-03 5.020900163799524307e-03 4.997109062969684601e-03
2.492683878106502959e+02 -4.888732210404594412e+02 1.678715958618199409e+02 2.273140000000000072e+01 1.293937908485531807e-03 -3.556284354999661446e-03 5.020900163799524307e-03 4.997109062969684601e-03
2.503762630629009607e+02 -4.884020125434934130e+02 1.675942396011967048e+02 2.273340000000000316e+01 2.254098362755030394e-04 -1.331070379819720984e-04 5.020900163799524307e-03 4.997109062969684601e-03
2.514829395224429902e+02 -4.879287129823210307e+02 1.673156606117694309e+02 2.273540000000000205e+01 -3.693820908665657043e-04 -8.008692529983818531e-04 5.020900163799524307e-03 4.997109062969684601e-03
2.525884118930120223e+02 -4.874533246220244678e+02 1.670358602267434662e+02 2.273740000000000094e+01 -2.312891650944948196e-03 -1.254858216270804405e-03 5.020900163799524307e-03 4.997109062969684601e-03
2.536926748802758027e+02 -4.869758497393733592e+02 1.667548397861638989e+02 2.273939999999999984e+01 -1.290651853196322918e-03 -4.535100306384265423e-04 5.020900163799524307e-03 4.997109062969684601e-03
2.547038645667174137e+02 -4.865363599332533227e+02 1.664961825764344212e+02 2.274140000000000228e+01 2.722200006246566772e-03 1.023338059894740582e-03 5.020900163799524307e-03 4.997109062969684601e-03
2.580975274508587631e+02 -4.850451308094259844e+02 1.656185844378723289e+02 2.274340000000000117e+01 6.196319591253995895e-04 6.817347602918744087e-04 5.020900163799524307e-03 4.997109062969684601e-03
2.591956643829967675e+02 -4.845572577837979793e+02 1.653314840055951720e+02 2.274540000000000006e+01 -6.683492101728916168e-04 -2.949296263977885246e-03 5.020900163799524307e-03 4.997109062969684601e-03
2.602925603265918539e+02 -4.840673120888859557e+02 1.650431716705064957e+02 2.274740000000000251e+01 3.949299920350313187e-03 1.658966415561735630e-03 5.020900163799524307e-03 4.997109062969684601e-03
2.613882100130881554e+02 -4.835752960779752243e+02 1.647536488174177691e+02 2.274940000000000140e+01 4.617904312908649445e-03 1.372246071696281433e-03 5.020900163799524307e-03 4.997109062969684601e-03
2.624826082218748411e+02 -4.830812120954144575e+02 1.644629168258438767e+02 2.275140000000000029e+01 -7.855973672121763229e-04 1.066276570782065392e-03 5.020900163799524307e-03 4.997109062969684601e-03
2.635757496811584701e+02 -4.825850625212692648e+02 1.641709770962806374e+02 2.275340000000000273e+01 1.195585471577942371e-03 -3.378833644092082977e-04 5.020900163799524307e-03 4.997109062969684601e-03
2.646676291861294317e+02 -4.820868497179263272e+02 1.638778310187837803e+02 2.275540000000000163e+01 3.293731017038226128e-03 2.541834954172372818e-03 5.020900163799524307e-03 4.997109062969684601e-03
2.656674218540030097e+02 -4.816283704125743270e+02 1.636080705650527420e+02 2.275740000000000052e+01 -1.734678167849779129e-03 6.699541583657264709e-03 5.020900163799524307e-03 4.997109062969684601e-03
2.580975274508587631e+02 -4.850451308094259844e+02 1.656185844378723289e+02 2.275940000000000296e+01 -2.619051607325673103e-03 1.430407282896339893e-03 5.020900163799524307e-03 4.997109062969684601e-03
2.591956643829967675e+02 -4.845572577837979793e+02 1.653314840055951720e+02 2.276140000000000185e+01 -1.720620086416602135e-03 4.502687370404601097e-04 5.020900163799524307e-03 4.997109062969684601e-03
2.602925603265918539e+02 -4.840673120888859557e+02 1.650431716705064957e+02 2.276340000000000074e+01 -2.746553625911474228e-03 -1.824874896556138992e-03 5.020900163799524307e-03 4.997109062969684601e-03
2.613882100130881554e+02 -4.835752960779752243e+02 1.647536488174177691e+02 2.276540000000000319e+01 -1.779495039954781532e-03 -2.460722345858812332e-03 5.020900163799524307e-03 4.997109062969684601e-03
2.624826082218748411e+02 -4.830812120954144575e+02 1.644629168258438767e+02 2.276740000000000208e+01 -3.575265407562255859e-03 -8.361735963262617588e-04 5.020900163799524307e-03 4.997109062969684601e-03
2.635757496811584701e+02 -4.825850625212692648e+02 1.641709770962806374e+02 2.276940000000000097e+01 -5.483061075210571289e-03 2.917057601734995842e-03 5.020900163799524307e-03 4.997109062969684601e-03
2.646676291861294317e+02 -4.820868497179263272e+02 1.638778310187837803e+02 2.277139999999999986e+01 -1.445876085199415684e-03 -1.303585129790008068e-03 5.020900163799524307e-03 4.997109062969684601e-03
2.656674218540030097e+02 -4.816283704125743270e+02 1.636080705650527420e+02 2.277340000000000231e+01 1.074003172107040882e-03 -9.692993946373462677e-03 5.020900163799524307e-03 4.997109062969684601e-03
2.690224231689560952e+02 -4.800734140813922863e+02 1.626932113947432015e+02 2.277540000000000120e+01 -2.107821637764573097e-03 3.981891553848981857e-03 5.020900163799524307e-03 4.997109062969684601e-03
2.701079146080573992e+02 -4.795649211094335556e+02 1.623940547457980585e+02 2.277740000000000009e+01 5.082784686237573624e-03 5.595597904175519943e-03 5.020900163799524307e-03 4.997109062969684601e-03
2.711921128126992926e+02 -4.790543793706927431e+02 1.620937002580012916e+02 2.277940000000000254e+01 1.673928345553576946e-04 1.115303370170295238e-03 5.020900163799524307e-03 4.997109062969684601e-03
2.722750126206290702e+02 -4.785417912960417084e+02 1.617921493614500434e+02 2.278140000000000143e+01 2.240658970549702644e-03 7.736949482932686806e-04 5.020900163799524307e-03 4.997109062969684601e-03
2.733566088192046095e+02 -4.780271593528794369e+02 1.614894035076953287e+02 2.278340000000000032e+01 2.671830588951706886e-04 1.661748276092112064e-03 5.020900163799524307e-03 4.997109062969684601e-03
2.744368962623312882e+02 -4.775104859897643905e+02 1.611854641371681112e+02 2.278540000000000276e+01 6.438577082008123398e-03 -3.076672088354825974e-03 5.020900163799524307e-03 4.997109062969684601e-03
2.755158697499402365e+02 -4.769917736937579207e+02 1.608803327129150773e+02 2.278740000000000165e+01 -2.765625016763806343e-03 7.172395125962793827e-04 5.020900163799524307e-03 4.997109062969684601e-03
2.765037869834662274e+02 -4.765145242788881887e+02 1.605995981001033783e+02 2.278940000000000055e+01 -4.915853030979633331e-03 -2.812851453199982643e-03 5.020900163799524307e-03 4.997109062969684601e-03
2.690224231689560952e+02 -4.800734140813922863e+02 1.626932113947432015e+02 2.279140000000000299e+01 -6.244102492928504944e-03 -5.001000128686428070e-03 5.020900163799524307e-03 4.997109062969684601e-03
2.701079146080573992e+02 -4.795649211094335556e+02 1.623940547457980585e+02 2.279340000000000188e+01 -2.768924692645668983e-03 -1.575785106979310513e-03 5.020900163799524307e-03 4.997109062969684601e-03
2.711921128126992926e+02 -4.790543793706927431e+02 1.620937002580012916e+02 2.279540000000000077e+01 4.339403472840785980e-03 4.071619827300310135e-03 5.020900163799524307e-03 4.997109062969684601e-03
2.722750126206290702e+02 -4.785417912960417084e+02 1.617921493614500434e+02 2.279739999999999966e+01 -7.739654742181301117e-03 5.295457784086465836e-03 5.020900163799524307e-03 4.997109062969684601e-03
2.733566088192046095e+02 -4.780271593528794369e+02 1.614894035076953287e+02 2.279940000000000211e+01 1.058438234031200409e-02 -4.027511924505233765e-03 5.020900163799524307e-03 4.997109062969684601e-03
2.744368962623312882e+02 -4.775104859897643905e+02 1.611854641371681112e+02 2.280140000000000100e+01 6.658666767179965973e-03 1.848076470196247101e-03 5.020900163799524307e-03 4.997109062969684601e-03
2.755158697499402365e+02 -4.769917736937579207e+02 1.608803327129150773e+02 2.280339999999999989e+01 -3.718715393915772438e-03 1.470681163482367992e-03 5.020900163799524307e-03 4.997109062969684601e-03
2.765037869834662274e+02 -4.765145242788881887e+02 1.605995981001033783e+02 2.280540000000000234e+01 4.392527975142002106e-03 -8.633960969746112823e-04 5.020900163799524307e-03 4.997109062969684601e-03
2.796396696783767197e+02 -4.749845328733443353e+02 1.596996455307760527e+02 2.280740000000000123e+01 8.168353087967261672e-05 -9.058590512722730637e-05 5.020900163799524307e-03 4.997109062969684601e-03
2.807122197854515093e+02 -4.744560008654504486e+02 1.593887731783087531e+02 2.280940000000000012e+01 7.402246410492807627e-05 6.215925532160326838e-05 5.020900163799524307e-03 4.997109062969684601e-03
2.817834259237509400e+02 -4.739254445335845958e+02 1.590767173652995154e+02 2.281140000000000256e+01 -2.293045099577284418e-06 -2.448527375236153603e-04 5.020900163799524307e-03 4.997109062969684601e-03
2.828532829481293334e+02 -4.733928664261165977e+02 1.587634795906175214e+02 2.281340000000000146e+01 -2.568384807091206312e-04 2.290955744683742523e-04 5.020900163799524307e-03 4.997109062969684601e-03
2.839217857683585180e+02 -4.728582690770088561e+02 1.584490613446247380e+02 2.281540000000000035e+01 5.774797318736091256e-05 -2.121355355484411120e-04 5.020900163799524307e-03 4.997109062969684601e-03
2.849889292448047513e+02 -4.723216550577197381e+02 1.581334641397014593e+02 2.281740000000000279e+01 1.428084942745044827e-05 1.719534484436735511e-04 5.020900163799524307e-03 4.997109062969684601e-03
2.860547082852941116e+02 -4.717830269289052012e+02 1.578166894818408252e+02 2.281940000000000168e+01 -1.704555324977263808e-04 -2.092054201057180762e-04 5.020900163799524307e-03 4.997109062969684601e-03
2.870304869150742775e+02 -4.712875429247619650e+02 1.575252946040417044e+02 2.282140000000000057e+01 -1.161963373306207359e-04 -4.281921137589961290e-04 5.020900163799524307e-03 4.997109062969684601e-03
2.796396696783767197e+02 -4.749845328733443353e+02 1.596996455307760527e+02 2.282340000000000302e+01 5.406461059465073049e-05 -4.644155560526996851e-04 5.020900163799524307e-03 4.997109062969684601e-03
2.807122197854515093e+02 -4.744560008654504486e+02 1.593887731783087531e+02 2.282540000000000191e+01 -4.303570676711387932e-05 -4.073657037224620581e-04 5.020900163799524307e-03 4.997109062969684601e-03
2.817834259237509400e+02 -4.739254445335845958e+02 1.590767173652995154e+02 2.282740000000000080e+01 8.921688277041539550e-05 -4.626348963938653469e-04 5.020900163799524307e-03 4.997109062969684601e-03
2.828532829481293334e+02 -4.733928664261165977e+02 1.587634795906175214e+02 2.282939999999999969e+01 -4.103753599338233471e-04 -3.278102303738705814e-05 5.020900163799524307e-03 4.997109062969684601e-03
2.839217857683585180e+02 -4.728582690770088561e+02 1.584490613446247380e+02 2.283140000000000214e+01 -8.286972297355532646e-05 -5.216457066126167774e-04 5.020900163799524307e-03 4.997109062969684601e-03
2.849889292448047513e+02 -4.723216550577197381e+02 1.581334641397014593e+02 2.283340000000000103e+01 4.293514939490705729e-04 -3.019663272425532341e-04 5.020900163799524307e-03 4.997109062969684601e-03
2.860547082852941116e+02 -4.717830269289052012e+02 1.578166894818408252e+02 2.283539999999999992e+01 -1.384147442877292633e-03 1.663153874687850475e-03 5.020900163799524307e-03 4.997109062969684601e-03
2.870304869150742775e+02 -4.712875429247619650e+02 1.575252946040417044e+02 2.283740000000000236e+01 6.661507650278508663e-04 1.768824527971446514e-03 5.020900163799524307e-03 4.997109062969684601e-03
2.903040781419172731e+02 -4.696084250341316988e+02 1.565378467353017697e+02 2.283940000000000126e+01 1.146862516179680824e-03 -6.286313873715698719e-05 5.020900163799524307e-03 4.997109062969684601e-03
2.913629585963902286e+02 -4.690597652311259367e+02 1.562152076741150211e+02 2.284140000000000015e+01 1.029051723890006542e-03 2.947649627458304167e-04 5.020900163799524307e-03 4.997109062969684601e-03
2.924204441252185802e+02 -4.685091069214667527e+02 1.558914003357617730e+02 2.284340000000000259e+01 -1.296085538342595100e-03 2.876739890780299902e-04 5.020900163799524307e-03 4.997109062969684601e-03
2.934765296344093599e+02 -4.679564527577238664e+02 1.555664262800526956e+02 2.284540000000000148e+01 -1.467211055569350719e-03 -3.179574559908360243e-04 5.020900163799524307e-03 4.997109062969684601e-03
2.945312100955664505e+02 -4.674018053712827054e+02 1.552402870543086237e+02 2.284740000000000038e+01 -2.036700956523418427e-03 -2.297758823260664940e-03 5.020900163799524307e-03 4.997109062969684601e-03
2.955844804538998574e+02 -4.668451674203730022e+02 1.549129842216021018e+02 2.284940000000000282e+01 2.293988130986690521e-03 2.890389805543236434e-05 5.020900163799524307e-03 4.997109062969684601e-03
2.966363356540733207e+02 -4.662865415766877959e+02 1.545845193528894015e+02 2.285140000000000171e+01 8.326857350766658783e-04 1.696947379969060421e-03 5.020900163799524307e-03 4.997109062969684601e-03
2.975993069286382706e+02 -4.657727490988306158e+02 1.542824218352588446e+02 2.285340000000000060e+01 -1.830274239182472229e-03 2.838636282831430435e-03 5.020900163799524307e-03 4.997109062969684601e-03
2.903040781419172731e+02 -4.696084250341316988e+02 1.565378467353017697e+02 2.285540000000000305e+01 -2.549652941524982452e-03 7.329599466174840927e-04 5.020900163799524307e-03 4.997109062969684601e-03
2.913629585963902286e+02 -4.690597652311259367e+02 1.562152076741150211e+02 2.285740000000000194e+01 -6.752919289283454418e-04 -1.336779678240418434e-03 5.020900163799524307e-03 4.997109062969684601e-03
2.924204441252185802e+02 -4.685091069214667527e+02 1.558914003357617730e+02 2.285940000000000083e+01 1.150541123934090137e-03 1.030897954478859901e-03 5.020900163799524307e-03 4.997109062969684601e-03
2.934765296344093599e+02 -4.679564527577238664e+02 1.555664262800526956e+02 2.286139999999999972e+01 2.244308823719620705e-03 7.169596210587769747e-05 5.020900163799524307e-03 4.997109062969684601e-03
2.945312100955664505e+02 -4.674018053712827054e+02 1.552402870543086237e+02 2.286340000000000217e+01 1.611852436326444149e-03 -2.923422107414808124e-05 5.020900163799524307e-03 4.997109062969684601e-03
2.955844804538998574e+02 -4.668451674203730022e+02 1.549129842216021018e+02 2.286540000000000106e+01 -9.828595211729407310e-04 -2.659080317243933678e-03 5.020900163799524307e-03 4.997109062969684601e-03
2.966363356540733207e+02 -4.662865415766877959e+02 1.545845193528894015e+02 2.286739999999999995e+01 2.394953626208007336e-04 9.339078678749501705e-04 5.020900163799524307e-03 4.997109062969684601e-03
2.975993069286382706e+02 -4.657727490988306158e+02 1.542824218352588446e+02 2.286940000000000239e+01 -4.679153207689523697e-03 -7.571111782453954220e-04 5.020900163799524307e-03 4.997109062969684601e-03
3.008295044184730500e+02 -4.640322128216060378e+02 1.532590710027255341e+02 2.287140000000000128e+01 -4.863404319621622562e-04 -4.042699467390775681e-03 5.020900163799524307e-03 4.997109062969684601e-03
3.018742085180521144e+02 -4.634636877725333761e+02 1.529248196248395573e+02 2.287340000000000018e+01 -8.836956112645566463e-04 1.666147145442664623e-03 5.020900163799524307e-03 4.997109062969684601e-03
3.029174673586177846e+02 -4.628931910137231966e+02 1.525894157258897508e+02 2.287540000000000262e+01 1.640688744373619556e-03 -1.886417041532695293e-03 5.020900163799524307e-03 4.997109062969684601e-03
3.039592759728550959e+02 -4.623207252615295033e+02 1.522528609028651374e+02 2.287740000000000151e+01 2.652486786246299744e-03 1.812048722058534622e-03 5.020900163799524307e-03 4.997109062969684601e-03
3.049996293459128651e+02 -4.617462932715689590e+02 1.519151567758054000e+02 2.287940000000000040e+01 9.934135014191269875e-04 2.839562948793172836e-03 5.020900163799524307e-03 4.997109062969684601e-03
3.060385225279090378e+02 -4.611698977769328849e+02 1.515763049514691545e+02 2.288140000000000285e+01 2.397128380835056305e-03 -1.290885498747229576e-03 5.020900163799524307e-03 4.997109062969684601e-03
3.070759505180569704e+02 -4.605915415521619138e+02 1.512363070609640374e+02 2.288340000000000174e+01 2.997949486598372459e-03 -1.058269292116165161e-03 5.020900163799524307e-03 4.997109062969684601e-03
3.080256536061099268e+02 -4.600596864770905086e+02 1.509236514731166778e+02 2.288540000000000063e+01 -4.150376189500093460e-04 4.757579881697893143e-03 5.020900163799524307e-03 4.997109062969684601e-03
3.008295044184730500e+02 -4.640322128216060378e+02 1.532590710027255341e+02 2.288740000000000308e+01 8.677157456986606121e-04 1.957375061465427279e-04 5.020900163799524307e-03 4.997109062969684601e-03
3.018742085180521144e+02 -4.634636877725333761e+02 1.529248196248395573e+02 2.288940000000000197e+01 -2.706130268052220345e-03 -1.102768117561936378e-03 5.020900163799524307e-03 4.997109062969684601e-03
3.029174673586177846e+02 -4.628931910137231966e+02 1.525894157258897508e+02 2.289140000000000086e+01 -1.715249847620725632e-03 9.416969842277467251e-04 5.020900163799524307e-03 4.997109062969684601e-03
3.039592759728550959e+02 -4.623207252615295033e+02 1.522528609028651374e+02 2.289339999999999975e+01 -1.988593488931655884e-03 2.185710007324814796e-03 5.020900163799524307e-03 4.997109062969684601e-03
3.049996293459128651e+02 -4.617462932715689590e+02 1.519151567758054000e+02 2.289540000000000219e+01 -1.202527782879769802e-03 -2.097204793244600296e-03 5.020900163799524307e-03 4.997109062969684601e-03
3.060385225279090378e+02 -4.611698977769328849e+02 1.515763049514691545e+02 2.289740000000000109e+01 1.081442926079034805e-03 3.302227007225155830e-03 5.020900163799524307e-03 4.997109062969684601e-03
3.070759505180569704e+02 -4.605915415521619138e+02 1.512363070609640374e+02 2.289939999999999998e+01 3.154020989313721657e-03 -1.640848931856453419e-03 5.020900163799524307e-03 4.997109062969684601e-03
3.080256536061099268e+02 -4.600596864770905086e+02 1.509236514731166778e+02 2.290140000000000242e+01 2.475880319252610207e-03 -4.244381561875343323e-03 5.020900163799524307e-03 4.997109062969684601e-03
3.112109115459484769e+02 -4.582585647507846147e+02 1.498648874042626744e+02 2.290340000000000131e+01 7.318409043364226818e-04 1.077303779311478138e-03 5.020900163799524307e-03 4.997109062969684601e-03
3.122409393246713876e+02 -4.576704465362168435e+02 1.495191836734744015e+02 2.290540000000000020e+01 2.525895368307828903e-03 1.002486562356352806e-03 5.020900163799524307e-03 4.997109062969684601e-03
3.132694722357512092e+02 -4.570803843350726652e+02 1.491723437190809420e+02 2.290740000000000265e+01 -1.876711496151983738e-03 -5.924186189076863229e-05 5.020900163799524307e-03 4.997109062969684601e-03
3.142965053747964248e+02 -4.564883809609346486e+02 1.488243691949154197e+02 2.290940000000000154e+01 -1.238194527104496956e-03 -1.734013319946825504e-03 5.020900163799524307e-03 4.997109062969684601e-03
3.153220338195215504e+02 -4.558944392510706507e+02 1.484752617687016993e+02 2.291140000000000043e+01 -3.967428579926490784e-03 8.502680808305740356e-03 5.020900163799524307e-03 4.997109062969684601e-03
3.163460526441803609e+02 -4.552985620582981596e+02 1.481250231172720930e+02 2.291340000000000288e+01 3.341906704008579254e-03 -3.630310529842972755e-03 5.020900163799524307e-03 4.997109062969684601e-03
3.173685569766392405e+02 -4.547007522177468672e+02 1.477736549070328067e+02 2.291540000000000177e+01 -2.213151019532233477e-04 7.045512553304433823e-03 5.020900163799524307e-03 4.997109062969684601e-03
3.183045372343190138e+02 -4.541510891611494003e+02 1.474505909271725557e+02 2.291740000000000066e+01 -5.303909070789813995e-03 7.448389660567045212e-03 5.020900163799524307e-03 4.997109062969684601e-03
3.112109115459484769e+02 -4.582585647507846147e+02 1.498648874042626744e+02 2.291940000000000310e+01 5.780549254268407822e-04 1.849120832048356533e-03 5.020900163799524307e-03 4.997109062969684601e-03
3.122409393246713876e+02 -4.576704465362168435e+02 1.495191836734744015e+02 2.292140000000000200e+01 3.207067726179957390e-03 -4.709285218268632889e-03 5.020900163799524307e-03 4.997109062969684601e-03
3.132694722357512092e+02 -4.570803843350726652e+02 1.491723437190809420e+02 2.292340000000000089e+01 -2.625378547236323357e-03 3.886080114170908928e-03 5.020900163799524307e-03 4.997109062969684601e-03
3.142965053747964248e+02 -4.564883809609346486e+02 1.488243691949154197e+02 2.292539999999999978e+01 3.481718711555004120e-03 -1.685863942839205265e-03 5.020900163799524307e-03 4.997109062969684601e-03
3.153220338195215504e+02 -4.558944392510706507e+02 1.484752617687016993e+02 2.292740000000000222e+01 -9.136073058471083641e-04 4.169886931777000427e-03 5.020900163799524307e-03 4.997109062969684601e-03
3.163460526441803609e+02 -4.552985620582981596e+02 1.481250231172720930e+02 2.292940000000000111e+01 -4.328982904553413391e-03 4.591313190758228302e-03 5.020900163799524307e-03 4.997109062969684601e-03
3.173685569766392405e+02 -4.547007522177468672e+02 1.477736549070328067e+02 2.293140000000000001e+01 -1.842211815528571606e-03 4.336799960583448410e-03 5.020900163799524307e-03 4.997109062969684601e-03
3.183045372343190138e+02 -4.541510891611494003e+02 1.474505909271725557e+02 2.293340000000000245e+01 1.225055311806499958e-03 -2.057237550616264343e-03 5.020900163799524307e-03 4.997109062969684601e-03
