# Baseline: 11-22
# u [m], v [m], w [m], frequency [GHz], real, imag
-2.137985680636199504e+03 7.121481600244673018e+02 -2.041780318137259883e+03 2.267940000000000000e+19 1.464406494051218033e-03 3.157742321491241455e-04
-2.141581839728612522e+03 7.081136616668999295e+02 -2.039413372975124503e+03 2.268140000000000000e+19 3.270949237048625946e-04 -1.367883174680173397e-03
-2.145167757419702866e+03 7.040723780719348497e+02 -2.037042468611679624e+03 2.268340000000000000e+19 -1.785178668797016144e-03 1.988562522456049919e-03
-2.148743416573279774e+03 7.000243285520041354e+02 -2.034667616376978003e+03 2.268540000000000000e+19 -2.713391557335853577e-03 -3.648970276117324829e-03
-2.152308800076979878e+03 6.959695324798805132e+02 -2.032288827636367159e+03 2.268740000000000000e+19 2.203241921961307526e-03 1.893308945000171661e-03
-2.155863890867857208e+03 6.919080092607820234e+02 -2.029906113774128244e+03 2.268940000000000000e+19 9.226024849340319633e-04 2.376101212576031685e-03
-2.159408671858067919e+03 6.878397784170857676e+02 -2.027519486243170604e+03 2.269140000000000000e+19 6.334860343486070633e-03 -2.839320106431841850e-03
-2.162649114855387324e+03 6.841047757685616943e+02 -2.025328365516700387e+03 2.269340000000000000e+19 -8.447139523923397064e-03 6.283189635723829269e-03
-2.137985680636199504e+03 7.121481600244673018e+02 -2.041780318137259883e+03 2.269540000000000000e+19 1.127393357455730438e-02 -3.724501933902502060e-03
-2.141581839728612522e+03 7.081136616668999295e+02 -2.039413372975124503e+03 2.269740000000000000e+19 -1.554584130644798279e-03 6.307253614068031311e-03
-2.145167757419702866e+03 7.040723780719348497e+02 -2.037042468611679624e+03 2.269940000000000000e+19 7.013487629592418671e-03 -7.731883088126778603e-04
-2.148743416573279774e+03 7.000243285520041354e+02 -2.034667616376978003e+03 2.270140000000000000e+19 -1.965187548194080591e-04 -3.744157438632100821e-04
-2.152308800076979878e+03 6.959695324798805132e+02 -2.032288827636367159e+03 2.270340000000000000e+19 -1.034475583583116531e-02 1.984634436666965485e-02
-2.155863890867857208e+03 6.919080092607820234e+02 -2.029906113774128244e+03 2.270540000000000000e+19 1.638785935938358307e-03 -5.080644972622394562e-03
-2.159408671858067919e+03 6.878397784170857676e+02 -2.027519486243170604e+03 2.270740000000000000e+19 5.525610409677028656e-03 -3.895587986335158348e-03
-2.162649114855387324e+03 6.841047757685616943e+02 -2.025328365516700387e+03 2.270940000000000000e+19 9.502572007477283478e-03 2.115334849804639816e-03
-2.173484360033773100e+03 6.715001677884318951e+02 -2.017934067632931146e+03 2.271140000000000000e+19 1.201635971665382385e-02 -5.503803025931119919e-03
-2.176977338915482960e+03 6.673986910781426332e+02 -2.015528043208619920e+03 2.271340000000000000e+19 -1.296069822274148464e-03 8.264093659818172455e-03
-2.180459906978683648e+03 6.632906240106435689e+02 -2.013118173908996368e+03 2.271540000000000000e+19 1.144880242645740509e-02 1.435277797281742096e-02
-2.183932047605363095e+03 6.591759861889148624e+02 -2.010704471233540971e+03 2.271740000000000000e+19 1.036404725164175034e-02 1.981857977807521820e-02
-2.187393744166708075e+03 6.550547973188835158e+02 -2.008286946742024838e+03 2.271940000000000000e+19 -1.093498058617115021e-02 -1.277643721550703049e-03
-2.190844980095935171e+03 6.509270771234646418e+02 -2.005865612004083005e+03 2.272140000000000000e+19 -4.129034467041492462e-03 6.575432140380144119e-03
-2.194285738864466566e+03 6.467928453713179806e+02 -2.003440478616081919e+03 2.272340000000000000e+19 -7.915943861007690430e-03 2.849379088729619980e-03
-2.197430683604559817e+03 6.429975119815921971e+02 -2.001214160633405072e+03 2.272540000000000000e+19 1.220641285181045532e-02 -1.400105073116719723e-03
-2.173484360033773100e+03 6.715001677884318951e+02 -2.017934067632931146e+03 2.272740000000000000e+19 1.205758191645145416e-02 -3.523963503539562225e-03
-2.176977338915482960e+03 6.673986910781426332e+02 -2.015528043208619920e+03 2.272940000000000000e+19 5.404524970799684525e-03 6.614647805690765381e-03
-2.180459906978683648e+03 6.632906240106435689e+02 -2.013118173908996368e+03 2.273140000000000000e+19 -2.291848324239253998e-02 1.570815918967127800e-03
-2.183932047605363095e+03 6.591759861889148624e+02 -2.010704471233540971e+03 2.273340000000000000e+19 8.213892579078674316e-03 -2.976071089506149292e-03
-2.187393744166708075e+03 6.550547973188835158e+02 -2.008286946742024838e+03 2.273540000000000000e+19 -7.712583173997700214e-04 1.433449331670999527e-02
-2.190844980095935171e+03 6.509270771234646418e+02 -2.005865612004083005e+03 2.273740000000000000e+19 -2.050431258976459503e-02 -1.998514123260974884e-02
-2.194285738864466566e+03 6.467928453713179806e+02 -2.003440478616081919e+03 2.273940000000000000e+19 -4.429161082953214645e-03 -1.604165136814117432e-02
-2.197430683604559817e+03 6.429975119815921971e+02 -2.001214160633405072e+03 2.274140000000000000e+19 -1.093348581343889236e-02 5.325597710907459259e-03
-2.207943673945302635e+03 6.301911987371317991e+02 -1.993702190820810074e+03 2.274340000000000000e+19 3.955544903874397278e-03 5.675361491739749908e-03
-2.211331800965868297e+03 6.260247065441978975e+02 -1.991258238601395306e+03 2.274540000000000000e+19 -3.630436724051833153e-03 1.108445413410663605e-02
-2.214709352828707779e+03 6.218518219128794726e+02 -1.988810557605063195e+03 2.274740000000000000e+19 1.289059966802597046e-02 -1.056184899061918259e-02
-2.218076313310940805e+03 6.176725648861842046e+02 -1.986359159588405646e+03 2.274940000000000000e+19 1.410746760666370392e-02 1.853329315781593323e-02
-2.221432666369400522e+03 6.134869553775162103e+02 -1.983904056231898039e+03 2.275140000000000000e+19 -1.259842514991760254e-02 1.261209789663553238e-02
-2.224778395836372511e+03 6.092950135493779271e+02 -1.981445259362024217e+03 2.275340000000000000e+19 3.240372613072395325e-02 1.987968944013118744e-02
-2.228113485781866984e+03 6.050967593612305109e+02 -1.978982780686073966e+03 2.275540000000000000e+19 -1.446466660127043724e-03 -1.623545400798320770e-02
-2.231161427200939215e+03 6.012429115577424454e+02 -1.976722330893534036e+03 2.275740000000000000e+19 2.194563113152980804e-02 -2.856705710291862488e-02
-2.207943673945302635e+03 6.301911987371317991e+02 -1.993702190820810074e+03 2.275940000000000000e+19 1.388728339225053787e-02 3.222196537535637617e-04
-2.211331800965868297e+03 6.260247065441978975e+02 -1.991258238601395306e+03 2.276140000000000000e+19 9.320432320237159729e-03 -2.612069249153137207e-02
-2.214709352828707779e+03 6.218518219128794726e+02 -1.988810557605063195e+03 2.276340000000000000e+19 1.600544899702072144e-02 4.489473998546600342e-03
-2.218076313310940805e+03 6.176725648861842046e+02 -1.986359159588405646e+03 2.276540000000000000e+19 -1.446088962256908417e-02 2.579901739954948425e-02
-2.221432666369400522e+03 6.134869553775162103e+02 -1.983904056231898039e+03 2.276740000000000000e+19 1.354578882455825806e-03 -5.548936314880847931e-03
-2.224778395836372511e+03 6.092950135493779271e+02 -1.981445259362024217e+03 2.276940000000000000e+19 -9.913269430398941040e-03 1.471812929958105087e-02
-2.228113485781866984e+03 6.050967593612305109e+02 -1.978982780686073966e+03 2.277140000000000000e+19 7.090864703059196472e-03 1.418050029315054417e-03
-2.231161427200939215e+03 6.012429115577424454e+02 -1.976722330893534036e+03 2.277340000000000000e+19 3.029029816389083862e-02 -1.046548504382371902e-02
-2.241347131664608696e+03 5.882410215867940906e+02 -1.969096284051678822e+03 2.277540000000000000e+19 -3.093352913856506348e-02 2.100462466478347778e-02
-2.244628785506045460e+03 5.840115077070136067e+02 -1.966615573544595236e+03 2.277740000000000000e+19 3.359938040375709534e-02 -2.886794134974479675e-02
-2.247899704769929940e+03 5.797758025409854099e+02 -1.964131252245578935e+03 2.277940000000000000e+19 1.566868461668491364e-02 7.635320071130990982e-04
-2.251159873882259035e+03 5.755339262564176579e+02 -1.961643331983376584e+03 2.278140000000000000e+19 -9.301886893808841705e-03 -2.268726751208305359e-02
-2.254409277149915852e+03 5.712858992720289280e+02 -1.959151824733857893e+03 2.278340000000000000e+19 1.182916853576898575e-02 6.835829466581344604e-03
-2.257647899112677351e+03 5.670317417994090192e+02 -1.956656742351312460e+03 2.278540000000000000e+19 1.146376878023147583e-02 -5.601607263088226318e-03
-2.260875724181134956e+03 5.627714743163850244e+02 -1.954158096846083936e+03 2.278740000000000000e+19 1.328377635218203068e-03 -9.769586846232414246e-03
-2.263825203794959634e+03 5.588609562257395282e+02 -1.951864596904762266e+03 2.278940000000000000e+19 4.351282957941293716e-03 2.240874618291854858e-02
-2.241347131664608696e+03 5.882410215867940906e+02 -1.969096284051678822e+03 2.279140000000000000e+19 1.849663327448070049e-03 3.921069949865341187e-02
-2.244628785506045460e+03 5.840115077070136067e+02 -1.966615573544595236e+03 2.279340000000000000e+19 -2.681047888472676277e-03 2.347607165575027466e-02
-2.247899704769929940e+03 5.797758025409854099e+02 -1.964131252245578935e+03 2.279540000000000000e+19 -1.906580850481987000e-02 -9.077018126845359802e-03
-2.251159873882259035e+03 5.755339262564176579e+02 -1.961643331983376584e+03 2.279740000000000000e+19 -9.254640899598598480e-03 -2.487834915518760681e-02
-2.254409277149915852e+03 5.712858992720289280e+02 -1.959151824733857893e+03 2.279940000000000000e+19 9.533348493278026581e-03 -1.465091854333877563e-02
-2.257647899112677351e+03 5.670317417994090192e+02 -1.956656742351312460e+03 2.280140000000000000e+19 -5.391519982367753983e-03 6.109767709858715534e-04
-2.260875724181134956e+03 5.627714743163850244e+02 -1.954158096846083936e+03 2.280340000000000000e+19 7.865012623369693756e-03 3.675396088510751724e-03
-2.263825203794959634e+03 5.588609562257395282e+02 -1.951864596904762266e+03 2.280540000000000000e+19 -1.832799613475799561e-02 -5.873253103345632553e-03
-2.273148755274934501e+03 5.463842134941542099e+02 -1.944547162606553684e+03 2.280740000000000000e+19 1.204775529913604259e-03 -4.431304056197404861e-03
-2.276324178771995776e+03 5.420947019084499061e+02 -1.942031464025658124e+03 2.280940000000000000e+19 -6.291975150816142559e-04 4.135285504162311554e-03
-2.279488716051186657e+03 5.377991995802577776e+02 -1.939512272271320171e+03 2.281140000000000000e+19 -6.482494645752012730e-04 -3.583326935768127441e-03
-2.282642351912912090e+03 5.334977271416109943e+02 -1.936989599443653105e+03 2.281340000000000000e+19 2.645170607138425112e-04 1.501553691923618317e-03
-2.285785071352700470e+03 5.291903050584443235e+02 -1.934463457545261690e+03 2.281540000000000000e+19 2.417449839413166046e-03 -4.270508885383605957e-03
-2.288916859253616622e+03 5.248769540499147297e+02 -1.931933858727161351e+03 2.281740000000000000e+19 3.146918723359704018e-03 1.677869237028062344e-03
-2.292037700671593029e+03 5.205576946986107032e+02 -1.929400815060175773e+03 2.281940000000000000e+19 -2.129055792465806007e-03 -4.588023759424686432e-03
-2.294888982730198222e+03 5.165932757270957154e+02 -1.927075886102641107e+03 2.282140000000000000e+19 -2.095459029078483582e-03 2.223276766017079353e-03
-2.273148755274934501e+03 5.463842134941542099e+02 -1.944547162606553684e+03 2.282340000000000000e+19 -6.520404480397701263e-03 -9.983189404010772705e-03
-2.276324178771995776e+03 5.420947019084499061e+02 -1.942031464025658124e+03 2.282540000000000000e+19 -2.142125507816672325e-03 -4.959474317729473114e-03
-2.279488716051186657e+03 5.377991995802577776e+02 -1.939512272271320171e+03 2.282740000000000000e+19 1.250438205897808075e-02 -8.567047305405139923e-03
-2.282642351912912090e+03 5.334977271416109943e+02 -1.936989599443653105e+03 2.282940000000000000e+19 6.832590792328119278e-03 1.774935610592365265e-02
-2.285785071352700470e+03 5.291903050584443235e+02 -1.934463457545261690e+03 2.283140000000000000e+19 2.171229571104049683e-02 7.443741895258426666e-03
-2.288916859253616622e+03 5.248769540499147297e+02 -1.931933858727161351e+03 2.283340000000000000e+19 7.280373945832252502e-03 -6.548030767589807510e-03
-2.292037700671593029e+03 5.205576946986107032e+02 -1.929400815060175773e+03 2.283540000000000000e+19 3.162502078339457512e-03 9.624925442039966583e-03
-2.294888982730198222e+03 5.165932757270957154e+02 -1.927075886102641107e+03 2.283740000000000000e+19 -3.439203370362520218e-03 -1.256114151328802109e-02
-2.304411303492548541e+03 5.032219878395838464e+02 -1.919234434678379557e+03 2.283940000000000000e+19 1.321875490248203278e-02 -5.843669641762971878e-03
-2.307477189426841505e+03 4.988734975197083372e+02 -1.916684349002692898e+03 2.284140000000000000e+19 -8.788254112005233765e-03 -2.405305160209536552e-03
-2.310532040095927641e+03 4.945192232421093195e+02 -1.914130891422719060e+03 2.284340000000000000e+19 -1.235579978674650192e-02 -5.695573054254055023e-03
-2.313575840784361844e+03 4.901591859816985561e+02 -1.911574074238685398e+03 2.284540000000000000e+19 -3.963126335293054581e-03 -1.520141772925853729e-02
-2.316608576999542493e+03 4.857934064981782853e+02 -1.909013909624518647e+03 2.284740000000000000e+19 -9.780561551451683044e-03 -6.678058300167322159e-03
-2.319630234206305431e+03 4.814219057153463268e+02 -1.906450409850282085e+03 2.284940000000000000e+19 -1.434210129082202911e-02 -5.760027095675468445e-03
-2.322640797901793576e+03 4.770447046150055144e+02 -1.903883587219956780e+03 2.285140000000000000e+19 -7.210659794509410858e-03 -1.805019006133079529e-02
-2.325390865261557337e+03 4.730273526091053782e+02 -1.901527799907908047e+03 2.285340000000000000e+19 -1.898875646293163300e-02 2.290296927094459534e-02
-2.304411303492548541e+03 5.032219878395838464e+02 -1.919234434678379557e+03 2.285540000000000000e+19 3.969390527345240116e-04 -1.815293356776237488e-02
-2.307477189426841505e+03 4.988734975197083372e+02 -1.916684349002692898e+03 2.285740000000000000e+19 -1.817996054887771606e-02 -2.109824912622570992e-03
-2.310532040095927641e+03 4.945192232421093195e+02 -1.914130891422719060e+03 2.285940000000000000e+19 9.491682983934879303e-03 -1.827939599752426147e-02
-2.313575840784361844e+03 4.901591859816985561e+02 -1.911574074238685398e+03 2.286140000000000000e+19 -1.887102797627449036e-02 -1.125573832541704178e-02
-2.316608576999542493e+03 4.857934064981782853e+02 -1.909013909624518647e+03 2.286340000000000000e+19 -1.503818202763795853e-03 -1.884866505861282349e-02
-2.319630234206305431e+03 4.814219057153463268e+02 -1.906450409850282085e+03 2.286540000000000000e+19 -2.709747478365898132e-02 -1.552806049585342407e-02
-2.322640797901793576e+03 4.770447046150055144e+02 -1.903883587219956780e+03 2.286740000000000000e+19 -2.305077016353607178e-02 -1.421172404661774635e-03
-2.325390865261557337e+03 4.730273526091053782e+02 -1.901527799907908047e+03 2.286940000000000000e+19 -3.096898272633552551e-02 -7.844878360629081726e-03
-2.334571830562225387e+03 4.594793159066011867e+02 -1.893583313763675278e+03 2.287140000000000000e+19 -4.328718408942222595e-03 -3.007827559486031532e-03
-2.337526711828552379e+03 4.550739277242535081e+02 -1.891000061279391957e+03 2.287340000000000000e+19 -1.166603527963161469e-02 6.530764047056436539e-03
-2.340470413936756813e+03 4.506629653193812715e+02 -1.888413559880630828e+03 2.287540000000000000e+19 2.631415147334337234e-03 1.267585996538400650e-02
-2.343402922870915972e+03 4.462464496941945526e+02 -1.885823821882677976e+03 2.287740000000000000e+19 2.783630229532718658e-02 1.288841303903609514e-04
-2.346324224515090918e+03 4.418244021080240600e+02 -1.883230859751492972e+03 2.287940000000000000e+19 9.857803815975785255e-04 4.297221545130014420e-03
-2.349234304970108951e+03 4.373968436005220610e+02 -1.880634685824085182e+03 2.288140000000000000e+19 1.857371255755424500e-02 -1.354002114385366440e-02
-2.352133150228121394e+03 4.329637954841361420e+02 -1.878035312597418169e+03 2.288340000000000000e+19 8.893657475709915161e-03 -1.623219996690750122e-02
-2.354780686841413626e+03 4.288954329555934351e+02 -1.875649794297855351e+03 2.288540000000000000e+19 1.987434551119804382e-02 -1.482557319104671478e-02
-2.334571830562225387e+03 4.594793159066011867e+02 -1.893583313763675278e+03 2.288740000000000000e+19 -1.121860183775424957e-02 -1.490052044391632080e-02
-2.337526711828552379e+03 4.550739277242535081e+02 -1.891000061279391957e+03 2.288940000000000000e+19 1.595086790621280670e-02 1.455068215727806091e-02
-2.340470413936756813e+03 4.506629653193812715e+02 -1.888413559880630828e+03 2.289140000000000000e+19 1.458873390220105648e-03 4.275735467672348022e-02
-2.343402922870915972e+03 4.462464496941945526e+02 -1.885823821882677976e+03 2.289340000000000000e+19 1.891138846985995770e-03 5.849858280271291733e-03
-2.346324224515090918e+03 4.418244021080240600e+02 -1.883230859751492972e+03 2.289540000000000000e+19 -9.594180155545473099e-04 2.684121578931808472e-02
-2.349234304970108951e+03 4.373968436005220610e+02 -1.880634685824085182e+03 2.289740000000000000e+19 -2.949799783527851105e-02 7.158605847507715225e-03
-2.352133150228121394e+03 4.329637954841361420e+02 -1.878035312597418169e+03 2.289940000000000000e+19 -3.026983700692653656e-02 -2.423191815614700317e-02
-2.354780686841413626e+03 4.288954329555934351e+02 -1.875649794297855351e+03 2.290140000000000000e+19 -1.127097103744745255e-02 1.487604901194572449e-02
-2.363615903131534196e+03 4.151771308732078865e+02 -1.867606075281545827e+03 2.290340000000000000e+19 2.068946324288845062e-02 -4.487239639274775982e-04
-2.366458365608359145e+03 4.107169531258391544e+02 -1.864990892262492480e+03 2.290540000000000000e+19 3.631436498835682869e-03 -1.371510326862335205e-02
-2.369289510479383807e+03 4.062514134220318738e+02 -1.862372584793398119e+03 2.290740000000000000e+19 3.624709323048591614e-02 -1.724466308951377869e-02
-2.372109324244673644e+03 4.017805330548557663e+02 -1.859751165359161632e+03 2.290940000000000000e+19 -2.711164951324462891e-02 1.904810662381350994e-03
-2.374917793389538929e+03 3.973043334518355891e+02 -1.857126646523426416e+03 2.291140000000000000e+19 3.013785555958747864e-02 2.696572989225387573e-02
-2.377714904424636188e+03 3.928228361129080781e+02 -1.854499040892199673e+03 2.291340000000000000e+19 1.245532371103763580e-02 1.503161061555147171e-02
-2.380500644041802389e+03 3.883360623605321962e+02 -1.851868360967334411e+03 2.291540000000000000e+19 1.807964406907558441e-02 -7.145124487578868866e-03
-2.383044382487080838e+03 3.842186369457646151e+02 -1.849454253693362261e+03 2.291740000000000000e+19 -2.427637204527854919e-02 -1.709770038723945618e-02
-2.363615903131534196e+03 4.151771308732078865e+02 -1.867606075281545827e+03 2.291940000000000000e+19 -3.955082222819328308e-02 2.362116705626249313e-03
-2.366458365608359145e+03 4.107169531258391544e+02 -1.864990892262492480e+03 2.292140000000000000e+19 -3.566994331777095795e-03 -1.388127170503139496e-02
-2.369289510479383807e+03 4.062514134220318738e+02 -1.862372584793398119e+03 2.292340000000000000e+19 1.089872047305107117e-02 -8.688793517649173737e-03
-2.372109324244673644e+03 4.017805330548557663e+02 -1.859751165359161632e+03 2.292540000000000000e+19 1.413766574114561081e-02 3.640167182311415672e-03
-2.374917793389538929e+03 3.973043334518355891e+02 -1.857126646523426416e+03 2.292740000000000000e+19 -1.831666938960552216e-02 1.903597149066627026e-03
-2.377714904424636188e+03 3.928228361129080781e+02 -1.854499040892199673e+03 2.292940000000000000e+19 -9.366197511553764343e-03 7.667368627153337002e-04
-2.380500644041802389e+03 3.883360623605321962e+02 -1.851868360967334411e+03 2.293140000000000000e+19 -1.120884320698678493e-03 -1.514523942023515701e-02
-2.383044382487080838e+03 3.842186369457646151e+02 -1.849454253693362261e+03 2.293340000000000000e+19 4.704607184976339340e-03 1.310607045888900757e-02
