# Baseline: 8-22
# Entries: 128
# u [m], v [m], w [m], frequency [GHz], real, imag, std(real), std(imag)
1.010482780459602054e+03 1.506594319302221948e+03 1.204517330735179485e+03 2.267940000000000111e+01 3.526640357449650764e-03 1.363481278531253338e-03 1.628305949270725250e-02 1.633864082396030426e-02
1.008967537290266137e+03 1.508497524361003343e+03 1.203405010913472097e+03 2.268140000000000001e+01 -1.970603363588452339e-03 -3.473649267107248306e-03 1.628305949270725250e-02 1.633864082396030426e-02
1.007447475308270782e+03 1.510397867085130429e+03 1.202294373354631034e+03 2.268340000000000245e+01 9.802140295505523682e-03 -3.892804263159632683e-03 1.628305949270725250e-02 1.633864082396030426e-02
1.005922601777685486e+03 1.512295338393317024e+03 1.201185423366122222e+03 2.268540000000000134e+01 -4.513565450906753540e-03 4.249789286404848099e-03 1.628305949270725250e-02 1.633864082396030426e-02
1.004392923996062109e+03 1.514189929204703731e+03 1.200078166255119868e+03 2.268740000000000023e+01 5.457085557281970978e-03 1.207213033922016621e-03 1.628305949270725250e-02 1.633864082396030426e-02
1.002858449284055382e+03 1.516081630452282297e+03 1.198972607320655243e+03 2.268940000000000268e+01 -1.774360076524317265e-03 7.483438123017549515e-03 1.628305949270725250e-02 1.633864082396030426e-02
1.001319185017407108e+03 1.517970433043380353e+03 1.197868751876715351e+03 2.269140000000000157e+01 1.129524130374193192e-02 -1.402633544057607651e-02 1.628305949270725250e-02 1.633864082396030426e-02
9.999040523222641923e+02 1.519699318494038607e+03 1.196858363515384326e+03 2.269340000000000046e+01 -2.243701368570327759e-02 4.765063058584928513e-03 1.628305949270725250e-02 1.633864082396030426e-02
1.010482780459602054e+03 1.506594319302221948e+03 1.204517330735179485e+03 2.269540000000000290e+01 3.490052185952663422e-04 1.327506452798843384e-02 1.628305949270725250e-02 1.633864082396030426e-02
1.008967537290266137e+03 1.508497524361003343e+03 1.203405010913472097e+03 2.269740000000000180e+01 -1.868595601990818977e-03 1.474068127572536469e-02 1.628305949270725250e-02 1.633864082396030426e-02
1.007447475308270782e+03 1.510397867085130429e+03 1.202294373354631034e+03 2.269940000000000069e+01 2.316164551302790642e-03 4.357674333732575178e-04 1.628305949270725250e-02 1.633864082396030426e-02
1.005922601777685486e+03 1.512295338393317024e+03 1.201185423366122222e+03 2.270140000000000313e+01 1.755439117550849915e-02 -1.651898398995399475e-02 1.628305949270725250e-02 1.633864082396030426e-02
1.004392923996062109e+03 1.514189929204703731e+03 1.200078166255119868e+03 2.270340000000000202e+01 -1.040502567775547504e-03 -1.580141484737396240e-02 1.628305949270725250e-02 1.633864082396030426e-02
1.002858449284055382e+03 1.516081630452282297e+03 1.198972607320655243e+03 2.270540000000000092e+01 7.216479280032217503e-04 -6.945913657546043396e-03 1.628305949270725250e-02 1.633864082396030426e-02
1.001319185017407108e+03 1.517970433043380353e+03 1.197868751876715351e+03 2.270739999999999981e+01 8.547527715563774109e-03 1.147428411059081554e-03 1.628305949270725250e-02 1.633864082396030426e-02
9.999040523222641923e+02 1.519699318494038607e+03 1.196858363515384326e+03 2.270940000000000225e+01 -2.166805788874626160e-02 -4.499451722949743271e-03 1.628305949270725250e-02 1.633864082396030426e-02
9.951143797463233795e+02 1.525496476674031555e+03 1.193470470299874023e+03 2.271140000000000114e+01 5.925125442445278168e-03 3.528441302478313446e-03 1.628305949270725250e-02 1.633864082396030426e-02
9.935512785008462515e+02 1.527370650869443352e+03 1.192375211270574482e+03 2.271340000000000003e+01 -5.399096291512250900e-03 -1.712328172288835049e-03 1.628305949270725250e-02 1.633864082396030426e-02
9.919834322320780302e+02 1.529241872395459040e+03 1.191281687297355347e+03 2.271540000000000248e+01 3.655549371615052223e-03 9.265887551009654999e-03 1.628305949270725250e-02 1.633864082396030426e-02
9.904108484215322505e+02 1.531110132323003427e+03 1.190189903598276715e+03 2.271740000000000137e+01 -1.764176064170897007e-03 -8.428961038589477539e-03 1.628305949270725250e-02 1.633864082396030426e-02
9.888335346006739428e+02 1.532975421704572682e+03 1.189099865402122987e+03 2.271940000000000026e+01 -1.442341227084398270e-02 -1.771145798556972295e-05 1.628305949270725250e-02 1.633864082396030426e-02
9.872514983181023354e+02 1.534837731613370352e+03 1.188011577925530901e+03 2.272140000000000271e+01 2.649463340640068054e-02 -4.044890031218528748e-02 1.628305949270725250e-02 1.633864082396030426e-02
9.856647471506066722e+02 1.536697053130423910e+03 1.186925046380521280e+03 2.272340000000000160e+01 -4.660126753151416779e-03 -3.452664008364081383e-03 1.628305949270725250e-02 1.633864082396030426e-02
9.842061496615899614e+02 1.538398836652287400e+03 1.185930583615122259e+03 2.272540000000000049e+01 3.460191946942359209e-04 -1.266223844140768051e-02 1.628305949270725250e-02 1.633864082396030426e-02
9.951143797463233795e+02 1.525496476674031555e+03 1.193470470299874023e+03 2.272740000000000293e+01 -2.073256857693195343e-02 -4.960295278578996658e-03 1.628305949270725250e-02 1.633864082396030426e-02
9.935512785008462515e+02 1.527370650869443352e+03 1.192375211270574482e+03 2.272940000000000182e+01 -1.153115462511777878e-02 -1.237264554947614670e-02 1.628305949270725250e-02 1.633864082396030426e-02
9.919834322320780302e+02 1.529241872395459040e+03 1.191281687297355347e+03 2.273140000000000072e+01 -1.451085670851171017e-03 -2.296850085258483887e-02 1.628305949270725250e-02 1.633864082396030426e-02
9.904108484215322505e+02 1.531110132323003427e+03 1.190189903598276715e+03 2.273340000000000316e+01 -1.380886882543563843e-02 1.960652694106101990e-02 1.628305949270725250e-02 1.633864082396030426e-02
9.888335346006739428e+02 1.532975421704572682e+03 1.189099865402122987e+03 2.273540000000000205e+01 -2.268903626827523112e-04 5.037663970142602921e-03 1.628305949270725250e-02 1.633864082396030426e-02
9.872514983181023354e+02 1.534837731613370352e+03 1.188011577925530901e+03 2.273740000000000094e+01 3.312311694025993347e-02 -1.148623600602149963e-02 1.628305949270725250e-02 1.633864082396030426e-02
9.856647471506066722e+02 1.536697053130423910e+03 1.186925046380521280e+03 2.273939999999999984e+01 -6.978591438382863998e-03 2.437359886243939400e-03 1.628305949270725250e-02 1.633864082396030426e-02
9.842061496615899614e+02 1.538398836652287400e+03 1.185930583615122259e+03 2.274140000000000228e+01 -6.035741884261369705e-03 -2.562164736445993185e-04 1.628305949270725250e-02 1.633864082396030426e-02
9.792707457558809665e+02 1.544104277635475228e+03 1.182596583326308064e+03 2.274340000000000117e+01 -1.785690151154994965e-02 -1.157791703008115292e-03 1.628305949270725250e-02 1.633864082396030426e-02
9.776605344984855037e+02 1.545948524033926105e+03 1.181518909252829189e+03 2.274540000000000006e+01 3.172382339835166931e-02 -1.373905409127473831e-02 1.628305949270725250e-02 1.633864082396030426e-02
9.760456542336924031e+02 1.547789728893046004e+03 1.180443022168058405e+03 2.274740000000000251e+01 7.170381024479866028e-03 2.195933629991486669e-04 1.628305949270725250e-02 1.633864082396030426e-02
9.744261127180217272e+02 1.549627883369246774e+03 1.179368927239640243e+03 2.274940000000000140e+01 1.220129989087581635e-02 8.244465105235576630e-03 1.628305949270725250e-02 1.633864082396030426e-02
9.728019176682661282e+02 1.551462978703970975e+03 1.178296629585485334e+03 2.275140000000000029e+01 5.024753510951995850e-03 -1.381181832402944565e-02 1.628305949270725250e-02 1.633864082396030426e-02
9.711730769083595760e+02 1.553295006057440332e+03 1.177226134370919908e+03 2.275340000000000273e+01 -2.279016934335231781e-02 -1.194332633167505264e-02 1.628305949270725250e-02 1.633864082396030426e-02
9.695395981938880823e+02 1.555123956706775743e+03 1.176157446692912572e+03 2.275540000000000163e+01 2.477684244513511658e-02 7.009937544353306293e-04 1.628305949270725250e-02 1.633864082396030426e-02
9.680382339509542362e+02 1.556797823882134026e+03 1.175179385440138049e+03 2.275740000000000052e+01 -3.481994569301605225e-02 1.741465739905834198e-02 1.628305949270725250e-02 1.633864082396030426e-02
9.792707457558809665e+02 1.544104277635475228e+03 1.182596583326308064e+03 2.275940000000000296e+01 -7.330792490392923355e-03 -1.446526218205690384e-02 1.628305949270725250e-02 1.633864082396030426e-02
9.776605344984855037e+02 1.545948524033926105e+03 1.181518909252829189e+03 2.276140000000000185e+01 5.302698118612170219e-04 5.882041994482278824e-03 1.628305949270725250e-02 1.633864082396030426e-02
9.760456542336924031e+02 1.547789728893046004e+03 1.180443022168058405e+03 2.276340000000000074e+01 6.457635201513767242e-03 1.440655067563056946e-02 1.628305949270725250e-02 1.633864082396030426e-02
9.744261127180217272e+02 1.549627883369246774e+03 1.179368927239640243e+03 2.276540000000000319e+01 9.085331112146377563e-03 -2.140754088759422302e-02 1.628305949270725250e-02 1.633864082396030426e-02
9.728019176682661282e+02 1.551462978703970975e+03 1.178296629585485334e+03 2.276740000000000208e+01 1.985444687306880951e-03 6.990925874561071396e-03 1.628305949270725250e-02 1.633864082396030426e-02
9.711730769083595760e+02 1.553295006057440332e+03 1.177226134370919908e+03 2.276940000000000097e+01 -1.983899250626564026e-02 4.427464678883552551e-03 1.628305949270725250e-02 1.633864082396030426e-02
9.695395981938880823e+02 1.555123956706775743e+03 1.176157446692912572e+03 2.277139999999999986e+01 1.997108198702335358e-02 -1.316234283149242401e-02 1.628305949270725250e-02 1.633864082396030426e-02
9.680382339509542362e+02 1.556797823882134026e+03 1.175179385440138049e+03 2.277340000000000231e+01 1.255959458649158478e-02 1.175334397703409195e-02 1.628305949270725250e-02 1.633864082396030426e-02
9.629594605841538169e+02 1.562408817299410430e+03 1.171900873579795871e+03 2.277540000000000120e+01 3.875241149216890335e-03 5.721202585846185684e-03 1.628305949270725250e-02 1.633864082396030426e-02
9.613029098515548867e+02 1.564222253373404101e+03 1.170841300161085883e+03 2.277740000000000009e+01 -4.789349157363176346e-03 -1.594222150743007660e-02 1.628305949270725250e-02 1.633864082396030426e-02
9.596417684291765227e+02 1.566032560416665319e+03 1.169783564853540383e+03 2.277940000000000254e+01 7.019642274826765060e-03 1.909458450973033905e-02 1.628305949270725250e-02 1.633864082396030426e-02
9.579760442263076357e+02 1.567839729809673599e+03 1.168727672693409431e+03 2.278140000000000143e+01 9.816950187087059021e-03 2.437367662787437439e-02 1.628305949270725250e-02 1.633864082396030426e-02
9.563057452610920564e+02 1.569643752853442265e+03 1.167673628763327770e+03 2.278340000000000032e+01 -5.154183134436607361e-03 -1.499691698700189590e-02 1.628305949270725250e-02 1.633864082396030426e-02
9.546308794806105880e+02 1.571444620964659407e+03 1.166621438078295796e+03 2.278540000000000276e+01 -1.801408827304840088e-02 -3.623437881469726562e-02 1.628305949270725250e-02 1.633864082396030426e-02
9.529514549470068232e+02 1.573242325474667268e+03 1.165571105703132616e+03 2.278740000000000165e+01 -7.809235248714685440e-03 -1.726028881967067719e-02 1.628305949270725250e-02 1.633864082396030426e-02
9.514080423768298260e+02 1.574887475332617441e+03 1.164609913979632893e+03 2.278940000000000055e+01 -6.972773466259241104e-03 -4.586176015436649323e-03 1.628305949270725250e-02 1.633864082396030426e-02
9.629594605841538169e+02 1.562408817299410430e+03 1.171900873579795871e+03 2.279140000000000299e+01 -1.386274490505456924e-02 -5.659307818859815598e-03 1.628305949270725250e-02 1.633864082396030426e-02
9.613029098515548867e+02 1.564222253373404101e+03 1.170841300161085883e+03 2.279340000000000188e+01 2.772851660847663879e-02 4.847400262951850891e-02 1.628305949270725250e-02 1.633864082396030426e-02
9.596417684291765227e+02 1.566032560416665319e+03 1.169783564853540383e+03 2.279540000000000077e+01 3.357208147644996643e-02 -7.468749303370714188e-03 1.628305949270725250e-02 1.633864082396030426e-02
9.579760442263076357e+02 1.567839729809673599e+03 1.168727672693409431e+03 2.279739999999999966e+01 -8.276673033833503723e-03 -2.006915770471096039e-02 1.628305949270725250e-02 1.633864082396030426e-02
9.563057452610920564e+02 1.569643752853442265e+03 1.167673628763327770e+03 2.279940000000000211e+01 5.714262952096760273e-04 -6.232347805052995682e-03 1.628305949270725250e-02 1.633864082396030426e-02
9.546308794806105880e+02 1.571444620964659407e+03 1.166621438078295796e+03 2.280140000000000100e+01 -1.612100750207901001e-02 -2.565936883911490440e-03 1.628305949270725250e-02 1.633864082396030426e-02
9.529514549470068232e+02 1.573242325474667268e+03 1.165571105703132616e+03 2.280339999999999989e+01 -1.173525769263505936e-02 -2.651544660329818726e-02 1.628305949270725250e-02 1.633864082396030426e-02
9.514080423768298260e+02 1.574887475332617441e+03 1.164609913979632893e+03 2.280540000000000234e+01 -6.104974076151847839e-03 5.044831894338130951e-03 1.628305949270725250e-02 1.633864082396030426e-02
9.464715739192675983e+02 1.580104064340272089e+03 1.161562137045922100e+03 2.280740000000000123e+01 -5.807704292237758636e-03 -6.192882079631090164e-03 1.628305949270725250e-02 1.633864082396030426e-02
9.447702289770976449e+02 1.581886357241859514e+03 1.160520857120286337e+03 2.280940000000000012e+01 -2.862436929717659950e-03 1.221225876361131668e-02 1.628305949270725250e-02 1.633864082396030426e-02
9.430643724430223074e+02 1.583665436602101408e+03 1.159481464681991611e+03 2.281140000000000256e+01 -2.128495834767818451e-03 -1.001604180783033371e-02 1.628305949270725250e-02 1.633864082396030426e-02
9.413540125105911329e+02 1.585441293875851215e+03 1.158443964723368481e+03 2.281340000000000146e+01 -7.451410870999097824e-03 6.650293245911598206e-03 1.628305949270725250e-02 1.633864082396030426e-02
9.396391573175333178e+02 1.587213920613836990e+03 1.157408362180685572e+03 2.281540000000000035e+01 -1.225726213306188583e-02 -1.288387086242437363e-02 1.628305949270725250e-02 1.633864082396030426e-02
9.379198151124651304e+02 1.588983308289483602e+03 1.156374662035323354e+03 2.281740000000000279e+01 -2.647048328071832657e-03 1.810455136001110077e-02 1.628305949270725250e-02 1.633864082396030426e-02
9.361959940998398224e+02 1.590749448459677296e+03 1.155342869219859267e+03 2.281940000000000168e+01 -4.732175730168819427e-04 -1.354439556598663330e-02 1.628305949270725250e-02 1.633864082396030426e-02
9.346119542137970484e+02 1.592365591753434956e+03 1.154398714499860262e+03 2.282140000000000057e+01 6.966644898056983948e-03 1.174560398794710636e-03 1.628305949270725250e-02 1.633864082396030426e-02
9.464715739192675983e+02 1.580104064340272089e+03 1.161562137045922100e+03 2.282340000000000302e+01 -9.814544580876827240e-03 -1.154548116028308868e-02 1.628305949270725250e-02 1.633864082396030426e-02
9.447702289770976449e+02 1.581886357241859514e+03 1.160520857120286337e+03 2.282540000000000191e+01 7.772417739033699036e-03 -3.407573327422142029e-03 1.628305949270725250e-02 1.633864082396030426e-02
9.430643724430223074e+02 1.583665436602101408e+03 1.159481464681991611e+03 2.282740000000000080e+01 3.289903746917843819e-03 -3.766711568459868431e-03 1.628305949270725250e-02 1.633864082396030426e-02
9.413540125105911329e+02 1.585441293875851215e+03 1.158443964723368481e+03 2.282939999999999969e+01 -3.202568739652633667e-03 -2.233596285805106163e-03 1.628305949270725250e-02 1.633864082396030426e-02
9.396391573175333178e+02 1.587213920613836990e+03 1.157408362180685572e+03 2.283140000000000214e+01 1.690676063299179077e-02 4.844789393246173859e-03 1.628305949270725250e-02 1.633864082396030426e-02
9.379198151124651304e+02 1.588983308289483602e+03 1.156374662035323354e+03 2.283340000000000103e+01 -1.062224898487329483e-02 -2.096219221130013466e-03 1.628305949270725250e-02 1.633864082396030426e-02
9.361959940998398224e+02 1.590749448459677296e+03 1.155342869219859267e+03 2.283539999999999992e+01 -1.291894447058439255e-02 5.670376121997833252e-03 1.628305949270725250e-02 1.633864082396030426e-02
9.346119542137970484e+02 1.592365591753434956e+03 1.154398714499860262e+03 2.283740000000000236e+01 -5.881522316485643387e-03 9.469991549849510193e-03 1.628305949270725250e-02 1.633864082396030426e-02
9.292560873433111510e+02 1.597781365218617111e+03 1.151234869909721283e+03 2.283940000000000126e+01 -1.221730560064315796e-02 7.386229000985622406e-03 1.628305949270725250e-02 1.633864082396030426e-02
9.275099965147619514e+02 1.599531141340447675e+03 1.150212687657293827e+03 2.284140000000000015e+01 1.684614829719066620e-02 2.370847202837467194e-02 1.628305949270725250e-02 1.633864082396030426e-02
9.257594766729206412e+02 1.601277619501977824e+03 1.149192442210116724e+03 2.284340000000000259e+01 3.093425184488296509e-02 -1.907869614660739899e-02 1.628305949270725250e-02 1.633864082396030426e-02
9.240045362501933823e+02 1.603020791290277202e+03 1.148174138482790795e+03 2.284540000000000148e+01 -3.227161942049860954e-03 -8.379395119845867157e-03 1.628305949270725250e-02 1.633864082396030426e-02
9.222451836024829390e+02 1.604760648405484289e+03 1.147157781323815698e+03 2.284740000000000038e+01 1.151314657181501389e-02 -1.335634849965572357e-03 1.628305949270725250e-02 1.633864082396030426e-02
9.204814271617774466e+02 1.606497182508927835e+03 1.146143375604316816e+03 2.284940000000000282e+01 6.261421949602663517e-04 -1.155869383364915848e-02 1.628305949270725250e-02 1.633864082396030426e-02
9.187132753935574101e+02 1.608230385265841505e+03 1.145130926193083042e+03 2.285140000000000171e+01 9.659355506300926208e-03 -1.463082805275917053e-02 1.628305949270725250e-02 1.633864082396030426e-02
9.170886713933601868e+02 1.609816263513382637e+03 1.144204545231418024e+03 2.285340000000000060e+01 1.718156971037387848e-02 7.373542524874210358e-03 1.628305949270725250e-02 1.633864082396030426e-02
9.292560873433111510e+02 1.597781365218617111e+03 1.151234869909721283e+03 2.285540000000000305e+01 -3.824274288490414619e-03 1.182074658572673798e-02 1.628305949270725250e-02 1.633864082396030426e-02
9.275099965147619514e+02 1.599531141340447675e+03 1.150212687657293827e+03 2.285740000000000194e+01 -8.102401159703731537e-03 2.356817713007330894e-04 1.628305949270725250e-02 1.633864082396030426e-02
9.257594766729206412e+02 1.601277619501977824e+03 1.149192442210116724e+03 2.285940000000000083e+01 7.524446584284305573e-03 -2.027795836329460144e-02 1.628305949270725250e-02 1.633864082396030426e-02
9.240045362501933823e+02 1.603020791290277202e+03 1.148174138482790795e+03 2.286139999999999972e+01 5.887414794415235519e-03 9.439823217689990997e-03 1.628305949270725250e-02 1.633864082396030426e-02
9.222451836024829390e+02 1.604760648405484289e+03 1.147157781323815698e+03 2.286340000000000217e+01 1.267310115508735180e-03 3.192648291587829590e-02 1.628305949270725250e-02 1.633864082396030426e-02
9.204814271617774466e+02 1.606497182508927835e+03 1.146143375604316816e+03 2.286540000000000106e+01 -3.501084819436073303e-02 3.856520401313900948e-03 1.628305949270725250e-02 1.633864082396030426e-02
9.187132753935574101e+02 1.608230385265841505e+03 1.145130926193083042e+03 2.286739999999999995e+01 1.558156684041023254e-02 1.581102050840854645e-02 1.628305949270725250e-02 1.633864082396030426e-02
9.170886713933601868e+02 1.609816263513382637e+03 1.144204545231418024e+03 2.286940000000000239e+01 1.368731074035167694e-02 4.154792521148920059e-03 1.628305949270725250e-02 1.633864082396030426e-02
9.115968843962064057e+02 1.615129717375041537e+03 1.141100788279326480e+03 2.287140000000000128e+01 6.454540416598320007e-03 -6.831193808466196060e-03 1.628305949270725250e-02 1.633864082396030426e-02
9.098068832340960626e+02 1.616846139402673771e+03 1.140098192840913043e+03 2.287340000000000018e+01 4.447127575986087322e-04 -3.278295043855905533e-03 1.628305949270725250e-02 1.633864082396030426e-02
9.080125378304034029e+02 1.618559180556655292e+03 1.139097582641228655e+03 2.287540000000000262e+01 1.279177702963352203e-02 3.188660368323326111e-03 1.628305949270725250e-02 1.633864082396030426e-02
9.062138567286802981e+02 1.620268832680607602e+03 1.138098962444517610e+03 2.287740000000000151e+01 -3.166196867823600769e-03 -2.693739160895347595e-02 1.628305949270725250e-02 1.633864082396030426e-02
9.044108485870495997e+02 1.621975087544940834e+03 1.137102337057736577e+03 2.287940000000000040e+01 -1.775060966610908508e-02 -2.330142445862293243e-02 1.628305949270725250e-02 1.633864082396030426e-02
9.026035219840631498e+02 1.623677937031478223e+03 1.136107711222702846e+03 2.288140000000000285e+01 8.576476946473121643e-03 -8.242915384471416473e-03 1.628305949270725250e-02 1.633864082396030426e-02
9.007918856194456794e+02 1.625377372943441287e+03 1.135115089727120221e+03 2.288340000000000174e+01 8.021971210837364197e-03 1.735403202474117279e-02 1.628305949270725250e-02 1.633864082396030426e-02
8.991274949627315891e+02 1.626932227220011328e+03 1.134206925844429861e+03 2.288540000000000063e+01 2.068480476737022400e-02 -1.538102864287793636e-03 1.628305949270725250e-02 1.633864082396030426e-02
9.115968843962064057e+02 1.615129717375041537e+03 1.141100788279326480e+03 2.288740000000000308e+01 -1.593375578522682190e-03 4.775731824338436127e-03 1.628305949270725250e-02 1.633864082396030426e-02
9.098068832340960626e+02 1.616846139402673771e+03 1.140098192840913043e+03 2.288940000000000197e+01 -8.269399404525756836e-03 -1.036354806274175644e-02 1.628305949270725250e-02 1.633864082396030426e-02
9.080125378304034029e+02 1.618559180556655292e+03 1.139097582641228655e+03 2.289140000000000086e+01 2.216192148625850677e-02 4.088989924639463425e-03 1.628305949270725250e-02 1.633864082396030426e-02
9.062138567286802981e+02 1.620268832680607602e+03 1.138098962444517610e+03 2.289339999999999975e+01 -1.442825487174559385e-05 2.474056184291839600e-02 1.628305949270725250e-02 1.633864082396030426e-02
9.044108485870495997e+02 1.621975087544940834e+03 1.137102337057736577e+03 2.289540000000000219e+01 7.543435320258140564e-03 -6.599613931030035019e-03 1.628305949270725250e-02 1.633864082396030426e-02
9.026035219840631498e+02 1.623677937031478223e+03 1.136107711222702846e+03 2.289740000000000109e+01 1.392469834536314011e-02 1.449445076286792755e-02 1.628305949270725250e-02 1.633864082396030426e-02
9.007918856194456794e+02 1.625377372943441287e+03 1.135115089727120221e+03 2.289939999999999998e+01 7.498254999518394470e-04 -7.844740524888038635e-03 1.628305949270725250e-02 1.633864082396030426e-02
8.991274949627315891e+02 1.626932227220011328e+03 1.134206925844429861e+03 2.290140000000000242e+01 -4.088272806257009506e-03 -1.555480249226093292e-02 1.628305949270725250e-02 1.633864082396030426e-02
8.935024159443522649e+02 1.632140818720692323e+03 1.131164741833791823e+03 2.290340000000000131e+01 -4.642385523766279221e-03 -1.066941674798727036e-02 1.628305949270725250e-02 1.633864082396030426e-02
8.916693610942011219e+02 1.633823065222449259e+03 1.130182213022974111e+03 2.290540000000000020e+01 1.034949813038110733e-02 1.809403300285339355e-02 1.628305949270725250e-02 1.633864082396030426e-02
8.898320487981148972e+02 1.635501849609776400e+03 1.129201716902400904e+03 2.290740000000000265e+01 4.224848002195358276e-03 -1.385282259434461594e-02 1.628305949270725250e-02 1.633864082396030426e-02
8.879904878169417088e+02 1.637177163877646535e+03 1.128223258147413389e+03 2.290940000000000154e+01 -4.127816762775182724e-03 -3.954065591096878052e-02 1.628305949270725250e-02 1.633864082396030426e-02
8.861446869766731425e+02 1.638848999996721432e+03 1.127246841447499037e+03 2.291140000000000043e+01 4.184287972748279572e-03 -1.956927590072154999e-02 1.628305949270725250e-02 1.633864082396030426e-02
8.842946551430264890e+02 1.640517349936963001e+03 1.126272471492502746e+03 2.291340000000000288e+01 -7.601507939398288727e-03 -1.174839586019515991e-02 1.628305949270725250e-02 1.633864082396030426e-02
8.824404011182663226e+02 1.642182205760608440e+03 1.125300152918327285e+03 2.291540000000000177e+01 -1.447530230507254601e-03 -2.901087515056133270e-03 1.628305949270725250e-02 1.633864082396030426e-02
8.807370205979059392e+02 1.643705291724322478e+03 1.124410640871434680e+03 2.291740000000000066e+01 5.186825059354305267e-03 -1.714409328997135162e-03 1.628305949270725250e-02 1.633864082396030426e-02
8.935024159443522649e+02 1.632140818720692323e+03 1.131164741833791823e+03 2.291940000000000310e+01 1.445773243904113770e-02 -9.796476922929286957e-03 1.628305949270725250e-02 1.633864082396030426e-02
8.916693610942011219e+02 1.633823065222449259e+03 1.130182213022974111e+03 2.292140000000000200e+01 -3.761972114443778992e-02 -3.956039994955062866e-02 1.628305949270725250e-02 1.633864082396030426e-02
8.898320487981148972e+02 1.635501849609776400e+03 1.129201716902400904e+03 2.292340000000000089e+01 -2.939792722463607788e-02 -5.215771961957216263e-03 1.628305949270725250e-02 1.633864082396030426e-02
8.879904878169417088e+02 1.637177163877646535e+03 1.128223258147413389e+03 2.292539999999999978e+01 -7.501747924834489822e-03 4.036942124366760254e-02 1.628305949270725250e-02 1.633864082396030426e-02
8.861446869766731425e+02 1.638848999996721432e+03 1.127246841447499037e+03 2.292740000000000222e+01 2.383778628427535295e-04 3.405941277742385864e-02 1.628305949270725250e-02 1.633864082396030426e-02
8.842946551430264890e+02 1.640517349936963001e+03 1.126272471492502746e+03 2.292940000000000111e+01 1.605915278196334839e-02 2.982446551322937012e-02 1.628305949270725250e-02 1.633864082396030426e-02
8.824404011182663226e+02 1.642182205760608440e+03 1.125300152918327285e+03 2.293140000000000001e+01 -8.554072119295597076e-03 -1.012238021939992905e-02 1.628305949270725250e-02 1.633864082396030426e-02
8.807370205979059392e+02 1.643705291724322478e+03 1.124410640871434680e+03 2.293340000000000245e+01 1.336380932480096817e-02 -1.399682275950908661e-02 1.628305949270725250e-02 1.633864082396030426e-02
