# Baseline: 13-20
# Entries: 128
# u [m], v [m], w [m], frequency [GHz], real, imag
-6.096414621366225219e+03 -1.246230693370188419e+03 -6.275633518587571416e+03 2.267940000000000000e+19 -4.029496759176254272e-02 8.348252624273300171e-02
-6.100984010420100276e+03 -1.257728470048550889e+03 -6.268895551574762067e+03 2.268140000000000000e+19 -5.936096888035535812e-03 -1.305776834487915039e-01
-6.105524234772693490e+03 -1.269234862293154947e+03 -6.262152578727983382e+03 2.268340000000000000e+19 1.757535040378570557e-01 1.103698313236236572e-01
-6.110035272727561278e+03 -1.280749815117488424e+03 -6.255404632270406182e+03 2.268540000000000000e+19 3.492520749568939209e-02 1.898849569261074066e-02
-6.113400297929444605e+03 -1.289391350088937543e+03 -6.250340581506323360e+03 2.268740000000000000e+19 9.431133419275283813e-02 5.065282434225082397e-02
-6.118969703227772698e+03 -1.303805182034890322e+03 -6.241893947721889162e+03 2.268940000000000000e+19 -1.891120821237564087e-01 -1.932989060878753662e-01
-6.123393052922855532e+03 -1.315345485549833256e+03 -6.235131274430877056e+03 2.269140000000000000e+19 -1.708543002605438232e-01 3.436971306800842285e-01
-6.128882260941718414e+03 -1.329782251803721692e+03 -6.226671318695325681e+03 2.269340000000000000e+19 -3.699911758303642273e-02 -1.741886697709560394e-02
-6.096414621366225219e+03 -1.246230693370188419e+03 -6.275633518587571416e+03 2.269540000000000000e+19 1.108134984970092773e-01 7.352316379547119141e-02
-6.100984010420100276e+03 -1.257728470048550889e+03 -6.268895551574762067e+03 2.269740000000000000e+19 -1.255369484424591064e-01 -1.447923630475997925e-01
-6.105524234772693490e+03 -1.269234862293154947e+03 -6.262152578727983382e+03 2.269940000000000000e+19 -1.710948348045349121e-01 -2.433973550796508789e-02
-6.110035272727561278e+03 -1.280749815117488424e+03 -6.255404632270406182e+03 2.270140000000000000e+19 -1.794051006436347961e-02 -1.804678142070770264e-01
-6.113400297929444605e+03 -1.289391350088937543e+03 -6.250340581506323360e+03 2.270340000000000000e+19 4.157365858554840088e-02 -1.359640955924987793e-01
-6.118969703227772698e+03 -1.303805182034890322e+03 -6.241893947721889162e+03 2.270540000000000000e+19 -5.299520120024681091e-02 -5.496461689472198486e-02
-6.123393052922855532e+03 -1.315345485549833256e+03 -6.235131274430877056e+03 2.270740000000000000e+19 -2.921599894762039185e-03 -9.395916759967803955e-02
-6.128882260941718414e+03 -1.329782251803721692e+03 -6.226671318695325681e+03 2.270940000000000000e+19 5.023253336548805237e-02 -2.415167167782783508e-02
-6.140793523014464881e+03 -1.361589545867559309e+03 -6.208032462271476106e+03 2.271140000000000000e+19 -8.970428258180618286e-02 -6.782137323170900345e-03
-6.145070304256098098e+03 -1.373170995831476603e+03 -6.201245891616033987e+03 2.271340000000000000e+19 -1.088534817099571228e-01 -6.199312396347522736e-03
-6.149317709783214013e+03 -1.384760508802668255e+03 -6.194454638927801170e+03 2.271540000000000000e+19 1.164906099438667297e-02 8.124053478240966797e-02
-6.153535719328373489e+03 -1.396358029478118169e+03 -6.187658736613377187e+03 2.271740000000000000e+19 8.979458361864089966e-02 -7.787978649139404297e-02
-6.157724312690695115e+03 -1.407963502314711150e+03 -6.180858217219859398e+03 2.271940000000000000e+19 -1.098812744021415710e-01 7.590708136558532715e-02
-6.161883469824618260e+03 -1.419576871771708966e+03 -6.174053113292739909e+03 2.272140000000000000e+19 -1.377494167536497116e-02 4.160216078162193298e-03
-6.166013170811455893e+03 -1.431198082229997453e+03 -6.167243457423237487e+03 2.272340000000000000e+19 1.044308952987194061e-02 2.147544920444488525e-02
-6.169773212305726702e+03 -1.441857600741401029e+03 -6.160997359038300601e+03 2.272540000000000000e+19 -8.578876405954360962e-02 2.639928134158253670e-03
-6.140793523014464881e+03 -1.361589545867559309e+03 -6.208032462271476106e+03 2.272740000000000000e+19 -5.238122120499610901e-02 1.152882650494575500e-01
-6.145070304256098098e+03 -1.373170995831476603e+03 -6.201245891616033987e+03 2.272940000000000000e+19 3.956549614667892456e-02 3.509301692247390747e-02
-6.149317709783214013e+03 -1.384760508802668255e+03 -6.194454638927801170e+03 2.273140000000000000e+19 -1.236565317958593369e-02 2.209966769441962242e-03
-6.153535719328373489e+03 -1.396358029478118169e+03 -6.187658736613377187e+03 2.273340000000000000e+19 -4.520853050053119659e-03 6.319650262594223022e-02
-6.157724312690695115e+03 -1.407963502314711150e+03 -6.180858217219859398e+03 2.273540000000000000e+19 1.127556860446929932e-01 2.473104000091552734e-02
-6.161883469824618260e+03 -1.419576871771708966e+03 -6.174053113292739909e+03 2.273740000000000000e+19 4.937854409217834473e-02 -2.588639780879020691e-02
-6.166013170811455893e+03 -1.431198082229997453e+03 -6.167243457423237487e+03 2.273940000000000000e+19 -1.294081807136535645e-01 2.511268481612205505e-02
-6.169773212305726702e+03 -1.441857600741401029e+03 -6.160997359038300601e+03 2.274140000000000000e+19 -4.973541572690010071e-02 -7.063691504299640656e-03
-6.182237020359875714e+03 -1.477760221845363276e+03 -6.139959966249770332e+03 2.274340000000000000e+19 1.061274576932191849e-02 -1.766908331774175167e-03
-6.186219147037944822e+03 -1.489419802489405129e+03 -6.133128039842365069e+03 2.274540000000000000e+19 -2.963882498443126678e-02 -1.683622971177101135e-02
-6.190171701161097189e+03 -1.501086890046976805e+03 -6.126291757254207369e+03 2.274740000000000000e+19 -9.171328693628311157e-02 -5.156366527080535889e-02
-6.194094663744651371e+03 -1.512761428479263259e+03 -6.119451151321009092e+03 2.274940000000000000e+19 -7.121861726045608521e-02 -5.259128659963607788e-02
-6.197988016095922831e+03 -1.524443362159050594e+03 -6.112606254637109487e+03 2.275140000000000000e+19 -3.859736770391464233e-02 -7.087898254394531250e-02
-6.201851739460641511e+03 -1.536132634813397772e+03 -6.105757100175001142e+03 2.275340000000000000e+19 3.434558585286140442e-02 -7.486671954393386841e-02
-6.205685815442850071e+03 -1.547829190785342689e+03 -6.098903720546047225e+03 2.275540000000000000e+19 1.115654334425926208e-01 2.520988695323467255e-02
-6.209174702857686498e+03 -1.558557292595209447e+03 -6.092617825308603642e+03 2.275740000000000000e+19 -6.352265924215316772e-02 -8.362077176570892334e-03
-6.182237020359875714e+03 -1.477760221845363276e+03 -6.139959966249770332e+03 2.275940000000000000e+19 -5.378789827227592468e-02 4.841479286551475525e-02
-6.186219147037944822e+03 -1.489419802489405129e+03 -6.133128039842365069e+03 2.276140000000000000e+19 -4.151264205574989319e-02 -3.838122636079788208e-02
-6.190171701161097189e+03 -1.501086890046976805e+03 -6.126291757254207369e+03 2.276340000000000000e+19 8.912450820207595825e-02 -4.076105728745460510e-02
-6.194094663744651371e+03 -1.512761428479263259e+03 -6.119451151321009092e+03 2.276540000000000000e+19 2.702585235238075256e-02 -6.536566652357578278e-03
-6.197988016095922831e+03 -1.524443362159050594e+03 -6.112606254637109487e+03 2.276740000000000000e+19 -8.439216762781143188e-02 3.548168018460273743e-02
-6.201851739460641511e+03 -1.536132634813397772e+03 -6.105757100175001142e+03 2.276940000000000000e+19 4.979192465543746948e-02 -3.531830012798309326e-02
-6.205685815442850071e+03 -1.547829190785342689e+03 -6.098903720546047225e+03 2.277140000000000000e+19 2.368709631264209747e-02 -8.459528535604476929e-02
-6.209174702857686498e+03 -1.558557292595209447e+03 -6.092617825308603642e+03 2.277340000000000000e+19 -1.074553355574607849e-01 -1.071390360593795776e-01
-6.220725280431338433e+03 -1.594687126984257247e+03 -6.071448607108609394e+03 2.277540000000000000e+19 1.255558282136917114e-01 2.146858908236026764e-02
-6.224410846987789228e+03 -1.606419258840171779e+03 -6.064574594236242774e+03 2.277740000000000000e+19 -5.380822345614433289e-02 4.236981272697448730e-03
-6.228066658135070611e+03 -1.618158337436131887e+03 -6.057696553405338818e+03 2.277940000000000000e+19 -4.273100942373275757e-02 -3.589338436722755432e-02
-6.231692696466591769e+03 -1.629904306878181615e+03 -6.050814517364713538e+03 2.278140000000000000e+19 1.957470364868640900e-02 4.530409350991249084e-03
-6.235288944528149841e+03 -1.641657110625883661e+03 -6.043928519241753747e+03 2.278340000000000000e+19 1.353051979094743729e-02 1.152689084410667419e-01
-6.238855385209311862e+03 -1.653416692760856449e+03 -6.037038591799179812e+03 2.278540000000000000e+19 -7.987952232360839844e-02 -5.839885771274566650e-02
-6.242392001342727781e+03 -1.665182996677146321e+03 -6.030144768202365412e+03 2.278740000000000000e+19 -2.546736225485801697e-02 -1.024546399712562561e-01
-6.245608065198516670e+03 -1.675974548221926170e+03 -6.023822084010925209e+03 2.278940000000000000e+19 -9.814400225877761841e-02 -1.096396520733833313e-01
-6.220725280431338433e+03 -1.594687126984257247e+03 -6.071448607108609394e+03 2.279140000000000000e+19 -4.349098354578018188e-02 7.540471851825714111e-02
-6.224410846987789228e+03 -1.606419258840171779e+03 -6.064574594236242774e+03 2.279340000000000000e+19 9.017226099967956543e-02 1.388995647430419922e-01
-6.228066658135070611e+03 -1.618158337436131887e+03 -6.057696553405338818e+03 2.279540000000000000e+19 -2.262655831873416901e-02 5.631722137331962585e-02
-6.231692696466591769e+03 -1.629904306878181615e+03 -6.050814517364713538e+03 2.279740000000000000e+19 -5.137918516993522644e-02 7.582079153507947922e-03
-6.235288944528149841e+03 -1.641657110625883661e+03 -6.043928519241753747e+03 2.279940000000000000e+19 3.661836311221122742e-02 -9.131988137960433960e-02
-6.238855385209311862e+03 -1.653416692760856449e+03 -6.037038591799179812e+03 2.280140000000000000e+19 5.659240856766700745e-02 5.253305658698081970e-02
-6.242392001342727781e+03 -1.665182996677146321e+03 -6.030144768202365412e+03 2.280340000000000000e+19 -1.518134609796106815e-03 1.163366623222827911e-02
-6.245608065198516670e+03 -1.675974548221926170e+03 -6.023822084010925209e+03 2.280540000000000000e+19 -6.093221530318260193e-02 -6.628259271383285522e-02
-6.255672436043613743e+03 -1.710348418576340009e+03 -6.003682944353876337e+03 2.280740000000000000e+19 -8.324236422777175903e-02 2.618167549371719360e-02
-6.259064664447076211e+03 -1.722146417625037657e+03 -5.996770754235946697e+03 2.280940000000000000e+19 3.626313433051109314e-02 6.757975369691848755e-02
-6.262426971648028484e+03 -1.733950809737517602e+03 -5.989854860555021332e+03 2.281140000000000000e+19 -5.098538473248481750e-02 -1.259184777736663818e-01
-6.265759341497217065e+03 -1.745761538215397650e+03 -5.982935296529240986e+03 2.281340000000000000e+19 1.336306184530258179e-01 -1.473534759134054184e-02
-6.269061758140002894e+03 -1.757578546864636792e+03 -5.976012095081064217e+03 2.281540000000000000e+19 -1.798552647233009338e-02 -5.933769047260284424e-02
-6.272334205691139687e+03 -1.769401778844076716e+03 -5.969085289511875089e+03 2.281740000000000000e+19 -1.511228922754526138e-02 8.005648106336593628e-02
-6.275576668535727549e+03 -1.781231177735426854e+03 -5.962154912875116679e+03 2.281940000000000000e+19 -2.371627092361450195e-01 -6.917045265436172485e-02
-6.278522954249705435e+03 -1.792080085242467703e+03 -5.955799003594385795e+03 2.282140000000000000e+19 2.863697521388530731e-02 -1.095223147422075272e-02
-6.255672436043613743e+03 -1.710348418576340009e+03 -6.003682944353876337e+03 2.282340000000000000e+19 -1.694935262203216553e-01 -9.297344833612442017e-02
-6.259064664447076211e+03 -1.722146417625037657e+03 -5.996770754235946697e+03 2.282540000000000000e+19 3.091113269329071045e-02 1.302313059568405151e-01
-6.262426971648028484e+03 -1.733950809737517602e+03 -5.989854860555021332e+03 2.282740000000000000e+19 9.631763212382793427e-03 -6.854142248630523682e-02
-6.265759341497217065e+03 -1.745761538215397650e+03 -5.982935296529240986e+03 2.282940000000000000e+19 5.796498060226440430e-02 5.636008828878402710e-02
-6.269061758140002894e+03 -1.757578546864636792e+03 -5.976012095081064217e+03 2.283140000000000000e+19 -4.887944459915161133e-02 4.818405956029891968e-02
-6.272334205691139687e+03 -1.769401778844076716e+03 -5.969085289511875089e+03 2.283340000000000000e+19 3.180967643857002258e-02 -1.008326001465320587e-02
-6.275576668535727549e+03 -1.781231177735426854e+03 -5.962154912875116679e+03 2.283540000000000000e+19 3.189899027347564697e-02 7.187039405107498169e-02
-6.278522954249705435e+03 -1.792080085242467703e+03 -5.955799003594385795e+03 2.283740000000000000e+19 -4.757978394627571106e-02 5.661940574645996094e-02
-6.288246364548025667e+03 -1.828609309364385581e+03 -5.934398359461712062e+03 2.283940000000000000e+19 -2.521881088614463806e-02 -6.734424084424972534e-02
-6.291338673880120041e+03 -1.840468692718558941e+03 -5.927450625521069014e+03 2.284140000000000000e+19 3.287307545542716980e-02 -4.082818329334259033e-02
-6.294400907598008416e+03 -1.852333903042322390e+03 -5.920499519668591347e+03 2.284340000000000000e+19 -9.769225120544433594e-02 -3.269647061824798584e-02
-6.297433050950707184e+03 -1.864204883179952958e+03 -5.913545075388335135e+03 2.284540000000000000e+19 -1.600313335657119751e-01 6.779667735099792480e-02
-6.300435089501162111e+03 -1.876081576609458125e+03 -5.906587325792897900e+03 2.284740000000000000e+19 -5.046505108475685120e-02 8.937185257673263550e-02
-6.303407008861040595e+03 -1.887963926409456462e+03 -5.899626304228659137e+03 2.284940000000000000e+19 2.042995020747184753e-02 -1.114079058170318604e-01
-6.306348794766374340e+03 -1.899851875548550197e+03 -5.892662044106243229e+03 2.285140000000000000e+19 1.766679733991622925e-01 -1.025393530726432800e-01
-6.309019332434193529e+03 -1.910753962759452861e+03 -5.886275362820530063e+03 2.285340000000000000e+19 -2.838878035545349121e-01 1.476774662733078003e-01
-6.288246364548025667e+03 -1.828609309364385581e+03 -5.934398359461712062e+03 2.285540000000000000e+19 -2.690614946186542511e-02 3.593006730079650879e-02
-6.291338673880120041e+03 -1.840468692718558941e+03 -5.927450625521069014e+03 2.285740000000000000e+19 1.189248170703649521e-02 -1.114354003220796585e-02
-6.294400907598008416e+03 -1.852333903042322390e+03 -5.920499519668591347e+03 2.285940000000000000e+19 1.248383596539497375e-01 1.005599796772003174e-01
-6.297433050950707184e+03 -1.864204883179952958e+03 -5.913545075388335135e+03 2.286140000000000000e+19 -6.554658524692058563e-03 4.999567195773124695e-02
-6.300435089501162111e+03 -1.876081576609458125e+03 -5.906587325792897900e+03 2.286340000000000000e+19 3.103468799963593483e-03 -6.944679468870162964e-02
-6.303407008861040595e+03 -1.887963926409456462e+03 -5.899626304228659137e+03 2.286540000000000000e+19 9.035266190767288208e-02 4.157017916440963745e-02
-6.306348794766374340e+03 -1.899851875548550197e+03 -5.892662044106243229e+03 2.286740000000000000e+19 4.269092902541160583e-02 -4.078543931245803833e-02
-6.309019332434193529e+03 -1.910753962759452861e+03 -5.886275362820530063e+03 2.286940000000000000e+19 8.396967500448226929e-02 7.422561943531036377e-02
-6.317814324779995331e+03 -1.947458528612495002e+03 -5.864773284046667868e+03 2.287140000000000000e+19 6.817129254341125488e-02 -4.475749284029006958e-02
-6.320605235297426589e+03 -1.959373621234826714e+03 -5.857793330962545951e+03 2.287340000000000000e+19 6.606880575418472290e-02 -2.442547818645834923e-03
-6.323365930056766956e+03 -1.971293971447710646e+03 -5.850810339522135109e+03 2.287540000000000000e+19 -7.583002746105194092e-02 -2.208331134170293808e-03
-6.326096395913617926e+03 -1.983219522494059675e+03 -5.843824342973975945e+03 2.287740000000000000e+19 8.730451762676239014e-02 -1.131090968847274780e-01
-6.328796619724565062e+03 -1.995150216969041367e+03 -5.836835374945851981e+03 2.287940000000000000e+19 2.138764970004558563e-02 2.890157699584960938e-02
-6.331466588642424540e+03 -2.007085998107643036e+03 -5.829843468690437476e+03 2.288140000000000000e+19 -7.719782181084156036e-03 1.084197536110877991e-01
-6.334106289815224045e+03 -2.019026808455989112e+03 -5.822848657863966764e+03 2.288340000000000000e+19 6.490480154752731323e-02 -5.916525796055793762e-02
-6.336499801451244821e+03 -2.029976858156098615e+03 -5.816434260931467179e+03 2.288540000000000000e+19 2.924332953989505768e-02 4.737830534577369690e-02
-6.317814324779995331e+03 -1.947458528612495002e+03 -5.864773284046667868e+03 2.288740000000000000e+19 -1.028804201632738113e-02 -3.394535183906555176e-02
-6.320605235297426589e+03 -1.959373621234826714e+03 -5.857793330962545951e+03 2.288940000000000000e+19 -7.291803508996963501e-02 1.401452999562025070e-02
-6.323365930056766956e+03 -1.971293971447710646e+03 -5.850810339522135109e+03 2.289140000000000000e+19 1.492192596197128296e-01 1.745937466621398926e-01
-6.326096395913617926e+03 -1.983219522494059675e+03 -5.843824342973975945e+03 2.289340000000000000e+19 -6.749113649129867554e-02 4.743884876370429993e-02
-6.328796619724565062e+03 -1.995150216969041367e+03 -5.836835374945851981e+03 2.289540000000000000e+19 -4.007337987422943115e-02 4.668980836868286133e-03
-6.331466588642424540e+03 -2.007085998107643036e+03 -5.829843468690437476e+03 2.289740000000000000e+19 8.832736313343048096e-02 1.463156789541244507e-01
-6.334106289815224045e+03 -2.019026808455989112e+03 -5.822848657863966764e+03 2.289940000000000000e+19 3.838942572474479675e-02 4.930521920323371887e-02
-6.336499801451244821e+03 -2.029976858156098615e+03 -5.816434260931467179e+03 2.290140000000000000e+19 8.301735669374465942e-02 -6.560199707746505737e-02
-6.344362167024182781e+03 -2.066839200718345637e+03 -5.794841037365469674e+03 2.290340000000000000e+19 -1.880027353763580322e-01 2.592828683555126190e-02
-6.346850343081062420e+03 -2.078804300374778904e+03 -5.787832205550113940e+03 2.290540000000000000e+19 9.595612436532974243e-02 -1.032083667814731598e-02
-6.349308177790877380e+03 -2.090774086098817406e+03 -5.780820670170026460e+03 2.290740000000000000e+19 -1.616739854216575623e-02 -2.404704876244068146e-02
-6.351735659433547880e+03 -2.102748500814712770e+03 -5.773806464658434379e+03 2.290940000000000000e+19 4.214099422097206116e-02 -4.551517590880393982e-02
-6.354132776374440255e+03 -2.114727487132711758e+03 -5.766789622632295504e+03 2.291140000000000000e+19 5.220516771078109741e-02 -7.195327430963516235e-02
-6.356499517100260164e+03 -2.126710987515859870e+03 -5.759770177794608571e+03 2.291340000000000000e+19 1.729840040206909180e-02 2.411355078220367432e-02
-6.358835870350714686e+03 -2.138698944948120243e+03 -5.752748163543027658e+03 2.291540000000000000e+19 4.269012436270713806e-02 -5.243192240595817566e-02
-6.360951210175422602e+03 -2.149691715065732751e+03 -5.746309121700776814e+03 2.291740000000000000e+19 -1.101836189627647400e-01 1.849404163658618927e-02
-6.344362167024182781e+03 -2.066839200718345637e+03 -5.794841037365469674e+03 2.291940000000000000e+19 -7.244574837386608124e-03 6.047639995813369751e-02
-6.346850343081062420e+03 -2.078804300374778904e+03 -5.787832205550113940e+03 2.292140000000000000e+19 -7.692154496908187866e-02 -4.077100194990634918e-03
-6.349308177790877380e+03 -2.090774086098817406e+03 -5.780820670170026460e+03 2.292340000000000000e+19 -8.845433592796325684e-02 7.310973852872848511e-02
-6.351735659433547880e+03 -2.102748500814712770e+03 -5.773806464658434379e+03 2.292540000000000000e+19 4.039489105343818665e-02 -8.346078917384147644e-03
-6.354132776374440255e+03 -2.114727487132711758e+03 -5.766789622632295504e+03 2.292740000000000000e+19 2.288890630006790161e-02 8.641225285828113556e-03
-6.356499517100260164e+03 -2.126710987515859870e+03 -5.759770177794608571e+03 2.292940000000000000e+19 7.811436057090759277e-02 3.938931971788406372e-02
-6.358835870350714686e+03 -2.138698944948120243e+03 -5.752748163543027658e+03 2.293140000000000000e+19 2.736484631896018982e-02 1.904410123825073242e-02
-6.360951210175422602e+03 -2.149691715065732751e+03 -5.746309121700776814e+03 2.293340000000000000e+19 -1.662146672606468201e-02 -4.920148756355047226e-03
