# Baseline: 6-18
# u [m], v [m], w [m], frequency [GHz], real, imag
-7.402928305081196640e+02 4.590410741843131291e+03 -1.779007283671351161e+02 2.267940000000000000e+19 1.262448877096176147e-01 9.703018516302108765e-02
-7.491536896215116030e+02 4.589005258877032247e+03 -1.770661068915986505e+02 2.268140000000000000e+19 -1.461938321590423584e-01 1.667990908026695251e-02
-7.580109516215613894e+02 4.587583049243213281e+03 -1.762216967417956539e+02 2.268340000000000000e+19 2.114728689193725586e-01 2.894115075469017029e-02
-7.668645741814707435e+02 4.586144119738221889e+03 -1.753675019530695636e+02 2.268540000000000000e+19 -8.133990690112113953e-03 -6.198526173830032349e-02
-7.735024933749092497e+02 4.585054476435427205e+03 -1.747207426856575125e+02 2.268740000000000000e+19 2.218554615974426270e-01 1.759233176708221436e-01
-7.845607315138545346e+02 4.583216128739121814e+03 -1.736297748569938904e+02 2.268940000000000000e+19 -2.627008259296417236e-01 -5.136460438370704651e-02
-7.934031814123900404e+02 4.581727081288711815e+03 -1.727462508844492675e+02 2.269140000000000000e+19 1.606577448546886444e-02 1.033750325441360474e-01
-8.044510394086390761e+02 4.579842975668479085e+03 -1.716285056079691458e+02 2.269340000000000000e+19 -1.621094346046447754e-01 3.610889241099357605e-02
-7.402928305081196640e+02 4.590410741843131291e+03 -1.779007283671351161e+02 2.269540000000000000e+19 2.640697546303272247e-02 1.665132306516170502e-02
-7.491536896215116030e+02 4.589005258877032247e+03 -1.770661068915986505e+02 2.269740000000000000e+19 -1.463753432035446167e-01 3.397014737129211426e-02
-7.580109516215613894e+02 4.587583049243213281e+03 -1.762216967417956539e+02 2.269940000000000000e+19 -3.977122716605663300e-03 1.636955291032791138e-01
-7.668645741814707435e+02 4.586144119738221889e+03 -1.753675019530695636e+02 2.270140000000000000e+19 1.195822358131408691e-01 -6.629539281129837036e-02
-7.735024933749092497e+02 4.585054476435427205e+03 -1.747207426856575125e+02 2.270340000000000000e+19 -7.888766378164291382e-02 4.527842625975608826e-02
-7.845607315138545346e+02 4.583216128739121814e+03 -1.736297748569938904e+02 2.270540000000000000e+19 -4.785188287496566772e-02 -5.576764047145843506e-02
-7.934031814123900404e+02 4.581727081288711815e+03 -1.727462508844492675e+02 2.270740000000000000e+19 2.376005053520202637e-02 4.183825105428695679e-03
-8.044510394086390761e+02 4.579842975668479085e+03 -1.716285056079691458e+02 2.270940000000000000e+19 1.602235366590321064e-03 6.889308989048004150e-02
-8.287344699859843331e+02 4.575604045475804014e+03 -1.691145179096520792e+02 2.271140000000000000e+19 -7.725993543863296509e-02 -6.087163090705871582e-02
-8.375574529853932972e+02 4.574031611653367690e+03 -1.681821971232629664e+02 2.271340000000000000e+19 8.406190574169158936e-02 3.345359489321708679e-02
-8.463764157330982698e+02 4.572442522835119235e+03 -1.672401301859625278e+02 2.271540000000000000e+19 1.976494304835796356e-02 -7.599592208862304688e-02
-8.551913161467749660e+02 4.570836786604073495e+03 -1.662883215932455414e+02 2.271740000000000000e+19 2.281533367931842804e-02 -6.272031459957361221e-03
-8.640021120099411291e+02 4.569214410650494756e+03 -1.653267759035757081e+02 2.271940000000000000e+19 -9.591037407517433167e-03 2.555199153721332550e-02
-8.728087611564393455e+02 4.567575402738605590e+03 -1.643554977186547887e+02 2.272140000000000000e+19 3.887206688523292542e-02 7.581968791782855988e-03
-8.816112214093528792e+02 4.565919770718210202e+03 -1.633744916903060584e+02 2.272340000000000000e+19 3.143211826682090759e-02 3.053298965096473694e-02
-8.896764819555911572e+02 4.564387722418301564e+03 -1.624668182570839292e+02 2.272540000000000000e+19 5.666718259453773499e-02 -2.575441449880599976e-02
-8.287344699859843331e+02 4.575604045475804014e+03 -1.691145179096520792e+02 2.272740000000000000e+19 1.158618927001953125e-01 3.257439658045768738e-02
-8.375574529853932972e+02 4.574031611653367690e+03 -1.681821971232629664e+02 2.272940000000000000e+19 -2.146855182945728302e-02 -2.378004230558872223e-02
-8.463764157330982698e+02 4.572442522835119235e+03 -1.672401301859625278e+02 2.273140000000000000e+19 -7.843987643718719482e-02 1.962020905921235681e-04
-8.551913161467749660e+02 4.570836786604073495e+03 -1.662883215932455414e+02 2.273340000000000000e+19 5.932844430208206177e-02 5.913708731532096863e-02
-8.640021120099411291e+02 4.569214410650494756e+03 -1.653267759035757081e+02 2.273540000000000000e+19 4.411154240369796753e-02 2.135040424764156342e-02
-8.728087611564393455e+02 4.567575402738605590e+03 -1.643554977186547887e+02 2.273740000000000000e+19 -8.243466913700103760e-02 -9.162499918602406979e-04
-8.816112214093528792e+02 4.565919770718210202e+03 -1.633744916903060584e+02 2.273940000000000000e+19 3.438405692577362061e-02 -1.423115748912096024e-02
-8.896764819555911572e+02 4.564387722418301564e+03 -1.624668182570839292e+02 2.274140000000000000e+19 -5.110637471079826355e-02 -1.025261804461479187e-01
-9.167783317552531344e+02 4.559131161119197714e+03 -1.593532836823372065e+02 2.274340000000000000e+19 1.252412348985671997e-01 2.972175180912017822e-02
-9.255592161772004829e+02 4.557392528974942252e+03 -1.583237097767066643e+02 2.274540000000000000e+19 5.616104602813720703e-02 -4.016989842057228088e-02
-9.343356593782265236e+02 4.555637321430918746e+03 -1.572844368802159352e+02 2.274740000000000000e+19 4.381111636757850647e-02 3.433822467923164368e-02
-9.431076192037521650e+02 4.553865546917665597e+03 -1.562354699846779624e+02 2.274940000000000000e+19 -1.258589327335357666e-01 -5.600707232952117920e-02
-9.518750538567406920e+02 4.552077213877169925e+03 -1.551768140881334830e+02 2.275140000000000000e+19 -4.816259071230888367e-02 5.520929023623466492e-02
-9.606379211037799450e+02 4.550272330924155540e+03 -1.541084742903400127e+02 2.275340000000000000e+19 -9.973215311765670776e-02 -2.042255699634552002e-01
-9.693961792218348137e+02 4.548450906652642516e+03 -1.530304556782559473e+02 2.275540000000000000e+19 -1.217064633965492249e-01 3.325683996081352234e-02
-9.774205572693444992e+02 4.546766954503161287e+03 -1.520338969032018781e+02 2.275740000000000000e+19 -3.082007728517055511e-02 6.405086815357208252e-02
-9.167783317552531344e+02 4.559131161119197714e+03 -1.593532836823372065e+02 2.275940000000000000e+19 -4.139509052038192749e-02 -3.467811644077301025e-02
-9.255592161772004829e+02 4.557392528974942252e+03 -1.583237097767066643e+02 2.276140000000000000e+19 7.998228073120117188e-02 9.213180094957351685e-02
-9.343356593782265236e+02 4.555637321430918746e+03 -1.572844368802159352e+02 2.276340000000000000e+19 7.663295604288578033e-03 1.274422463029623032e-02
-9.431076192037521650e+02 4.553865546917665597e+03 -1.562354699846779624e+02 2.276540000000000000e+19 2.516356669366359711e-02 -5.570030957460403442e-02
-9.518750538567406920e+02 4.552077213877169925e+03 -1.551768140881334830e+02 2.276740000000000000e+19 5.396725144237279892e-03 3.978156670928001404e-02
-9.606379211037799450e+02 4.550272330924155540e+03 -1.541084742903400127e+02 2.276940000000000000e+19 -5.083107575774192810e-02 1.914148963987827301e-02
-9.693961792218348137e+02 4.548450906652642516e+03 -1.530304556782559473e+02 2.277140000000000000e+19 2.547124773263931274e-02 4.559422656893730164e-02
-9.774205572693444992e+02 4.546766954503161287e+03 -1.520338969032018781e+02 2.277340000000000000e+19 8.133594691753387451e-02 -5.849473178386688232e-02
-1.004382281834751666e+03 4.540999972031566358e+03 -1.486216970387137621e+02 2.277540000000000000e+19 8.626858703792095184e-03 -5.116732325404882431e-03
-1.013116865760682686e+03 4.539095973558792139e+03 -1.474953627012231152e+02 2.277740000000000000e+19 2.463500131852924824e-04 5.267002806067466736e-02
-1.021846589255030835e+03 4.537175487287428041e+03 -1.463593812175828646e+02 2.277940000000000000e+19 -3.741817083209753036e-03 2.645797096192836761e-02
-1.030571410752478641e+03 4.535238522361592004e+03 -1.452137579966271801e+02 2.278140000000000000e+19 1.158934552222490311e-02 2.138120867311954498e-02
-1.039291288255243444e+03 4.533285088105099931e+03 -1.440584985529724804e+02 2.278340000000000000e+19 4.917539283633232117e-02 3.394472226500511169e-02
-1.048006180275262750e+03 4.531315193812174584e+03 -1.428936083832332713e+02 2.278540000000000000e+19 6.932171434164047241e-02 2.081503719091415405e-02
-1.056716044862546369e+03 4.529328848965119505e+03 -1.417190930947577101e+02 2.278740000000000000e+19 -6.272339075803756714e-02 4.826631397008895874e-03
-1.064695700624971323e+03 4.527493798765449355e+03 -1.406341258498384548e+02 2.278940000000000000e+19 1.143516525626182556e-01 1.744741015136241913e-02
-1.004382281834751666e+03 4.540999972031566358e+03 -1.486216970387137621e+02 2.279140000000000000e+19 5.809064209461212158e-02 -4.967087134718894958e-02
-1.013116865760682686e+03 4.539095973558792139e+03 -1.474953627012231152e+02 2.279340000000000000e+19 -4.523868858814239502e-02 4.858434200286865234e-02
-1.021846589255030835e+03 4.537175487287428041e+03 -1.463593812175828646e+02 2.279540000000000000e+19 3.790063410997390747e-02 7.017958909273147583e-02
-1.030571410752478641e+03 4.535238522361592004e+03 -1.452137579966271801e+02 2.279740000000000000e+19 7.507473230361938477e-02 3.729145973920822144e-02
-1.039291288255243444e+03 4.533285088105099931e+03 -1.440584985529724804e+02 2.279940000000000000e+19 5.739060416817665100e-02 4.049729555845260620e-02
-1.048006180275262750e+03 4.531315193812174584e+03 -1.428936083832332713e+02 2.280140000000000000e+19 -5.460607632994651794e-02 4.612787812948226929e-02
-1.056716044862546369e+03 4.529328848965119505e+03 -1.417190930947577101e+02 2.280340000000000000e+19 -1.257402263581752777e-02 -5.876166000962257385e-02
-1.064695700624971323e+03 4.527493798765449355e+03 -1.406341258498384548e+02 2.280540000000000000e+19 -7.561610639095306396e-02 -2.629642002284526825e-02
-1.090056536325194202e+03 4.521562302885418831e+03 -1.371277201195418058e+02 2.280740000000000000e+19 -1.545563638210296631e-01 2.883465029299259186e-02
-1.098741515155475781e+03 4.519496582299913825e+03 -1.359067634016452075e+02 2.280940000000000000e+19 4.736355319619178772e-02 1.099848747253417969e-02
-1.107421223898746348e+03 4.517414467686354328e+03 -1.346762149818200669e+02 2.281140000000000000e+19 -1.664981991052627563e-01 5.323024466633796692e-02
-1.116095620865130968e+03 4.515315969045671409e+03 -1.334360807707253969e+02 2.281340000000000000e+19 6.433957815170288086e-02 -2.327725477516651154e-02
-1.124764664783009721e+03 4.513201096362438875e+03 -1.321863666688894057e+02 2.281540000000000000e+19 -5.771817639470100403e-02 -2.866722457110881805e-02
-1.133428313953230827e+03 4.511069859809299487e+03 -1.309270786875214014e+02 2.281740000000000000e+19 -5.180558934807777405e-02 1.734858006238937378e-01
-1.142086527034655319e+03 4.508922269556408537e+03 -1.296582228358963391e+02 2.281940000000000000e+19 1.381545066833496094e-01 -1.806033700704574585e-01
-1.150018481648068018e+03 4.506939495640950554e+03 -1.284868267267545434e+02 2.282140000000000000e+19 -6.331802159547805786e-02 -5.830460786819458008e-02
-1.090056536325194202e+03 4.521562302885418831e+03 -1.371277201195418058e+02 2.282340000000000000e+19 -2.400802075862884521e-02 7.994996756315231323e-02
-1.098741515155475781e+03 4.519496582299913825e+03 -1.359067634016452075e+02 2.282540000000000000e+19 3.214829787611961365e-02 7.940126955509185791e-02
-1.107421223898746348e+03 4.517414467686354328e+03 -1.346762149818200669e+02 2.282740000000000000e+19 -4.723310098052024841e-02 6.987927109003067017e-02
-1.116095620865130968e+03 4.515315969045671409e+03 -1.334360807707253969e+02 2.282940000000000000e+19 -5.530145717784762383e-04 -2.427242137491703033e-02
-1.124764664783009721e+03 4.513201096362438875e+03 -1.321863666688894057e+02 2.283140000000000000e+19 6.276084482669830322e-02 -1.147525981068611145e-01
-1.133428313953230827e+03 4.511069859809299487e+03 -1.309270786875214014e+02 2.283340000000000000e+19 -4.913956299424171448e-02 -6.613390892744064331e-02
-1.142086527034655319e+03 4.508922269556408537e+03 -1.296582228358963391e+02 2.283540000000000000e+19 1.649233512580394745e-02 -5.370964482426643372e-02
-1.150018481648068018e+03 4.506939495640950554e+03 -1.284868267267545434e+02 2.283740000000000000e+19 4.247116856276988983e-03 2.089353092014789581e-02
-1.176664189876634509e+03 4.500168578342545516e+03 -1.244872429008226078e+02 2.283940000000000000e+19 -4.542985185980796814e-02 -2.874188497662544250e-02
-1.185294601261527532e+03 4.497939375382025901e+03 -1.231706397349022666e+02 2.284140000000000000e+19 -1.698001287877559662e-02 -5.735053867101669312e-02
-1.193919328459423241e+03 4.495693881529474311e+03 -1.218445058006218318e+02 2.284340000000000000e+19 -2.196389436721801758e-02 2.660591341555118561e-02
-1.202538329924309892e+03 4.493432107601638563e+03 -1.205088474861098859e+02 2.284540000000000000e+19 2.787881297990679741e-03 -1.297986507415771484e-01
-1.211151564618066232e+03 4.491154064367646242e+03 -1.191636711509407718e+02 2.284740000000000000e+19 -2.796244248747825623e-02 -5.472119525074958801e-02
-1.219758991259936920e+03 4.488859762745230000e+03 -1.178089832420157279e+02 2.284940000000000000e+19 -3.263926506042480469e-02 -1.628070324659347534e-01
-1.228360568537186737e+03 4.486549213746401620e+03 -1.164447902614811738e+02 2.285140000000000000e+19 -2.740301750600337982e-02 -7.239744812250137329e-02
-1.236240249611688796e+03 4.484417153629822678e+03 -1.151860565027927805e+02 2.285340000000000000e+19 -9.810806252062320709e-03 -5.683004483580589294e-02
-1.176664189876634509e+03 4.500168578342545516e+03 -1.244872429008226078e+02 2.285540000000000000e+19 8.923250250518321991e-03 1.109545212239027023e-02
-1.185294601261527532e+03 4.497939375382025901e+03 -1.231706397349022666e+02 2.285740000000000000e+19 4.940385743975639343e-02 -2.770115062594413757e-02
-1.193919328459423241e+03 4.495693881529474311e+03 -1.218445058006218318e+02 2.285940000000000000e+19 -9.459567815065383911e-02 1.086777076125144958e-01
-1.202538329924309892e+03 4.493432107601638563e+03 -1.205088474861098859e+02 2.286140000000000000e+19 -7.062139362096786499e-02 2.105268463492393494e-02
-1.211151564618066232e+03 4.491154064367646242e+03 -1.191636711509407718e+02 2.286340000000000000e+19 -9.324498474597930908e-02 2.162572368979454041e-02
-1.219758991259936920e+03 4.488859762745230000e+03 -1.178089832420157279e+02 2.286540000000000000e+19 5.308745801448822021e-02 -6.987147033214569092e-02
-1.228360568537186737e+03 4.486549213746401620e+03 -1.164447902614811738e+02 2.286740000000000000e+19 -3.876233473420143127e-02 -4.785796999931335449e-02
-1.236240249611688796e+03 4.484417153629822678e+03 -1.151860565027927805e+02 2.286940000000000000e+19 2.535353181883692741e-03 -4.407672584056854248e-02
-1.262707562116441068e+03 4.477144766043911659e+03 -1.108930987240536012e+02 2.287140000000000000e+19 1.040480732917785645e-01 -5.739511176943778992e-02
-1.271279276174070219e+03 4.474753147446246658e+03 -1.094814791446239326e+02 2.287340000000000000e+19 -9.249851107597351074e-02 2.778607234358787537e-02
-1.279844894305108937e+03 4.472345348984064913e+03 -1.080603943477346149e+02 2.287540000000000000e+19 -1.077872812747955322e-01 8.716265112161636353e-02
-1.288404375725653381e+03 4.469921382121874558e+03 -1.066298510997642524e+02 2.287740000000000000e+19 1.798940822482109070e-02 1.306832395493984222e-02
-1.296957679233781391e+03 4.467481258527645878e+03 -1.051898562867745852e+02 2.287940000000000000e+19 6.512926518917083740e-02 -1.359164807945489883e-02
-1.305504764133816707e+03 4.465024989811262458e+03 -1.037404167601145559e+02 2.288140000000000000e+19 -8.929799497127532959e-02 -2.341401390731334686e-02
-1.314045589283731260e+03 4.462552587796291846e+03 -1.022815394968983043e+02 2.288340000000000000e+19 -3.104127570986747742e-02 1.130809169262647629e-02
-1.321869225985664116e+03 4.460272261781166890e+03 -1.009360704605678194e+02 2.288540000000000000e+19 -4.239475727081298828e-02 4.691783711314201355e-02
-1.262707562116441068e+03 4.477144766043911659e+03 -1.108930987240536012e+02 2.288740000000000000e+19 3.931998461484909058e-02 -5.317422375082969666e-02
-1.271279276174070219e+03 4.474753147446246658e+03 -1.094814791446239326e+02 2.288940000000000000e+19 1.201955601572990417e-02 7.327219098806381226e-02
-1.279844894305108937e+03 4.472345348984064913e+03 -1.080603943477346149e+02 2.289140000000000000e+19 7.280748803168535233e-03 -6.266383826732635498e-02
-1.288404375725653381e+03 4.469921382121874558e+03 -1.066298510997642524e+02 2.289340000000000000e+19 -2.756249159574508667e-02 3.895877674221992493e-02
-1.296957679233781391e+03 4.467481258527645878e+03 -1.051898562867745852e+02 2.289540000000000000e+19 -2.764373086392879486e-02 -2.137420885264873505e-02
-1.305504764133816707e+03 4.465024989811262458e+03 -1.037404167601145559e+02 2.289740000000000000e+19 2.809261903166770935e-02 5.962968245148658752e-02
-1.314045589283731260e+03 4.462552587796291846e+03 -1.022815394968983043e+02 2.289940000000000000e+19 -2.617778070271015167e-02 3.385666641406714916e-04
-1.321869225985664116e+03 4.460272261781166890e+03 -1.009360704605678194e+02 2.290140000000000000e+19 -1.636738516390323639e-02 -1.490179728716611862e-02
-1.348145476811714843e+03 4.452501884131587758e+03 -9.635179314335232448e+01 2.290340000000000000e+19 -5.897643789649009705e-02 1.163706649094820023e-02
-1.356654391359954616e+03 4.449948994461071379e+03 -9.484583271548765993e+01 2.290540000000000000e+19 -1.111994832754135132e-01 -1.022661849856376648e-02
-1.365156801429423467e+03 4.447380043625584221e+03 -9.333047710880028092e+01 2.290740000000000000e+19 6.909190118312835693e-02 5.236357077956199646e-02
-1.373652666477829143e+03 4.444795043874517432e+03 -9.180573354889877180e+01 2.290940000000000000e+19 1.943079940974712372e-02 -3.537825122475624084e-02
-1.382141945786929000e+03 4.442194007596765914e+03 -9.027160934330518671e+01 2.291140000000000000e+19 -7.360097020864486694e-02 -4.770701006054878235e-02
-1.390624598581529426e+03 4.439576947285710048e+03 -8.872811186079253787e+01 2.291340000000000000e+19 6.354383379220962524e-02 -1.779672130942344666e-02
-1.399100584502327365e+03 4.436943875393167218e+03 -8.717524844524663763e+01 2.291540000000000000e+19 -7.042331993579864502e-02 -4.499705880880355835e-02
-1.406864431473487912e+03 4.434516375156169488e+03 -8.574368825884279488e+01 2.291740000000000000e+19 -9.469427168369293213e-03 -5.932874977588653564e-02
-1.348145476811714843e+03 4.452501884131587758e+03 -9.635179314335232448e+01 2.291940000000000000e+19 -1.285673230886459351e-01 -5.062466114759445190e-02
-1.356654391359954616e+03 4.449948994461071379e+03 -9.484583271548765993e+01 2.292140000000000000e+19 8.869716525077819824e-02 2.699971757829189301e-02
-1.365156801429423467e+03 4.447380043625584221e+03 -9.333047710880028092e+01 2.292340000000000000e+19 2.735668420791625977e-02 -1.272932738065719604e-01
-1.373652666477829143e+03 4.444795043874517432e+03 -9.180573354889877180e+01 2.292540000000000000e+19 -1.202187761664390564e-01 2.238230220973491669e-02
-1.382141945786929000e+03 4.442194007596765914e+03 -9.027160934330518671e+01 2.292740000000000000e+19 3.982134908437728882e-02 3.366409614682197571e-02
-1.390624598581529426e+03 4.439576947285710048e+03 -8.872811186079253787e+01 2.292940000000000000e+19 4.528129100799560547e-02 1.248059421777725220e-01
-1.399100584502327365e+03 4.436943875393167218e+03 -8.717524844524663763e+01 2.293140000000000000e+19 -2.868348965421319008e-03 4.520955681800842285e-02
-1.406864431473487912e+03 4.434516375156169488e+03 -8.574368825884279488e+01 2.293340000000000000e+19 -5.700814351439476013e-02 9.778220206499099731e-03
