# Baseline: 9-19
# Entries: 128
# u [m], v [m], w [m], frequency [GHz], real, imag, std(real), std(imag)
-2.398426230573078101e+03 -1.807848842939802580e+03 -2.634536280500425619e+03 2.267940000000000111e+01 3.071300089359283447e-01 -4.779508337378501892e-03 7.627559453248977661e-02 7.622321695089340210e-02
-2.397919592078136247e+03 -1.812369662300917753e+03 -2.631890019129208667e+03 2.268140000000000001e+01 -3.298116922378540039e-01 7.146339118480682373e-02 7.627559453248977661e-02 7.622321695089340210e-02
-2.397401495179582071e+03 -1.816889520973191111e+03 -2.629244335390193555e+03 2.268340000000000245e+01 1.778890937566757202e-01 -1.617651730775833130e-01 7.627559453248977661e-02 7.622321695089340210e-02
-2.396871942353380746e+03 -1.821408397357247395e+03 -2.626599241926491231e+03 2.268540000000000134e+01 -3.856590390205383301e-01 1.477128714323043823e-01 7.627559453248977661e-02 7.622321695089340210e-02
-2.396467619155797820e+03 -1.824796928937240637e+03 -2.624615797644909890e+03 2.268740000000000023e+01 -3.845070675015449524e-02 -1.266590207815170288e-01 7.627559453248977661e-02 7.622321695089340210e-02
-2.395778479109438194e+03 -1.830443116760808152e+03 -2.621310876457062932e+03 2.268940000000000268e+01 -6.296554952859878540e-02 -4.657865464687347412e-01 7.627559453248977661e-02 7.622321695089340210e-02
-2.395214573936513261e+03 -1.834958916448131504e+03 -2.618667629815301098e+03 2.269140000000000157e+01 1.098014339804649353e-01 3.476543724536895752e-02 7.627559453248977661e-02 7.622321695089340210e-02
-2.394494061099684586e+03 -1.840602205116697405e+03 -2.615364447559356449e+03 2.269340000000000046e+01 -9.705539047718048096e-02 2.099177055060863495e-02 7.627559453248977661e-02 7.622321695089340210e-02
-2.398426230573078101e+03 -1.807848842939802580e+03 -2.634536280500425619e+03 2.269540000000000290e+01 1.491743475198745728e-01 1.760836839675903320e-01 7.627559453248977661e-02 7.622321695089340210e-02
-2.397919592078136247e+03 -1.812369662300917753e+03 -2.631890019129208667e+03 2.269740000000000180e+01 1.097993692383170128e-03 -1.811894327402114868e-01 7.627559453248977661e-02 7.622321695089340210e-02
-2.397401495179582071e+03 -1.816889520973191111e+03 -2.629244335390193555e+03 2.269940000000000069e+01 -1.159000396728515625e-02 1.842560805380344391e-02 7.627559453248977661e-02 7.622321695089340210e-02
-2.396871942353380746e+03 -1.821408397357247395e+03 -2.626599241926491231e+03 2.270140000000000313e+01 -2.176091447472572327e-02 -3.827127069234848022e-02 7.627559453248977661e-02 7.622321695089340210e-02
-2.396467619155797820e+03 -1.824796928937240637e+03 -2.624615797644909890e+03 2.270340000000000202e+01 2.166970074176788330e-02 4.717801231890916824e-03 7.627559453248977661e-02 7.622321695089340210e-02
-2.395778479109438194e+03 -1.830443116760808152e+03 -2.621310876457062932e+03 2.270540000000000092e+01 -2.886497415602207184e-02 -8.395136892795562744e-02 7.627559453248977661e-02 7.622321695089340210e-02
-2.395214573936513261e+03 -1.834958916448131504e+03 -2.618667629815301098e+03 2.270739999999999981e+01 -9.359297156333923340e-02 -2.332379110157489777e-02 7.627559453248977661e-02 7.622321695089340210e-02
-2.394494061099684586e+03 -1.840602205116697405e+03 -2.615364447559356449e+03 2.270940000000000225e+01 2.574018575251102448e-02 -1.720677100820466876e-04 7.627559453248977661e-02 7.622321695089340210e-02
-2.392844526433400006e+03 -1.853011211555547789e+03 -2.608101178608750615e+03 2.271140000000000114e+01 8.731223642826080322e-02 8.266425132751464844e-02 7.627559453248977661e-02 7.622321695089340210e-02
-2.392223422034361647e+03 -1.857521451414143485e+03 -2.605461262866819197e+03 2.271340000000000003e+01 -9.692864865064620972e-02 -1.857598312199115753e-02 7.627559453248977661e-02 7.622321695089340210e-02
-2.391590886497177053e+03 -1.862030514467862304e+03 -2.602822051256512623e+03 2.271540000000000248e+01 1.550433337688446045e-01 -1.319348346441984177e-02 7.627559453248977661e-02 7.622321695089340210e-02
-2.390946922840319530e+03 -1.866538379200339250e+03 -2.600183556371626764e+03 2.271740000000000137e+01 -4.163812473416328430e-02 -1.157229468226432800e-01 7.627559453248977661e-02 7.622321695089340210e-02
-2.390291534147907896e+03 -1.871045024022413145e+03 -2.597545790848491379e+03 2.271940000000000026e+01 7.618823647499084473e-02 -8.946795761585235596e-02 7.627559453248977661e-02 7.622321695089340210e-02
-2.389624723556439221e+03 -1.875550427366456688e+03 -2.594908767310758776e+03 2.272140000000000271e+01 -1.796490326523780823e-02 -1.022733971476554871e-01 7.627559453248977661e-02 7.622321695089340210e-02
-2.388946494259583687e+03 -1.880054567655108940e+03 -2.592272498387703763e+03 2.272340000000000160e+01 1.872698664665222168e-01 -3.957302495837211609e-02 7.627559453248977661e-02 7.622321695089340210e-02
-2.388314901116286819e+03 -1.884182251605596321e+03 -2.589856582281399369e+03 2.272540000000000049e+01 1.445891242474317551e-02 -7.637535035610198975e-02 7.627559453248977661e-02 7.622321695089340210e-02
-2.392844526433400006e+03 -1.853011211555547789e+03 -2.608101178608750615e+03 2.272740000000000293e+01 1.341300457715988159e-01 2.318309247493743896e-02 7.627559453248977661e-02 7.622321695089340210e-02
-2.392223422034361647e+03 -1.857521451414143485e+03 -2.605461262866819197e+03 2.272940000000000182e+01 -5.144159868359565735e-02 -7.878284156322479248e-02 7.627559453248977661e-02 7.622321695089340210e-02
-2.391590886497177053e+03 -1.862030514467862304e+03 -2.602822051256512623e+03 2.273140000000000072e+01 6.478579342365264893e-02 -2.944471128284931183e-02 7.627559453248977661e-02 7.622321695089340210e-02
-2.390946922840319530e+03 -1.866538379200339250e+03 -2.600183556371626764e+03 2.273340000000000316e+01 7.459333539009094238e-02 -1.313476413488388062e-01 7.627559453248977661e-02 7.622321695089340210e-02
-2.390291534147907896e+03 -1.871045024022413145e+03 -2.597545790848491379e+03 2.273540000000000205e+01 7.570990920066833496e-02 -4.434109851717948914e-02 7.627559453248977661e-02 7.622321695089340210e-02
-2.389624723556439221e+03 -1.875550427366456688e+03 -2.594908767310758776e+03 2.273740000000000094e+01 -7.194391451776027679e-03 -2.677245438098907471e-02 7.627559453248977661e-02 7.622321695089340210e-02
-2.388946494259583687e+03 -1.880054567655108940e+03 -2.592272498387703763e+03 2.273939999999999984e+01 3.692119568586349487e-02 1.081262063235044479e-02 7.627559453248977661e-02 7.622321695089340210e-02
-2.388314901116286819e+03 -1.884182251605596321e+03 -2.589856582281399369e+03 2.274140000000000228e+01 -3.094160370528697968e-02 -4.997760057449340820e-02 7.627559453248977661e-02 7.622321695089340210e-02
-2.386119455715817367e+03 -1.898058067486789241e+03 -2.581735220969734200e+03 2.274340000000000117e+01 8.854578435420989990e-02 -7.688640058040618896e-02 7.627559453248977661e-02 7.622321695089340210e-02
-2.385384182662895910e+03 -1.902555569351206941e+03 -2.579102914256299755e+03 2.274540000000000006e+01 7.842995226383209229e-02 4.026635363698005676e-02 7.627559453248977661e-02 7.622321695089340210e-02
-2.384637511188777353e+03 -1.907051678983368220e+03 -2.576471437763500489e+03 2.274740000000000251e+01 3.485242649912834167e-02 9.220046922564506531e-03 7.627559453248977661e-02 7.622321695089340210e-02
-2.383879444879851235e+03 -1.911546374787770901e+03 -2.573840804130713877e+03 2.274940000000000140e+01 6.623244285583496094e-02 -1.103305965662002563e-01 7.627559453248977661e-02 7.622321695089340210e-02
-2.383109987348028426e+03 -1.916039635347882040e+03 -2.571211025892496764e+03 2.275140000000000029e+01 -2.407352998852729797e-02 3.500510007143020630e-02 7.627559453248977661e-02 7.622321695089340210e-02
-2.382329142299977775e+03 -1.920531439019299569e+03 -2.568582115716700173e+03 2.275340000000000273e+01 -1.502116620540618896e-01 -5.517191812396049500e-02 7.627559453248977661e-02 7.622321695089340210e-02
-2.381536913453812303e+03 -1.925021764414965219e+03 -2.565954086120484590e+03 2.275540000000000163e+01 -1.824897229671478271e-01 -4.731379076838493347e-02 7.627559453248977661e-02 7.622321695089340210e-02
-2.380800851417334798e+03 -1.929136598322588497e+03 -2.563545831821369575e+03 2.275740000000000052e+01 2.098801918327808380e-02 3.096469864249229431e-02 7.627559453248977661e-02 7.622321695089340210e-02
-2.386119455715817367e+03 -1.898058067486789241e+03 -2.581735220969734200e+03 2.275940000000000296e+01 4.380214959383010864e-02 8.288621157407760620e-02 7.627559453248977661e-02 7.622321695089340210e-02
-2.385384182662895910e+03 -1.902555569351206941e+03 -2.579102914256299755e+03 2.276140000000000185e+01 -5.722149461507797241e-02 -7.495731860399246216e-02 7.627559453248977661e-02 7.622321695089340210e-02
-2.384637511188777353e+03 -1.907051678983368220e+03 -2.576471437763500489e+03 2.276340000000000074e+01 -3.968200180679559708e-03 1.893546059727668762e-02 7.627559453248977661e-02 7.622321695089340210e-02
-2.383879444879851235e+03 -1.911546374787770901e+03 -2.573840804130713877e+03 2.276540000000000319e+01 -1.327423937618732452e-02 -3.630302473902702332e-02 7.627559453248977661e-02 7.622321695089340210e-02
-2.383109987348028426e+03 -1.916039635347882040e+03 -2.571211025892496764e+03 2.276740000000000208e+01 -2.880769409239292145e-02 -1.837543584406375885e-02 7.627559453248977661e-02 7.622321695089340210e-02
-2.382329142299977775e+03 -1.920531439019299569e+03 -2.568582115716700173e+03 2.276940000000000097e+01 -6.549100577831268311e-02 -1.234409958124160767e-02 7.627559453248977661e-02 7.622321695089340210e-02
-2.381536913453812303e+03 -1.925021764414965219e+03 -2.565954086120484590e+03 2.277139999999999986e+01 -3.718280792236328125e-02 -1.482053101062774658e-02 7.627559453248977661e-02 7.622321695089340210e-02
-2.380800851417334798e+03 -1.929136598322588497e+03 -2.563545831821369575e+03 2.277340000000000231e+01 6.427296996116638184e-02 9.346416220068931580e-03 7.627559453248977661e-02 7.622321695089340210e-02
-2.378254236787701757e+03 -1.942967853245073911e+03 -2.555451025191177450e+03 2.277540000000000120e+01 -2.701903693377971649e-02 3.427190706133842468e-02 7.627559453248977661e-02 7.622321695089340210e-02
-2.377405146935498124e+03 -1.947450464923419759e+03 -2.552827587144725385e+03 2.277740000000000009e+01 4.205945879220962524e-02 1.812965609133243561e-02 7.627559453248977661e-02 7.622321695089340210e-02
-2.376544696864708840e+03 -1.951931469420496114e+03 -2.550205105120579447e+03 2.277940000000000254e+01 2.764351293444633484e-02 -2.127707935869693756e-02 7.627559453248977661e-02 7.622321695089340210e-02
-2.375672890672252834e+03 -1.956410845400636390e+03 -2.547583591605306992e+03 2.278140000000000143e+01 4.743566736578941345e-02 -4.248549044132232666e-02 7.627559453248977661e-02 7.622321695089340210e-02
-2.374789732554690545e+03 -1.960888571301911497e+03 -2.544963059217823229e+03 2.278340000000000032e+01 -1.994584687054157257e-03 6.839736364781856537e-03 7.627559453248977661e-02 7.622321695089340210e-02
-2.373895226714001637e+03 -1.965364625819863477e+03 -2.542343520426284158e+03 2.278540000000000276e+01 -7.109670341014862061e-02 -5.840021651238203049e-03 7.627559453248977661e-02 7.622321695089340210e-02
-2.372989377456002330e+03 -1.969838987408550565e+03 -2.539724987840100312e+03 2.278740000000000165e+01 5.831477232277393341e-03 2.419058792293071747e-02 7.627559453248977661e-02 7.622321695089340210e-02
-2.372149198745656577e+03 -1.973939002261873384e+03 -2.537325547734399606e+03 2.278940000000000055e+01 -3.188785165548324585e-02 -2.415600977838039398e-02 7.627559453248977661e-02 7.622321695089340210e-02
-2.378254236787701757e+03 -1.942967853245073911e+03 -2.555451025191177450e+03 2.279140000000000299e+01 -8.781651966273784637e-03 5.986965447664260864e-02 7.627559453248977661e-02 7.622321695089340210e-02
-2.377405146935498124e+03 -1.947450464923419759e+03 -2.552827587144725385e+03 2.279340000000000188e+01 4.127143695950508118e-02 2.586883679032325745e-02 7.627559453248977661e-02 7.622321695089340210e-02
-2.376544696864708840e+03 -1.951931469420496114e+03 -2.550205105120579447e+03 2.279540000000000077e+01 1.827235706150531769e-02 1.629791222512722015e-02 7.627559453248977661e-02 7.622321695089340210e-02
-2.375672890672252834e+03 -1.956410845400636390e+03 -2.547583591605306992e+03 2.279739999999999966e+01 -4.684052616357803345e-02 1.004319754429161549e-03 7.627559453248977661e-02 7.622321695089340210e-02
-2.374789732554690545e+03 -1.960888571301911497e+03 -2.544963059217823229e+03 2.279940000000000211e+01 1.770949549973011017e-02 1.084417402744293213e-01 7.627559453248977661e-02 7.622321695089340210e-02
-2.373895226714001637e+03 -1.965364625819863477e+03 -2.542343520426284158e+03 2.280140000000000100e+01 1.597014255821704865e-02 -3.337645530700683594e-02 7.627559453248977661e-02 7.622321695089340210e-02
-2.372989377456002330e+03 -1.969838987408550565e+03 -2.539724987840100312e+03 2.280339999999999989e+01 -1.030482817441225052e-02 -2.263612486422061920e-02 7.627559453248977661e-02 7.622321695089340210e-02
-2.372149198745656577e+03 -1.973939002261873384e+03 -2.537325547734399606e+03 2.280540000000000234e+01 -1.181134372018277645e-03 4.103747382760047913e-02 7.627559453248977661e-02 7.622321695089340210e-02
-2.369411949789030132e+03 -1.986974638790276686e+03 -2.529696826241095096e+03 2.280740000000000123e+01 4.639409109950065613e-02 -1.752234846353530884e-01 7.627559453248977661e-02 7.622321695089340210e-02
-2.368451336035252098e+03 -1.991440516519171069e+03 -2.527083333349296026e+03 2.280940000000000012e+01 -6.441553682088851929e-02 1.112519800662994385e-01 7.627559453248977661e-02 7.622321695089340210e-02
-2.367479404901388989e+03 -1.995904576604314570e+03 -2.524470919648485960e+03 2.281140000000000256e+01 1.000323519110679626e-01 -2.179185450077056885e-01 7.627559453248977661e-02 7.622321695089340210e-02
-2.366496161055931680e+03 -2.000366797604167232e+03 -2.521859597686464440e+03 2.281340000000000146e+01 -1.124394610524177551e-01 1.534297168254852295e-01 7.627559453248977661e-02 7.622321695089340210e-02
-2.365501609177162663e+03 -2.004827158288060446e+03 -2.519249379887558007e+03 2.281540000000000035e+01 -3.211043402552604675e-02 9.001124650239944458e-03 7.627559453248977661e-02 7.622321695089340210e-02
-2.364495754048901745e+03 -2.009285637201112877e+03 -2.516640278807225513e+03 2.281740000000000279e+01 -1.978783495724201202e-02 2.467708289623260498e-01 7.627559453248977661e-02 7.622321695089340210e-02
-2.363478600471113623e+03 -2.013742213068360115e+03 -2.514032306895567217e+03 2.281940000000000168e+01 4.704362899065017700e-02 1.095595136284828186e-01 7.627559453248977661e-02 7.622321695089340210e-02
-2.362536432211125430e+03 -2.017825742327866465e+03 -2.511642653925942795e+03 2.282140000000000057e+01 -8.946152776479721069e-02 9.727597236633300781e-02 7.627559453248977661e-02 7.622321695089340210e-02
-2.369411949789030132e+03 -1.986974638790276686e+03 -2.529696826241095096e+03 2.282340000000000302e+01 1.351901739835739136e-01 -2.179885506629943848e-01 7.627559453248977661e-02 7.622321695089340210e-02
-2.368451336035252098e+03 -1.991440516519171069e+03 -2.527083333349296026e+03 2.282540000000000191e+01 -1.791228801012039185e-01 3.497707471251487732e-02 7.627559453248977661e-02 7.622321695089340210e-02
-2.367479404901388989e+03 -1.995904576604314570e+03 -2.524470919648485960e+03 2.282740000000000080e+01 2.101726830005645752e-01 9.243978559970855713e-02 7.627559453248977661e-02 7.622321695089340210e-02
-2.366496161055931680e+03 -2.000366797604167232e+03 -2.521859597686464440e+03 2.282939999999999969e+01 6.670008599758148193e-02 -2.416468970477581024e-02 7.627559453248977661e-02 7.622321695089340210e-02
-2.365501609177162663e+03 -2.004827158288060446e+03 -2.519249379887558007e+03 2.283140000000000214e+01 2.009474635124206543e-01 -7.570325583219528198e-02 7.627559453248977661e-02 7.622321695089340210e-02
-2.364495754048901745e+03 -2.009285637201112877e+03 -2.516640278807225513e+03 2.283340000000000103e+01 -2.225641719996929169e-02 -4.112943261861801147e-02 7.627559453248977661e-02 7.622321695089340210e-02
-2.363478600471113623e+03 -2.013742213068360115e+03 -2.514032306895567217e+03 2.283539999999999992e+01 6.928902119398117065e-02 -1.144440323114395142e-01 7.627559453248977661e-02 7.622321695089340210e-02
-2.362536432211125430e+03 -2.017825742327866465e+03 -2.511642653925942795e+03 2.283740000000000236e+01 2.503348328173160553e-02 3.056595474481582642e-02 7.627559453248977661e-02 7.622321695089340210e-02
-2.359297099863144922e+03 -2.031549059518119975e+03 -2.503611960556458598e+03 2.283940000000000126e+01 -5.510037019848823547e-02 -7.671887427568435669e-02 7.627559453248977661e-02 7.622321695089340210e-02
-2.358223528164700838e+03 -2.035995800297890582e+03 -2.501009821666576954e+03 2.284140000000000015e+01 -2.376766642555594444e-03 -6.887494027614593506e-02 7.627559453248977661e-02 7.622321695089340210e-02
-2.357138688018853372e+03 -2.040440510265924331e+03 -2.498408886712371441e+03 2.284340000000000259e+01 -5.444847978651523590e-03 3.715480491518974304e-02 7.627559453248977661e-02 7.622321695089340210e-02
-2.356042584651384914e+03 -2.044883168011680937e+03 -2.495809168222756853e+03 2.284540000000000148e+01 1.168733928352594376e-02 -2.884647995233535767e-02 7.627559453248977661e-02 7.622321695089340210e-02
-2.354935223281253911e+03 -2.049323752382078510e+03 -2.493210678575916063e+03 2.284740000000000038e+01 2.748306654393672943e-02 -4.420014470815658569e-02 7.627559453248977661e-02 7.622321695089340210e-02
-2.353816609215546123e+03 -2.053762242094679550e+03 -2.490613430225653246e+03 2.284940000000000282e+01 7.426721602678298950e-02 -6.486146897077560425e-02 7.627559453248977661e-02 7.622321695089340210e-02
-2.352686747823330734e+03 -2.058198615846213670e+03 -2.488017435637884319e+03 2.285140000000000171e+01 8.122523128986358643e-02 -2.964730188250541687e-02 7.627559453248977661e-02 7.622321695089340210e-02
-2.351641308751397901e+03 -2.062263442343055431e+03 -2.485638869646025796e+03 2.285340000000000060e+01 6.647143512964248657e-02 -1.742814332246780396e-01 7.627559453248977661e-02 7.622321695089340210e-02
-2.359297099863144922e+03 -2.031549059518119975e+03 -2.503611960556458598e+03 2.285540000000000305e+01 -5.442879348993301392e-02 2.545512840151786804e-02 7.627559453248977661e-02 7.622321695089340210e-02
-2.358223528164700838e+03 -2.035995800297890582e+03 -2.501009821666576954e+03 2.285740000000000194e+01 1.100547388195991516e-01 -9.673633612692356110e-03 7.627559453248977661e-02 7.622321695089340210e-02
-2.357138688018853372e+03 -2.040440510265924331e+03 -2.498408886712371441e+03 2.285940000000000083e+01 1.512026786804199219e-01 -1.728594861924648285e-02 7.627559453248977661e-02 7.622321695089340210e-02
-2.356042584651384914e+03 -2.044883168011680937e+03 -2.495809168222756853e+03 2.286139999999999972e+01 -1.672929339110851288e-02 -3.776170313358306885e-02 7.627559453248977661e-02 7.622321695089340210e-02
-2.354935223281253911e+03 -2.049323752382078510e+03 -2.493210678575916063e+03 2.286340000000000217e+01 6.688185781240463257e-02 -1.282092630863189697e-01 7.627559453248977661e-02 7.622321695089340210e-02
-2.353816609215546123e+03 -2.053762242094679550e+03 -2.490613430225653246e+03 2.286540000000000106e+01 -1.641595065593719482e-01 -5.337897688150405884e-03 7.627559453248977661e-02 7.622321695089340210e-02
-2.352686747823330734e+03 -2.058198615846213670e+03 -2.488017435637884319e+03 2.286739999999999995e+01 -1.585183106362819672e-02 -4.694937169551849365e-02 7.627559453248977661e-02 7.622321695089340210e-02
-2.351641308751397901e+03 -2.062263442343055431e+03 -2.485638869646025796e+03 2.286940000000000239e+01 -5.549599975347518921e-02 1.302127987146377563e-01 7.627559453248977661e-02 7.622321695089340210e-02
-2.348054937813476499e+03 -2.075922527279628412e+03 -2.477646242996727324e+03 2.287140000000000128e+01 9.741571545600891113e-02 1.717842817306518555e-01 7.627559453248977661e-02 7.622321695089340210e-02
-2.346868921906942433e+03 -2.080348003224944478e+03 -2.475056703301676407e+03 2.287340000000000018e+01 1.021572723984718323e-01 2.051243558526039124e-02 7.627559453248977661e-02 7.622321695089340210e-02
-2.345671691924677361e+03 -2.084771235976882963e+03 -2.472468491819392511e+03 2.287540000000000262e+01 3.909222036600112915e-02 8.664633333683013916e-02 7.627559453248977661e-02 7.622321695089340210e-02
-2.344463253567210813e+03 -2.089192204474867140e+03 -2.469881620873260999e+03 2.287740000000000151e+01 3.577881306409835815e-02 -7.020421791821718216e-03 7.627559453248977661e-02 7.622321695089340210e-02
-2.343243612651464900e+03 -2.093610887438115242e+03 -2.467296102915441224e+03 2.287940000000000040e+01 1.333981379866600037e-02 1.650291867554187775e-02 7.627559453248977661e-02 7.622321695089340210e-02
-2.342012774980436006e+03 -2.098027263842995580e+03 -2.464711950247511140e+03 2.288140000000000285e+01 7.307728379964828491e-02 1.311451196670532227e-01 7.627559453248977661e-02 7.622321695089340210e-02
-2.340770746478904130e+03 -2.102441312430943981e+03 -2.462129175308518370e+03 2.288340000000000174e+01 1.562257483601570129e-02 1.037863492965698242e-01 7.627559453248977661e-02 7.622321695089340210e-02
-2.339622536893372853e+03 -2.106485490934952850e+03 -2.459762834560900956e+03 2.288540000000000063e+01 -5.714933574199676514e-02 8.779567480087280273e-02 7.627559453248977661e-02 7.622321695089340210e-02
-2.348054937813476499e+03 -2.075922527279628412e+03 -2.477646242996727324e+03 2.288740000000000308e+01 -6.812929175794124603e-03 2.500452101230621338e-03 7.627559453248977661e-02 7.622321695089340210e-02
-2.346868921906942433e+03 -2.080348003224944478e+03 -2.475056703301676407e+03 2.288940000000000197e+01 3.505517542362213135e-02 6.288114190101623535e-02 7.627559453248977661e-02 7.622321695089340210e-02
-2.345671691924677361e+03 -2.084771235976882963e+03 -2.472468491819392511e+03 2.289140000000000086e+01 6.271721422672271729e-02 -1.924426667392253876e-02 7.627559453248977661e-02 7.622321695089340210e-02
-2.344463253567210813e+03 -2.089192204474867140e+03 -2.469881620873260999e+03 2.289339999999999975e+01 8.242750912904739380e-02 1.127655804157257080e-02 7.627559453248977661e-02 7.622321695089340210e-02
-2.343243612651464900e+03 -2.093610887438115242e+03 -2.467296102915441224e+03 2.289540000000000219e+01 1.683540493249893188e-01 -8.715885132551193237e-02 7.627559453248977661e-02 7.622321695089340210e-02
-2.342012774980436006e+03 -2.098027263842995580e+03 -2.464711950247511140e+03 2.289740000000000109e+01 -2.869980596005916595e-02 -1.521096229553222656e-01 7.627559453248977661e-02 7.622321695089340210e-02
-2.340770746478904130e+03 -2.102441312430943981e+03 -2.462129175308518370e+03 2.289939999999999998e+01 1.527661364525556564e-02 -8.107329159975051880e-02 7.627559453248977661e-02 7.622321695089340210e-02
-2.339622536893372853e+03 -2.106485490934952850e+03 -2.459762834560900956e+03 2.290140000000000242e+01 3.855601698160171509e-02 1.509027741849422455e-02 7.627559453248977661e-02 7.622321695089340210e-02
-2.335690843639487412e+03 -2.120073807046879665e+03 -2.451812099510389089e+03 2.290340000000000131e+01 -9.615403413772583008e-02 -3.599666431546211243e-02 7.627559453248977661e-02 7.622321695089340210e-02
-2.334392951121258648e+03 -2.124475900247730351e+03 -2.449236398291312526e+03 2.290540000000000020e+01 -2.760063624009490013e-03 -3.483486175537109375e-02 7.627559453248977661e-02 7.622321695089340210e-02
-2.333083904231147699e+03 -2.128875539086316621e+03 -2.446662148844977310e+03 2.290740000000000265e+01 4.295638203620910645e-02 -1.463668793439865112e-01 7.627559453248977661e-02 7.622321695089340210e-02
-2.331763709210986235e+03 -2.133272702583710270e+03 -2.444089363446246807e+03 2.290940000000000154e+01 -2.941464073956012726e-02 1.242329180240631104e-02 7.627559453248977661e-02 7.622321695089340210e-02
-2.330432372387916075e+03 -2.137667369665572551e+03 -2.441518054425733226e+03 2.291140000000000043e+01 2.770607732236385345e-02 -6.455416791141033173e-03 7.627559453248977661e-02 7.622321695089340210e-02
-2.329089900156701788e+03 -2.142059519223677853e+03 -2.438948234133799360e+03 2.291340000000000288e+01 -1.191068720072507858e-02 1.097126528620719910e-01 7.627559453248977661e-02 7.622321695089340210e-02
-2.327736298904784690e+03 -2.146449130360761046e+03 -2.436379914797303172e+03 2.291540000000000177e+01 -1.123389974236488342e-01 1.371045112609863281e-01 7.627559453248977661e-02 7.622321695089340210e-02
-2.326485868502091762e+03 -2.150470724826326204e+03 -2.434026932117510569e+03 2.291740000000000066e+01 4.801708273589611053e-03 4.816676676273345947e-02 7.627559453248977661e-02 7.622321695089340210e-02
-2.335690843639487412e+03 -2.120073807046879665e+03 -2.451812099510389089e+03 2.291940000000000310e+01 -1.134018301963806152e-01 -2.177326008677482605e-03 7.627559453248977661e-02 7.622321695089340210e-02
-2.334392951121258648e+03 -2.124475900247730351e+03 -2.449236398291312526e+03 2.292140000000000200e+01 9.126202017068862915e-02 1.110432110726833344e-02 7.627559453248977661e-02 7.622321695089340210e-02
-2.333083904231147699e+03 -2.128875539086316621e+03 -2.446662148844977310e+03 2.292340000000000089e+01 1.019971743226051331e-01 1.115034054964780807e-02 7.627559453248977661e-02 7.622321695089340210e-02
-2.331763709210986235e+03 -2.133272702583710270e+03 -2.444089363446246807e+03 2.292539999999999978e+01 5.560101941227912903e-02 -8.204903453588485718e-02 7.627559453248977661e-02 7.622321695089340210e-02
-2.330432372387916075e+03 -2.137667369665572551e+03 -2.441518054425733226e+03 2.292740000000000222e+01 -4.392084479331970215e-02 -9.956803172826766968e-02 7.627559453248977661e-02 7.622321695089340210e-02
-2.329089900156701788e+03 -2.142059519223677853e+03 -2.438948234133799360e+03 2.292940000000000111e+01 7.963564246892929077e-03 6.688991934061050415e-02 7.627559453248977661e-02 7.622321695089340210e-02
-2.327736298904784690e+03 -2.146449130360761046e+03 -2.436379914797303172e+03 2.293140000000000001e+01 -1.638677716255187988e-02 -8.165416866540908813e-02 7.627559453248977661e-02 7.622321695089340210e-02
-2.326485868502091762e+03 -2.150470724826326204e+03 -2.434026932117510569e+03 2.293340000000000245e+01 -5.852721631526947021e-02 -1.360734645277261734e-02 7.627559453248977661e-02 7.622321695089340210e-02
