# Baseline: 10-20
# Entries: 128
# u [m], v [m], w [m], frequency [GHz], real, imag, std(real), std(imag)
-1.482566992665374755e+03 -3.204967279200845496e+03 -1.897886901803301271e+03 2.267940000000000111e+01 2.916265511885285378e-03 -6.431709043681621552e-04 1.611112430691719055e-02 1.614267192780971527e-02
-1.478610757162272193e+03 -3.207757674594756736e+03 -1.896258360669233980e+03 2.268140000000000001e+01 -3.897964488714933395e-03 -1.846230443334206939e-04 1.611112430691719055e-02 1.614267192780971527e-02
-1.474647463221357611e+03 -3.210540598593572213e+03 -1.894634203355043610e+03 2.268340000000000245e+01 7.810262613929808140e-04 2.341308398172259331e-03 1.611112430691719055e-02 1.614267192780971527e-02
-1.470677129782367047e+03 -3.213316037898383456e+03 -1.893014437622161267e+03 2.268540000000000134e+01 -5.947735626250505447e-03 -4.765409044921398163e-03 1.611112430691719055e-02 1.614267192780971527e-02
-1.466699775846136617e+03 -3.216083979226514657e+03 -1.891399071222441080e+03 2.268740000000000023e+01 4.990154877305030823e-03 6.249544676393270493e-03 1.611112430691719055e-02 1.614267192780971527e-02
-1.462715420447265160e+03 -3.218844409331343286e+03 -1.889788111886574370e+03 2.268940000000000268e+01 -4.374679177999496460e-03 2.773602493107318878e-03 1.611112430691719055e-02 1.614267192780971527e-02
-1.458724082737214303e+03 -3.221597314944610844e+03 -1.888181567357773247e+03 2.269140000000000157e+01 9.295502677559852600e-03 -3.429374919505789876e-05 1.611112430691719055e-02 1.614267192780971527e-02
-1.455059327350948706e+03 -3.224114286654473744e+03 -1.886712729946044419e+03 2.269340000000000046e+01 -3.771073184907436371e-03 -4.691878799349069595e-03 1.611112430691719055e-02 1.614267192780971527e-02
-1.482566992665374755e+03 -3.204967279200845496e+03 -1.897886901803301271e+03 2.269540000000000290e+01 2.697941148653626442e-03 7.036432507447898388e-04 1.611112430691719055e-02 1.614267192780971527e-02
-1.478610757162272193e+03 -3.207757674594756736e+03 -1.896258360669233980e+03 2.269740000000000180e+01 1.541997189633548260e-03 -7.404903415590524673e-03 1.611112430691719055e-02 1.614267192780971527e-02
-1.474647463221357611e+03 -3.210540598593572213e+03 -1.894634203355043610e+03 2.269940000000000069e+01 6.313327699899673462e-03 -7.217846345156431198e-03 1.611112430691719055e-02 1.614267192780971527e-02
-1.470677129782367047e+03 -3.213316037898383456e+03 -1.893014437622161267e+03 2.270140000000000313e+01 -6.282445974647998810e-03 8.470927365124225616e-03 1.611112430691719055e-02 1.614267192780971527e-02
-1.466699775846136617e+03 -3.216083979226514657e+03 -1.891399071222441080e+03 2.270340000000000202e+01 -3.629468847066164017e-03 9.656912647187709808e-03 1.611112430691719055e-02 1.614267192780971527e-02
-1.462715420447265160e+03 -3.218844409331343286e+03 -1.889788111886574370e+03 2.270540000000000092e+01 -1.007417915388941765e-03 -1.730352640151977539e-03 1.611112430691719055e-02 1.614267192780971527e-02
-1.458724082737214303e+03 -3.221597314944610844e+03 -1.888181567357773247e+03 2.270739999999999981e+01 -3.478721948340535164e-03 1.089330017566680908e-02 1.611112430691719055e-02 1.614267192780971527e-02
-1.455059327350948706e+03 -3.224114286654473744e+03 -1.886712729946044419e+03 2.270940000000000225e+01 7.567601278424263000e-04 -2.002748660743236542e-03 1.611112430691719055e-02 1.614267192780971527e-02
-1.442689290453865397e+03 -3.232533430125621180e+03 -1.881799690417614102e+03 2.271140000000000114e+01 1.416748296469449997e-02 -8.842329261824488640e-04 1.611112430691719055e-02 1.614267192780971527e-02
-1.438663327958815216e+03 -3.235248516671201287e+03 -1.880215334659557129e+03 2.271340000000000003e+01 2.365698805078864098e-03 1.049943850375711918e-03 1.611112430691719055e-02 1.614267192780971527e-02
-1.434630498232352011e+03 -3.237956000239219520e+03 -1.878635439509759635e+03 2.271540000000000248e+01 -3.493358381092548370e-03 6.698690121993422508e-04 1.611112430691719055e-02 1.614267192780971527e-02
-1.430590820518437795e+03 -3.240655867910174038e+03 -1.877060012507113015e+03 2.271740000000000137e+01 -5.249432753771543503e-03 -5.772041156888008118e-03 1.611112430691719055e-02 1.614267192780971527e-02
-1.426544314163996432e+03 -3.243348106753815955e+03 -1.875489061196665489e+03 2.271940000000000026e+01 -6.564758252352476120e-03 1.145748887211084366e-02 1.611112430691719055e-02 1.614267192780971527e-02
-1.422490998534530490e+03 -3.246032703885775391e+03 -1.873922593096576520e+03 2.272140000000000271e+01 -3.139286534860730171e-03 6.804659496992826462e-03 1.611112430691719055e-02 1.614267192780971527e-02
-1.418430893042358321e+03 -3.248709646449024603e+03 -1.872360615708935029e+03 2.272340000000000160e+01 2.249022945761680603e-03 -8.949221111834049225e-03 1.611112430691719055e-02 1.614267192780971527e-02
-1.414703267489886457e+03 -3.251156872992104581e+03 -1.870932697082066397e+03 2.272540000000000049e+01 -1.027126517146825790e-02 -1.587107777595520020e-02 1.611112430691719055e-02 1.614267192780971527e-02
-1.442689290453865397e+03 -3.232533430125621180e+03 -1.881799690417614102e+03 2.272740000000000293e+01 5.844506435096263885e-03 -1.652212068438529968e-02 1.611112430691719055e-02 1.614267192780971527e-02
-1.438663327958815216e+03 -3.235248516671201287e+03 -1.880215334659557129e+03 2.272940000000000182e+01 5.452967598102986813e-04 1.585889421403408051e-02 1.611112430691719055e-02 1.614267192780971527e-02
-1.434630498232352011e+03 -3.237956000239219520e+03 -1.878635439509759635e+03 2.273140000000000072e+01 1.432118657976388931e-02 -9.053143672645092010e-03 1.611112430691719055e-02 1.614267192780971527e-02
-1.430590820518437795e+03 -3.240655867910174038e+03 -1.877060012507113015e+03 2.273340000000000316e+01 -1.753217191435396671e-03 1.472961506806313992e-03 1.611112430691719055e-02 1.614267192780971527e-02
-1.426544314163996432e+03 -3.243348106753815955e+03 -1.875489061196665489e+03 2.273540000000000205e+01 1.110796933062374592e-03 -9.732438251376152039e-03 1.611112430691719055e-02 1.614267192780971527e-02
-1.422490998534530490e+03 -3.246032703885775391e+03 -1.873922593096576520e+03 2.273740000000000094e+01 -3.346100682392716408e-03 -1.516403444111347198e-02 1.611112430691719055e-02 1.614267192780971527e-02
-1.418430893042358321e+03 -3.248709646449024603e+03 -1.872360615708935029e+03 2.273939999999999984e+01 -1.597400568425655365e-02 -3.435010323300957680e-03 1.611112430691719055e-02 1.614267192780971527e-02
-1.414703267489886457e+03 -3.251156872992104581e+03 -1.870932697082066397e+03 2.274140000000000228e+01 2.029411867260932922e-02 5.803792271763086319e-03 1.611112430691719055e-02 1.614267192780971527e-02
-1.402122961317393674e+03 -3.259340615491411427e+03 -1.866157762377048812e+03 2.274340000000000117e+01 9.230591356754302979e-03 -1.750440569594502449e-03 1.611112430691719055e-02 1.614267192780971527e-02
-1.398029198561014027e+03 -3.261979093816251407e+03 -1.864618350226700159e+03 2.274540000000000006e+01 -1.424806658178567886e-02 -9.046489372849464417e-03 1.611112430691719055e-02 1.614267192780971527e-02
-1.393928762952818715e+03 -3.264609841294064154e+03 -1.863083473294846272e+03 2.274740000000000251e+01 3.157044295221567154e-03 -8.867582306265830994e-03 1.611112430691719055e-02 1.614267192780971527e-02
-1.389821674187830467e+03 -3.267232845288969202e+03 -1.861553138953722055e+03 2.274940000000000140e+01 -9.292177855968475342e-03 1.213130820542573929e-02 1.611112430691719055e-02 1.614267192780971527e-02
-1.385707951835575159e+03 -3.269848093302658981e+03 -1.860027354495179452e+03 2.275140000000000029e+01 -5.751129239797592163e-03 -4.294538404792547226e-03 1.611112430691719055e-02 1.614267192780971527e-02
-1.381587615712270463e+03 -3.272455572737340390e+03 -1.858506127268990895e+03 2.275340000000000273e+01 8.160541765391826630e-03 -1.672334037721157074e-02 1.611112430691719055e-02 1.614267192780971527e-02
-1.377460685436439235e+03 -3.275055271178025123e+03 -1.856989464518164141e+03 2.275540000000000163e+01 -2.183316648006439209e-02 -5.005389917641878128e-03 1.611112430691719055e-02 1.614267192780971527e-02
-1.373671973642263765e+03 -3.277431581393463603e+03 -1.855603148029121030e+03 2.275740000000000052e+01 2.871505357325077057e-02 -5.982705391943454742e-03 1.611112430691719055e-02 1.614267192780971527e-02
-1.402122961317393674e+03 -3.259340615491411427e+03 -1.866157762377048812e+03 2.275940000000000296e+01 -9.693125030025839806e-04 -6.207650527358055115e-03 1.611112430691719055e-02 1.614267192780971527e-02
-1.398029198561014027e+03 -3.261979093816251407e+03 -1.864618350226700159e+03 2.276140000000000185e+01 -1.872484199702739716e-02 9.782079607248306274e-03 1.611112430691719055e-02 1.614267192780971527e-02
-1.393928762952818715e+03 -3.264609841294064154e+03 -1.863083473294846272e+03 2.276340000000000074e+01 3.525979584082961082e-03 -1.240116450935602188e-02 1.611112430691719055e-02 1.614267192780971527e-02
-1.389821674187830467e+03 -3.267232845288969202e+03 -1.861553138953722055e+03 2.276540000000000319e+01 4.211029037833213806e-03 9.303686209022998810e-03 1.611112430691719055e-02 1.614267192780971527e-02
-1.385707951835575159e+03 -3.269848093302658981e+03 -1.860027354495179452e+03 2.276740000000000208e+01 9.737583459354937077e-04 -2.836043713614344597e-03 1.611112430691719055e-02 1.614267192780971527e-02
-1.381587615712270463e+03 -3.272455572737340390e+03 -1.858506127268990895e+03 2.276940000000000097e+01 1.607715897262096405e-02 2.938593752332963049e-05 1.611112430691719055e-02 1.614267192780971527e-02
-1.377460685436439235e+03 -3.275055271178025123e+03 -1.856989464518164141e+03 2.277139999999999986e+01 9.956540539860725403e-03 -3.204831480979919434e-02 1.611112430691719055e-02 1.614267192780971527e-02
-1.373671973642263765e+03 -3.277431581393463603e+03 -1.855603148029121030e+03 2.277340000000000231e+01 1.861494965851306915e-02 1.651879865676164627e-04 1.611112430691719055e-02 1.614267192780971527e-02
-1.360887418574556932e+03 -3.285376006549642625e+03 -1.850968603212670814e+03 2.277540000000000120e+01 1.478733122348785400e-02 8.199803531169891357e-03 1.611112430691719055e-02 1.614267192780971527e-02
-1.356727814549177083e+03 -3.287936614063266461e+03 -1.849474871323314801e+03 2.277740000000000009e+01 5.502220243215560913e-03 8.128893561661243439e-03 1.611112430691719055e-02 1.614267192780971527e-02
-1.352561735416051079e+03 -3.290489366449908175e+03 -1.847985747156588559e+03 2.277940000000000254e+01 6.688798777759075165e-03 -1.507547684013843536e-02 1.611112430691719055e-02 1.614267192780971527e-02
-1.348389201011368868e+03 -3.293034251554997809e+03 -1.846501237802733840e+03 2.278140000000000143e+01 1.425068010576069355e-03 6.290385965257883072e-03 1.611112430691719055e-02 1.614267192780971527e-02
-1.344210231420061746e+03 -3.295571257128487559e+03 -1.845021350407562977e+03 2.278340000000000032e+01 9.678256697952747345e-03 -6.529435049742460251e-03 1.611112430691719055e-02 1.614267192780971527e-02
-1.340024846525150451e+03 -3.298100371099635140e+03 -1.843546092012175677e+03 2.278540000000000276e+01 9.487460367381572723e-03 1.572258770465850830e-02 1.611112430691719055e-02 1.614267192780971527e-02
-1.335833066473417603e+03 -3.300621581294301450e+03 -1.842075469717859733e+03 2.278740000000000165e+01 -2.085079997777938843e-02 -2.876781625673174858e-03 1.611112430691719055e-02 1.614267192780971527e-02
-1.331985081395327597e+03 -3.302925838081981055e+03 -1.840731418738718730e+03 2.278940000000000055e+01 -7.977930828928947449e-03 1.151239965111017227e-02 1.611112430691719055e-02 1.614267192780971527e-02
-1.360887418574556932e+03 -3.285376006549642625e+03 -1.850968603212670814e+03 2.279140000000000299e+01 1.617331756278872490e-03 1.652208715677261353e-02 1.611112430691719055e-02 1.614267192780971527e-02
-1.356727814549177083e+03 -3.287936614063266461e+03 -1.849474871323314801e+03 2.279340000000000188e+01 4.404877312481403351e-03 -1.966695999726653099e-03 1.611112430691719055e-02 1.614267192780971527e-02
-1.352561735416051079e+03 -3.290489366449908175e+03 -1.847985747156588559e+03 2.279540000000000077e+01 1.120605226606130600e-02 6.499544717371463776e-03 1.611112430691719055e-02 1.614267192780971527e-02
-1.348389201011368868e+03 -3.293034251554997809e+03 -1.846501237802733840e+03 2.279739999999999966e+01 -8.793689310550689697e-03 -1.230998523533344269e-02 1.611112430691719055e-02 1.614267192780971527e-02
-1.344210231420061746e+03 -3.295571257128487559e+03 -1.845021350407562977e+03 2.279940000000000211e+01 4.443676397204399109e-02 -7.408353034406900406e-03 1.611112430691719055e-02 1.614267192780971527e-02
-1.340024846525150451e+03 -3.298100371099635140e+03 -1.843546092012175677e+03 2.280140000000000100e+01 -1.301015913486480713e-02 1.879416871815919876e-03 1.611112430691719055e-02 1.614267192780971527e-02
-1.335833066473417603e+03 -3.300621581294301450e+03 -1.842075469717859733e+03 2.280339999999999989e+01 2.408684603869915009e-02 2.889254596084356308e-03 1.611112430691719055e-02 1.614267192780971527e-02
-1.331985081395327597e+03 -3.302925838081981055e+03 -1.840731418738718730e+03 2.280540000000000234e+01 1.484889350831508636e-02 -1.828199136070907116e-03 1.611112430691719055e-02 1.614267192780971527e-02
-1.319705693363505816e+03 -3.310212784190298862e+03 -1.836481158850453312e+03 2.280740000000000123e+01 -5.027588922530412674e-03 -4.614381119608879089e-03 1.611112430691719055e-02 1.614267192780971527e-02
-1.315483286410783194e+03 -3.312695623583338147e+03 -1.835033043078888795e+03 2.280940000000000012e+01 2.920550992712378502e-03 -5.027533043175935745e-04 1.611112430691719055e-02 1.614267192780971527e-02
-1.311254601677664823e+03 -3.315170489394682136e+03 -1.833589604123969139e+03 2.281140000000000256e+01 -2.576915081590414047e-03 4.376917611807584763e-03 1.611112430691719055e-02 1.614267192780971527e-02
-1.307019659475247863e+03 -3.317637369737280096e+03 -1.832150848918679685e+03 2.281340000000000146e+01 5.652000196278095245e-03 -3.707882249727845192e-03 1.611112430691719055e-02 1.614267192780971527e-02
-1.302778479952924727e+03 -3.320096252874112452e+03 -1.830716784308370507e+03 2.281540000000000035e+01 -5.772978067398071289e-03 -7.340325508266687393e-03 1.611112430691719055e-02 1.614267192780971527e-02
-1.298531083511212728e+03 -3.322547126977584412e+03 -1.829287417191092800e+03 2.281740000000000279e+01 1.990569056943058968e-03 -9.660524665378034115e-04 1.611112430691719055e-02 1.614267192780971527e-02
-1.294277490417979607e+03 -3.324989980352750081e+03 -1.827862754387409723e+03 2.281940000000000168e+01 -6.248856894671916962e-03 4.432507324963808060e-03 1.611112430691719055e-02 1.614267192780971527e-02
-1.290373015654289020e+03 -3.327222309016417512e+03 -1.826560891871916510e+03 2.282140000000000057e+01 -1.876702299341559410e-03 3.744844347238540649e-03 1.611112430691719055e-02 1.614267192780971527e-02
-1.319705693363505816e+03 -3.310212784190298862e+03 -1.836481158850453312e+03 2.282340000000000302e+01 -1.309648621827363968e-02 3.815355943515896797e-03 1.611112430691719055e-02 1.614267192780971527e-02
-1.315483286410783194e+03 -3.312695623583338147e+03 -1.835033043078888795e+03 2.282540000000000191e+01 5.717225372791290283e-03 5.830675829201936722e-03 1.611112430691719055e-02 1.614267192780971527e-02
-1.311254601677664823e+03 -3.315170489394682136e+03 -1.833589604123969139e+03 2.282740000000000080e+01 1.103064231574535370e-02 1.187290414236485958e-03 1.611112430691719055e-02 1.614267192780971527e-02
-1.307019659475247863e+03 -3.317637369737280096e+03 -1.832150848918679685e+03 2.282939999999999969e+01 4.869970958679914474e-03 -4.267888609319925308e-03 1.611112430691719055e-02 1.614267192780971527e-02
-1.302778479952924727e+03 -3.320096252874112452e+03 -1.830716784308370507e+03 2.283140000000000214e+01 -4.232833161950111389e-03 3.505949396640062332e-03 1.611112430691719055e-02 1.614267192780971527e-02
-1.298531083511212728e+03 -3.322547126977584412e+03 -1.829287417191092800e+03 2.283340000000000103e+01 -9.232923621311783791e-04 -1.062765438109636307e-02 1.611112430691719055e-02 1.614267192780971527e-02
-1.294277490417979607e+03 -3.324989980352750081e+03 -1.827862754387409723e+03 2.283539999999999992e+01 -1.811215421184897423e-03 5.924907978624105453e-03 1.611112430691719055e-02 1.614267192780971527e-02
-1.290373015654289020e+03 -3.327222309016417512e+03 -1.826560891871916510e+03 2.283740000000000236e+01 1.013315655291080475e-02 4.120684228837490082e-03 1.611112430691719055e-02 1.614267192780971527e-02
-1.277201559237125366e+03 -3.334680953253041935e+03 -1.822211282376214740e+03 2.283940000000000126e+01 -7.039190735667943954e-03 -4.859346430748701096e-03 1.611112430691719055e-02 1.614267192780971527e-02
-1.272917288943446010e+03 -3.337083528325745192e+03 -1.820810242999346883e+03 2.284140000000000015e+01 -6.157879251986742020e-03 -8.846593089401721954e-03 1.611112430691719055e-02 1.614267192780971527e-02
-1.268626944519346807e+03 -3.339478013136060781e+03 -1.819413948486094569e+03 2.284340000000000259e+01 -7.288485765457153320e-03 7.554583135060966015e-05 1.611112430691719055e-02 1.614267192780971527e-02
-1.264330546631781999e+03 -3.341864396149563618e+03 -1.818022405562509675e+03 2.284540000000000148e+01 5.380510352551937103e-03 3.128530224785208702e-03 1.611112430691719055e-02 1.614267192780971527e-02
-1.260028115737438384e+03 -3.344242666003834529e+03 -1.816635620854207446e+03 2.284740000000000038e+01 -8.210098370909690857e-03 -4.518033936619758606e-03 1.611112430691719055e-02 1.614267192780971527e-02
-1.255719672456497392e+03 -3.346612811300405156e+03 -1.815253601007700809e+03 2.284940000000000282e+01 1.291835214942693710e-04 8.601942681707441807e-04 1.611112430691719055e-02 1.614267192780971527e-02
-1.251405237468105042e+03 -3.348974820663420815e+03 -1.813876352656176095e+03 2.285140000000000171e+01 -1.050264295190572739e-02 2.128851599991321564e-02 1.611112430691719055e-02 1.614267192780971527e-02
-1.247445168548088077e+03 -3.351132942949210701e+03 -1.812618011332659080e+03 2.285340000000000060e+01 -1.858640089631080627e-02 9.071452543139457703e-03 1.611112430691719055e-02 1.614267192780971527e-02
-1.277201559237125366e+03 -3.334680953253041935e+03 -1.822211282376214740e+03 2.285540000000000305e+01 -1.367073971778154373e-02 2.559346845373511314e-03 1.611112430691719055e-02 1.614267192780971527e-02
-1.272917288943446010e+03 -3.337083528325745192e+03 -1.820810242999346883e+03 2.285740000000000194e+01 1.405574474483728409e-02 -4.767156206071376801e-03 1.611112430691719055e-02 1.614267192780971527e-02
-1.268626944519346807e+03 -3.339478013136060781e+03 -1.819413948486094569e+03 2.285940000000000083e+01 3.079028241336345673e-02 1.082813646644353867e-02 1.611112430691719055e-02 1.614267192780971527e-02
-1.264330546631781999e+03 -3.341864396149563618e+03 -1.818022405562509675e+03 2.286139999999999972e+01 -5.814488511532545090e-03 -6.256864406168460846e-03 1.611112430691719055e-02 1.614267192780971527e-02
-1.260028115737438384e+03 -3.344242666003834529e+03 -1.816635620854207446e+03 2.286340000000000217e+01 -7.172128185629844666e-03 1.372630801051855087e-02 1.611112430691719055e-02 1.614267192780971527e-02
-1.255719672456497392e+03 -3.346612811300405156e+03 -1.815253601007700809e+03 2.286540000000000106e+01 9.448614902794361115e-03 7.890515960752964020e-03 1.611112430691719055e-02 1.614267192780971527e-02
-1.251405237468105042e+03 -3.348974820663420815e+03 -1.813876352656176095e+03 2.286739999999999995e+01 -4.011070355772972107e-03 -5.898238625377416611e-03 1.611112430691719055e-02 1.614267192780971527e-02
-1.247445168548088077e+03 -3.351132942949210701e+03 -1.812618011332659080e+03 2.286940000000000239e+01 8.189224172383546829e-04 -4.939431324601173401e-03 1.611112430691719055e-02 1.614267192780971527e-02
-1.234087993328575749e+03 -3.358341273559250567e+03 -1.808415205520104564e+03 2.287140000000000128e+01 -3.385877935215830803e-03 8.321503992192447186e-04 1.611112430691719055e-02 1.614267192780971527e-02
-1.229743909834363194e+03 -3.360662434616358951e+03 -1.807061912970750427e+03 2.287340000000000018e+01 1.135142613202333450e-02 -1.740061864256858826e-02 1.611112430691719055e-02 1.614267192780971527e-02
-1.225393958946359589e+03 -3.362975392502765317e+03 -1.805713431119182133e+03 2.287540000000000262e+01 -9.723029099404811859e-03 -1.856391690671443939e-02 1.611112430691719055e-02 1.614267192780971527e-02
-1.221038161376277912e+03 -3.365280136205707549e+03 -1.804369766385956609e+03 2.287740000000000151e+01 1.907219924032688141e-02 4.233110230416059494e-03 1.611112430691719055e-02 1.614267192780971527e-02
-1.216676538091172233e+03 -3.367576654631053316e+03 -1.803030925238936334e+03 2.287940000000000040e+01 1.335173565894365311e-02 9.286445565521717072e-03 1.611112430691719055e-02 1.614267192780971527e-02
-1.212309109843225087e+03 -3.369864936852219671e+03 -1.801696914048153303e+03 2.288140000000000285e+01 -5.594716873019933701e-03 1.331422571092844009e-02 1.611112430691719055e-02 1.614267192780971527e-02
-1.207935897655415147e+03 -3.372144971854437244e+03 -1.800367739234943656e+03 2.288340000000000174e+01 6.987361237406730652e-03 3.944792319089174271e-03 1.611112430691719055e-02 1.614267192780971527e-02
-1.203922129677599287e+03 -3.374227854989497246e+03 -1.799153521283444661e+03 2.288540000000000063e+01 9.782715700566768646e-03 -5.959332920610904694e-03 1.611112430691719055e-02 1.614267192780971527e-02
-1.234087993328575749e+03 -3.358341273559250567e+03 -1.808415205520104564e+03 2.288740000000000308e+01 -5.693934857845306396e-03 4.808332771062850952e-03 1.611112430691719055e-02 1.614267192780971527e-02
-1.229743909834363194e+03 -3.360662434616358951e+03 -1.807061912970750427e+03 2.288940000000000197e+01 -5.485805682837963104e-03 -4.882752429693937302e-03 1.611112430691719055e-02 1.614267192780971527e-02
-1.225393958946359589e+03 -3.362975392502765317e+03 -1.805713431119182133e+03 2.289140000000000086e+01 -7.059872616082429886e-03 2.886464586481451988e-03 1.611112430691719055e-02 1.614267192780971527e-02
-1.221038161376277912e+03 -3.365280136205707549e+03 -1.804369766385956609e+03 2.289339999999999975e+01 5.514872726052999496e-03 5.465418566018342972e-03 1.611112430691719055e-02 1.614267192780971527e-02
-1.216676538091172233e+03 -3.367576654631053316e+03 -1.803030925238936334e+03 2.289540000000000219e+01 7.076086942106485367e-03 -1.838916167616844177e-02 1.611112430691719055e-02 1.614267192780971527e-02
-1.212309109843225087e+03 -3.369864936852219671e+03 -1.801696914048153303e+03 2.289740000000000109e+01 -8.142993785440921783e-03 -7.535462267696857452e-03 1.611112430691719055e-02 1.614267192780971527e-02
-1.207935897655415147e+03 -3.372144971854437244e+03 -1.800367739234943656e+03 2.289939999999999998e+01 -9.295086376368999481e-03 2.775932475924491882e-02 1.611112430691719055e-02 1.614267192780971527e-02
-1.203922129677599287e+03 -3.374227854989497246e+03 -1.799153521283444661e+03 2.290140000000000242e+01 -1.528146560303866863e-03 -1.248928159475326538e-02 1.611112430691719055e-02 1.614267192780971527e-02
-1.190385627753027620e+03 -3.381182422423736625e+03 -1.795099530404216466e+03 2.290340000000000131e+01 2.488093264400959015e-02 -2.607302973046898842e-03 1.611112430691719055e-02 1.614267192780971527e-02
-1.185983810016695998e+03 -3.383421058622763667e+03 -1.793794632328865191e+03 2.290540000000000020e+01 -1.033008564263582230e-02 -1.336103305220603943e-02 1.611112430691719055e-02 1.614267192780971527e-02
-1.181576334296383266e+03 -3.385651382743235445e+03 -1.792494608439671310e+03 2.290740000000000265e+01 -2.446597628295421600e-02 -1.949501596391201019e-02 1.611112430691719055e-02 1.614267192780971527e-02
-1.177163221608286676e+03 -3.387873384150143920e+03 -1.791199464935615424e+03 2.290940000000000154e+01 -8.398285135626792908e-03 -4.111785069108009338e-02 1.611112430691719055e-02 1.614267192780971527e-02
-1.172744493103058403e+03 -3.390087052193968702e+03 -1.789909208023995916e+03 2.291140000000000043e+01 -3.759885951876640320e-02 -2.755491435527801514e-02 1.611112430691719055e-02 1.614267192780971527e-02
-1.168320170004593137e+03 -3.392292376242231967e+03 -1.788623843902037834e+03 2.291340000000000288e+01 -2.771961688995361328e-02 1.635424233973026276e-02 1.611112430691719055e-02 1.614267192780971527e-02
-1.163890273363321057e+03 -3.394489345802370281e+03 -1.787343378685276548e+03 2.291540000000000177e+01 -3.379681846126914024e-03 -1.646247401367872953e-04 1.611112430691719055e-02 1.614267192780971527e-02
-1.159824727828531195e+03 -3.396495992672401371e+03 -1.786173865372903037e+03 2.291740000000000066e+01 6.167727988213300705e-03 9.479133412241935730e-03 1.611112430691719055e-02 1.614267192780971527e-02
-1.190385627753027620e+03 -3.381182422423736625e+03 -1.795099530404216466e+03 2.291940000000000310e+01 -2.803051285445690155e-02 1.363049540668725967e-02 1.611112430691719055e-02 1.614267192780971527e-02
-1.185983810016695998e+03 -3.383421058622763667e+03 -1.793794632328865191e+03 2.292140000000000200e+01 2.228973805904388428e-02 -1.081324182450771332e-02 1.611112430691719055e-02 1.614267192780971527e-02
-1.181576334296383266e+03 -3.385651382743235445e+03 -1.792494608439671310e+03 2.292340000000000089e+01 -1.519480720162391663e-03 -1.020718272775411606e-02 1.611112430691719055e-02 1.614267192780971527e-02
-1.177163221608286676e+03 -3.387873384150143920e+03 -1.791199464935615424e+03 2.292539999999999978e+01 -1.319572702050209045e-02 -3.929216880351305008e-03 1.611112430691719055e-02 1.614267192780971527e-02
-1.172744493103058403e+03 -3.390087052193968702e+03 -1.789909208023995916e+03 2.292740000000000222e+01 2.158622443675994873e-02 -7.237817626446485519e-03 1.611112430691719055e-02 1.614267192780971527e-02
-1.168320170004593137e+03 -3.392292376242231967e+03 -1.788623843902037834e+03 2.292940000000000111e+01 -3.170473501086235046e-02 -9.690600447356700897e-03 1.611112430691719055e-02 1.614267192780971527e-02
-1.163890273363321057e+03 -3.394489345802370281e+03 -1.787343378685276548e+03 2.293140000000000001e+01 8.221182972192764282e-03 -7.484864443540573120e-03 1.611112430691719055e-02 1.614267192780971527e-02
-1.159824727828531195e+03 -3.396495992672401371e+03 -1.786173865372903037e+03 2.293340000000000245e+01 1.072682812809944153e-02 -4.588586278259754181e-03 1.611112430691719055e-02 1.614267192780971527e-02
