# Baseline: 19-22
# u [m], v [m], w [m], frequency [GHz], real, imag
1.385697436034483871e+03 2.145895936699145750e+03 1.664328741478761231e+03 2.267940000000000000e+19 4.585632123053073883e-03 -2.890875039156526327e-04
1.383482636751874225e+03 2.148505683433955255e+03 1.662803667648359124e+03 2.268140000000000000e+19 -7.934327586553990841e-04 1.573527697473764420e-03
1.381261230259905460e+03 2.151111246515089533e+03 1.661281052075166599e+03 2.268340000000000000e+19 4.791132960235700011e-05 2.065750304609537125e-04
1.379033227174226568e+03 2.153712613491184584e+03 1.659760902035390473e+03 2.268540000000000000e+19 -6.871197838336229324e-04 -3.081819275394082069e-03
1.376798638157348933e+03 2.156309771912692213e+03 1.658243224804114107e+03 2.268740000000000000e+19 -4.441182245500385761e-04 -1.409704447723925114e-03
1.374557473903453911e+03 2.158902709350303212e+03 1.656728027644527856e+03 2.268940000000000000e+19 2.264927374199032784e-03 6.444317754358053207e-03
1.372309745185112888e+03 2.161491413340780127e+03 1.655215317839584941e+03 2.269140000000000000e+19 1.958803739398717880e-03 -1.825837185606360435e-03
1.370243652920954901e+03 2.163860716734790913e+03 1.653830826547494098e+03 2.269340000000000000e+19 -1.189639791846275330e-02 1.399320084601640701e-02
1.385697436034483871e+03 2.145895936699145750e+03 1.664328741478761231e+03 2.269540000000000000e+19 8.146112784743309021e-03 -1.058220025151968002e-02
1.383482636751874225e+03 2.148505683433955255e+03 1.662803667648359124e+03 2.269740000000000000e+19 8.590250276029109955e-03 7.298895157873630524e-03
1.381261230259905460e+03 2.151111246515089533e+03 1.661281052075166599e+03 2.269940000000000000e+19 -4.457550123333930969e-03 -2.519938396289944649e-03
1.379033227174226568e+03 2.153712613491184584e+03 1.659760902035390473e+03 2.270140000000000000e+19 -4.324598703533411026e-03 -9.390862658619880676e-03
1.376798638157348933e+03 2.156309771912692213e+03 1.658243224804114107e+03 2.270340000000000000e+19 1.629827357828617096e-02 3.147518495097756386e-03
1.374557473903453911e+03 2.158902709350303212e+03 1.656728027644527856e+03 2.270540000000000000e+19 9.253296069800853729e-03 5.222873762249946594e-03
1.372309745185112888e+03 2.161491413340780127e+03 1.655215317839584941e+03 2.270740000000000000e+19 -8.563970332033932209e-04 -4.793324042111635208e-03
1.370243652920954901e+03 2.163860716734790913e+03 1.653830826547494098e+03 2.270940000000000000e+19 4.807700403034687042e-03 1.205662079155445099e-02
1.363253400794140362e+03 2.171803647919046398e+03 1.649189496448378804e+03 2.271140000000000000e+19 -9.936410002410411835e-03 -2.166207646951079369e-03
1.360973011501219162e+03 2.174370999518908775e+03 1.647689331610572708e+03 2.271340000000000000e+19 1.451678294688463211e-02 -9.138168767094612122e-03
1.358686122740408109e+03 2.176934043662808563e+03 1.646191697373465104e+03 2.271540000000000000e+19 -1.438132952898740768e-02 -1.094859559088945389e-02
1.356392745424373743e+03 2.179492768120444453e+03 1.644696600883440624e+03 2.271740000000000000e+19 -5.141221452504396439e-03 1.643387414515018463e-02
1.354092890536622463e+03 2.182047160637526304e+03 1.643204049300833731e+03 2.271940000000000000e+19 1.110565755516290665e-02 -5.160937551409006119e-03
1.351786569083644054e+03 2.184597208989387127e+03 1.641714049768605037e+03 2.272140000000000000e+19 -4.266519099473953247e-03 -1.577403768897056580e-02
1.349473792111012699e+03 2.187142900963339343e+03 1.640226609422649972e+03 2.272340000000000000e+19 -4.609786556102335453e-04 4.192141816020011902e-03
1.347348166903534093e+03 2.189472670364592432e+03 1.638865343920991336e+03 2.272540000000000000e+19 -2.477945014834403992e-02 7.514927536249160767e-03
1.363253400794140362e+03 2.171803647919046398e+03 1.649189496448378804e+03 2.272740000000000000e+19 -5.939302034676074982e-03 -5.324435885995626450e-03
1.360973011501219162e+03 2.174370999518908775e+03 1.647689331610572708e+03 2.272940000000000000e+19 -4.216628614813089371e-03 -1.981471478939056396e-02
1.358686122740408109e+03 2.176934043662808563e+03 1.646191697373465104e+03 2.273140000000000000e+19 4.067781381309032440e-03 -7.712815422564744949e-03
1.356392745424373743e+03 2.179492768120444453e+03 1.644696600883440624e+03 2.273340000000000000e+19 2.853478072211146355e-03 -4.702622536569833755e-03
1.354092890536622463e+03 2.182047160637526304e+03 1.643204049300833731e+03 2.273540000000000000e+19 2.000997960567474365e-02 3.984415438026189804e-03
1.351786569083644054e+03 2.184597208989387127e+03 1.641714049768605037e+03 2.273740000000000000e+19 -8.122582919895648956e-03 1.780908089131116867e-03
1.349473792111012699e+03 2.187142900963339343e+03 1.640226609422649972e+03 2.273940000000000000e+19 -1.146441698074340820e-02 -3.239117097109556198e-03
1.347348166903534093e+03 2.189472670364592432e+03 1.638865343920991336e+03 2.274140000000000000e+19 -1.180573017336428165e-03 5.775750149041414261e-03
1.340158350723883132e+03 2.197281861875252162e+03 1.634302582004268288e+03 2.274340000000000000e+19 -5.165116861462593079e-03 5.980064161121845245e-03
1.337813462762222343e+03 2.199805589669036635e+03 1.632828044100115903e+03 2.274540000000000000e+19 -3.096005879342556000e-03 1.110923010855913162e-02
1.335462186120029628e+03 2.202324888336838740e+03 1.631356107887685766e+03 2.274740000000000000e+19 2.227085642516613007e-02 -5.376121960580348969e-03
1.333104532090849489e+03 2.204839745778082488e+03 1.629886780436904019e+03 2.274940000000000000e+19 -1.138225849717855453e-02 -5.979896988719701767e-03
1.330740511908439657e+03 2.207350150009808203e+03 1.628420068748911035e+03 2.275140000000000000e+19 -7.593275513499975204e-03 7.836239528842270374e-04
1.328370136960551463e+03 2.209856088939231540e+03 1.626955979888946786e+03 2.275340000000000000e+19 -1.427539158612489700e-02 3.994292113929986954e-03
1.325993418533515296e+03 2.212357550634767449e+03 1.625494520828002578e+03 2.275540000000000000e+19 4.125527571886777878e-03 -1.566259004175662994e-02
1.323809277641445988e+03 2.214646671092242286e+03 1.624157132572920091e+03 2.275740000000000000e+19 -2.558780834078788757e-02 -6.491976790130138397e-03
1.340158350723883132e+03 2.197281861875252162e+03 1.634302582004268288e+03 2.275940000000000000e+19 -5.490413866937160492e-03 2.696561254560947418e-02
1.337813462762222343e+03 2.199805589669036635e+03 1.632828044100115903e+03 2.276140000000000000e+19 1.375824306160211563e-02 -2.506670716684311628e-04
1.335462186120029628e+03 2.202324888336838740e+03 1.631356107887685766e+03 2.276340000000000000e+19 -1.143178623169660568e-02 5.827143322676420212e-04
1.333104532090849489e+03 2.204839745778082488e+03 1.629886780436904019e+03 2.276540000000000000e+19 -5.675373133271932602e-03 -3.456735052168369293e-03
1.330740511908439657e+03 2.207350150009808203e+03 1.628420068748911035e+03 2.276740000000000000e+19 -7.537019439041614532e-03 -1.410741638392210007e-02
1.328370136960551463e+03 2.209856088939231540e+03 1.626955979888946786e+03 2.276940000000000000e+19 -9.442201815545558929e-03 8.742349222302436829e-03
1.325993418533515296e+03 2.212357550634767449e+03 1.625494520828002578e+03 2.277140000000000000e+19 -2.944594249129295349e-03 -6.020099390298128128e-03
1.323809277641445988e+03 2.214646671092242286e+03 1.624157132572920091e+03 2.277340000000000000e+19 -3.708827076479792595e-03 6.348988390527665615e-04
1.316423338140480837e+03 2.222318385799374937e+03 1.619675122369906376e+03 2.277540000000000000e+19 -4.534321837127208710e-03 2.151774428784847260e-02
1.314015073612550850e+03 2.224797282107329465e+03 1.618226917009370254e+03 2.277740000000000000e+19 1.084941759472712874e-04 9.951930493116378784e-03
1.311600534346850282e+03 2.227271629633480643e+03 1.616781383248096290e+03 2.277940000000000000e+19 -1.376717723906040192e-02 -3.056305274367332458e-02
1.309179731839864644e+03 2.229741416596574254e+03 1.615338527968781818e+03 2.278140000000000000e+19 2.627864666283130646e-02 -3.106130473315715790e-02
1.306752677744388848e+03 2.232206631108048441e+03 1.613898358116741520e+03 2.278340000000000000e+19 1.192086655646562576e-02 -1.209172047674655914e-02
1.304319383608050657e+03 2.234667261438728474e+03 1.612460880544112115e+03 2.278540000000000000e+19 -9.189553675241768360e-04 1.044468861073255539e-02
1.301879861143768721e+03 2.237123295744124334e+03 1.611026102170326340e+03 2.278740000000000000e+19 9.752160869538784027e-03 9.605182567611336708e-04
1.299638249713185814e+03 2.239370671878901703e+03 1.609713231121654189e+03 2.278940000000000000e+19 -2.096755243837833405e-02 1.063234452158212662e-02
1.316423338140480837e+03 2.222318385799374937e+03 1.619675122369906376e+03 2.279140000000000000e+19 -3.143851645290851593e-03 1.301599433645606041e-03
1.314015073612550850e+03 2.224797282107329465e+03 1.618226917009370254e+03 2.279340000000000000e+19 2.701594121754169464e-02 -6.482937606051564217e-04
1.311600534346850282e+03 2.227271629633480643e+03 1.616781383248096290e+03 2.279540000000000000e+19 -1.762569509446620941e-02 -6.853739265352487564e-03
1.309179731839864644e+03 2.229741416596574254e+03 1.615338527968781818e+03 2.279740000000000000e+19 -1.380898524075746536e-02 5.180358421057462692e-03
1.306752677744388848e+03 2.232206631108048441e+03 1.613898358116741520e+03 2.279940000000000000e+19 -1.607263577170670033e-03 1.068749952537473291e-06
1.304319383608050657e+03 2.234667261438728474e+03 1.612460880544112115e+03 2.280140000000000000e+19 3.900237847119569778e-03 -3.435497358441352844e-02
1.301879861143768721e+03 2.237123295744124334e+03 1.611026102170326340e+03 2.280340000000000000e+19 4.067771136760711670e-03 4.265330731868743896e-03
1.299638249713185814e+03 2.239370671878901703e+03 1.609713231121654189e+03 2.280540000000000000e+19 9.590550325810909271e-03 -1.231373567134141922e-02
1.292470870137742395e+03 2.246495305777023987e+03 1.605551246785357080e+03 2.280740000000000000e+19 -2.663342980667948723e-03 -8.580697700381278992e-03
1.290001409018097092e+03 2.248928960851585998e+03 1.604129610991948766e+03 2.280940000000000000e+19 3.380482317879796028e-03 3.805838990956544876e-03
1.287525788050062374e+03 2.251357951690838490e+03 1.602710714243645270e+03 2.281140000000000000e+19 -2.655628602951765060e-03 -2.723625628277659416e-03
1.285044019124505667e+03 2.253782266628027628e+03 1.601294563355579839e+03 2.281340000000000000e+19 2.656364114955067635e-03 4.371997434645891190e-03
1.282556114049441021e+03 2.256201894128620097e+03 1.599881165065583673e+03 2.281540000000000000e+19 7.966989651322364807e-04 -3.674278734251856804e-03
1.280062084791932875e+03 2.258616822553875409e+03 1.598470526172284053e+03 2.281740000000000000e+19 5.528263747692108154e-03 -1.114681549370288849e-02
1.277561943253121399e+03 2.261027040380311064e+03 1.597062653406919935e+03 2.281940000000000000e+19 -1.205489039421081543e-03 8.097294718027114868e-03
1.275264865143509951e+03 2.263232318968598065e+03 1.595774503726516286e+03 2.282140000000000000e+19 2.373879076912999153e-03 2.782485913485288620e-03
1.292470870137742395e+03 2.246495305777023987e+03 1.605551246785357080e+03 2.282340000000000000e+19 -7.075150031596422195e-03 -6.037529092282056808e-03
1.290001409018097092e+03 2.248928960851585998e+03 1.604129610991948766e+03 2.282540000000000000e+19 6.040379870682954788e-03 -2.340859966352581978e-03
1.287525788050062374e+03 2.251357951690838490e+03 1.602710714243645270e+03 2.282740000000000000e+19 -3.009094111621379852e-02 -2.008274942636489868e-02
1.285044019124505667e+03 2.253782266628027628e+03 1.601294563355579839e+03 2.282940000000000000e+19 7.517262361943721771e-03 5.006982479244470596e-03
1.282556114049441021e+03 2.256201894128620097e+03 1.599881165065583673e+03 2.283140000000000000e+19 -5.759596358984708786e-03 2.458553994074463844e-03
1.280062084791932875e+03 2.258616822553875409e+03 1.598470526172284053e+03 2.283340000000000000e+19 -2.487228950485587120e-03 1.124673709273338318e-02
1.277561943253121399e+03 2.261027040380311064e+03 1.597062653406919935e+03 2.283540000000000000e+19 -1.499363337643444538e-03 -7.949178107082843781e-03
1.275264865143509951e+03 2.263232318968598065e+03 1.595774503726516286e+03 2.283740000000000000e+19 1.032350491732358932e-02 -4.714265931397676468e-03
1.267500494100824881e+03 2.270620575267869299e+03 1.591458958223913896e+03 2.283940000000000000e+19 2.087845932692289352e-03 -4.209660924971103668e-03
1.264969971283776658e+03 2.273007067465975979e+03 1.590065016936975780e+03 2.284140000000000000e+19 4.019080661237239838e-03 -8.972727693617343903e-03
1.262433408376970192e+03 2.275388780230483462e+03 1.588673881985114576e+03 2.284340000000000000e+19 5.432778038084506989e-03 -1.930038561113178730e-03
1.259890817599248294e+03 2.277765702088484431e+03 1.587285560069534995e+03 2.284540000000000000e+19 -8.292634040117263794e-03 -3.249428467825055122e-03
1.257342211056799670e+03 2.280137821722608351e+03 1.585900057800522745e+03 2.284740000000000000e+19 2.645095810294151306e-03 8.201913908123970032e-03
1.254787600964247304e+03 2.282505127763912242e+03 1.584517381818415970e+03 2.284940000000000000e+19 1.241782587021589279e-02 -1.391519419848918915e-02
1.252226999582920371e+03 2.284867608850145189e+03 1.583137538759571953e+03 2.285140000000000000e+19 -1.068470440804958344e-02 -7.036396767944097519e-03
1.249874604886633051e+03 2.287029029996344434e+03 1.581875140663893944e+03 2.285340000000000000e+19 -3.325972706079483032e-03 5.424215923994779587e-03
1.267500494100824881e+03 2.270620575267869299e+03 1.591458958223913896e+03 2.285540000000000000e+19 -2.622329164296388626e-03 1.093920227140188217e-02
1.264969971283776658e+03 2.273007067465975979e+03 1.590065016936975780e+03 2.285740000000000000e+19 -8.242919109761714935e-03 6.585257593542337418e-03
1.262433408376970192e+03 2.275388780230483462e+03 1.588673881985114576e+03 2.285940000000000000e+19 3.758196718990802765e-03 -4.803213523700833321e-04
1.259890817599248294e+03 2.277765702088484431e+03 1.587285560069534995e+03 2.286140000000000000e+19 2.718575764447450638e-03 -1.737486012279987335e-02
1.257342211056799670e+03 2.280137821722608351e+03 1.585900057800522745e+03 2.286340000000000000e+19 -1.782949455082416534e-02 -9.042494930326938629e-03
1.254787600964247304e+03 2.282505127763912242e+03 1.584517381818415970e+03 2.286540000000000000e+19 -1.560398750007152557e-02 1.467818580567836761e-02
1.252226999582920371e+03 2.284867608850145189e+03 1.583137538759571953e+03 2.286740000000000000e+19 -3.190548624843358994e-03 1.031991094350814819e-03
1.249874604886633051e+03 2.287029029996344434e+03 1.581875140663893944e+03 2.286940000000000000e+19 -6.256104912608861923e-03 -6.727803032845258713e-03
1.241924926393124224e+03 2.294269058140163907e+03 1.577646627464752783e+03 2.287140000000000000e+19 4.519294947385787964e-03 -1.920315087772905827e-03
1.239334552803799852e+03 2.296607245461852926e+03 1.576281047721384311e+03 2.287340000000000000e+19 2.121108397841453552e-02 -1.931506209075450897e-02
1.236738261880431082e+03 2.298940540339828203e+03 1.574918340317929733e+03 2.287540000000000000e+19 -7.412217557430267334e-03 -1.367729809135198593e-02
1.234136065984929928e+03 2.301268931664472802e+03 1.573558511742699011e+03 2.287740000000000000e+19 -4.080604121554642916e-04 1.165114590548910201e-04
1.231527977643215991e+03 2.303592408227828855e+03 1.572201568541361439e+03 2.287940000000000000e+19 -1.488168630748987198e-02 1.056515518575906754e-02
1.228914009264337665e+03 2.305910958975046015e+03 1.570847517170080209e+03 2.288140000000000000e+19 3.832682734355330467e-03 -2.225113287568092346e-02
1.226294173430859246e+03 2.308224572745630212e+03 1.569496364146678161e+03 2.288340000000000000e+19 8.399327285587787628e-03 -2.407896518707275391e-02
1.223887587891233352e+03 2.310341102097968360e+03 1.568260321757692509e+03 2.288540000000000000e+19 -2.039603143930435181e-02 -3.995188698172569275e-02
1.241924926393124224e+03 2.294269058140163907e+03 1.577646627464752783e+03 2.288740000000000000e+19 4.582530353218317032e-03 8.819856680929660797e-03
1.239334552803799852e+03 2.296607245461852926e+03 1.576281047721384311e+03 2.288940000000000000e+19 -3.730710595846176147e-03 1.249613589607179165e-03
1.236738261880431082e+03 2.298940540339828203e+03 1.574918340317929733e+03 2.289140000000000000e+19 -9.990877471864223480e-03 2.053507789969444275e-02
1.234136065984929928e+03 2.301268931664472802e+03 1.573558511742699011e+03 2.289340000000000000e+19 -1.160289859399199486e-03 -1.933136396110057831e-02
1.231527977643215991e+03 2.303592408227828855e+03 1.572201568541361439e+03 2.289540000000000000e+19 -5.728834774345159531e-03 2.610078454017639160e-02
1.228914009264337665e+03 2.305910958975046015e+03 1.570847517170080209e+03 2.289740000000000000e+19 -3.421457856893539429e-02 1.388380769640207291e-03
1.226294173430859246e+03 2.308224572745630212e+03 1.569496364146678161e+03 2.289940000000000000e+19 -7.562235929071903229e-03 -2.171457745134830475e-02
1.223887587891233352e+03 2.310341102097968360e+03 1.568260321757692509e+03 2.290140000000000000e+19 6.326818256638944149e-04 -4.227499011904001236e-03
1.215756406280736883e+03 2.317429437365501144e+03 1.564120864417454868e+03 2.290340000000000000e+19 -2.577510662376880646e-03 1.464615948498249054e-02
1.213107421600898988e+03 2.319718200819610956e+03 1.562784299745116186e+03 2.290540000000000000e+19 1.154328975826501846e-02 -6.296292413026094437e-03
1.210452645094786703e+03 2.322001961235697308e+03 1.561450671999439919e+03 2.290740000000000000e+19 1.942680962383747101e-02 -1.754320040345191956e-02
1.207792089421161791e+03 2.324280707723991782e+03 1.560119987539622116e+03 2.290940000000000000e+19 1.402919087558984756e-02 3.892890643328428268e-03
1.205125767331192264e+03 2.326554429363063264e+03 1.558792252743273821e+03 2.291140000000000000e+19 8.456205017864704132e-03 1.173944561742246151e-03
1.202453691631703123e+03 2.328823115231942666e+03 1.557467473987660242e+03 2.291340000000000000e+19 1.884131692349910736e-02 9.569270536303520203e-03
1.199775875036157231e+03 2.331086754536564513e+03 1.556145657575873201e+03 2.291540000000000000e+19 8.548304438591003418e-03 -5.984634160995483398e-03
1.197316250755982765e+03 2.333157378867817897e+03 1.554936562612296711e+03 2.291740000000000000e+19 1.628876477479934692e-02 1.739060878753662109e-02
1.215756406280736883e+03 2.317429437365501144e+03 1.564120864417454868e+03 2.291940000000000000e+19 -4.375026095658540726e-03 -1.951692998409271240e-02
1.213107421600898988e+03 2.319718200819610956e+03 1.562784299745116186e+03 2.292140000000000000e+19 -1.053626462817192078e-02 -2.922953804954886436e-03
1.210452645094786703e+03 2.322001961235697308e+03 1.561450671999439919e+03 2.292340000000000000e+19 1.563428901135921478e-02 -2.340240404009819031e-02
1.207792089421161791e+03 2.324280707723991782e+03 1.560119987539622116e+03 2.292540000000000000e+19 9.022809681482613087e-04 -5.949153099209070206e-03
1.205125767331192264e+03 2.326554429363063264e+03 1.558792252743273821e+03 2.292740000000000000e+19 3.155044466257095337e-02 1.203428301960229874e-02
1.202453691631703123e+03 2.328823115231942666e+03 1.557467473987660242e+03 2.292940000000000000e+19 -3.647400531917810440e-03 -6.719712633639574051e-03
1.199775875036157231e+03 2.331086754536564513e+03 1.556145657575873201e+03 2.293140000000000000e+19 2.351676579564809799e-03 9.792014956474304199e-03
1.197316250755982765e+03 2.333157378867817897e+03 1.554936562612296711e+03 2.293340000000000000e+19 2.304560970515012741e-03 3.780473256483674049e-03
