# Baseline: 17-24
# u [m], v [m], w [m], frequency [GHz], real, imag
2.051258863279572324e+03 5.735871656799790799e+03 2.794782047129848706e+03 2.267940000000000000e+19 -1.070264610461890697e-03 8.319684863090515137e-02
2.043514676424185609e+03 5.739729844073164713e+03 2.792533323474674489e+03 2.268140000000000000e+19 3.115801140666007996e-03 -7.313365489244461060e-02
2.035760738874770595e+03 5.743573407863859757e+03 2.790293174732183616e+03 2.268340000000000000e+19 -2.765917964279651642e-02 2.475572982802987099e-03
2.027997087685705083e+03 5.747402329804464898e+03 2.788061611607448867e+03 2.268540000000000000e+19 -4.721015319228172302e-02 -2.199698425829410553e-02
2.022168298500831497e+03 5.750264860119957120e+03 2.786393311093650937e+03 2.268740000000000000e+19 -1.314025488682091236e-03 7.348889485001564026e-03
2.012440793053584457e+03 5.755016174907857021e+03 2.783624284889222054e+03 2.268940000000000000e+19 -2.696972899138927460e-02 6.114017963409423828e-02
2.004648224221714599e+03 5.758801061553652289e+03 2.781418542577671815e+03 2.269140000000000000e+19 4.050956293940544128e-02 8.342656493186950684e-02
1.994894452444207673e+03 5.763512072284455826e+03 2.778673149048484902e+03 2.269340000000000000e+19 8.059441298246383667e-02 -7.983545213937759399e-02
2.051258863279572324e+03 5.735871656799790799e+03 2.794782047129848706e+03 2.269540000000000000e+19 1.602812553755939007e-03 -2.657927572727203369e-02
2.043514676424185609e+03 5.739729844073164713e+03 2.792533323474674489e+03 2.269740000000000000e+19 1.657543778419494629e-01 1.023428812623023987e-01
2.035760738874770595e+03 5.743573407863859757e+03 2.790293174732183616e+03 2.269940000000000000e+19 -8.694018423557281494e-02 -1.958209574222564697e-01
2.027997087685705083e+03 5.747402329804464898e+03 2.788061611607448867e+03 2.270140000000000000e+19 -3.000518307089805603e-02 7.004479318857192993e-02
2.022168298500831497e+03 5.750264860119957120e+03 2.786393311093650937e+03 2.270340000000000000e+19 -9.222029149532318115e-02 1.016041450202465057e-02
2.012440793053584457e+03 5.755016174907857021e+03 2.783624284889222054e+03 2.270540000000000000e+19 -3.913966566324234009e-02 1.170904487371444702e-01
2.004648224221714599e+03 5.758801061553652289e+03 2.781418542577671815e+03 2.270740000000000000e+19 -1.483613401651382446e-01 1.177077814936637878e-01
1.994894452444207673e+03 5.763512072284455826e+03 2.778673149048484902e+03 2.270940000000000000e+19 -9.073456376791000366e-02 3.642087802290916443e-02
1.973382675024053242e+03 5.773793280828190291e+03 2.772681959150881994e+03 2.271140000000000000e+19 -9.867135668173432350e-04 -3.686421737074851990e-02
1.965542656319852540e+03 5.777504414119792273e+03 2.770519462020728952e+03 2.271340000000000000e+19 -3.002110496163368225e-02 -2.582724764943122864e-02
1.957693260130455201e+03 5.781200743124498331e+03 2.768365645170176322e+03 2.271540000000000000e+19 3.930692374706268311e-02 -1.315461397171020508e-01
1.949834523911764563e+03 5.784882250204304910e+03 2.766220518876698861e+03 2.271740000000000000e+19 7.552900910377502441e-02 7.946348749101161957e-03
1.941966485301023567e+03 5.788548917727695880e+03 2.764084093413743631e+03 2.271940000000000000e+19 -3.229860588908195496e-02 -1.608890295028686523e-01
1.934089181952577064e+03 5.792200728146915935e+03 2.761956379005680446e+03 2.272140000000000000e+19 -4.865332320332527161e-02 4.008939489722251892e-02
1.926202651592697976e+03 5.795837663972840346e+03 2.759837385842464755e+03 2.272340000000000000e+19 -4.573909193277359009e-02 6.461091339588165283e-02
1.918965375123990498e+03 5.799158629868168646e+03 2.757902534171852494e+03 2.272540000000000000e+19 -7.370731979608535767e-02 7.974406331777572632e-02
1.973382675024053242e+03 5.773793280828190291e+03 2.772681959150881994e+03 2.272740000000000000e+19 -9.211875149048864841e-04 -4.167171660810709000e-03
1.965542656319852540e+03 5.777504414119792273e+03 2.770519462020728952e+03 2.272940000000000000e+19 6.467241793870925903e-02 -2.604422904551029205e-02
1.957693260130455201e+03 5.781200743124498331e+03 2.768365645170176322e+03 2.273140000000000000e+19 -2.125302888453006744e-02 2.128009125590324402e-02
1.949834523911764563e+03 5.784882250204304910e+03 2.766220518876698861e+03 2.273340000000000000e+19 1.778867095708847046e-02 -4.308679141104221344e-03
1.941966485301023567e+03 5.788548917727695880e+03 2.764084093413743631e+03 2.273540000000000000e+19 -2.738898620009422302e-02 5.507083187694661319e-05
1.934089181952577064e+03 5.792200728146915935e+03 2.761956379005680446e+03 2.273740000000000000e+19 -1.550218164920806885e-01 -3.677744045853614807e-02
1.926202651592697976e+03 5.795837663972840346e+03 2.759837385842464755e+03 2.273940000000000000e+19 -3.468222543597221375e-02 -5.810317024588584900e-02
1.918965375123990498e+03 5.799158629868168646e+03 2.757902534171852494e+03 2.274140000000000000e+19 -4.528254270553588867e-03 -1.813550014048814774e-03
1.894565015114628522e+03 5.810236314506301824e+03 2.751448827711971717e+03 2.274340000000000000e+19 -9.829070419073104858e-03 -1.820415072143077850e-02
1.886632916607843072e+03 5.813798617762186950e+03 2.749373592020587239e+03 2.274540000000000000e+19 -9.771371632814407349e-02 -5.764223262667655945e-02
1.878691818092564063e+03 5.817345943112895839e+03 2.747307137762723869e+03 2.274740000000000000e+19 8.285900205373764038e-02 -3.259221836924552917e-02
1.870741757711102991e+03 5.820878273520089351e+03 2.745249474863850537e+03 2.274940000000000000e+19 -6.762100756168365479e-02 -1.278125029057264328e-02
1.862782773344096995e+03 5.824395592152559402e+03 2.743200613128507484e+03 2.275140000000000000e+19 1.658165594562888145e-03 3.444531187415122986e-02
1.854814903330733841e+03 5.827897882067238243e+03 2.741160562426120578e+03 2.275340000000000000e+19 -2.039057016372680664e-02 -1.727898418903350830e-02
1.846838185609061838e+03 5.831385126588765161e+03 2.739129332469908150e+03 2.275540000000000000e+19 -8.109191805124282837e-02 2.154727280139923096e-02
1.839518566341959513e+03 5.834568728086137526e+03 2.737275016254870934e+03 2.275740000000000000e+19 -8.336849510669708252e-02 6.121496483683586121e-02
1.894565015114628522e+03 5.810236314506301824e+03 2.751448827711971717e+03 2.275940000000000000e+19 5.560942739248275757e-02 2.308796159923076630e-02
1.886632916607843072e+03 5.813798617762186950e+03 2.749373592020587239e+03 2.276140000000000000e+19 7.750584185123443604e-02 1.522802859544754028e-01
1.878691818092564063e+03 5.817345943112895839e+03 2.747307137762723869e+03 2.276340000000000000e+19 -4.023610800504684448e-02 7.377371191978454590e-02
1.870741757711102991e+03 5.820878273520089351e+03 2.745249474863850537e+03 2.276540000000000000e+19 1.415746212005615234e-01 2.111205272376537323e-02
1.862782773344096995e+03 5.824395592152559402e+03 2.743200613128507484e+03 2.276740000000000000e+19 -4.713950213044881821e-03 5.325442925095558167e-02
1.854814903330733841e+03 5.827897882067238243e+03 2.741160562426120578e+03 2.276940000000000000e+19 1.877047680318355560e-02 1.978640556335449219e-01
1.846838185609061838e+03 5.831385126588765161e+03 2.739129332469908150e+03 2.277140000000000000e+19 6.532023847103118896e-02 -1.256645768880844116e-01
1.839518566341959513e+03 5.834568728086137526e+03 2.737275016254870934e+03 2.277340000000000000e+19 -4.820105805993080139e-02 -1.100397631525993347e-01
1.814843602315413818e+03 5.845183317800730038e+03 2.731092814032691876e+03 2.277540000000000000e+19 2.296820748597383499e-03 3.325683297589421272e-03
1.806823219759555059e+03 5.848595086353931947e+03 2.729105832839085906e+03 2.277740000000000000e+19 7.893091998994350433e-03 -1.050962693989276886e-02
1.798794219310457947e+03 5.851991710402818171e+03 2.727127730117098508e+03 2.277940000000000000e+19 -8.485496044158935547e-03 -4.534979909658432007e-02
1.790756639197059030e+03 5.855373173774839415e+03 2.725158515285163503e+03 2.278140000000000000e+19 -9.984137490391731262e-03 1.531346235424280167e-02
1.782710518109077384e+03 5.858739460193015475e+03 2.723198197822253405e+03 2.278340000000000000e+19 -6.790594756603240967e-02 9.273917973041534424e-02
1.774655894328956492e+03 5.862090553640996404e+03 2.721246787055275490e+03 2.278540000000000000e+19 1.202305871993303299e-02 -9.940183721482753754e-03
1.766592806628450489e+03 5.865426437987972349e+03 2.719304292377513775e+03 2.278740000000000000e+19 1.191066671162843704e-02 1.075250431895256042e-01
1.759194347114309949e+03 5.868471151686891972e+03 2.717531398933688251e+03 2.278940000000000000e+19 8.830029517412185669e-03 -7.941130548715591431e-02
1.814843602315413818e+03 5.845183317800730038e+03 2.731092814032691876e+03 2.279140000000000000e+19 8.387456834316253662e-02 4.617189988493919373e-04
1.806823219759555059e+03 5.848595086353931947e+03 2.729105832839085906e+03 2.279340000000000000e+19 -4.884200170636177063e-03 4.387069121003150940e-02
1.798794219310457947e+03 5.851991710402818171e+03 2.727127730117098508e+03 2.279540000000000000e+19 7.529750000685453415e-04 1.654960960149765015e-02
1.790756639197059030e+03 5.855373173774839415e+03 2.725158515285163503e+03 2.279740000000000000e+19 -7.537075877189636230e-02 2.635564655065536499e-02
1.782710518109077384e+03 5.858739460193015475e+03 2.723198197822253405e+03 2.279940000000000000e+19 -2.641431801021099091e-02 8.294066041707992554e-02
1.774655894328956492e+03 5.862090553640996404e+03 2.721246787055275490e+03 2.280140000000000000e+19 6.436663120985031128e-02 6.878362596035003662e-02
1.766592806628450489e+03 5.865426437987972349e+03 2.719304292377513775e+03 2.280340000000000000e+19 -5.542195402085781097e-03 1.691111028194427490e-01
1.759194347114309949e+03 5.868471151686891972e+03 2.717531398933688251e+03 2.280540000000000000e+19 -7.942492514848709106e-02 6.881215423345565796e-02
1.735606589336994148e+03 5.878072813094254343e+03 2.711940827052521854e+03 2.280740000000000000e+19 6.909214705228805542e-02 7.686883211135864258e-03
1.727503136766289344e+03 5.881334963302699180e+03 2.710041556935631434e+03 2.280940000000000000e+19 -1.270833760499954224e-01 2.436536736786365509e-02
1.719391445795433583e+03 5.884581812369406180e+03 2.708151256499354986e+03 2.281140000000000000e+19 7.717722654342651367e-02 4.359706118702888489e-02
1.711271555386218552e+03 5.887813344699470690e+03 2.706269934822953473e+03 2.281340000000000000e+19 -1.344787031412124634e-01 -4.018841683864593506e-02
1.703143504172148141e+03 5.891029544917831117e+03 2.704397600857398174e+03 2.281540000000000000e+19 6.879971176385879517e-02 -6.371124763973057270e-04
1.695007331250030575e+03 5.894230397554045339e+03 2.702534263608892616e+03 2.281740000000000000e+19 -2.078458219766616821e-01 -5.017276853322982788e-03
1.686863075444252672e+03 5.897415887334553190e+03 2.700679931968733399e+03 2.281940000000000000e+19 6.960187852382659912e-02 9.785475581884384155e-02
1.679390542360607924e+03 5.900322606700386132e+03 2.698987931870218745e+03 2.282140000000000000e+19 -2.772748768329620361e-01 6.468025594949722290e-02
1.735606589336994148e+03 5.878072813094254343e+03 2.711940827052521854e+03 2.282340000000000000e+19 1.367648690938949585e-01 2.250200882554054260e-02
1.727503136766289344e+03 5.881334963302699180e+03 2.710041556935631434e+03 2.282540000000000000e+19 -1.650019139051437378e-01 -7.686462998390197754e-02
1.719391445795433583e+03 5.884581812369406180e+03 2.708151256499354986e+03 2.282740000000000000e+19 4.649504274129867554e-02 1.014666911214590073e-02
1.711271555386218552e+03 5.887813344699470690e+03 2.706269934822953473e+03 2.282940000000000000e+19 -2.496122568845748901e-02 -4.191645979881286621e-02
1.703143504172148141e+03 5.891029544917831117e+03 2.704397600857398174e+03 2.283140000000000000e+19 -1.729853600263595581e-01 1.573359966278076172e-02
1.695007331250030575e+03 5.894230397554045339e+03 2.702534263608892616e+03 2.283340000000000000e+19 -1.189624071121215820e-01 4.534774646162986755e-02
1.686863075444252672e+03 5.897415887334553190e+03 2.700679931968733399e+03 2.283540000000000000e+19 1.950243115425109863e-01 6.285502761602401733e-02
1.679390542360607924e+03 5.900322606700386132e+03 2.698987931870218745e+03 2.283740000000000000e+19 -7.136827707290649414e-02 1.498365104198455811e-01
1.654206003740932147e+03 5.910003914004558283e+03 2.693352838389360841e+03 2.283940000000000000e+19 -2.972090803086757660e-02 8.601126819849014282e-02
1.646021919155217347e+03 5.913112362217587361e+03 2.691543667093606018e+03 2.284140000000000000e+19 -3.312163054943084717e-02 2.413179911673069000e-02
1.637829986002987198e+03 5.916205357253806142e+03 2.689743553979125409e+03 2.284340000000000000e+19 -1.528208376839756966e-04 -4.770800005644559860e-03
1.629630243745471262e+03 5.919282884214011574e+03 2.687952507717182471e+03 2.284540000000000000e+19 -3.710775077342987061e-02 -3.717832639813423157e-02
1.621422731424572248e+03 5.922344928445006190e+03 2.686170536835560142e+03 2.284740000000000000e+19 1.213885750621557236e-02 -6.857457011938095093e-02
1.613207488376338006e+03 5.925391475271080708e+03 2.684397649874834315e+03 2.284940000000000000e+19 9.011231362819671631e-02 -1.625979989767074585e-01
1.604984554031266498e+03 5.928422510069927739e+03 2.682633855344186486e+03 2.285140000000000000e+19 -1.749017275869846344e-02 -1.065179798752069473e-02
1.597440238108068343e+03 5.931187517236932763e+03 2.681024922363885253e+03 2.285340000000000000e+19 4.257424175739288330e-02 8.817767351865768433e-02
1.654206003740932147e+03 5.910003914004558283e+03 2.693352838389360841e+03 2.285540000000000000e+19 -4.782870784401893616e-02 -2.338602766394615173e-02
1.646021919155217347e+03 5.913112362217587361e+03 2.691543667093606018e+03 2.285740000000000000e+19 -1.501603983342647552e-02 3.880795789882540703e-03
1.637829986002987198e+03 5.916205357253806142e+03 2.689743553979125409e+03 2.285940000000000000e+19 1.649269647896289825e-02 -1.109204366803169250e-01
1.629630243745471262e+03 5.919282884214011574e+03 2.687952507717182471e+03 2.286140000000000000e+19 2.781141735613346100e-02 -6.365698575973510742e-02
1.621422731424572248e+03 5.922344928445006190e+03 2.686170536835560142e+03 2.286340000000000000e+19 7.523921877145767212e-02 1.426296681165695190e-01
1.613207488376338006e+03 5.925391475271080708e+03 2.684397649874834315e+03 2.286540000000000000e+19 3.867985680699348450e-02 8.743500337004661560e-03
1.604984554031266498e+03 5.928422510069927739e+03 2.682633855344186486e+03 2.286740000000000000e+19 -9.150066412985324860e-03 5.865662544965744019e-02
1.597440238108068343e+03 5.931187517236932763e+03 2.681024922363885253e+03 2.286940000000000000e+19 4.578475654125213623e-02 -2.412385866045951843e-02
1.572016690343428309e+03 5.940391240345132246e+03 2.675669769484757126e+03 2.287140000000000000e+19 -3.076750412583351135e-02 1.114604473114013672e-01
1.563755890049622167e+03 5.943344499089856072e+03 2.673951562743040995e+03 2.287340000000000000e+19 1.035007908940315247e-01 2.564158290624618530e-02
1.555487635121940912e+03 5.946282159890159164e+03 2.672242498422748668e+03 2.287540000000000000e+19 1.036780234426259995e-02 6.688657216727733612e-03
1.547211964928546195e+03 5.949204208758900677e+03 2.670542584661260662e+03 2.287740000000000000e+19 3.521735966205596924e-02 1.210865974426269531e-01
1.538928919305185900e+03 5.952110631630469470e+03 2.668851829641277163e+03 2.287940000000000000e+19 2.952365018427371979e-02 -5.016406625509262085e-02
1.530638537661768396e+03 5.955001414676435161e+03 2.667170241407182857e+03 2.288140000000000000e+19 3.871109336614608765e-02 -1.889313906431198120e-01
1.522340859904717036e+03 5.957876543981896248e+03 2.665497828053361445e+03 2.288340000000000000e+19 1.157154664397239685e-01 -9.566788375377655029e-02
1.514728371488151197e+03 5.960498515751875857e+03 2.663972732146322414e+03 2.288540000000000000e+19 3.001901879906654358e-02 3.591114282608032227e-02
1.572016690343428309e+03 5.940391240345132246e+03 2.675669769484757126e+03 2.288740000000000000e+19 1.805754564702510834e-02 -3.165109455585479736e-02
1.563755890049622167e+03 5.943344499089856072e+03 2.673951562743040995e+03 2.288940000000000000e+19 -4.503811523318290710e-02 -3.047141246497631073e-02
1.555487635121940912e+03 5.946282159890159164e+03 2.672242498422748668e+03 2.289140000000000000e+19 -1.385113503783941269e-02 -3.971249610185623169e-02
1.547211964928546195e+03 5.949204208758900677e+03 2.670542584661260662e+03 2.289340000000000000e+19 -1.071773990988731384e-01 5.880238488316535950e-03
1.538928919305185900e+03 5.952110631630469470e+03 2.668851829641277163e+03 2.289540000000000000e+19 -5.809501186013221741e-02 -1.490575820207595825e-02
1.530638537661768396e+03 5.955001414676435161e+03 2.667170241407182857e+03 2.289740000000000000e+19 -3.449726849794387817e-02 -9.362373501062393188e-02
1.522340859904717036e+03 5.957876543981896248e+03 2.665497828053361445e+03 2.289940000000000000e+19 -1.138163506984710693e-01 1.431864798069000244e-01
1.514728371488151197e+03 5.960498515751875857e+03 2.663972732146322414e+03 2.290140000000000000e+19 -5.741400178521871567e-03 -2.182412147521972656e-02
1.489077981053422718e+03 5.969220250223300354e+03 2.658900082569495225e+03 2.290340000000000000e+19 -8.471085689961910248e-03 7.738310843706130981e-02
1.480744418441712696e+03 5.972016906153617128e+03 2.657273662664593303e+03 2.290540000000000000e+19 3.037160495296120644e-03 -2.447083406150341034e-02
1.472403798439164802e+03 5.974797826932825956e+03 2.655656464989986489e+03 2.290740000000000000e+19 -6.431032717227935791e-02 8.303628116846084595e-02
1.464056160816453257e+03 5.977562999300411320e+03 2.654048497257085728e+03 2.290940000000000000e+19 -4.517116770148277283e-02 -5.945350974798202515e-02
1.455701545581216124e+03 5.980312410003478362e+03 2.652449767172515749e+03 2.291140000000000000e+19 3.276785835623741150e-02 4.428889974951744080e-02
1.447339992862023337e+03 5.983046045836392295e+03 2.650860282415081201e+03 2.291340000000000000e+19 9.124955534934997559e-02 8.783965371549129486e-03
1.438971542442156078e+03 5.985763893793027819e+03 2.649280050547225983e+03 2.291540000000000000e+19 -8.486891537904739380e-02 -1.996497856453061104e-03
1.431294525832676072e+03 5.988241574989058790e+03 2.647839521797277030e+03 2.291740000000000000e+19 -1.150295324623584747e-02 2.415358275175094604e-02
1.489077981053422718e+03 5.969220250223300354e+03 2.658900082569495225e+03 2.291940000000000000e+19 -6.410690490156412125e-03 -1.855497434735298157e-02
1.480744418441712696e+03 5.972016906153617128e+03 2.657273662664593303e+03 2.292140000000000000e+19 2.103137969970703125e-02 6.257218308746814728e-03
1.472403798439164802e+03 5.974797826932825956e+03 2.655656464989986489e+03 2.292340000000000000e+19 -3.385620564222335815e-02 3.638093918561935425e-02
1.464056160816453257e+03 5.977562999300411320e+03 2.654048497257085728e+03 2.292540000000000000e+19 4.681003466248512268e-02 -3.060961514711380005e-02
1.455701545581216124e+03 5.980312410003478362e+03 2.652449767172515749e+03 2.292740000000000000e+19 3.901153057813644409e-02 -1.010176260024309158e-02
1.447339992862023337e+03 5.983046045836392295e+03 2.650860282415081201e+03 2.292940000000000000e+19 -4.689858481287956238e-02 1.379228662699460983e-02
1.438971542442156078e+03 5.985763893793027819e+03 2.649280050547225983e+03 2.293140000000000000e+19 8.178155124187469482e-02 5.799447372555732727e-02
1.431294525832676072e+03 5.988241574989058790e+03 2.647839521797277030e+03 2.293340000000000000e+19 6.657399982213973999e-02 3.643877431750297546e-02
