# Baseline: 9-23
# u [m], v [m], w [m], frequency [GHz], real, imag
2.550161404682603916e+03 -8.513824856611877294e+02 2.443620036129049367e+03 2.267940000000000000e+19 -8.280850946903228760e-02 -4.694382473826408386e-02
2.554463597510495674e+03 -8.465701971635278369e+02 2.440796762957355440e+03 2.268140000000000000e+19 -2.234059385955333710e-03 5.630375235341489315e-04
2.558753574500897230e+03 -8.417497912697619995e+02 2.437968753218777692e+03 2.268340000000000000e+19 -6.639224011451005936e-03 3.161831945180892944e-02
2.563031315153097239e+03 -8.369212910155814598e+02 2.435136020427776657e+03 2.268540000000000000e+19 -3.759094746783375740e-03 2.253733342513442039e-03
2.566231961778159985e+03 -8.332948694319323977e+02 2.433008526308390174e+03 2.268740000000000000e+19 -1.137136146426200867e-01 -7.036558538675308228e-02
2.571550005612323275e+03 -8.272400998959102481e+02 2.429456439937678624e+03 2.268940000000000000e+19 -7.635799795389175415e-02 2.583514750003814697e-01
2.575790914562517173e+03 -8.223874554634744527e+02 2.426609619479071171e+03 2.269140000000000000e+19 9.299933910369873047e-02 -1.399125307798385620e-01
2.581075226520926662e+03 -8.163107230628828574e+02 2.423044718496841597e+03 2.269340000000000000e+19 7.450660225003957748e-03 1.911543458700180054e-01
2.550161404682603916e+03 -8.513824856611877294e+02 2.443620036129049367e+03 2.269540000000000000e+19 -2.525120414793491364e-02 -7.543659210205078125e-02
2.554463597510495674e+03 -8.465701971635278369e+02 2.440796762957355440e+03 2.269740000000000000e+19 -3.767406940460205078e-02 1.019752398133277893e-01
2.558753574500897230e+03 -8.417497912697619995e+02 2.437968753218777692e+03 2.269940000000000000e+19 -1.528915856033563614e-02 8.016876131296157837e-02
2.563031315153097239e+03 -8.369212910155814598e+02 2.435136020427776657e+03 2.270140000000000000e+19 6.155933439731597900e-02 3.136844560503959656e-02
2.566231961778159985e+03 -8.332948694319323977e+02 2.433008526308390174e+03 2.270340000000000000e+19 8.732876926660537720e-02 -5.346206203103065491e-02
2.571550005612323275e+03 -8.272400998959102481e+02 2.429456439937678624e+03 2.270540000000000000e+19 -3.016454912722110748e-02 1.088515073060989380e-01
2.575790914562517173e+03 -8.223874554634744527e+02 2.426609619479071171e+03 2.270740000000000000e+19 -3.192577138543128967e-02 3.150425106287002563e-02
2.581075226520926662e+03 -8.163107230628828574e+02 2.423044718496841597e+03 2.270940000000000000e+19 4.825841635465621948e-02 5.875875055789947510e-02
2.592631169574749038e+03 -8.028970935350387208e+02 2.415175787295395367e+03 2.271140000000000000e+19 1.309352368116378784e-01 1.040453910827636719e-01
2.596810287374124982e+03 -7.980046736146297235e+02 2.412305760071129498e+03 2.271340000000000000e+19 3.175704926252365112e-02 -2.441909536719322205e-02
2.600976986647609465e+03 -7.931043687545875400e+02 2.409431132650813652e+03 2.271540000000000000e+19 4.650017712265253067e-03 6.658359616994857788e-02
2.605131247512669233e+03 -7.881962023383117639e+02 2.406551918751672474e+03 2.271740000000000000e+19 2.818643301725387573e-02 6.510461121797561646e-02
2.609273050073681588e+03 -7.832801978721183787e+02 2.403668132162917118e+03 2.271940000000000000e+19 -1.215550210326910019e-02 1.066840440034866333e-02
2.613402374509045785e+03 -7.783563788826992322e+02 2.400779786685589443e+03 2.272140000000000000e+19 -3.871476650238037109e-02 3.177054226398468018e-02
2.617519201042697659e+03 -7.734247689514231752e+02 2.397886896152686859e+03 2.272340000000000000e+19 -5.769172683358192444e-02 1.033296659588813782e-01
2.621282122452284511e+03 -7.688974011055879600e+02 2.395231156445624492e+03 2.272540000000000000e+19 -1.046357005834579468e-01 8.829368650913238525e-02
2.592631169574749038e+03 -8.028970935350387208e+02 2.415175787295395367e+03 2.272740000000000000e+19 -3.150865808129310608e-02 -7.430543005466461182e-02
2.596810287374124982e+03 -7.980046736146297235e+02 2.412305760071129498e+03 2.272940000000000000e+19 8.072236180305480957e-02 1.131630036979913712e-02
2.600976986647609465e+03 -7.931043687545875400e+02 2.409431132650813652e+03 2.273140000000000000e+19 -2.376666478812694550e-02 -6.853348016738891602e-02
2.605131247512669233e+03 -7.881962023383117639e+02 2.406551918751672474e+03 2.273340000000000000e+19 -2.373471856117248535e-02 -1.333530899137258530e-02
2.609273050073681588e+03 -7.832801978721183787e+02 2.403668132162917118e+03 2.273540000000000000e+19 2.982125850394368172e-03 -3.542004898190498352e-02
2.613402374509045785e+03 -7.783563788826992322e+02 2.400779786685589443e+03 2.273740000000000000e+19 -2.453042939305305481e-02 -6.751813739538192749e-02
2.617519201042697659e+03 -7.734247689514231752e+02 2.397886896152686859e+03 2.273940000000000000e+19 2.980741299688816071e-02 1.626737974584102631e-02
2.621282122452284511e+03 -7.688974011055879600e+02 2.395231156445624492e+03 2.274140000000000000e+19 -4.174970835447311401e-02 -8.109939284622669220e-03
2.633861135247188031e+03 -7.536208921172569717e+02 2.386270160521169146e+03 2.274340000000000000e+19 1.248462796211242676e-01 -1.308672875165939331e-02
2.637915177999036132e+03 -7.486506821709621136e+02 2.383354752772311258e+03 2.274540000000000000e+19 -3.257599845528602600e-02 -5.819645524024963379e-02
2.641956605594184566e+03 -7.436728233774517776e+02 2.380434883319061100e+03 2.274740000000000000e+19 -8.352647535502910614e-03 1.061836853623390198e-01
2.645985398621060995e+03 -7.386873396461486436e+02 2.377510566186006145e+03 2.274940000000000000e+19 -1.924454420804977417e-02 8.224441856145858765e-02
2.650001537882945286e+03 -7.336942547319811183e+02 2.374581815306997214e+03 2.275140000000000000e+19 1.891039498150348663e-02 -9.973696619272232056e-02
2.654005004033901059e+03 -7.286935926871419724e+02 2.371648644790122944e+03 2.275340000000000000e+19 1.022714003920555115e-01 -5.184525158256292343e-03
2.657995778012260871e+03 -7.236853773217229673e+02 2.368711068601356146e+03 2.275540000000000000e+19 8.431623689830303192e-03 -2.658196166157722473e-02
2.661642983450204611e+03 -7.190879939844969613e+02 2.366014487969232050e+03 2.275740000000000000e+19 5.376181751489639282e-02 5.265372991561889648e-02
2.633861135247188031e+03 -7.536208921172569717e+02 2.386270160521169146e+03 2.275940000000000000e+19 9.133160114288330078e-03 9.774861484766006470e-02
2.637915177999036132e+03 -7.486506821709621136e+02 2.383354752772311258e+03 2.276140000000000000e+19 7.263839244842529297e-02 6.766144931316375732e-02
2.641956605594184566e+03 -7.436728233774517776e+02 2.380434883319061100e+03 2.276340000000000000e+19 -8.319147676229476929e-02 1.184542477130889893e-02
2.645985398621060995e+03 -7.386873396461486436e+02 2.377510566186006145e+03 2.276540000000000000e+19 3.659200295805931091e-02 3.322055563330650330e-02
2.650001537882945286e+03 -7.336942547319811183e+02 2.374581815306997214e+03 2.276740000000000000e+19 4.977798089385032654e-02 1.029594168066978455e-01
2.654005004033901059e+03 -7.286935926871419724e+02 2.371648644790122944e+03 2.276940000000000000e+19 -4.929352179169654846e-02 -7.203273475170135498e-02
2.657995778012260871e+03 -7.236853773217229673e+02 2.368711068601356146e+03 2.277140000000000000e+19 -5.604533478617668152e-02 -4.614776372909545898e-02
2.661642983450204611e+03 -7.190879939844969613e+02 2.366014487969232050e+03 2.277340000000000000e+19 -1.133569106459617615e-01 3.497857600450515747e-02
2.673831570858609211e+03 -7.035774629028138634e+02 2.356916988816178673e+03 2.277540000000000000e+19 8.217740803956985474e-02 5.603074282407760620e-02
2.677758598584756328e+03 -6.985318413303244824e+02 2.353957595656360354e+03 2.277740000000000000e+19 -7.880582660436630249e-02 -2.662012167274951935e-02
2.681672820391245750e+03 -6.934788108712091343e+02 2.350993881540852271e+03 2.277940000000000000e+19 2.257667481899261475e-02 -4.001410678029060364e-02
2.685574217641084942e+03 -6.884183955847539664e+02 2.348025860580964036e+03 2.278140000000000000e+19 -9.420091658830642700e-02 -7.608927786350250244e-02
2.689462771554549363e+03 -6.833506198298023264e+02 2.345053547063581846e+03 2.278340000000000000e+19 -3.631509374827146530e-03 -4.513926804065704346e-02
2.693338463630421757e+03 -6.782755077182064269e+02 2.342076955130611623e+03 2.278540000000000000e+19 4.419743642210960388e-02 4.262174293398857117e-02
2.697201275212697055e+03 -6.731930836795449977e+02 2.339096099110194245e+03 2.278740000000000000e+19 -1.103423237800598145e-01 1.183168515563011169e-01
2.700731019438223484e+03 -6.685278847709473666e+02 2.336359967909621446e+03 2.278940000000000000e+19 3.025893121957778931e-02 7.190043572336435318e-03
2.673831570858609211e+03 -7.035774629028138634e+02 2.356916988816178673e+03 2.279140000000000000e+19 3.888947516679763794e-02 -2.482856623828411102e-02
2.677758598584756328e+03 -6.985318413303244824e+02 2.353957595656360354e+03 2.279340000000000000e+19 4.926969856023788452e-02 7.985060103237628937e-03
2.681672820391245750e+03 -6.934788108712091343e+02 2.350993881540852271e+03 2.279540000000000000e+19 9.439807385206222534e-03 -1.721677556633949280e-02
2.685574217641084942e+03 -6.884183955847539664e+02 2.348025860580964036e+03 2.279740000000000000e+19 9.840041399002075195e-03 1.285974122583866119e-02
2.689462771554549363e+03 -6.833506198298023264e+02 2.345053547063581846e+03 2.279940000000000000e+19 -1.642762497067451477e-02 -6.971136480569839478e-02
2.693338463630421757e+03 -6.782755077182064269e+02 2.342076955130611623e+03 2.280140000000000000e+19 -6.075929477810859680e-02 -9.067241102457046509e-02
2.697201275212697055e+03 -6.731930836795449977e+02 2.339096099110194245e+03 2.280340000000000000e+19 3.869325667619705200e-02 -2.551354118622839451e-04
2.700731019438223484e+03 -6.685278847709473666e+02 2.336359967909621446e+03 2.280540000000000000e+19 1.738975569605827332e-02 3.207826241850852966e-02
2.711889064528251765e+03 -6.536431591283492253e+02 2.327630239108468231e+03 2.280740000000000000e+19 -7.718058675527572632e-02 -5.816537514328956604e-02
2.715689361199078576e+03 -6.485257372295928917e+02 2.324628974571290200e+03 2.280940000000000000e+19 5.199578776955604553e-02 8.677678555250167847e-02
2.719476670478043161e+03 -6.434011456898301731e+02 2.321623529396223603e+03 2.281140000000000000e+19 -1.838088408112525940e-02 -1.743770539760589600e-01
2.723250974174309704e+03 -6.382694091233528297e+02 2.318613918018939330e+03 2.281340000000000000e+19 -1.462217047810554504e-02 1.204566806554794312e-01
2.727012254330373707e+03 -6.331305519464009421e+02 2.315600154758846656e+03 2.281540000000000000e+19 -9.286316484212875366e-02 -2.133883386850357056e-01
2.730760492853937649e+03 -6.279845988774233092e+02 2.312582254112468490e+03 2.281740000000000000e+19 9.841344505548477173e-02 1.140387654304504395e-01
2.734495671859387130e+03 -6.228315744720441671e+02 2.309560230480727569e+03 2.281940000000000000e+19 3.602330014109611511e-02 8.457224071025848389e-02
2.737908264920025886e+03 -6.181018673356082900e+02 2.306786484744923200e+03 2.282140000000000000e+19 -9.261173009872436523e-02 -2.727404609322547913e-02
2.711889064528251765e+03 -6.536431591283492253e+02 2.327630239108468231e+03 2.282340000000000000e+19 -5.026499927043914795e-02 -6.061468645930290222e-02
2.715689361199078576e+03 -6.485257372295928917e+02 2.324628974571290200e+03 2.282540000000000000e+19 7.322341948747634888e-02 -4.762925952672958374e-02
2.719476670478043161e+03 -6.434011456898301731e+02 2.321623529396223603e+03 2.282740000000000000e+19 -4.808116331696510315e-02 3.037702105939388275e-02
2.723250974174309704e+03 -6.382694091233528297e+02 2.318613918018939330e+03 2.282940000000000000e+19 -2.596776746213436127e-02 1.341212540864944458e-01
2.727012254330373707e+03 -6.331305519464009421e+02 2.315600154758846656e+03 2.283140000000000000e+19 -4.858530155615881085e-05 -1.345410794019699097e-01
2.730760492853937649e+03 -6.279845988774233092e+02 2.312582254112468490e+03 2.283340000000000000e+19 -3.862268757075071335e-03 -8.558298647403717041e-02
2.734495671859387130e+03 -6.228315744720441671e+02 2.309560230480727569e+03 2.283540000000000000e+19 -4.283465072512626648e-02 1.384201645851135254e-02
2.737908264920025886e+03 -6.181018673356082900e+02 2.306786484744923200e+03 2.283740000000000000e+19 4.681005701422691345e-02 3.489396348595619202e-02
2.749305436009981349e+03 -6.021492573732292612e+02 2.297431195741457032e+03 2.283940000000000000e+19 -5.141608044505119324e-02 6.077607627958059311e-03
2.752975050440758878e+03 -5.969612470177943351e+02 2.294388774598746750e+03 2.284140000000000000e+19 9.870060719549655914e-03 7.340940088033676147e-02
2.756631499091375190e+03 -5.917663137231986639e+02 2.291342317497473232e+03 2.284340000000000000e+19 -3.980445489287376404e-02 -1.285540312528610229e-02
2.760274764348439021e+03 -5.865644825138815577e+02 2.288291839112684556e+03 2.284540000000000000e+19 9.956440329551696777e-02 2.056200355291366577e-01
2.763904828865091986e+03 -5.813557781576275829e+02 2.285237353968807838e+03 2.284740000000000000e+19 2.915231324732303619e-02 -4.962480440735816956e-02
2.767521675243319805e+03 -5.761402256181063422e+02 2.282178876705026141e+03 2.284940000000000000e+19 1.263143587857484818e-02 8.958315104246139526e-02
2.771125286123573005e+03 -5.709178499282991197e+02 2.279116422001056435e+03 2.285140000000000000e+19 5.353013798594474792e-02 -7.284047454595565796e-02
2.774417123315504341e+03 -5.661247858134255466e+02 2.276305740550685641e+03 2.285340000000000000e+19 -1.610504649579524994e-02 3.446440026164054871e-02
2.749305436009981349e+03 -6.021492573732292612e+02 2.297431195741457032e+03 2.285540000000000000e+19 9.652971290051937103e-03 4.674129188060760498e-03
2.752975050440758878e+03 -5.969612470177943351e+02 2.294388774598746750e+03 2.285740000000000000e+19 2.518998272716999054e-02 -2.164876274764537811e-02
2.756631499091375190e+03 -5.917663137231986639e+02 2.291342317497473232e+03 2.285940000000000000e+19 4.166200757026672363e-02 -5.282773822546005249e-02
2.760274764348439021e+03 -5.865644825138815577e+02 2.288291839112684556e+03 2.286140000000000000e+19 3.049443662166595459e-02 8.131521940231323242e-02
2.763904828865091986e+03 -5.813557781576275829e+02 2.285237353968807838e+03 2.286340000000000000e+19 4.595847427845001221e-02 2.201523259282112122e-02
2.767521675243319805e+03 -5.761402256181063422e+02 2.282178876705026141e+03 2.286540000000000000e+19 3.102212212979793549e-02 -1.447524279356002808e-01
2.771125286123573005e+03 -5.709178499282991197e+02 2.279116422001056435e+03 2.286740000000000000e+19 -5.286719277501106262e-02 2.437649993225932121e-03
2.774417123315504341e+03 -5.661247858134255466e+02 2.276305740550685641e+03 2.286940000000000000e+19 -1.321025844663381577e-02 3.235648199915885925e-02
2.785407031115441441e+03 -5.499606154132462734e+02 2.266827121838451149e+03 2.287140000000000000e+19 1.754459738731384277e-02 -4.032690078020095825e-02
2.788944207301361075e+03 -5.447044992061660196e+02 2.263744999972487221e+03 2.287340000000000000e+19 2.031931839883327484e-02 1.597558706998825073e-02
2.792468045467879620e+03 -5.394417102925069685e+02 2.260658988886386396e+03 2.287540000000000000e+19 5.877120792865753174e-02 -4.494256898760795593e-02
2.795978528836857549e+03 -5.341722737303366557e+02 2.257569103273786823e+03 2.287740000000000000e+19 2.074896730482578278e-02 -1.850551813840866089e-01
2.799475640510215726e+03 -5.288962148846051150e+02 2.254475358008154672e+03 2.287940000000000000e+19 -6.436998397111892700e-02 -5.486304312944412231e-02
2.802959363849151941e+03 -5.236135588582619675e+02 2.251377767809169654e+03 2.288140000000000000e+19 2.197149954736232758e-02 1.360468193888664246e-02
2.806429682084555679e+03 -5.183243310798454786e+02 2.248276347587415785e+03 2.288340000000000000e+19 -1.002613734453916550e-02 -1.239228472113609314e-01
2.809599188095618956e+03 -5.134702037168434572e+02 2.245430075480032883e+03 2.288540000000000000e+19 3.232105076313018799e-02 1.704835332930088043e-02
2.785407031115441441e+03 -5.499606154132462734e+02 2.266827121838451149e+03 2.288740000000000000e+19 2.415414527058601379e-02 -9.111034870147705078e-02
2.788944207301361075e+03 -5.447044992061660196e+02 2.263744999972487221e+03 2.288940000000000000e+19 1.352279214188456535e-03 -3.419506177306175232e-02
2.792468045467879620e+03 -5.394417102925069685e+02 2.260658988886386396e+03 2.289140000000000000e+19 -2.512968890368938446e-02 -4.059238731861114502e-02
2.795978528836857549e+03 -5.341722737303366557e+02 2.257569103273786823e+03 2.289340000000000000e+19 -1.385428756475448608e-02 2.537060342729091644e-02
2.799475640510215726e+03 -5.288962148846051150e+02 2.254475358008154672e+03 2.289540000000000000e+19 -4.853187594562768936e-03 -4.848034307360649109e-02
2.802959363849151941e+03 -5.236135588582619675e+02 2.251377767809169654e+03 2.289740000000000000e+19 -1.085338741540908813e-02 2.061202004551887512e-02
2.806429682084555679e+03 -5.183243310798454786e+02 2.248276347587415785e+03 2.289940000000000000e+19 -3.534993156790733337e-02 4.802360013127326965e-02
2.809599188095618956e+03 -5.134702037168434572e+02 2.245430075480032883e+03 2.290140000000000000e+19 -3.909519687294960022e-02 -9.894075244665145874e-02
2.820176573387599547e+03 -4.971022082690572574e+02 2.235832663068805687e+03 2.290340000000000000e+19 -1.431765407323837280e-01 6.245933473110198975e-02
2.823579618537446095e+03 -4.917805016427905684e+02 2.232712315498627959e+03 2.290540000000000000e+19 7.318745553493499756e-02 -2.389277098700404167e-03
2.826969159925810800e+03 -4.864523755727065009e+02 2.229588227212315815e+03 2.290740000000000000e+19 8.157102018594741821e-02 7.656051963567733765e-02
2.830345181390124708e+03 -4.811178554649537773e+02 2.226460413106486158e+03 2.290940000000000000e+19 -3.551549091935157776e-02 -3.288833051919937134e-02
2.833707666749926830e+03 -4.757769668862099479e+02 2.223328888171773997e+03 2.291140000000000000e+19 1.107003260403871536e-02 -1.146149784326553345e-01
2.837056599854883189e+03 -4.704297354896582988e+02 2.220193667449421355e+03 2.291340000000000000e+19 7.347151637077331543e-02 -2.410926111042499542e-02
2.840391964771353287e+03 -4.650761867168229173e+02 2.217054765856458744e+03 2.291540000000000000e+19 3.498579934239387512e-02 -1.845422685146331787e-01
2.843437622304155866e+03 -4.601633199092678979e+02 2.214174265680694134e+03 2.291740000000000000e+19 1.640124944970011711e-03 1.045432016253471375e-01
2.820176573387599547e+03 -4.971022082690572574e+02 2.235832663068805687e+03 2.291940000000000000e+19 -1.549274325370788574e-01 1.697520841844379902e-03
2.823579618537446095e+03 -4.917805016427905684e+02 2.232712315498627959e+03 2.292140000000000000e+19 -2.266700379550457001e-02 -6.900408864021301270e-02
2.826969159925810800e+03 -4.864523755727065009e+02 2.229588227212315815e+03 2.292340000000000000e+19 6.171632930636405945e-02 -6.357052177190780640e-02
2.830345181390124708e+03 -4.811178554649537773e+02 2.226460413106486158e+03 2.292540000000000000e+19 3.782990574836730957e-02 1.326749324798583984e-01
2.833707666749926830e+03 -4.757769668862099479e+02 2.223328888171773997e+03 2.292740000000000000e+19 1.336754206568002701e-02 2.864270657300949097e-02
2.837056599854883189e+03 -4.704297354896582988e+02 2.220193667449421355e+03 2.292940000000000000e+19 -5.066344514489173889e-02 1.504131243564188480e-03
2.840391964771353287e+03 -4.650761867168229173e+02 2.217054765856458744e+03 2.293140000000000000e+19 -4.049758240580558777e-02 8.821941912174224854e-03
2.843437622304155866e+03 -4.601633199092678979e+02 2.214174265680694134e+03 2.293340000000000000e+19 -4.329602234065532684e-03 -6.080193817615509033e-02
