# Baseline: 12-18
# Entries: 128
# u [m], v [m], w [m], frequency [GHz], real, imag, std(real), std(imag)
-1.800632290720372339e+03 4.176179531847527869e+03 -1.289309532064801033e+03 2.267940000000000111e+01 1.921816766262054443e-01 -8.915624930523335934e-04 7.401522248983383179e-02 7.437130063772201538e-02
-1.809937085246967172e+03 4.172774640120627737e+03 -1.287303673689496009e+03 2.268140000000000001e+01 -1.614489220082759857e-02 1.479226350784301758e-01 7.401522248983383179e-02 7.437130063772201538e-02
-1.819233212410162423e+03 4.169352185513164841e+03 -1.285287543743083006e+03 2.268340000000000245e+01 1.460183709859848022e-01 -1.702850610017776489e-01 7.401522248983383179e-02 7.437130063772201538e-02
-1.828520627785967463e+03 4.165912184380413237e+03 -1.283261151860291193e+03 2.268540000000000134e+01 -1.151193305850028992e-02 -7.925662212073802948e-03 7.401522248983383179e-02 7.437130063772201538e-02
-1.835480720242218467e+03 4.163321225913159651e+03 -1.281734949516399183e+03 2.268740000000000023e+01 1.123229861259460449e-01 5.594096146523952484e-04 7.401522248983383179e-02 7.437130063772201538e-02
-1.847069145428333286e+03 4.158979608473721783e+03 -1.279177621125262704e+03 2.268940000000000268e+01 -9.163208305835723877e-02 -1.622423529624938965e-01 7.401522248983383179e-02 7.437130063772201538e-02
-1.856330158733037024e+03 4.155487066950249755e+03 -1.277120501858758189e+03 2.269140000000000157e+01 1.096847504377365112e-01 1.671530157327651978e-01 7.401522248983383179e-02 7.437130063772201538e-02
-1.867894282215117300e+03 4.151097517662922655e+03 -1.274535141599362078e+03 2.269340000000000046e+01 -1.884116977453231812e-01 2.141342610120773315e-01 7.401522248983383179e-02 7.437130063772201538e-02
-1.800632290720372339e+03 4.176179531847527869e+03 -1.289309532064801033e+03 2.269540000000000290e+01 -1.255835890769958496e-01 -1.991329342126846313e-01 7.401522248983383179e-02 7.437130063772201538e-02
-1.809937085246967172e+03 4.172774640120627737e+03 -1.287303673689496009e+03 2.269740000000000180e+01 2.156337723135948181e-02 1.631030738353729248e-01 7.401522248983383179e-02 7.437130063772201538e-02
-1.819233212410162423e+03 4.169352185513164841e+03 -1.285287543743083006e+03 2.269940000000000069e+01 3.010606579482555389e-02 6.720941513776779175e-02 7.401522248983383179e-02 7.437130063772201538e-02
-1.828520627785967463e+03 4.165912184380413237e+03 -1.283261151860291193e+03 2.270140000000000313e+01 -6.670171767473220825e-02 7.646158337593078613e-02 7.401522248983383179e-02 7.437130063772201538e-02
-1.835480720242218467e+03 4.163321225913159651e+03 -1.281734949516399183e+03 2.270340000000000202e+01 6.617327779531478882e-02 2.359112165868282318e-02 7.401522248983383179e-02 7.437130063772201538e-02
-1.847069145428333286e+03 4.158979608473721783e+03 -1.279177621125262704e+03 2.270540000000000092e+01 -1.643387787044048309e-02 3.727321326732635498e-02 7.401522248983383179e-02 7.437130063772201538e-02
-1.856330158733037024e+03 4.155487066950249755e+03 -1.277120501858758189e+03 2.270739999999999981e+01 -2.183273807168006897e-02 -7.575769722461700439e-02 7.401522248983383179e-02 7.437130063772201538e-02
-1.867894282215117300e+03 4.151097517662922655e+03 -1.274535141599362078e+03 2.270940000000000225e+01 1.522657088935375214e-02 9.057800285518169403e-03 7.401522248983383179e-02 7.437130063772201538e-02
-1.893284876211951996e+03 4.141342267525283205e+03 -1.268789895450576296e+03 2.271140000000000114e+01 9.115104148804675788e-06 1.142013259232044220e-02 7.401522248983383179e-02 7.437130063772201538e-02
-1.902501000544579483e+03 4.137762493964432906e+03 -1.266681761355011076e+03 2.271340000000000003e+01 -5.721645057201385498e-02 7.508654147386550903e-02 7.401522248983383179e-02 7.437130063772201538e-02
-1.911708014463655445e+03 4.134165325107983335e+03 -1.264563454394918381e+03 2.271540000000000248e+01 -8.025151491165161133e-02 -5.662838369607925415e-02 7.401522248983383179e-02 7.437130063772201538e-02
-1.920905874035210900e+03 4.130550778121129042e+03 -1.262434984678587625e+03 2.271740000000000137e+01 1.360867917537689209e-02 2.048609405755996704e-02 7.401522248983383179e-02 7.437130063772201538e-02
-1.930094535208705565e+03 4.126918870314774722e+03 -1.260296362399774353e+03 2.271940000000000026e+01 7.700552232563495636e-03 -1.240180805325508118e-01 7.401522248983383179e-02 7.437130063772201538e-02
-1.939273954009607905e+03 4.123269619070235422e+03 -1.258147597793358273e+03 2.272140000000000271e+01 6.053480133414268494e-02 -1.186316162347793579e-01 7.401522248983383179e-02 7.437130063772201538e-02
-1.948444086475800304e+03 4.119603041864827901e+03 -1.255988701150411998e+03 2.272340000000000160e+01 7.731967419385910034e-02 -1.332165580242872238e-02 7.401522248983383179e-02 7.437130063772201538e-02
-1.956841965365098986e+03 4.116227027485941107e+03 -1.254000949391501536e+03 2.272540000000000049e+01 -9.031957946717739105e-03 9.077682159841060638e-03 7.401522248983383179e-02 7.437130063772201538e-02
-1.893284876211951996e+03 4.141342267525283205e+03 -1.268789895450576296e+03 2.272740000000000293e+01 -1.169604435563087463e-01 1.317201275378465652e-02 7.401522248983383179e-02 7.437130063772201538e-02
-1.902501000544579483e+03 4.137762493964432906e+03 -1.266681761355011076e+03 2.272940000000000182e+01 -7.756149861961603165e-03 3.155048564076423645e-02 7.401522248983383179e-02 7.437130063772201538e-02
-1.911708014463655445e+03 4.134165325107983335e+03 -1.264563454394918381e+03 2.273140000000000072e+01 -4.297256842255592346e-02 1.696382090449333191e-02 7.401522248983383179e-02 7.437130063772201538e-02
-1.920905874035210900e+03 4.130550778121129042e+03 -1.262434984678587625e+03 2.273340000000000316e+01 6.417667865753173828e-02 -4.518887773156166077e-02 7.401522248983383179e-02 7.437130063772201538e-02
-1.930094535208705565e+03 4.126918870314774722e+03 -1.260296362399774353e+03 2.273540000000000205e+01 -4.757346585392951965e-02 1.847364194691181183e-02 7.401522248983383179e-02 7.437130063772201538e-02
-1.939273954009607905e+03 4.123269619070235422e+03 -1.258147597793358273e+03 2.273740000000000094e+01 4.914928227663040161e-02 3.357597859576344490e-03 7.401522248983383179e-02 7.437130063772201538e-02
-1.948444086475800304e+03 4.119603041864827901e+03 -1.255988701150411998e+03 2.273939999999999984e+01 -1.951870881021022797e-02 1.289927493780851364e-02 7.401522248983383179e-02 7.437130063772201538e-02
-1.956841965365098986e+03 4.116227027485941107e+03 -1.254000949391501536e+03 2.274140000000000228e+01 9.956205636262893677e-02 -4.268970713019371033e-02 7.401522248983383179e-02 7.437130063772201538e-02
-1.985030876458240527e+03 4.104763825416614964e+03 -1.247252001457323104e+03 2.274340000000000117e+01 1.784656643867492676e-01 2.496658079326152802e-02 7.401522248983383179e-02 7.437130063772201538e-02
-1.994153919987653580e+03 4.101010883220978940e+03 -1.245042600549064900e+03 2.274540000000000006e+01 1.099343076348304749e-01 -6.726922839879989624e-02 7.401522248983383179e-02 7.437130063772201538e-02
-2.003267414668651782e+03 4.097240721537089485e+03 -1.242823130290941663e+03 2.274740000000000251e+01 -6.779544986784458160e-03 -2.621735632419586182e-02 7.401522248983383179e-02 7.437130063772201538e-02
-2.012371316727752401e+03 4.093453358473615026e+03 -1.240593601343434102e+03 2.274940000000000140e+01 -5.722632165998220444e-03 -8.375389873981475830e-02 7.401522248983383179e-02 7.437130063772201538e-02
-2.021465582786200230e+03 4.089648812076493869e+03 -1.238354024329768208e+03 2.275140000000000029e+01 7.782663404941558838e-02 -3.538892371580004692e-03 7.401522248983383179e-02 7.437130063772201538e-02
-2.030550169036264606e+03 4.085827100672725919e+03 -1.236104410038300557e+03 2.275340000000000273e+01 -7.216958701610565186e-02 1.494786888360977173e-01 7.401522248983383179e-02 7.437130063772201538e-02
-2.039625032223197422e+03 4.081988242459187859e+03 -1.233844769180466983e+03 2.275540000000000163e+01 -2.739327959716320038e-02 5.662459880113601685e-02 7.401522248983383179e-02 7.437130063772201538e-02
-2.047935202979907444e+03 4.078454459707117167e+03 -1.231764760327673685e+03 2.275740000000000052e+01 2.284404123201966286e-03 -9.193808585405349731e-02 7.401522248983383179e-02 7.437130063772201538e-02
-1.985030876458240527e+03 4.104763825416614964e+03 -1.247252001457323104e+03 2.275940000000000296e+01 -2.057241275906562805e-02 -1.350330654531717300e-02 7.401522248983383179e-02 7.437130063772201538e-02
-1.994153919987653580e+03 4.101010883220978940e+03 -1.245042600549064900e+03 2.276140000000000185e+01 7.133220136165618896e-02 2.684828825294971466e-02 7.401522248983383179e-02 7.437130063772201538e-02
-2.003267414668651782e+03 4.097240721537089485e+03 -1.242823130290941663e+03 2.276340000000000074e+01 -7.827814668416976929e-02 -5.211577564477920532e-02 7.401522248983383179e-02 7.437130063772201538e-02
-2.012371316727752401e+03 4.093453358473615026e+03 -1.240593601343434102e+03 2.276540000000000319e+01 1.215823087841272354e-02 2.044585160911083221e-02 7.401522248983383179e-02 7.437130063772201538e-02
-2.021465582786200230e+03 4.089648812076493869e+03 -1.238354024329768208e+03 2.276740000000000208e+01 8.991701900959014893e-02 1.228720098733901978e-01 7.401522248983383179e-02 7.437130063772201538e-02
-2.030550169036264606e+03 4.085827100672725919e+03 -1.236104410038300557e+03 2.276940000000000097e+01 -1.342117693275213242e-02 -9.192842058837413788e-03 7.401522248983383179e-02 7.437130063772201538e-02
-2.039625032223197422e+03 4.081988242459187859e+03 -1.233844769180466983e+03 2.277139999999999986e+01 -6.787636876106262207e-02 1.286182701587677002e-01 7.401522248983383179e-02 7.437130063772201538e-02
-2.047935202979907444e+03 4.078454459707117167e+03 -1.231764760327673685e+03 2.277340000000000231e+01 -5.835735425353050232e-02 2.967442013323307037e-02 7.401522248983383179e-02 7.437130063772201538e-02
-2.075826385811458294e+03 4.066461710438518821e+03 -1.224706157242545487e+03 2.277540000000000120e+01 -9.805314987897872925e-02 -1.854122430086135864e-02 7.401522248983383179e-02 7.437130063772201538e-02
-2.084851982887400936e+03 4.062537395510584702e+03 -1.222396546792304434e+03 2.277740000000000009e+01 -3.653797879815101624e-02 -1.488129980862140656e-02 7.401522248983383179e-02 7.437130063772201538e-02
-2.093867596868682995e+03 4.058596045299273101e+03 -1.220076975418057145e+03 2.277940000000000254e+01 7.603900879621505737e-02 8.545242249965667725e-02 7.401522248983383179e-02 7.437130063772201538e-02
-2.102873184828762987e+03 4.054637678570759363e+03 -1.217747454164131341e+03 2.278140000000000143e+01 8.528376370668411255e-02 -9.480208158493041992e-02 7.401522248983383179e-02 7.437130063772201538e-02
-2.111868703418379027e+03 4.050662314379086183e+03 -1.215407994243957546e+03 2.278340000000000032e+01 -2.194944210350513458e-02 -3.443685173988342285e-02 7.401522248983383179e-02 7.437130063772201538e-02
-2.120854109838012391e+03 4.046669971638562401e+03 -1.213058606788426232e+03 2.278540000000000276e+01 1.662163436412811279e-01 7.246079389005899429e-03 7.401522248983383179e-02 7.437130063772201538e-02
-2.129829360835537045e+03 4.042660669566757406e+03 -1.210699303106584011e+03 2.278740000000000165e+01 -4.329641908407211304e-02 -7.127470523118972778e-02 7.401522248983383179e-02 7.437130063772201538e-02
-2.138047846918209416e+03 4.038970809413505776e+03 -1.208528032479433023e+03 2.278940000000000055e+01 1.975465379655361176e-02 7.193153351545333862e-02 7.401522248983383179e-02 7.437130063772201538e-02
-2.075826385811458294e+03 4.066461710438518821e+03 -1.224706157242545487e+03 2.279140000000000299e+01 -4.058577120304107666e-02 1.385505194775760174e-03 7.401522248983383179e-02 7.437130063772201538e-02
-2.084851982887400936e+03 4.062537395510584702e+03 -1.222396546792304434e+03 2.279340000000000188e+01 -3.474085032939910889e-02 -7.674413174390792847e-02 7.401522248983383179e-02 7.437130063772201538e-02
-2.093867596868682995e+03 4.058596045299273101e+03 -1.220076975418057145e+03 2.279540000000000077e+01 3.544310480356216431e-02 -8.834562264382839203e-03 7.401522248983383179e-02 7.437130063772201538e-02
-2.102873184828762987e+03 4.054637678570759363e+03 -1.217747454164131341e+03 2.279739999999999966e+01 6.198760494589805603e-02 2.240358479321002960e-02 7.401522248983383179e-02 7.437130063772201538e-02
-2.111868703418379027e+03 4.050662314379086183e+03 -1.215407994243957546e+03 2.279940000000000211e+01 -4.903241991996765137e-02 -8.492568507790565491e-03 7.401522248983383179e-02 7.437130063772201538e-02
-2.120854109838012391e+03 4.046669971638562401e+03 -1.213058606788426232e+03 2.280140000000000100e+01 4.966897517442703247e-02 1.914695203304290771e-01 7.401522248983383179e-02 7.437130063772201538e-02
-2.129829360835537045e+03 4.042660669566757406e+03 -1.210699303106584011e+03 2.280339999999999989e+01 6.494139879941940308e-02 1.401044055819511414e-02 7.401522248983383179e-02 7.437130063772201538e-02
-2.138047846918209416e+03 4.038970809413505776e+03 -1.208528032479433023e+03 2.280540000000000234e+01 -1.351087819784879684e-02 -1.413094811141490936e-02 7.401522248983383179e-02 7.437130063772201538e-02
-2.164139639223356426e+03 4.027134914985135310e+03 -1.201563646475436826e+03 2.280740000000000123e+01 2.273611724376678467e-02 -5.587216839194297791e-02 7.401522248983383179e-02 7.437130063772201538e-02
-2.173065201740707835e+03 4.023043914450477587e+03 -1.199156574208812117e+03 2.280940000000000012e+01 -1.894537210464477539e-01 4.409645870327949524e-02 7.401522248983383179e-02 7.437130063772201538e-02
-2.181980359123699600e+03 4.018936067582726537e+03 -1.196739652206320670e+03 2.281140000000000256e+01 5.752419307827949524e-02 -6.546525657176971436e-02 7.401522248983383179e-02 7.437130063772201538e-02
-2.190885068551634504e+03 4.014811394112721700e+03 -1.194312892076957723e+03 2.281340000000000146e+01 -8.761826902627944946e-02 1.709575951099395752e-01 7.401522248983383179e-02 7.437130063772201538e-02
-2.199779287657155237e+03 4.010669913665328295e+03 -1.191876305367071609e+03 2.281540000000000035e+01 9.057761728763580322e-02 -9.314890950918197632e-02 7.401522248983383179e-02 7.437130063772201538e-02
-2.208662973657950261e+03 4.006511646161408862e+03 -1.189429903796864892e+03 2.281740000000000279e+01 -1.086343154311180115e-01 1.882299929857254028e-01 7.401522248983383179e-02 7.437130063772201538e-02
-2.217536084163007672e+03 4.002336611443724451e+03 -1.186973699040293468e+03 2.281940000000000168e+01 6.312918663024902344e-02 -2.726947069168090820e-01 7.401522248983383179e-02 7.437130063772201538e-02
-2.225660577831327373e+03 3.998494996843841363e+03 -1.184713700772164884e+03 2.282140000000000057e+01 7.420316338539123535e-02 4.436704143881797791e-02 7.401522248983383179e-02 7.437130063772201538e-02
-2.164139639223356426e+03 4.027134914985135310e+03 -1.201563646475436826e+03 2.282340000000000302e+01 1.818096786737442017e-01 -2.481604963541030884e-01 7.401522248983383179e-02 7.437130063772201538e-02
-2.173065201740707835e+03 4.023043914450477587e+03 -1.199156574208812117e+03 2.282540000000000191e+01 -3.305193735286593437e-03 -1.505240611732006073e-02 7.401522248983383179e-02 7.437130063772201538e-02
-2.181980359123699600e+03 4.018936067582726537e+03 -1.196739652206320670e+03 2.282740000000000080e+01 2.068335376679897308e-02 6.100339815020561218e-03 7.401522248983383179e-02 7.437130063772201538e-02
-2.190885068551634504e+03 4.014811394112721700e+03 -1.194312892076957723e+03 2.282939999999999969e+01 -9.277385473251342773e-02 2.214551158249378204e-02 7.401522248983383179e-02 7.437130063772201538e-02
-2.199779287657155237e+03 4.010669913665328295e+03 -1.191876305367071609e+03 2.283140000000000214e+01 8.518868684768676758e-02 -4.325066506862640381e-02 7.401522248983383179e-02 7.437130063772201538e-02
-2.208662973657950261e+03 4.006511646161408862e+03 -1.189429903796864892e+03 2.283340000000000103e+01 2.990804146975278854e-03 7.875382900238037109e-03 7.401522248983383179e-02 7.437130063772201538e-02
-2.217536084163007672e+03 4.002336611443724451e+03 -1.186973699040293468e+03 2.283539999999999992e+01 7.643513381481170654e-02 8.884849026799201965e-03 7.401522248983383179e-02 7.437130063772201538e-02
-2.225660577831327373e+03 3.998494996843841363e+03 -1.184713700772164884e+03 2.283740000000000236e+01 1.220148578286170959e-01 4.702093079686164856e-02 7.401522248983383179e-02 7.437130063772201538e-02
-2.252921922423301112e+03 3.985469201379176866e+03 -1.177051084024667716e+03 2.283940000000000126e+01 1.497934758663177490e-02 -5.301268771290779114e-02 7.401522248983383179e-02 7.437130063772201538e-02
-2.261741519256859647e+03 3.981210632020543471e+03 -1.174546040663017266e+03 2.284140000000000015e+01 3.219180181622505188e-02 8.388698101043701172e-02 7.401522248983383179e-02 7.437130063772201538e-02
-2.270550286697505726e+03 3.976935416472553698e+03 -1.172031265310315121e+03 2.284340000000000259e+01 -1.419083331711590290e-03 5.017639603465795517e-03 7.401522248983383179e-02 7.437130063772201538e-02
-2.279348182312696281e+03 3.972643575329299438e+03 -1.169506770080475917e+03 2.284540000000000148e+01 -4.605687409639358521e-02 1.934162341058254242e-02 7.401522248983383179e-02 7.437130063772201538e-02
-2.288135164212541895e+03 3.968335129025784227e+03 -1.166972566993548526e+03 2.284740000000000038e+01 -8.113401383161544800e-02 1.074906140565872192e-01 7.401522248983383179e-02 7.437130063772201538e-02
-2.296911190283492942e+03 3.964010098210856086e+03 -1.164428668195085038e+03 2.284940000000000282e+01 -6.244576722383499146e-02 -1.396006196737289429e-01 7.401522248983383179e-02 7.437130063772201538e-02
-2.305676218403633811e+03 3.959668503643357781e+03 -1.161875085895049779e+03 2.285140000000000171e+01 7.923536002635955811e-02 -2.426895499229431152e-02 7.401522248983383179e-02 7.437130063772201538e-02
-2.313701271428803466e+03 3.955674385898716992e+03 -1.159525928829384384e+03 2.285340000000000060e+01 4.529197141528129578e-02 1.103238612413406372e-01 7.401522248983383179e-02 7.437130063772201538e-02
-2.252921922423301112e+03 3.985469201379176866e+03 -1.177051084024667716e+03 2.285540000000000305e+01 -2.201965078711509705e-02 4.253007844090461731e-02 7.401522248983383179e-02 7.437130063772201538e-02
-2.261741519256859647e+03 3.981210632020543471e+03 -1.174546040663017266e+03 2.285740000000000194e+01 -5.209302995353937149e-03 -4.382370784878730774e-02 7.401522248983383179e-02 7.437130063772201538e-02
-2.270550286697505726e+03 3.976935416472553698e+03 -1.172031265310315121e+03 2.285940000000000083e+01 -7.221205532550811768e-02 4.979393258690834045e-02 7.401522248983383179e-02 7.437130063772201538e-02
-2.279348182312696281e+03 3.972643575329299438e+03 -1.169506770080475917e+03 2.286139999999999972e+01 -2.177322842180728912e-02 3.881788253784179688e-02 7.401522248983383179e-02 7.437130063772201538e-02
-2.288135164212541895e+03 3.968335129025784227e+03 -1.166972566993548526e+03 2.286340000000000217e+01 -1.033829227089881897e-01 -6.689365208148956299e-02 7.401522248983383179e-02 7.437130063772201538e-02
-2.296911190283492942e+03 3.964010098210856086e+03 -1.164428668195085038e+03 2.286540000000000106e+01 8.685592561960220337e-02 -1.098752673715353012e-02 7.401522248983383179e-02 7.437130063772201538e-02
-2.305676218403633811e+03 3.959668503643357781e+03 -1.161875085895049779e+03 2.286739999999999995e+01 1.907736249268054962e-02 5.246547609567642212e-02 7.401522248983383179e-02 7.437130063772201538e-02
-2.313701271428803466e+03 3.955674385898716992e+03 -1.159525928829384384e+03 2.286940000000000239e+01 5.657895281910896301e-02 -5.904916906729340553e-04 7.401522248983383179e-02 7.437130063772201538e-02
-2.340625514237626703e+03 3.942136904094027159e+03 -1.151564166497664246e+03 2.287140000000000128e+01 -8.949495851993560791e-02 4.411913827061653137e-02 7.401522248983383179e-02 7.437130063772201538e-02
-2.349334924976875300e+03 3.937712803756116955e+03 -1.148962350776209405e+03 2.287340000000000018e+01 1.830026321113109589e-02 1.065276265144348145e-01 7.401522248983383179e-02 7.437130063772201538e-02
-2.358033086880122482e+03 3.933272265518953645e+03 -1.146350925571828157e+03 2.287540000000000262e+01 -4.613265395164489746e-02 3.983879834413528442e-02 7.401522248983383179e-02 7.437130063772201538e-02
-2.366719958532417877e+03 3.928815310525648329e+03 -1.143729903318535662e+03 2.287740000000000151e+01 4.831817001104354858e-02 1.371663510799407959e-01 7.401522248983383179e-02 7.437130063772201538e-02
-2.375395498118627529e+03 3.924341960230163750e+03 -1.141099296632881760e+03 2.287940000000000040e+01 6.995666772127151489e-02 1.609035581350326538e-02 7.401522248983383179e-02 7.437130063772201538e-02
-2.384059664361520845e+03 3.919852235916267091e+03 -1.138459118031003072e+03 2.288140000000000285e+01 -5.504314228892326355e-02 7.642097026109695435e-02 7.401522248983383179e-02 7.437130063772201538e-02
-2.392712415555512507e+03 3.915346159195725704e+03 -1.135809380221749961e+03 2.288340000000000174e+01 2.139422809705138206e-03 1.599560119211673737e-02 7.401522248983383179e-02 7.437130063772201538e-02
-2.400634187536675199e+03 3.911201449700089142e+03 -1.133372188554444165e+03 2.288540000000000063e+01 1.197945792227983475e-02 2.801044657826423645e-02 7.401522248983383179e-02 7.437130063772201538e-02
-2.340625514237626703e+03 3.942136904094027159e+03 -1.151564166497664246e+03 2.288740000000000308e+01 -1.441798061132431030e-01 -4.635646194219589233e-02 7.401522248983383179e-02 7.437130063772201538e-02
-2.349334924976875300e+03 3.937712803756116955e+03 -1.148962350776209405e+03 2.288940000000000197e+01 3.967579454183578491e-02 7.279486954212188721e-02 7.401522248983383179e-02 7.437130063772201538e-02
-2.358033086880122482e+03 3.933272265518953645e+03 -1.146350925571828157e+03 2.289140000000000086e+01 1.188702806830406189e-01 8.504839614033699036e-03 7.401522248983383179e-02 7.437130063772201538e-02
-2.366719958532417877e+03 3.928815310525648329e+03 -1.143729903318535662e+03 2.289339999999999975e+01 -8.889299631118774414e-02 5.607475340366363525e-02 7.401522248983383179e-02 7.437130063772201538e-02
-2.375395498118627529e+03 3.924341960230163750e+03 -1.141099296632881760e+03 2.289540000000000219e+01 -7.045733183622360229e-02 -3.793129231780767441e-03 7.401522248983383179e-02 7.437130063772201538e-02
-2.384059664361520845e+03 3.919852235916267091e+03 -1.138459118031003072e+03 2.289740000000000109e+01 5.702633038163185120e-02 -2.435652352869510651e-02 7.401522248983383179e-02 7.437130063772201538e-02
-2.392712415555512507e+03 3.915346159195725704e+03 -1.135809380221749961e+03 2.289939999999999998e+01 -2.936771325767040253e-02 3.268376737833023071e-02 7.401522248983383179e-02 7.437130063772201538e-02
-2.400634187536675199e+03 3.911201449700089142e+03 -1.133372188554444165e+03 2.290140000000000242e+01 -8.635053038597106934e-02 -9.312273003160953522e-03 7.401522248983383179e-02 7.437130063772201538e-02
-2.427208443948574768e+03 3.897158759948383249e+03 -1.125115090763667240e+03 2.290340000000000131e+01 1.765640079975128174e-02 9.052523225545883179e-02 7.401522248983383179e-02 7.437130063772201538e-02
-2.435803500514631651e+03 3.892571245885010740e+03 -1.122417747842267545e+03 2.290540000000000020e+01 2.488117851316928864e-02 -5.027562729083001614e-04 7.401522248983383179e-02 7.437130063772201538e-02
-2.444386894460561962e+03 3.887967509944360700e+03 -1.119710922465573049e+03 2.290740000000000265e+01 3.291086107492446899e-02 1.531774085015058517e-02 7.401522248983383179e-02 7.437130063772201538e-02
-2.452958584857859933e+03 3.883347574078339676e+03 -1.116994627540502506e+03 2.290940000000000154e+01 1.250707264989614487e-02 1.167088001966476440e-01 7.401522248983383179e-02 7.437130063772201538e-02
-2.461518530624799496e+03 3.878711460428681221e+03 -1.114268876085327747e+03 2.291140000000000043e+01 6.129987165331840515e-02 -2.706466708332300186e-03 7.401522248983383179e-02 7.437130063772201538e-02
-2.470066690646837742e+03 3.874059191263559114e+03 -1.111533681192388030e+03 2.291340000000000288e+01 -7.450103014707565308e-02 -1.895123743452131748e-03 7.401522248983383179e-02 7.437130063772201538e-02
-2.478603024253056446e+03 3.869390788718056683e+03 -1.108789055875515032e+03 2.291540000000000177e+01 3.405631333589553833e-02 -2.137262001633644104e-02 7.401522248983383179e-02 7.437130063772201538e-02
-2.486417722861410311e+03 3.865097471675551787e+03 -1.106264996369167875e+03 2.291740000000000066e+01 -6.902655214071273804e-02 8.746165782213211060e-02 7.401522248983383179e-02 7.437130063772201538e-02
-2.427208443948574768e+03 3.897158759948383249e+03 -1.125115090763667240e+03 2.291940000000000310e+01 -1.932438276708126068e-02 3.299318626523017883e-02 7.401522248983383179e-02 7.437130063772201538e-02
-2.435803500514631651e+03 3.892571245885010740e+03 -1.122417747842267545e+03 2.292140000000000200e+01 1.599446684122085571e-01 -5.772138759493827820e-02 7.401522248983383179e-02 7.437130063772201538e-02
-2.444386894460561962e+03 3.887967509944360700e+03 -1.119710922465573049e+03 2.292340000000000089e+01 -9.778396040201187134e-02 4.434828460216522217e-02 7.401522248983383179e-02 7.437130063772201538e-02
-2.452958584857859933e+03 3.883347574078339676e+03 -1.116994627540502506e+03 2.292539999999999978e+01 1.138173509389162064e-02 -3.637635381892323494e-03 7.401522248983383179e-02 7.437130063772201538e-02
-2.461518530624799496e+03 3.878711460428681221e+03 -1.114268876085327747e+03 2.292740000000000222e+01 2.410166710615158081e-02 -7.095661014318466187e-02 7.401522248983383179e-02 7.437130063772201538e-02
-2.470066690646837742e+03 3.874059191263559114e+03 -1.111533681192388030e+03 2.292940000000000111e+01 7.918718457221984863e-02 -3.693985939025878906e-02 7.401522248983383179e-02 7.437130063772201538e-02
-2.478603024253056446e+03 3.869390788718056683e+03 -1.108789055875515032e+03 2.293140000000000001e+01 3.205497190356254578e-02 -4.905906692147254944e-02 7.401522248983383179e-02 7.437130063772201538e-02
-2.486417722861410311e+03 3.865097471675551787e+03 -1.106264996369167875e+03 2.293340000000000245e+01 -3.063531406223773956e-02 5.089486390352249146e-02 7.401522248983383179e-02 7.437130063772201538e-02
